1	-186.708404	0.000000	9.720000
2	-186.398404	0.002000	9.630000
3	-186.048404	0.002000	9.780000
4	-185.908404	0.004000	9.800000
5	-185.718404	0.004000	9.840000
6	-185.698404	0.006000	9.900000
7	-185.528404	0.006000	9.600000
8	-185.508404	0.008000	9.600000
9	-185.408404	0.008000	9.530000
10	-185.378404	0.010000	9.570000
11	-185.358404	0.010000	9.840000
12	-185.028404	0.012000	9.760000
13	-184.988404	0.012000	9.680000
14	-184.978404	0.014000	9.420000
15	-184.888404	0.014000	9.610000
16	-184.858404	0.016000	9.860000
17	-184.788404	0.016000	9.460000
18	-184.668404	0.020000	9.780000
19	-184.608404	0.020000	9.790000
20	-184.278404	0.020000	9.700000
21	-184.188404	0.022000	9.910000
22	-184.158404	0.024000	9.680000
23	-184.118404	0.022000	9.460000
24	-184.108404	0.026000	9.540000
25	-183.988404	0.026000	9.610000
26	-183.758404	0.028000	9.810000
27	-183.598404	0.028000	9.810000
28	-183.538404	0.028000	9.620000
29	-183.468404	0.030000	9.920000
30	-183.438404	0.032000	9.570000
31	-183.228404	0.032000	9.760000
32	-183.198404	0.034000	9.630000
33	-183.148404	0.034000	9.820000
34	-183.098404	0.036000	9.840000
35	-183.068404	0.038000	9.810000
36	-182.828404	0.038000	10.390000
37	-182.818404	0.039000	9.760000
38	-182.728404	0.039000	9.710000
39	-182.718404	0.041000	10.330000
40	-182.648404	0.041000	10.080000
41	-182.568404	0.043000	9.700000
42	-182.558404	0.043000	9.930000
43	-182.508404	0.043000	9.470000
44	-182.468404	0.045000	9.640000
45	-182.438404	0.049000	10.250000
46	-182.388404	0.049000	10.340000
47	-182.308404	0.049000	9.700000
48	-182.208404	0.049000	9.830000
49	-181.918404	0.051000	9.920000
50	-181.698404	0.051000	9.810000
51	-181.678404	0.051000	9.700000
52	-181.668404	0.053000	9.970000
53	-181.668404	0.053000	10.060000
54	-181.648404	0.055000	10.010000
55	-181.448404	0.057000	9.590000
56	-181.428404	0.057000	9.780000
57	-181.418404	0.059000	9.800000
58	-181.308404	0.059000	9.770000
59	-181.238404	0.059000	9.880000
60	-181.108404	0.061000	9.950000
61	-181.108404	0.063000	9.640000
62	-180.798404	0.063000	10.010000
63	-180.788404	0.065000	10.400000
64	-180.648404	0.065000	10.000000
65	-180.628404	0.067000	9.910000
66	-180.558404	0.067000	9.890000
67	-180.448404	0.069000	10.140000
68	-180.428404	0.071000	10.190000
69	-180.358404	0.071000	10.190000
70	-180.328404	0.073000	10.080000
71	-180.278404	0.073000	10.000000
72	-180.088404	0.075000	10.040000
73	-179.888404	0.075000	10.110000
74	-179.748404	0.077000	9.930000
75	-179.688404	0.077000	10.000000
76	-179.658404	0.079000	10.180000
77	-179.618404	0.079000	10.000000
78	-179.528404	0.080000	10.530000
79	-179.378404	0.080000	10.120000
80	-179.348404	0.082000	10.130000
81	-179.278404	0.082000	10.260000
82	-179.188404	0.082000	9.830000
83	-178.938404	0.084000	10.020000
84	-178.898404	0.084000	10.120000
85	-178.858404	0.088000	10.300000
86	-178.648404	0.088000	10.170000
87	-178.638404	0.090000	10.010000
88	-178.618404	0.090000	10.180000
89	-178.598404	0.090000	10.040000
90	-178.578404	0.092000	9.990000
91	-178.438404	0.094000	10.180000
92	-178.428404	0.094000	10.010000
93	-178.328404	0.096000	10.660000
94	-178.278404	0.096000	10.120000
95	-178.188404	0.098000	9.840000
96	-178.128404	0.098000	10.170000
97	-178.128404	0.102000	10.250000
98	-177.858404	0.102000	10.220000
99	-177.828404	0.104000	9.980000
100	-177.788404	0.104000	10.100000
101	-177.768404	0.106000	10.380000
102	-177.768404	0.106000	10.300000
103	-177.748404	0.108000	10.050000
104	-177.568404	0.110000	9.990000
105	-177.448404	0.112000	10.280000
106	-177.428404	0.112000	10.000000
107	-177.418404	0.112000	10.140000
108	-177.388404	0.114000	10.150000
109	-177.248404	0.114000	10.180000
110	-177.198404	0.116000	10.000000
111	-177.118404	0.116000	10.040000
112	-176.918404	0.118000	10.330000
113	-176.688404	0.116000	10.060000
114	-176.638404	0.120000	10.150000
115	-176.578404	0.121000	10.120000
116	-176.228404	0.121000	10.510000
117	-176.158404	0.123000	10.280000
118	-175.988404	0.123000	10.350000
119	-175.968404	0.125000	10.360000
120	-175.938404	0.125000	10.270000
121	-175.858404	0.127000	10.280000
122	-175.858404	0.127000	10.440000
123	-175.818404	0.127000	10.210000
124	-175.798404	0.129000	10.300000
125	-175.628404	0.131000	10.020000
126	-175.628404	0.131000	10.150000
127	-175.488404	0.133000	10.300000
128	-175.418404	0.133000	10.250000
129	-175.418404	0.135000	10.200000
130	-175.258404	0.135000	10.290000
131	-175.238404	0.137000	10.270000
132	-175.158404	0.137000	10.150000
133	-175.098404	0.139000	10.380000
134	-174.948404	0.143000	10.310000
135	-174.918404	0.141000	10.620000
136	-174.838404	0.143000	10.240000
137	-174.778404	0.143000	10.450000
138	-174.748404	0.145000	10.270000
139	-174.718404	0.145000	10.120000
140	-174.648404	0.147000	10.180000
141	-174.498404	0.147000	10.210000
142	-174.438404	0.149000	10.320000
143	-174.358404	0.149000	10.510000
144	-174.348404	0.151000	10.240000
145	-174.258404	0.153000	10.240000
146	-174.218404	0.153000	10.360000
147	-174.188404	0.155000	10.330000
148	-174.038404	0.155000	10.400000
149	-174.008404	0.157000	10.460000
150	-173.918404	0.157000	10.220000
151	-173.868404	0.159000	10.380000
152	-173.598404	0.159000	10.520000
153	-173.578404	0.161000	10.300000
154	-173.388404	0.161000	10.400000
155	-173.298404	0.163000	10.240000
156	-173.278404	0.163000	10.260000
157	-173.068404	0.164000	10.490000
158	-172.998404	0.164000	10.300000
159	-172.918404	0.166000	10.390000
160	-172.768404	0.166000	10.370000
161	-172.608404	0.168000	10.340000
162	-172.588404	0.168000	10.400000
163	-172.568404	0.170000	10.330000
164	-172.528404	0.174000	10.640000
165	-172.418404	0.172000	10.570000
166	-172.388404	0.174000	10.460000
167	-172.378404	0.174000	10.640000
168	-172.378404	0.176000	10.330000
169	-172.308404	0.176000	10.340000
170	-172.238404	0.178000	10.510000
171	-172.158404	0.178000	10.620000
172	-172.148404	0.178000	10.520000
173	-172.108404	0.180000	10.700000
174	-172.098404	0.182000	10.800000
175	-172.048404	0.182000	10.540000
176	-171.988404	0.184000	10.490000
177	-171.958404	0.186000	10.470000
178	-171.898404	0.188000	10.570000
179	-171.878404	0.188000	10.380000
180	-171.848404	0.190000	10.450000
181	-171.838404	0.190000	10.310000
182	-171.698404	0.192000	10.530000
183	-171.588404	0.192000	10.390000
184	-171.538404	0.194000	10.250000
185	-171.378404	0.194000	10.380000
186	-171.248404	0.196000	10.560000
187	-171.148404	0.196000	10.440000
188	-171.128404	0.198000	10.710000
189	-171.088404	0.198000	10.380000
190	-170.958404	0.200000	10.780000
191	-170.728404	0.200000	10.550000
192	-170.638404	0.202000	10.620000
193	-170.218404	0.202000	10.600000
194	-170.158404	0.204000	10.790000
195	-170.018404	0.205000	10.640000
196	-169.848404	0.205000	10.560000
197	-169.758404	0.205000	10.620000
198	-169.648404	0.207000	10.800000
199	-169.648404	0.207000	10.700000
200	-169.538404	0.207000	10.610000
201	-169.528404	0.209000	10.580000
202	-169.478404	0.211000	10.900000
203	-169.468404	0.211000	10.660000
204	-169.458404	0.211000	10.890000
205	-169.408404	0.213000	10.400000
206	-169.388404	0.215000	10.530000
207	-169.368404	0.215000	10.670000
208	-169.358404	0.215000	10.860000
209	-168.928404	0.217000	10.660000
210	-168.868404	0.219000	10.590000
211	-168.808404	0.219000	10.510000
212	-168.718404	0.221000	10.680000
213	-168.688404	0.221000	10.500000
214	-168.538404	0.223000	10.810000
215	-168.458404	0.223000	10.830000
216	-168.418404	0.225000	10.810000
217	-168.418404	0.225000	10.630000
218	-168.328404	0.227000	10.700000
219	-168.298404	0.227000	10.630000
220	-168.248404	0.229000	10.650000
221	-168.058404	0.229000	10.900000
222	-168.058404	0.231000	10.500000
223	-167.988404	0.231000	10.600000
224	-167.898404	0.231000	10.780000
225	-167.878404	0.233000	10.770000
226	-167.798404	0.235000	10.530000
227	-167.778404	0.237000	10.710000
228	-167.688404	0.237000	11.220000
229	-167.678404	0.237000	10.740000
230	-167.578404	0.239000	10.600000
231	-167.458404	0.239000	10.690000
232	-167.438404	0.239000	10.830000
233	-167.408404	0.241000	10.570000
234	-167.208404	0.243000	10.660000
235	-167.168404	0.241000	10.910000
236	-167.078404	0.245000	10.780000
237	-166.958404	0.245000	10.710000
238	-166.848404	0.247000	10.600000
239	-166.798404	0.247000	10.850000
240	-166.578404	0.247000	10.680000
241	-166.518404	0.248000	10.820000
242	-166.338404	0.250000	11.070000
243	-166.278404	0.250000	10.740000
244	-166.078404	0.252000	10.830000
245	-166.028404	0.252000	10.530000
246	-165.988404	0.254000	10.800000
247	-165.838404	0.256000	11.100000
248	-165.738404	0.256000	10.910000
249	-165.608404	0.258000	10.710000
250	-165.588404	0.258000	10.840000
251	-165.548404	0.260000	11.170000
252	-165.538404	0.260000	10.830000
253	-165.518404	0.262000	11.030000
254	-165.488404	0.262000	10.830000
255	-165.358404	0.262000	10.920000
256	-165.348404	0.264000	11.010000
257	-165.308404	0.268000	10.890000
258	-165.288404	0.266000	10.820000
259	-165.198404	0.268000	10.830000
260	-165.188404	0.270000	11.050000
261	-165.158404	0.272000	11.070000
262	-165.028404	0.272000	10.890000
263	-165.018404	0.274000	10.910000
264	-165.008404	0.274000	10.980000
265	-164.968404	0.276000	10.850000
266	-164.968404	0.276000	10.830000
267	-164.828404	0.278000	11.110000
268	-164.738404	0.278000	10.700000
269	-164.668404	0.280000	10.970000
270	-164.538404	0.280000	10.850000
271	-164.478404	0.282000	11.070000
272	-164.378404	0.282000	10.810000
273	-164.328404	0.284000	10.940000
274	-164.298404	0.284000	11.260000
275	-164.158404	0.286000	11.160000
276	-164.148404	0.286000	11.040000
277	-164.118404	0.288000	10.960000
278	-163.838404	0.289000	11.150000
279	-163.758404	0.289000	11.350000
280	-163.748404	0.291000	11.130000
281	-163.628404	0.291000	11.160000
282	-163.568404	0.293000	11.330000
283	-163.428404	0.293000	11.040000
284	-163.388404	0.295000	10.890000
285	-163.368404	0.295000	10.950000
286	-163.318404	0.295000	11.040000
287	-163.278404	0.297000	11.180000
288	-163.248404	0.299000	11.110000
289	-163.218404	0.299000	11.150000
290	-163.208404	0.301000	10.930000
291	-163.208404	0.301000	11.150000
292	-163.068404	0.303000	11.000000
293	-163.028404	0.303000	11.250000
294	-162.968404	0.305000	11.120000
295	-162.908404	0.303000	11.140000
296	-162.888404	0.307000	11.240000
297	-162.818404	0.307000	11.190000
298	-162.698404	0.309000	11.100000
299	-162.558404	0.309000	11.010000
300	-162.538404	0.311000	11.140000
301	-162.518404	0.311000	11.190000
302	-161.898404	0.315000	11.120000
303	-161.868404	0.315000	11.400000
304	-161.698404	0.315000	11.170000
305	-161.668404	0.315000	11.020000
306	-161.528404	0.317000	10.980000
307	-161.388404	0.317000	11.060000
308	-161.378404	0.319000	11.290000
309	-161.308404	0.321000	11.240000
310	-161.278404	0.321000	11.160000
311	-161.238404	0.323000	11.380000
312	-161.008404	0.323000	11.270000
313	-160.938404	0.325000	11.270000
314	-160.888404	0.325000	11.370000
315	-160.868404	0.327000	11.330000
316	-160.868404	0.327000	11.130000
317	-160.848404	0.329000	11.200000
318	-160.788404	0.330000	11.130000
319	-160.758404	0.330000	11.590000
320	-160.698404	0.330000	11.200000
321	-160.698404	0.332000	11.210000
322	-160.628404	0.332000	11.220000
323	-160.588404	0.334000	11.310000
324	-160.578404	0.334000	11.340000
325	-160.488404	0.336000	11.210000
326	-160.438404	0.336000	11.420000
327	-160.338404	0.338000	11.200000
328	-160.268404	0.340000	11.320000
329	-160.118404	0.340000	11.050000
330	-159.958404	0.342000	11.180000
331	-159.748404	0.342000	11.410000
332	-159.548404	0.344000	11.120000
333	-159.538404	0.344000	11.400000
334	-159.508404	0.346000	11.440000
335	-159.498404	0.346000	11.330000
336	-159.488404	0.348000	11.260000
337	-159.458404	0.350000	11.250000
338	-159.418404	0.352000	11.290000
339	-159.398404	0.354000	11.620000
340	-159.278404	0.354000	11.400000
341	-159.218404	0.356000	11.350000
342	-159.198404	0.356000	11.270000
343	-159.108404	0.356000	11.460000
344	-159.108404	0.358000	11.320000
345	-158.848404	0.360000	11.520000
346	-158.838404	0.360000	11.470000
347	-158.758404	0.362000	11.480000
348	-158.618404	0.362000	11.400000
349	-158.318404	0.364000	11.360000
350	-158.308404	0.364000	11.180000
351	-158.268404	0.364000	11.510000
352	-158.128404	0.366000	11.320000
353	-158.108404	0.368000	11.260000
354	-158.048404	0.368000	11.380000
355	-157.988404	0.370000	11.210000
356	-157.988404	0.370000	11.400000
357	-157.908404	0.371000	11.400000
358	-157.458404	0.371000	11.230000
359	-157.318404	0.373000	12.090000
360	-157.148404	0.375000	11.340000
361	-157.088404	0.375000	11.710000
362	-157.018404	0.377000	11.560000
363	-156.928404	0.377000	11.390000
364	-156.858404	0.379000	11.370000
365	-156.808404	0.379000	11.520000
366	-156.758404	0.379000	11.600000
367	-156.758404	0.381000	11.520000
368	-156.668404	0.381000	11.590000
369	-156.668404	0.383000	12.160000
370	-156.558404	0.385000	11.600000
371	-156.488404	0.385000	11.350000
372	-156.418404	0.387000	11.640000
373	-156.368404	0.387000	11.650000
374	-156.208404	0.387000	11.380000
375	-156.118404	0.389000	11.440000
376	-156.088404	0.391000	11.880000
377	-156.078404	0.391000	11.740000
378	-156.038404	0.393000	11.780000
379	-155.978404	0.393000	11.720000
380	-155.978404	0.395000	11.460000
381	-155.918404	0.395000	11.480000
382	-155.898404	0.395000	11.550000
383	-155.868404	0.397000	11.730000
384	-155.748404	0.397000	11.550000
385	-155.738404	0.399000	12.000000
386	-155.738404	0.401000	11.800000
387	-155.598404	0.401000	11.990000
388	-155.498404	0.403000	11.880000
389	-155.408404	0.403000	11.510000
390	-155.238404	0.403000	11.890000
391	-154.878404	0.405000	11.820000
392	-154.758404	0.407000	11.580000
393	-154.658404	0.407000	11.710000
394	-154.658404	0.409000	11.820000
395	-154.498404	0.409000	11.750000
396	-154.438404	0.411000	11.720000
397	-154.298404	0.411000	11.730000
398	-154.288404	0.413000	11.960000
399	-154.168404	0.413000	11.710000
400	-154.088404	0.414000	11.610000
401	-154.088404	0.414000	12.040000
402	-154.008404	0.416000	11.660000
403	-153.868404	0.416000	11.730000
404	-153.648404	0.418000	12.020000
405	-153.638404	0.418000	11.710000
406	-153.578404	0.420000	11.710000
407	-153.548404	0.420000	11.690000
408	-153.388404	0.422000	11.940000
409	-153.388404	0.422000	11.810000
410	-153.368404	0.424000	11.690000
411	-153.318404	0.424000	11.820000
412	-153.248404	0.426000	11.660000
413	-153.168404	0.426000	11.810000
414	-153.108404	0.426000	11.860000
415	-153.018404	0.428000	11.870000
416	-153.008404	0.430000	11.820000
417	-152.878404	0.428000	11.580000
418	-152.818404	0.432000	11.680000
419	-152.818404	0.432000	11.800000
420	-152.738404	0.436000	11.960000
421	-152.728404	0.436000	11.640000
422	-152.598404	0.438000	11.820000
423	-152.588404	0.438000	11.950000
424	-152.578404	0.440000	11.860000
425	-152.438404	0.440000	11.780000
426	-152.418404	0.442000	11.860000
427	-152.358404	0.442000	11.840000
428	-152.348404	0.444000	11.700000
429	-152.248404	0.444000	11.800000
430	-152.198404	0.444000	11.850000
431	-152.078404	0.448000	11.860000
432	-152.018404	0.448000	11.940000
433	-152.018404	0.450000	11.980000
434	-151.998404	0.450000	11.890000
435	-151.958404	0.452000	12.030000
436	-151.938404	0.452000	11.730000
437	-151.918404	0.454000	11.850000
438	-151.858404	0.455000	11.890000
439	-151.828404	0.455000	11.860000
440	-151.688404	0.455000	11.850000
441	-151.468404	0.457000	11.970000
442	-151.288404	0.457000	12.140000
443	-150.898404	0.459000	12.270000
444	-150.808404	0.459000	11.930000
445	-150.808404	0.461000	11.670000
446	-150.718404	0.461000	12.090000
447	-150.568404	0.463000	12.020000
448	-150.498404	0.463000	12.040000
449	-150.468404	0.465000	12.020000
450	-150.388404	0.467000	12.030000
451	-150.338404	0.467000	12.060000
452	-150.318404	0.469000	12.110000
453	-150.088404	0.469000	12.030000
454	-150.088404	0.471000	11.910000
455	-150.048404	0.471000	12.300000
456	-150.048404	0.473000	12.280000
457	-149.978404	0.473000	12.160000
458	-149.928404	0.475000	12.060000
459	-149.888404	0.475000	12.040000
460	-149.818404	0.475000	12.030000
461	-149.788404	0.477000	11.980000
462	-149.778404	0.479000	12.070000
463	-149.768404	0.479000	12.000000
464	-149.678404	0.481000	12.040000
465	-149.658404	0.481000	11.970000
466	-149.638404	0.483000	12.160000
467	-149.628404	0.483000	12.080000
468	-149.598404	0.485000	12.230000
469	-149.328404	0.485000	12.070000
470	-149.258404	0.487000	12.300000
471	-149.168404	0.489000	12.080000
472	-149.088404	0.489000	12.150000
473	-148.998404	0.491000	11.930000
474	-148.758404	0.491000	12.170000
475	-148.658404	0.493000	12.520000
476	-148.598404	0.493000	12.070000
477	-148.548404	0.495000	12.050000
478	-148.428404	0.495000	12.120000
479	-148.238404	0.497000	12.260000
480	-148.218404	0.497000	12.290000
481	-148.198404	0.498000	12.210000
482	-148.108404	0.498000	12.220000
483	-148.048404	0.500000	11.970000
484	-147.968404	0.500000	12.300000
485	-147.968404	0.502000	12.260000
486	-147.968404	0.502000	12.140000
487	-147.848404	0.504000	11.920000
488	-147.748404	0.504000	12.400000
489	-147.648404	0.506000	12.340000
490	-147.638404	0.506000	12.070000
491	-147.328404	0.508000	12.260000
492	-147.318404	0.508000	12.120000
493	-147.298404	0.510000	12.320000
494	-147.238404	0.510000	12.280000
495	-147.198404	0.512000	12.150000
496	-147.168404	0.512000	12.150000
497	-147.068404	0.514000	12.430000
498	-146.898404	0.514000	12.180000
499	-146.868404	0.518000	12.390000
500	-146.798404	0.520000	12.220000
501	-146.698404	0.520000	12.370000
502	-146.668404	0.520000	12.300000
503	-146.648404	0.522000	12.230000
504	-146.528404	0.524000	12.380000
505	-146.478404	0.524000	12.510000
506	-146.468404	0.526000	12.420000
507	-146.398404	0.526000	12.110000
508	-146.378404	0.528000	12.300000
509	-146.288404	0.528000	12.200000
510	-146.238404	0.530000	12.250000
511	-146.218404	0.532000	12.310000
512	-146.198404	0.532000	12.470000
513	-146.148404	0.534000	12.470000
514	-146.078404	0.534000	12.360000
515	-145.998404	0.536000	12.360000
516	-145.988404	0.536000	12.370000
517	-145.858404	0.536000	12.520000
518	-145.798404	0.538000	12.380000
519	-145.648404	0.539000	12.470000
520	-145.628404	0.538000	12.170000
521	-145.588404	0.541000	12.470000
522	-145.358404	0.541000	12.630000
523	-145.278404	0.543000	12.470000
524	-145.098404	0.543000	12.450000
525	-145.068404	0.543000	12.380000
526	-144.958404	0.545000	12.330000
527	-144.808404	0.547000	12.330000
528	-144.448404	0.549000	12.540000
529	-144.428404	0.549000	12.430000
530	-144.418404	0.549000	12.370000
531	-144.368404	0.551000	12.660000
532	-144.268404	0.551000	12.870000
533	-144.248404	0.551000	12.380000
534	-144.168404	0.553000	12.460000
535	-144.108404	0.553000	12.450000
536	-144.098404	0.553000	12.370000
537	-143.988404	0.557000	12.470000
538	-143.808404	0.557000	12.560000
539	-143.638404	0.559000	12.550000
540	-143.628404	0.559000	12.430000
541	-143.538404	0.561000	12.600000
542	-143.308404	0.561000	12.410000
543	-143.268404	0.563000	12.620000
544	-143.258404	0.563000	12.380000
545	-143.248404	0.565000	12.450000
546	-143.208404	0.565000	12.540000
547	-143.138404	0.567000	12.470000
548	-143.118404	0.567000	12.540000
549	-143.088404	0.567000	12.410000
550	-142.968404	0.569000	12.670000
551	-142.908404	0.571000	12.380000
552	-142.768404	0.573000	12.490000
553	-142.768404	0.573000	12.440000
554	-142.658404	0.575000	12.520000
555	-142.628404	0.575000	12.570000
556	-142.608404	0.575000	12.650000
557	-142.558404	0.577000	12.490000
558	-142.518404	0.579000	12.460000
559	-142.318404	0.579000	12.730000
560	-142.298404	0.580000	12.510000
561	-142.108404	0.582000	12.490000
562	-142.088404	0.582000	12.390000
563	-142.068404	0.582000	12.610000
564	-142.048404	0.584000	12.440000
565	-142.028404	0.586000	12.600000
566	-142.028404	0.586000	12.640000
567	-141.848404	0.588000	12.800000
568	-141.778404	0.588000	12.670000
569	-141.688404	0.590000	12.690000
570	-141.618404	0.590000	12.690000
571	-141.608404	0.590000	12.630000
572	-141.588404	0.592000	12.590000
573	-141.588404	0.594000	12.600000
574	-141.498404	0.594000	12.560000
575	-141.468404	0.596000	12.610000
576	-141.428404	0.596000	12.560000
577	-141.188404	0.598000	12.440000
578	-141.178404	0.598000	12.460000
579	-141.178404	0.602000	12.640000
580	-141.168404	0.604000	12.550000
581	-141.078404	0.604000	12.450000
582	-141.068404	0.606000	12.560000
583	-140.898404	0.606000	12.680000
584	-140.818404	0.608000	12.550000
585	-140.658404	0.608000	12.410000
586	-140.578404	0.610000	12.750000
587	-140.508404	0.610000	12.840000
588	-140.358404	0.612000	12.640000
589	-140.318404	0.612000	12.730000
590	-140.268404	0.614000	12.760000
591	-140.068404	0.614000	12.720000
592	-140.028404	0.616000	12.590000
593	-139.998404	0.616000	12.760000
594	-139.998404	0.618000	12.700000
595	-139.788404	0.618000	12.760000
596	-139.718404	0.620000	12.630000
597	-139.678404	0.620000	12.690000
598	-139.618404	0.621000	12.740000
599	-139.578404	0.621000	12.580000
600	-139.478404	0.623000	12.790000
601	-139.458404	0.623000	12.870000
602	-139.458404	0.625000	12.710000
603	-139.438404	0.625000	12.710000
604	-139.348404	0.627000	12.840000
605	-139.268404	0.627000	12.870000
606	-138.748404	0.629000	12.630000
607	-138.648404	0.629000	12.800000
608	-138.588404	0.631000	12.920000
609	-138.498404	0.631000	12.710000
610	-138.498404	0.633000	12.860000
611	-138.458404	0.631000	12.720000
612	-138.448404	0.635000	12.850000
613	-138.298404	0.635000	12.850000
614	-138.138404	0.637000	12.910000
615	-138.118404	0.637000	12.780000
616	-138.088404	0.639000	12.830000
617	-138.028404	0.639000	12.880000
618	-137.998404	0.643000	12.810000
619	-137.988404	0.643000	12.770000
620	-137.978404	0.643000	12.610000
621	-137.838404	0.643000	12.860000
622	-137.838404	0.645000	12.910000
623	-137.788404	0.645000	12.880000
624	-137.588404	0.647000	12.920000
625	-137.548404	0.647000	12.920000
626	-137.308404	0.647000	12.840000
627	-137.278404	0.647000	13.070000
628	-137.218404	0.651000	13.040000
629	-137.208404	0.651000	12.940000
630	-137.198404	0.653000	12.830000
631	-137.188404	0.653000	13.020000
632	-137.188404	0.655000	12.640000
633	-137.098404	0.655000	12.820000
634	-137.008404	0.657000	13.170000
635	-136.808404	0.657000	13.230000
636	-136.528404	0.659000	13.040000
637	-136.478404	0.659000	13.100000
638	-136.478404	0.661000	12.890000
639	-136.438404	0.661000	13.060000
640	-136.358404	0.663000	12.900000
641	-136.338404	0.663000	12.980000
642	-136.278404	0.663000	12.920000
643	-136.238404	0.664000	12.960000
644	-136.138404	0.666000	12.980000
645	-136.118404	0.666000	13.090000
646	-136.048404	0.668000	12.960000
647	-135.998404	0.668000	13.050000
648	-135.998404	0.670000	13.100000
649	-135.988404	0.670000	13.110000
650	-135.858404	0.674000	13.010000
651	-135.818404	0.672000	13.040000
652	-135.788404	0.674000	13.270000
653	-135.748404	0.674000	12.850000
654	-135.718404	0.676000	13.000000
655	-135.718404	0.676000	13.020000
656	-135.628404	0.678000	13.120000
657	-135.618404	0.678000	13.040000
658	-135.458404	0.680000	13.120000
659	-135.388404	0.680000	12.960000
660	-135.338404	0.682000	13.060000
661	-135.298404	0.682000	13.140000
662	-135.258404	0.686000	13.010000
663	-135.178404	0.686000	13.080000
664	-134.958404	0.688000	13.190000
665	-134.928404	0.688000	13.110000
666	-134.798404	0.690000	13.010000
667	-134.638404	0.690000	12.970000
668	-134.348404	0.692000	13.190000
669	-134.328404	0.692000	13.060000
670	-133.758404	0.692000	13.170000
671	-133.748404	0.694000	13.240000
672	-133.548404	0.696000	13.280000
673	-133.518404	0.696000	13.230000
674	-133.508404	0.698000	13.160000
675	-133.498404	0.698000	13.220000
676	-133.378404	0.700000	13.050000
677	-133.368404	0.700000	13.340000
678	-133.308404	0.700000	13.250000
679	-133.288404	0.702000	13.200000
680	-133.248404	0.704000	13.160000
681	-133.198404	0.705000	13.300000
682	-133.198404	0.704000	13.310000
683	-133.188404	0.705000	13.260000
684	-133.148404	0.707000	13.300000
685	-133.138404	0.707000	13.140000
686	-133.128404	0.707000	13.250000
687	-133.128404	0.709000	13.200000
688	-132.888404	0.711000	13.160000
689	-132.838404	0.711000	13.070000
690	-132.838404	0.713000	13.180000
691	-132.798404	0.713000	13.170000
692	-132.718404	0.715000	13.230000
693	-132.518404	0.715000	13.240000
694	-132.478404	0.717000	13.270000
695	-132.268404	0.717000	13.330000
696	-132.258404	0.719000	13.380000
697	-132.238404	0.719000	13.340000
698	-132.118404	0.721000	13.260000
699	-132.058404	0.721000	13.390000
700	-131.688404	0.723000	13.450000
701	-131.678404	0.723000	13.370000
702	-131.648404	0.723000	13.400000
703	-131.628404	0.725000	13.130000
704	-131.598404	0.727000	13.600000
705	-131.598404	0.725000	13.270000
706	-131.578404	0.729000	13.460000
707	-131.478404	0.729000	13.460000
708	-131.458404	0.731000	13.260000
709	-131.428404	0.731000	13.280000
710	-131.408404	0.731000	13.250000
711	-131.318404	0.733000	13.460000
712	-131.068404	0.735000	13.150000
713	-131.048404	0.737000	13.350000
714	-130.838404	0.735000	13.170000
715	-130.828404	0.737000	13.360000
716	-130.648404	0.739000	13.510000
717	-130.638404	0.739000	13.390000
718	-130.488404	0.739000	13.380000
719	-130.378404	0.741000	13.390000
720	-130.328404	0.743000	13.310000
721	-130.278404	0.743000	13.850000
722	-129.828404	0.745000	13.480000
723	-129.718404	0.745000	13.460000
724	-129.618404	0.747000	13.360000
725	-129.588404	0.747000	13.550000
726	-129.588404	0.748000	13.480000
727	-129.538404	0.748000	13.670000
728	-129.518404	0.750000	13.520000
729	-129.488404	0.750000	13.530000
730	-129.428404	0.752000	13.450000
731	-129.408404	0.752000	13.430000
732	-129.368404	0.754000	13.810000
733	-129.298404	0.754000	13.270000
734	-129.188404	0.754000	13.590000
735	-129.188404	0.756000	13.580000
736	-129.098404	0.758000	13.300000
737	-129.088404	0.756000	13.500000
738	-129.078404	0.760000	13.470000
739	-129.038404	0.760000	13.530000
740	-128.838404	0.762000	13.530000
741	-128.778404	0.762000	13.690000
742	-128.758404	0.762000	13.620000
743	-128.728404	0.764000	13.540000
744	-128.598404	0.768000	13.890000
745	-128.488404	0.766000	13.550000
746	-128.428404	0.770000	13.280000
747	-128.328404	0.772000	13.770000
748	-128.238404	0.772000	13.490000
749	-128.198404	0.774000	13.540000
750	-128.148404	0.774000	13.440000
751	-128.018404	0.776000	13.650000
752	-127.928404	0.776000	13.760000
753	-127.738404	0.778000	13.710000
754	-127.718404	0.778000	13.610000
755	-127.398404	0.780000	13.730000
756	-127.318404	0.780000	13.410000
757	-127.218404	0.784000	13.720000
758	-127.218404	0.782000	13.740000
759	-127.208404	0.784000	13.580000
760	-127.168404	0.784000	13.710000
761	-127.128404	0.786000	13.720000
762	-127.078404	0.786000	13.800000
763	-127.068404	0.788000	13.870000
764	-127.038404	0.788000	13.920000
765	-127.008404	0.788000	13.760000
766	-126.968404	0.789000	13.690000
767	-126.948404	0.791000	13.690000
768	-126.898404	0.791000	13.520000
769	-126.838404	0.793000	13.760000
770	-126.818404	0.793000	13.730000
771	-126.788404	0.795000	13.470000
772	-126.788404	0.795000	13.480000
773	-126.648404	0.797000	13.640000
774	-126.468404	0.797000	13.890000
775	-126.428404	0.799000	13.690000
776	-126.328404	0.799000	13.790000
777	-126.318404	0.801000	13.680000
778	-126.248404	0.803000	13.640000
779	-126.108404	0.803000	13.730000
780	-126.088404	0.805000	13.810000
781	-126.038404	0.805000	13.650000
782	-125.978404	0.807000	13.750000
783	-125.958404	0.807000	13.770000
784	-125.818404	0.809000	13.850000
785	-125.788404	0.809000	13.750000
786	-125.788404	0.811000	13.720000
787	-125.678404	0.811000	13.650000
788	-125.648404	0.813000	13.720000
789	-125.398404	0.813000	13.720000
790	-125.318404	0.815000	13.580000
791	-125.138404	0.815000	13.840000
792	-124.978404	0.817000	13.690000
793	-124.908404	0.817000	13.760000
794	-124.898404	0.819000	13.750000
795	-124.798404	0.819000	13.700000
796	-124.688404	0.821000	13.810000
797	-124.648404	0.819000	13.770000
798	-124.628404	0.823000	13.940000
799	-124.558404	0.823000	13.890000
800	-124.528404	0.825000	13.840000
801	-124.498404	0.825000	13.810000
802	-124.358404	0.827000	13.700000
803	-124.358404	0.827000	13.820000
804	-124.248404	0.830000	13.930000
805	-124.108404	0.830000	13.760000
806	-123.818404	0.830000	13.730000
807	-123.678404	0.830000	14.000000
808	-123.398404	0.832000	13.810000
809	-123.398404	0.832000	14.130000
810	-123.368404	0.834000	14.190000
811	-123.358404	0.834000	14.030000
812	-123.258404	0.836000	13.890000
813	-123.178404	0.836000	14.030000
814	-123.128404	0.838000	13.990000
815	-123.078404	0.838000	13.780000
816	-123.058404	0.840000	14.060000
817	-123.038404	0.840000	13.950000
818	-122.998404	0.842000	13.940000
819	-122.908404	0.842000	13.960000
820	-122.878404	0.846000	14.100000
821	-122.848404	0.846000	13.910000
822	-122.778404	0.846000	14.100000
823	-122.758404	0.846000	14.000000
824	-122.648404	0.848000	14.000000
825	-122.628404	0.848000	14.040000
826	-122.518404	0.850000	14.290000
827	-122.518404	0.852000	14.220000
828	-122.428404	0.854000	14.050000
829	-122.398404	0.856000	14.130000
830	-122.298404	0.856000	14.020000
831	-122.278404	0.856000	13.950000
832	-122.238404	0.858000	13.960000
833	-122.228404	0.860000	14.100000
834	-122.098404	0.860000	14.010000
835	-122.008404	0.862000	14.010000
836	-121.968404	0.862000	14.150000
837	-121.648404	0.864000	14.090000
838	-121.618404	0.864000	13.900000
839	-121.588404	0.864000	14.060000
840	-121.528404	0.866000	13.900000
841	-121.458404	0.868000	14.010000
842	-121.108404	0.868000	14.110000
843	-120.938404	0.870000	14.140000
844	-120.868404	0.870000	14.010000
845	-120.868404	0.871000	14.110000
846	-120.768404	0.871000	14.060000
847	-120.748404	0.873000	14.020000
848	-120.688404	0.873000	14.040000
849	-120.658404	0.877000	14.260000
850	-120.648404	0.875000	14.180000
851	-120.648404	0.877000	14.070000
852	-120.628404	0.877000	14.040000
853	-120.578404	0.879000	13.920000
854	-120.558404	0.879000	14.140000
855	-120.538404	0.879000	13.950000
856	-120.498404	0.881000	13.820000
857	-120.098404	0.881000	13.910000
858	-120.078404	0.883000	14.110000
859	-120.048404	0.885000	14.070000
860	-120.008404	0.885000	14.170000
861	-119.878404	0.887000	14.090000
862	-119.848404	0.887000	14.240000
863	-119.818404	0.887000	14.010000
864	-119.778404	0.889000	14.080000
865	-119.718404	0.893000	14.190000
866	-119.518404	0.893000	14.170000
867	-119.508404	0.893000	14.090000
868	-119.158404	0.893000	14.010000
869	-119.138404	0.895000	14.150000
870	-119.028404	0.895000	14.420000
871	-119.018404	0.897000	14.220000
872	-118.798404	0.899000	14.120000
873	-118.668404	0.899000	14.030000
874	-118.658404	0.901000	14.250000
875	-118.638404	0.901000	14.450000
876	-118.478404	0.903000	14.450000
877	-118.288404	0.903000	14.280000
878	-118.278404	0.905000	14.200000
879	-118.238404	0.905000	14.320000
880	-118.108404	0.907000	14.280000
881	-118.058404	0.907000	14.260000
882	-117.988404	0.909000	14.110000
883	-117.898404	0.909000	14.280000
884	-117.848404	0.911000	14.090000
885	-117.798404	0.911000	14.230000
886	-117.728404	0.913000	14.230000
887	-117.718404	0.913000	14.140000
888	-117.688404	0.914000	14.300000
889	-117.688404	0.913000	14.170000
890	-117.638404	0.916000	14.590000
891	-117.498404	0.916000	14.330000
892	-117.478404	0.918000	14.220000
893	-117.478404	0.918000	14.180000
894	-117.458404	0.918000	14.200000
895	-117.408404	0.920000	14.290000
896	-117.378404	0.922000	14.390000
897	-117.328404	0.922000	14.350000
898	-117.278404	0.922000	14.390000
899	-117.198404	0.924000	14.280000
900	-117.118404	0.926000	14.350000
901	-117.118404	0.926000	14.470000
902	-117.058404	0.926000	14.400000
903	-116.988404	0.928000	14.240000
904	-116.948404	0.930000	14.250000
905	-116.888404	0.930000	14.420000
906	-116.878404	0.932000	14.440000
907	-116.878404	0.932000	14.330000
908	-116.858404	0.936000	14.350000
909	-116.778404	0.936000	14.260000
910	-116.718404	0.940000	14.430000
911	-116.698404	0.938000	14.320000
912	-116.418404	0.940000	14.310000
913	-116.328404	0.940000	14.400000
914	-116.318404	0.942000	14.320000
915	-116.108404	0.942000	14.430000
916	-116.088404	0.944000	14.280000
917	-115.958404	0.944000	14.450000
918	-115.818404	0.946000	14.270000
919	-115.788404	0.946000	14.450000
920	-115.368404	0.948000	14.610000
921	-115.258404	0.948000	14.390000
922	-115.238404	0.950000	14.450000
923	-115.208404	0.950000	14.520000
924	-115.008404	0.952000	14.770000
925	-114.978404	0.952000	14.710000
926	-114.918404	0.954000	14.580000
927	-114.918404	0.954000	14.520000
928	-114.858404	0.955000	14.460000
929	-114.828404	0.955000	14.670000
930	-114.788404	0.957000	14.630000
931	-114.728404	0.957000	14.500000
932	-114.598404	0.959000	14.780000
933	-114.528404	0.959000	14.770000
934	-114.528404	0.961000	14.770000
935	-114.468404	0.961000	14.620000
936	-114.368404	0.963000	14.570000
937	-114.308404	0.963000	14.630000
938	-114.308404	0.965000	14.720000
939	-114.268404	0.965000	14.460000
940	-114.238404	0.967000	14.390000
941	-114.178404	0.971000	14.520000
942	-114.018404	0.969000	14.220000
943	-113.978404	0.971000	14.540000
944	-113.928404	0.971000	14.690000
945	-113.818404	0.973000	14.190000
946	-113.798404	0.973000	14.530000
947	-113.758404	0.975000	14.450000
948	-113.728404	0.975000	14.770000
949	-113.558404	0.975000	14.560000
950	-113.328404	0.977000	14.780000
951	-113.308404	0.979000	14.500000
952	-113.308404	0.979000	14.580000
953	-113.208404	0.981000	14.540000
954	-113.178404	0.981000	14.660000
955	-113.048404	0.983000	14.540000
956	-113.048404	0.983000	14.720000
957	-112.888404	0.985000	14.750000
958	-112.848404	0.985000	14.720000
959	-112.848404	0.987000	14.490000
960	-112.788404	0.987000	14.640000
961	-112.658404	0.989000	14.530000
962	-112.658404	0.989000	14.680000
963	-112.548404	0.991000	14.590000
964	-112.528404	0.991000	14.720000
965	-112.528404	0.993000	14.720000
966	-112.398404	0.993000	14.680000
967	-112.398404	0.995000	14.640000
968	-112.398404	0.995000	14.570000
969	-112.338404	0.997000	14.780000
970	-112.268404	0.997000	14.580000
971	-112.268404	0.998000	14.380000
972	-112.178404	0.998000	14.700000
973	-112.178404	1.000000	14.720000
974	-112.038404	1.000000	14.680000
975	-111.948404	1.002000	14.760000
976	-111.858404	1.002000	14.770000
977	-111.858404	1.004000	14.490000
978	-111.558404	1.004000	14.640000
979	-111.558404	1.006000	14.740000
980	-111.498404	1.006000	14.840000
981	-111.298404	1.008000	14.830000
982	-111.078404	1.006000	14.650000
983	-111.048404	1.010000	14.740000
984	-110.828404	1.010000	14.880000
985	-110.658404	1.012000	14.790000
986	-110.628404	1.012000	14.840000
987	-110.608404	1.014000	14.880000
988	-110.558404	1.014000	14.940000
989	-110.458404	1.016000	14.840000
990	-110.308404	1.016000	14.910000
991	-110.148404	1.020000	14.810000
992	-110.138404	1.020000	14.790000
993	-110.078404	1.022000	15.060000
994	-110.078404	1.022000	15.000000
995	-110.058404	1.024000	14.970000
996	-109.878404	1.024000	14.990000
997	-109.878404	1.026000	15.070000
998	-109.868404	1.026000	14.910000
999	-109.838404	1.028000	14.870000
1000	-109.778404	1.028000	14.890000
1001	-109.718404	1.028000	14.980000
1002	-109.688404	1.034000	14.800000
1003	-109.678404	1.032000	15.020000
1004	-109.618404	1.034000	15.060000
1005	-109.618404	1.034000	14.800000
1006	-109.488404	1.036000	14.960000
1007	-109.488404	1.036000	14.880000
1008	-109.318404	1.036000	15.040000
1009	-109.228404	1.038000	14.850000
1010	-109.208404	1.039000	14.890000
1011	-109.168404	1.039000	14.920000
1012	-108.988404	1.041000	15.010000
1013	-108.878404	1.041000	14.940000
1014	-108.858404	1.043000	14.970000
1015	-108.678404	1.043000	14.930000
1016	-108.598404	1.043000	14.980000
1017	-108.588404	1.045000	14.990000
1018	-108.548404	1.047000	14.990000
1019	-108.498404	1.047000	15.230000
1020	-108.378404	1.049000	15.120000
1021	-108.368404	1.049000	14.960000
1022	-108.148404	1.051000	14.940000
1023	-107.658404	1.051000	14.920000
1024	-107.438404	1.053000	14.990000
1025	-107.398404	1.055000	15.200000
1026	-107.028404	1.055000	14.990000
1027	-106.908404	1.057000	15.180000
1028	-106.898404	1.057000	15.260000
1029	-106.888404	1.059000	15.140000
1030	-106.788404	1.059000	15.270000
1031	-106.778404	1.059000	15.110000
1032	-106.758404	1.065000	15.130000
1033	-106.668404	1.063000	15.010000
1034	-106.668404	1.065000	14.890000
1035	-106.628404	1.065000	15.220000
1036	-106.558404	1.067000	15.120000
1037	-106.478404	1.067000	14.990000
1038	-106.388404	1.067000	15.120000
1039	-106.388404	1.069000	15.280000
1040	-106.378404	1.069000	15.220000
1041	-106.378404	1.071000	15.190000
1042	-106.358404	1.073000	15.120000
1043	-106.248404	1.073000	15.130000
1044	-106.218404	1.075000	14.970000
1045	-106.188404	1.075000	15.120000
1046	-106.178404	1.075000	14.840000
1047	-106.138404	1.077000	15.340000
1048	-106.098404	1.080000	15.080000
1049	-106.068404	1.080000	15.040000
1050	-106.048404	1.080000	15.350000
1051	-105.888404	1.080000	15.380000
1052	-105.868404	1.082000	15.290000
1053	-105.798404	1.082000	15.080000
1054	-105.618404	1.084000	14.940000
1055	-105.608404	1.086000	15.070000
1056	-105.438404	1.086000	15.150000
1057	-105.418404	1.088000	15.370000
1058	-105.338404	1.088000	15.200000
1059	-105.338404	1.090000	15.200000
1060	-105.158404	1.090000	15.430000
1061	-105.128404	1.092000	15.340000
1062	-105.118404	1.092000	15.370000
1063	-105.108404	1.094000	15.200000
1064	-105.088404	1.094000	15.320000
1065	-104.758404	1.096000	15.290000
1066	-104.758404	1.096000	15.320000
1067	-104.648404	1.098000	15.470000
1068	-104.598404	1.098000	15.420000
1069	-104.538404	1.102000	15.430000
1070	-104.438404	1.100000	15.520000
1071	-104.258404	1.104000	15.380000
1072	-104.238404	1.104000	15.230000
1073	-104.218404	1.106000	15.300000
1074	-104.078404	1.106000	15.540000
1075	-103.918404	1.108000	15.320000
1076	-103.878404	1.108000	15.310000
1077	-103.758404	1.110000	15.310000
1078	-103.658404	1.110000	15.220000
1079	-103.588404	1.112000	15.560000
1080	-103.578404	1.112000	15.530000
1081	-103.578404	1.114000	15.420000
1082	-103.548404	1.114000	14.030000
1083	-103.528404	1.116000	15.450000
1084	-103.458404	1.116000	15.300000
1085	-103.408404	1.118000	15.280000
1086	-103.388404	1.118000	15.420000
1087	-103.348404	1.120000	14.090000
1088	-103.308404	1.120000	14.090000
1089	-103.308404	1.121000	15.390000
1090	-103.248404	1.121000	15.490000
1091	-103.088404	1.123000	14.710000
1092	-102.918404	1.123000	14.270000
1093	-102.808404	1.127000	15.280000
1094	-102.598404	1.125000	14.230000
1095	-102.588404	1.127000	14.150000
1096	-102.418404	1.127000	15.260000
1097	-102.208404	1.129000	14.280000
1098	-102.198404	1.129000	14.150000
1099	-102.078404	1.131000	14.210000
1100	-101.968404	1.131000	14.220000
1101	-101.808404	1.133000	14.280000
1102	-101.768404	1.133000	14.130000
1103	-101.598404	1.135000	14.300000
1104	-101.478404	1.135000	14.150000
1105	-101.298404	1.137000	14.220000
1106	-101.178404	1.137000	14.330000
1107	-101.168404	1.139000	14.170000
1108	-101.108404	1.139000	14.280000
1109	-101.088404	1.141000	14.150000
1110	-100.948404	1.141000	14.050000
1111	-100.948404	1.143000	14.220000
1112	-100.868404	1.143000	14.150000
1113	-100.818404	1.145000	14.200000
1114	-100.778404	1.145000	14.310000
1115	-100.698404	1.147000	14.320000
1116	-100.668404	1.147000	14.090000
1117	-100.588404	1.149000	14.200000
1118	-100.468404	1.149000	14.350000
1119	-100.428404	1.151000	14.370000
1120	-100.308404	1.151000	14.330000
1121	-100.248404	1.153000	14.430000
1122	-100.198404	1.153000	14.290000
1123	-100.098404	1.155000	14.210000
1124	-100.028404	1.155000	14.460000
1125	-100.028404	1.157000	14.210000
1126	-99.988404	1.157000	14.200000
1127	-99.958404	1.159000	14.190000
1128	-99.958404	1.159000	14.250000
1129	-99.868404	1.161000	14.300000
1130	-99.688404	1.161000	14.270000
1131	-99.658404	1.163000	14.060000
1132	-99.638404	1.163000	14.260000
1133	-99.568404	1.164000	14.170000
1134	-99.558404	1.164000	14.060000
1135	-99.408404	1.166000	14.280000
1136	-99.408404	1.166000	14.250000
1137	-99.408404	1.168000	14.150000
1138	-99.368404	1.168000	14.470000
1139	-99.318404	1.170000	14.220000
1140	-99.168404	1.170000	14.150000
1141	-99.138404	1.172000	14.190000
1142	-99.088404	1.172000	14.200000
1143	-99.048404	1.174000	14.190000
1144	-99.028404	1.174000	14.110000
1145	-99.008404	1.176000	14.340000
1146	-98.938404	1.176000	14.290000
1147	-98.838404	1.178000	14.150000
1148	-98.678404	1.178000	14.290000
1149	-98.538404	1.178000	14.170000
1150	-98.468404	1.178000	14.210000
1151	-98.408404	1.182000	14.310000
1152	-98.358404	1.182000	14.370000
1153	-98.348404	1.184000	14.180000
1154	-98.318404	1.186000	14.330000
1155	-98.228404	1.188000	14.390000
1156	-97.708404	1.190000	14.190000
1157	-97.498404	1.190000	14.270000
1158	-97.388404	1.190000	14.270000
1159	-97.188404	1.192000	14.640000
1160	-97.188404	1.192000	14.470000
1161	-96.998404	1.192000	14.330000
1162	-96.978404	1.194000	14.440000
1163	-96.978404	1.196000	14.280000
1164	-96.878404	1.196000	14.340000
1165	-96.858404	1.198000	14.490000
1166	-96.828404	1.200000	14.450000
1167	-96.808404	1.200000	14.430000
1168	-96.778404	1.200000	14.260000
1169	-96.718404	1.202000	14.300000
1170	-96.708404	1.204000	14.400000
1171	-96.688404	1.204000	14.400000
1172	-96.678404	1.205000	14.440000
1173	-96.518404	1.205000	14.460000
1174	-96.388404	1.207000	14.310000
1175	-96.308404	1.207000	14.470000
1176	-96.198404	1.209000	14.330000
1177	-96.178404	1.209000	14.400000
1178	-96.168404	1.211000	14.460000
1179	-96.088404	1.211000	14.460000
1180	-96.088404	1.213000	14.450000
1181	-95.948404	1.213000	14.470000
1182	-95.898404	1.215000	14.520000
1183	-95.758404	1.215000	14.530000
1184	-95.698404	1.215000	14.450000
1185	-95.588404	1.221000	14.570000
1186	-95.328404	1.219000	14.700000
1187	-95.278404	1.221000	14.560000
1188	-95.248404	1.221000	14.640000
1189	-95.238404	1.223000	14.540000
1190	-95.118404	1.223000	14.570000
1191	-95.078404	1.223000	14.660000
1192	-95.058404	1.225000	14.550000
1193	-95.058404	1.227000	14.410000
1194	-95.058404	1.227000	14.330000
1195	-94.948404	1.229000	14.670000
1196	-94.948404	1.229000	14.560000
1197	-94.938404	1.231000	14.550000
1198	-94.928404	1.231000	14.450000
1199	-94.828404	1.231000	14.600000
1200	-94.828404	1.233000	14.600000
1201	-94.808404	1.235000	14.660000
1202	-94.568404	1.235000	14.680000
1203	-94.558404	1.237000	14.670000
1204	-94.448404	1.237000	14.490000
1205	-94.418404	1.239000	14.650000
1206	-94.348404	1.239000	14.570000
1207	-94.278404	1.239000	14.320000
1208	-94.248404	1.241000	14.450000
1209	-94.158404	1.243000	14.400000
1210	-93.918404	1.243000	14.700000
1211	-93.648404	1.245000	14.510000
1212	-93.608404	1.245000	14.720000
1213	-93.488404	1.247000	14.790000
1214	-93.468404	1.247000	14.810000
1215	-93.468404	1.247000	14.780000
1216	-93.278404	1.248000	14.790000
1217	-93.228404	1.252000	14.850000
1218	-93.208404	1.250000	14.710000
1219	-93.168404	1.252000	14.780000
1220	-93.148404	1.252000	14.720000
1221	-93.118404	1.254000	14.500000
1222	-93.038404	1.254000	14.590000
1223	-93.028404	1.254000	14.630000
1224	-92.768404	1.256000	14.670000
1225	-92.758404	1.256000	14.700000
1226	-92.548404	1.258000	14.860000
1227	-92.398404	1.260000	14.760000
1228	-92.328404	1.260000	14.760000
1229	-92.318404	1.262000	14.780000
1230	-92.258404	1.262000	14.760000
1231	-92.148404	1.262000	14.890000
1232	-92.118404	1.264000	14.950000
1233	-92.068404	1.266000	14.820000
1234	-92.058404	1.266000	14.870000
1235	-91.978404	1.268000	14.800000
1236	-91.848404	1.270000	14.790000
1237	-91.758404	1.272000	14.780000
1238	-91.528404	1.272000	15.030000
1239	-91.528404	1.274000	14.870000
1240	-91.438404	1.274000	14.930000
1241	-91.438404	1.276000	14.940000
1242	-91.408404	1.276000	14.810000
1243	-91.398404	1.278000	14.740000
1244	-91.338404	1.278000	14.840000
1245	-91.258404	1.280000	15.010000
1246	-91.228404	1.280000	15.050000
1247	-91.228404	1.282000	14.840000
1248	-91.218404	1.284000	14.750000
1249	-91.208404	1.284000	14.760000
1250	-91.108404	1.284000	14.830000
1251	-91.058404	1.286000	14.940000
1252	-91.018404	1.286000	14.920000
1253	-91.018404	1.288000	14.650000
1254	-90.948404	1.288000	14.850000
1255	-90.938404	1.289000	14.840000
1256	-90.868404	1.289000	14.850000
1257	-90.838404	1.291000	14.760000
1258	-90.778404	1.291000	14.990000
1259	-90.768404	1.293000	14.950000
1260	-90.488404	1.293000	14.930000
1261	-90.358404	1.295000	15.090000
1262	-90.238404	1.295000	15.140000
1263	-90.048404	1.297000	14.960000
1264	-89.998404	1.297000	15.110000
1265	-89.908404	1.299000	14.970000
1266	-89.838404	1.299000	14.950000
1267	-89.728404	1.301000	14.990000
1268	-89.558404	1.301000	14.890000
1269	-89.478404	1.303000	15.090000
1270	-89.308404	1.303000	14.980000
1271	-89.238404	1.305000	15.050000
1272	-89.138404	1.305000	15.100000
1273	-89.068404	1.307000	14.990000
1274	-89.048404	1.307000	14.900000
1275	-88.968404	1.309000	15.230000
1276	-88.938404	1.309000	15.170000
1277	-88.928404	1.311000	15.060000
1278	-88.918404	1.311000	15.130000
1279	-88.908404	1.313000	15.100000
1280	-88.818404	1.315000	15.200000
1281	-88.628404	1.315000	15.080000
1282	-88.588404	1.315000	15.080000
1283	-88.498404	1.317000	14.920000
1284	-88.408404	1.317000	14.950000
1285	-88.238404	1.319000	15.140000
1286	-88.098404	1.319000	15.130000
1287	-88.048404	1.319000	15.070000
1288	-88.038404	1.319000	15.140000
1289	-87.998404	1.323000	15.040000
1290	-87.888404	1.323000	15.040000
1291	-87.758404	1.325000	14.950000
1292	-87.638404	1.325000	15.080000
1293	-87.618404	1.327000	14.990000
1294	-87.508404	1.327000	15.060000
1295	-87.298404	1.329000	15.430000
1296	-87.228404	1.329000	15.350000
1297	-87.228404	1.330000	15.220000
1298	-87.198404	1.330000	15.270000
1299	-87.008404	1.330000	15.390000
1300	-86.998404	1.332000	15.300000
1301	-86.998404	1.334000	15.220000
1302	-86.928404	1.334000	15.270000
1303	-86.928404	1.336000	15.140000
1304	-86.898404	1.336000	15.270000
1305	-86.788404	1.338000	15.200000
1306	-86.708404	1.338000	15.460000
1307	-86.708404	1.340000	15.350000
1308	-86.698404	1.340000	15.170000
1309	-86.588404	1.342000	15.340000
1310	-86.478404	1.346000	15.270000
1311	-86.428404	1.344000	15.230000
1312	-86.358404	1.346000	15.280000
1313	-86.338404	1.346000	15.240000
1314	-86.288404	1.348000	15.400000
1315	-86.198404	1.348000	15.300000
1316	-86.158404	1.352000	15.140000
1317	-86.138404	1.352000	15.270000
1318	-86.108404	1.354000	15.340000
1319	-86.098404	1.354000	15.360000
1320	-85.908404	1.356000	15.250000
1321	-85.788404	1.356000	15.240000
1322	-85.788404	1.356000	15.220000
1323	-85.748404	1.358000	15.340000
1324	-85.708404	1.360000	15.370000
1325	-85.708404	1.360000	15.510000
1326	-85.688404	1.362000	15.120000
1327	-85.458404	1.362000	15.410000
1328	-85.298404	1.364000	15.300000
1329	-85.218404	1.364000	15.450000
1330	-85.128404	1.364000	15.340000
1331	-85.068404	1.366000	15.210000
1332	-85.028404	1.368000	15.320000
1333	-85.018404	1.368000	15.360000
1334	-84.978404	1.370000	15.270000
1335	-84.898404	1.370000	15.280000
1336	-84.888404	1.371000	15.390000
1337	-84.848404	1.371000	15.120000
1338	-84.808404	1.373000	15.230000
1339	-84.778404	1.373000	15.330000
1340	-84.548404	1.375000	15.250000
1341	-84.478404	1.375000	15.320000
1342	-84.348404	1.377000	15.340000
1343	-84.188404	1.377000	15.470000
1344	-84.148404	1.379000	15.580000
1345	-84.108404	1.379000	15.380000
1346	-83.678404	1.379000	15.470000
1347	-83.638404	1.381000	15.380000
1348	-83.638404	1.383000	15.340000
1349	-83.618404	1.381000	15.520000
1350	-83.548404	1.385000	15.530000
1351	-83.238404	1.387000	15.550000
1352	-83.168404	1.387000	15.430000
1353	-83.128404	1.387000	15.330000
1354	-83.108404	1.389000	15.560000
1355	-83.098404	1.391000	15.600000
1356	-83.048404	1.391000	15.580000
1357	-82.988404	1.393000	15.510000
1358	-82.978404	1.393000	15.490000
1359	-82.928404	1.395000	15.630000
1360	-82.868404	1.395000	15.610000
1361	-82.848404	1.395000	15.490000
1362	-82.778404	1.397000	15.470000
1363	-82.668404	1.399000	15.490000
1364	-82.608404	1.399000	15.740000
1365	-82.518404	1.401000	15.510000
1366	-82.358404	1.401000	15.610000
1367	-82.348404	1.403000	15.620000
1368	-82.198404	1.403000	15.570000
1369	-82.118404	1.405000	15.450000
1370	-82.078404	1.405000	15.720000
1371	-81.958404	1.407000	15.540000
1372	-81.948404	1.409000	15.620000
1373	-81.878404	1.409000	15.570000
1374	-81.648404	1.409000	15.780000
1375	-81.428404	1.411000	15.650000
1376	-81.388404	1.411000	15.790000
1377	-81.228404	1.411000	15.530000
1378	-81.118404	1.413000	15.700000
1379	-80.898404	1.414000	15.710000
1380	-80.858404	1.414000	15.830000
1381	-80.818404	1.414000	15.730000
1382	-80.748404	1.416000	15.830000
1383	-80.728404	1.418000	15.500000
1384	-80.718404	1.418000	15.660000
1385	-80.658404	1.418000	15.860000
1386	-80.588404	1.420000	15.680000
1387	-80.568404	1.422000	15.660000
1388	-80.478404	1.422000	15.760000
1389	-80.458404	1.424000	15.680000
1390	-80.428404	1.424000	15.640000
1391	-80.248404	1.426000	15.650000
1392	-80.178404	1.426000	15.760000
1393	-80.178404	1.428000	15.540000
1394	-80.168404	1.428000	15.800000
1395	-80.138404	1.428000	15.770000
1396	-80.118404	1.428000	15.760000
1397	-79.658404	1.432000	15.690000
1398	-79.478404	1.432000	15.810000
1399	-79.448404	1.436000	15.790000
1400	-79.268404	1.436000	15.770000
1401	-79.268404	1.440000	15.880000
1402	-79.148404	1.438000	15.870000
1403	-79.148404	1.440000	15.800000
1404	-79.138404	1.440000	15.850000
1405	-79.078404	1.442000	15.730000
1406	-78.998404	1.442000	15.880000
1407	-78.918404	1.444000	15.800000
1408	-78.908404	1.444000	15.800000
1409	-78.898404	1.446000	15.890000
1410	-78.898404	1.446000	15.850000
1411	-78.878404	1.448000	15.860000
1412	-78.868404	1.448000	15.950000
1413	-78.818404	1.450000	15.780000
1414	-78.778404	1.450000	15.840000
1415	-78.748404	1.452000	15.820000
1416	-78.688404	1.452000	15.830000
1417	-78.558404	1.454000	15.770000
1418	-78.508404	1.454000	15.860000
1419	-78.348404	1.455000	15.790000
1420	-78.208404	1.455000	15.760000
1421	-78.108404	1.457000	15.810000
1422	-78.108404	1.457000	15.850000
1423	-77.998404	1.459000	15.970000
1424	-77.988404	1.459000	15.810000
1425	-77.918404	1.461000	15.770000
1426	-77.898404	1.461000	15.820000
1427	-77.858404	1.463000	15.860000
1428	-77.278404	1.463000	16.100000
1429	-77.118404	1.465000	15.820000
1430	-77.108404	1.465000	15.890000
1431	-77.108404	1.467000	15.970000
1432	-77.008404	1.467000	15.900000
1433	-76.978404	1.471000	15.960000
1434	-76.888404	1.469000	16.060000
1435	-76.878404	1.471000	16.000000
1436	-76.828404	1.471000	16.080000
1437	-76.798404	1.473000	15.880000
1438	-76.758404	1.473000	15.890000
1439	-76.728404	1.475000	15.990000
1440	-76.638404	1.475000	15.990000
1441	-76.588404	1.477000	15.910000
1442	-76.518404	1.477000	16.120000
1443	-76.508404	1.479000	15.760000
1444	-76.488404	1.479000	15.850000
1445	-76.418404	1.481000	16.020000
1446	-76.408404	1.481000	16.110000
1447	-76.368404	1.483000	16.020000
1448	-76.348404	1.483000	15.860000
1449	-76.298404	1.485000	15.780000
1450	-76.238404	1.485000	16.020000
1451	-76.208404	1.487000	15.970000
1452	-76.098404	1.487000	15.940000
1453	-76.048404	1.489000	16.070000
1454	-75.958404	1.489000	16.070000
1455	-75.858404	1.491000	15.870000
1456	-75.838404	1.491000	15.790000
1457	-75.718404	1.493000	15.980000
1458	-75.628404	1.493000	16.160000
1459	-75.308404	1.495000	16.230000
1460	-75.108404	1.495000	16.060000
1461	-74.798404	1.497000	16.130000
1462	-74.748404	1.497000	16.100000
1463	-74.688404	1.498000	16.170000
1464	-74.618404	1.498000	16.110000
1465	-74.588404	1.498000	16.050000
1466	-74.588404	1.500000	16.250000
1467	-74.568404	1.502000	16.120000
1468	-74.518404	1.502000	15.970000
1469	-74.468404	1.504000	16.040000
1470	-74.468404	1.504000	16.070000
1471	-74.398404	1.506000	16.090000
1472	-74.388404	1.506000	16.060000
1473	-74.338404	1.508000	16.030000
1474	-74.068404	1.508000	15.940000
1475	-74.028404	1.510000	16.140000
1476	-74.008404	1.512000	16.180000
1477	-74.008404	1.512000	16.200000
1478	-73.988404	1.514000	16.220000
1479	-73.978404	1.514000	16.100000
1480	-73.958404	1.516000	16.240000
1481	-73.948404	1.516000	16.080000
1482	-73.938404	1.520000	16.150000
1483	-73.418404	1.520000	16.160000
1484	-73.408404	1.520000	16.090000
1485	-73.358404	1.522000	16.190000
1486	-73.258404	1.524000	16.280000
1487	-73.248404	1.522000	16.070000
1488	-73.088404	1.526000	16.230000
1489	-72.908404	1.526000	16.140000
1490	-72.678404	1.528000	16.130000
1491	-72.548404	1.528000	16.160000
1492	-72.538404	1.528000	16.340000
1493	-72.388404	1.530000	16.140000
1494	-72.378404	1.534000	16.190000
1495	-72.288404	1.534000	16.190000
1496	-72.128404	1.532000	16.260000
1497	-72.128404	1.534000	16.330000
1498	-71.998404	1.536000	16.240000
1499	-71.998404	1.536000	16.190000
1500	-71.958404	1.536000	16.280000
1501	-71.928404	1.538000	16.240000
1502	-71.918404	1.539000	16.230000
1503	-71.808404	1.539000	16.300000
1504	-71.718404	1.541000	16.320000
1505	-71.688404	1.541000	16.480000
1506	-71.638404	1.543000	16.210000
1507	-71.548404	1.543000	16.260000
1508	-71.368404	1.543000	16.350000
1509	-71.238404	1.545000	16.200000
1510	-71.228404	1.547000	16.340000
1511	-71.098404	1.547000	16.350000
1512	-71.068404	1.549000	16.300000
1513	-71.048404	1.549000	16.190000
1514	-71.018404	1.551000	16.250000
1515	-70.968404	1.551000	16.510000
1516	-70.888404	1.551000	16.460000
1517	-70.828404	1.553000	16.420000
1518	-70.758404	1.553000	16.490000
1519	-70.748404	1.555000	16.340000
1520	-70.728404	1.557000	16.270000
1521	-70.698404	1.557000	16.520000
1522	-70.578404	1.559000	16.390000
1523	-70.568404	1.559000	16.350000
1524	-70.528404	1.559000	16.440000
1525	-70.478404	1.561000	16.440000
1526	-70.458404	1.563000	16.320000
1527	-70.348404	1.563000	16.390000
1528	-70.338404	1.565000	16.380000
1529	-70.268404	1.565000	16.480000
1530	-70.188404	1.567000	16.440000
1531	-70.158404	1.567000	16.420000
1532	-70.118404	1.567000	16.330000
1533	-70.028404	1.569000	16.530000
1534	-70.028404	1.571000	16.470000
1535	-69.898404	1.571000	16.440000
1536	-69.748404	1.573000	16.390000
1537	-69.238404	1.573000	16.550000
1538	-69.228404	1.575000	16.490000
1539	-69.108404	1.575000	16.240000
1540	-68.998404	1.575000	16.510000
1541	-68.998404	1.577000	16.520000
1542	-68.988404	1.579000	16.520000
1543	-68.928404	1.579000	16.500000
1544	-68.798404	1.580000	16.470000
1545	-68.718404	1.580000	16.440000
1546	-68.648404	1.582000	16.460000
1547	-68.588404	1.582000	16.480000
1548	-68.588404	1.584000	16.580000
1549	-68.538404	1.584000	16.560000
1550	-68.378404	1.586000	16.640000
1551	-68.348404	1.586000	16.410000
1552	-68.338404	1.588000	16.620000
1553	-68.278404	1.588000	16.530000
1554	-68.238404	1.590000	16.520000
1555	-68.218404	1.590000	16.490000
1556	-67.948404	1.590000	16.500000
1557	-67.938404	1.592000	16.640000
1558	-67.898404	1.594000	16.550000
1559	-67.698404	1.594000	16.410000
1560	-67.668404	1.596000	16.530000
1561	-67.668404	1.596000	16.530000
1562	-67.648404	1.598000	16.590000
1563	-67.588404	1.598000	16.400000
1564	-67.558404	1.602000	16.670000
1565	-67.548404	1.602000	16.690000
1566	-67.538404	1.604000	16.520000
1567	-67.538404	1.604000	16.640000
1568	-67.448404	1.606000	16.530000
1569	-67.358404	1.606000	16.610000
1570	-67.318404	1.608000	16.560000
1571	-67.278404	1.608000	16.510000
1572	-67.228404	1.610000	16.700000
1573	-67.228404	1.610000	16.590000
1574	-67.148404	1.612000	16.830000
1575	-67.028404	1.612000	16.510000
1576	-66.968404	1.614000	16.600000
1577	-66.938404	1.614000	16.540000
1578	-66.928404	1.616000	16.530000
1579	-66.648404	1.616000	16.610000
1580	-66.478404	1.618000	16.550000
1581	-66.278404	1.616000	16.680000
1582	-66.268404	1.620000	16.660000
1583	-66.198404	1.620000	16.590000
1584	-66.058404	1.621000	16.450000
1585	-65.878404	1.621000	16.580000
1586	-65.788404	1.623000	16.720000
1587	-65.648404	1.623000	16.670000
1588	-65.588404	1.625000	16.660000
1589	-65.528404	1.627000	16.780000
1590	-65.518404	1.627000	16.640000
1591	-65.378404	1.627000	16.880000
1592	-65.348404	1.629000	16.640000
1593	-65.288404	1.629000	16.600000
1594	-65.068404	1.631000	16.780000
1595	-65.028404	1.631000	16.780000
1596	-64.988404	1.633000	16.710000
1597	-64.908404	1.633000	16.740000
1598	-64.888404	1.635000	16.780000
1599	-64.758404	1.635000	16.490000
1600	-64.708404	1.637000	16.860000
1601	-64.608404	1.637000	16.810000
1602	-64.558404	1.639000	16.740000
1603	-64.548404	1.639000	16.870000
1604	-64.458404	1.641000	16.850000
1605	-64.418404	1.641000	16.810000
1606	-64.408404	1.643000	16.730000
1607	-64.368404	1.643000	16.730000
1608	-64.348404	1.645000	16.890000
1609	-64.348404	1.645000	16.680000
1610	-64.318404	1.647000	16.860000
1611	-64.228404	1.647000	16.780000
1612	-64.188404	1.647000	16.850000
1613	-64.178404	1.649000	16.830000
1614	-64.108404	1.651000	16.700000
1615	-64.108404	1.651000	16.660000
1616	-64.068404	1.653000	16.710000
1617	-63.908404	1.653000	16.840000
1618	-63.738404	1.655000	16.980000
1619	-63.638404	1.655000	16.870000
1620	-63.508404	1.659000	17.030000
1621	-63.488404	1.657000	16.990000
1622	-63.258404	1.659000	17.050000
1623	-63.218404	1.659000	16.930000
1624	-63.128404	1.661000	16.840000
1625	-62.848404	1.661000	17.160000
1626	-62.808404	1.663000	16.950000
1627	-62.628404	1.663000	17.080000
1628	-62.608404	1.664000	17.120000
1629	-62.498404	1.664000	16.960000
1630	-62.478404	1.666000	17.110000
1631	-62.308404	1.666000	16.920000
1632	-62.278404	1.668000	17.070000
1633	-62.258404	1.668000	16.900000
1634	-62.248404	1.670000	17.050000
1635	-62.168404	1.670000	16.810000
1636	-62.118404	1.672000	17.060000
1637	-61.988404	1.672000	17.050000
1638	-61.948404	1.674000	17.100000
1639	-61.878404	1.674000	16.960000
1640	-61.598404	1.676000	16.860000
1641	-61.538404	1.676000	17.070000
1642	-61.538404	1.678000	17.110000
1643	-61.348404	1.678000	17.050000
1644	-61.308404	1.680000	17.070000
1645	-61.238404	1.680000	17.040000
1646	-61.178404	1.682000	17.010000
1647	-61.178404	1.682000	16.960000
1648	-61.148404	1.684000	17.100000
1649	-61.108404	1.686000	16.950000
1650	-61.088404	1.690000	17.100000
1651	-61.078404	1.690000	17.070000
1652	-60.888404	1.688000	17.020000
1653	-60.868404	1.690000	17.130000
1654	-60.738404	1.692000	16.890000
1655	-60.728404	1.692000	17.030000
1656	-60.728404	1.692000	17.100000
1657	-60.718404	1.694000	17.070000
1658	-60.648404	1.696000	17.150000
1659	-60.648404	1.696000	16.980000
1660	-60.638404	1.698000	17.180000
1661	-60.588404	1.698000	17.160000
1662	-60.568404	1.700000	17.120000
1663	-60.378404	1.700000	17.050000
1664	-60.208404	1.702000	17.040000
1665	-60.208404	1.702000	17.150000
1666	-60.178404	1.704000	17.000000
1667	-60.128404	1.704000	17.130000
1668	-60.098404	1.705000	17.340000
1669	-59.938404	1.705000	17.070000
1670	-59.938404	1.707000	17.230000
1671	-59.698404	1.707000	17.010000
1672	-59.618404	1.707000	17.150000
1673	-59.438404	1.709000	17.060000
1674	-59.428404	1.711000	17.010000
1675	-59.338404	1.711000	17.340000
1676	-58.958404	1.713000	17.240000
1677	-58.888404	1.713000	17.290000
1678	-58.768404	1.715000	17.250000
1679	-58.648404	1.715000	17.240000
1680	-58.638404	1.715000	17.230000
1681	-58.628404	1.717000	17.240000
1682	-58.628404	1.721000	17.340000
1683	-58.538404	1.721000	17.300000
1684	-58.508404	1.721000	17.260000
1685	-58.508404	1.721000	17.220000
1686	-58.488404	1.723000	17.190000
1687	-58.388404	1.723000	17.360000
1688	-58.328404	1.723000	17.390000
1689	-58.078404	1.725000	17.320000
1690	-58.018404	1.727000	17.320000
1691	-58.018404	1.727000	17.250000
1692	-57.998404	1.729000	17.270000
1693	-57.928404	1.729000	17.300000
1694	-57.848404	1.731000	17.350000
1695	-57.788404	1.731000	17.520000
1696	-57.758404	1.733000	17.260000
1697	-57.658404	1.733000	17.250000
1698	-57.548404	1.735000	17.170000
1699	-57.368404	1.735000	17.260000
1700	-57.348404	1.737000	17.220000
1701	-57.238404	1.737000	17.330000
1702	-57.208404	1.739000	17.310000
1703	-57.178404	1.739000	17.220000
1704	-57.068404	1.739000	17.390000
1705	-57.048404	1.741000	17.400000
1706	-56.978404	1.743000	17.610000
1707	-56.948404	1.743000	17.400000
1708	-56.898404	1.745000	17.410000
1709	-56.728404	1.745000	17.440000
1710	-56.478404	1.747000	17.420000
1711	-56.478404	1.747000	17.490000
1712	-56.468404	1.747000	17.370000
1713	-56.448404	1.748000	17.440000
1714	-56.418404	1.750000	17.470000
1715	-56.308404	1.750000	17.410000
1716	-56.298404	1.752000	17.530000
1717	-56.258404	1.754000	17.350000
1718	-56.218404	1.754000	17.490000
1719	-56.098404	1.754000	17.470000
1720	-56.098404	1.756000	17.490000
1721	-56.078404	1.758000	17.400000
1722	-55.948404	1.758000	17.320000
1723	-55.718404	1.760000	17.450000
1724	-55.688404	1.760000	17.520000
1725	-55.438404	1.762000	17.480000
1726	-55.228404	1.762000	17.540000
1727	-55.228404	1.762000	17.520000
1728	-55.148404	1.764000	17.650000
1729	-55.088404	1.766000	17.420000
1730	-55.068404	1.766000	17.520000
1731	-54.568404	1.768000	17.480000
1732	-54.508404	1.770000	17.560000
1733	-54.498404	1.772000	17.660000
1734	-54.448404	1.772000	17.440000
1735	-54.428404	1.772000	17.580000
1736	-54.298404	1.774000	17.580000
1737	-54.218404	1.776000	17.610000
1738	-54.208404	1.776000	17.630000
1739	-54.198404	1.778000	17.610000
1740	-54.148404	1.778000	17.610000
1741	-54.038404	1.780000	17.650000
1742	-53.928404	1.780000	17.730000
1743	-53.748404	1.782000	17.690000
1744	-53.718404	1.784000	17.700000
1745	-53.688404	1.784000	17.700000
1746	-53.668404	1.784000	17.510000
1747	-53.598404	1.786000	17.600000
1748	-53.558404	1.786000	17.700000
1749	-53.498404	1.788000	17.360000
1750	-53.448404	1.788000	17.670000
1751	-53.418404	1.789000	17.610000
1752	-53.148404	1.789000	17.390000
1753	-53.098404	1.791000	17.780000
1754	-53.008404	1.791000	17.700000
1755	-52.948404	1.793000	17.740000
1756	-52.878404	1.793000	17.880000
1757	-52.818404	1.795000	17.740000
1758	-52.778404	1.795000	17.620000
1759	-52.758404	1.797000	17.730000
1760	-52.558404	1.797000	17.710000
1761	-52.558404	1.799000	17.570000
1762	-52.328404	1.799000	17.560000
1763	-52.288404	1.801000	17.640000
1764	-52.138404	1.801000	17.570000
1765	-52.108404	1.803000	17.630000
1766	-52.058404	1.803000	17.700000
1767	-52.018404	1.805000	17.690000
1768	-51.888404	1.803000	17.690000
1769	-51.808404	1.807000	17.740000
1770	-51.708404	1.807000	17.540000
1771	-51.518404	1.809000	17.590000
1772	-51.488404	1.809000	17.760000
1773	-51.458404	1.811000	17.720000
1774	-51.438404	1.811000	17.660000
1775	-51.438404	1.813000	17.620000
1776	-51.418404	1.813000	17.660000
1777	-51.398404	1.815000	17.700000
1778	-51.288404	1.815000	17.670000
1779	-51.158404	1.817000	17.640000
1780	-51.148404	1.817000	17.690000
1781	-51.008404	1.819000	17.860000
1782	-50.968404	1.819000	17.550000
1783	-50.878404	1.821000	17.760000
1784	-50.838404	1.821000	17.660000
1785	-50.838404	1.823000	17.830000
1786	-50.818404	1.823000	18.000000
1787	-50.758404	1.825000	17.780000
1788	-50.718404	1.825000	17.830000
1789	-50.708404	1.827000	17.730000
1790	-50.538404	1.827000	17.790000
1791	-50.488404	1.829000	17.780000
1792	-50.468404	1.829000	17.690000
1793	-50.408404	1.830000	17.760000
1794	-50.388404	1.830000	17.750000
1795	-50.308404	1.832000	17.880000
1796	-50.278404	1.832000	17.890000
1797	-50.118404	1.834000	17.840000
1798	-50.078404	1.834000	17.760000
1799	-50.058404	1.836000	17.990000
1800	-49.898404	1.834000	17.910000
1801	-49.818404	1.838000	17.740000
1802	-49.798404	1.838000	18.060000
1803	-49.768404	1.840000	17.880000
1804	-49.678404	1.840000	17.790000
1805	-49.578404	1.842000	17.870000
1806	-49.538404	1.842000	17.980000
1807	-49.538404	1.846000	17.790000
1808	-49.418404	1.846000	18.010000
1809	-49.398404	1.846000	17.830000
1810	-49.328404	1.846000	17.830000
1811	-49.268404	1.848000	17.880000
1812	-49.178404	1.848000	17.870000
1813	-49.108404	1.852000	17.770000
1814	-48.868404	1.852000	18.050000
1815	-48.658404	1.854000	17.910000
1816	-48.628404	1.854000	18.070000
1817	-48.588404	1.856000	17.930000
1818	-48.458404	1.856000	17.980000
1819	-48.438404	1.856000	18.060000
1820	-48.428404	1.858000	17.960000
1821	-48.258404	1.862000	18.110000
1822	-48.178404	1.860000	18.040000
1823	-48.048404	1.862000	18.110000
1824	-47.938404	1.862000	18.020000
1825	-47.868404	1.864000	17.940000
1826	-47.858404	1.864000	18.040000
1827	-47.848404	1.864000	18.020000
1828	-47.798404	1.866000	18.130000
1829	-47.788404	1.868000	18.040000
1830	-47.788404	1.868000	18.100000
1831	-47.748404	1.870000	18.020000
1832	-47.738404	1.870000	18.180000
1833	-47.698404	1.871000	17.920000
1834	-47.328404	1.871000	18.040000
1835	-47.288404	1.871000	18.070000
1836	-47.268404	1.873000	18.090000
1837	-47.098404	1.875000	18.050000
1838	-46.928404	1.875000	17.980000
1839	-46.928404	1.877000	18.000000
1840	-46.718404	1.877000	18.040000
1841	-46.528404	1.879000	18.170000
1842	-46.498404	1.879000	18.000000
1843	-46.478404	1.879000	18.070000
1844	-46.448404	1.881000	18.110000
1845	-46.408404	1.883000	18.060000
1846	-46.398404	1.883000	18.150000
1847	-46.388404	1.885000	18.010000
1848	-46.288404	1.885000	18.140000
1849	-46.258404	1.887000	18.050000
1850	-46.228404	1.887000	18.210000
1851	-46.228404	1.887000	17.990000
1852	-46.188404	1.889000	18.060000
1853	-46.168404	1.891000	18.290000
1854	-46.148404	1.891000	18.080000
1855	-46.128404	1.893000	18.270000
1856	-46.098404	1.893000	18.000000
1857	-46.048404	1.895000	18.050000
1858	-45.968404	1.895000	18.150000
1859	-45.968404	1.897000	18.060000
1860	-45.918404	1.897000	18.150000
1861	-45.538404	1.899000	17.970000
1862	-45.418404	1.901000	18.130000
1863	-45.418404	1.901000	18.180000
1864	-45.408404	1.903000	18.280000
1865	-45.268404	1.903000	18.250000
1866	-45.268404	1.903000	18.160000
1867	-45.218404	1.905000	18.180000
1868	-45.218404	1.907000	18.150000
1869	-45.188404	1.907000	18.240000
1870	-45.178404	1.909000	18.120000
1871	-45.118404	1.911000	18.300000
1872	-44.968404	1.911000	18.060000
1873	-44.908404	1.911000	18.280000
1874	-44.778404	1.913000	18.330000
1875	-44.718404	1.914000	17.990000
1876	-44.388404	1.914000	18.260000
1877	-44.258404	1.916000	18.130000
1878	-44.188404	1.916000	18.300000
1879	-44.168404	1.918000	18.250000
1880	-44.068404	1.918000	18.250000
1881	-43.898404	1.918000	18.260000
1882	-43.868404	1.920000	18.200000
1883	-43.828404	1.922000	18.360000
1884	-43.758404	1.922000	18.260000
1885	-43.658404	1.924000	18.220000
1886	-43.568404	1.924000	18.690000
1887	-43.538404	1.926000	18.270000
1888	-43.538404	1.926000	18.270000
1889	-43.518404	1.928000	18.260000
1890	-43.498404	1.928000	18.260000
1891	-43.398404	1.930000	18.280000
1892	-43.158404	1.930000	18.540000
1893	-43.128404	1.932000	18.050000
1894	-43.088404	1.932000	18.310000
1895	-42.878404	1.936000	18.290000
1896	-42.848404	1.936000	18.160000
1897	-42.728404	1.938000	18.370000
1898	-42.688404	1.938000	18.270000
1899	-42.618404	1.940000	18.420000
1900	-42.538404	1.940000	18.150000
1901	-42.368404	1.940000	18.490000
1902	-42.338404	1.942000	18.390000
1903	-42.328404	1.944000	18.490000
1904	-42.298404	1.944000	18.380000
1905	-42.288404	1.946000	18.590000
1906	-42.268404	1.946000	18.530000
1907	-42.198404	1.948000	18.430000
1908	-42.098404	1.948000	18.500000
1909	-42.058404	1.950000	18.480000
1910	-42.038404	1.950000	18.410000
1911	-42.028404	1.952000	18.300000
1912	-42.018404	1.952000	18.450000
1913	-41.998404	1.955000	18.550000
1914	-41.948404	1.954000	18.420000
1915	-41.938404	1.955000	18.540000
1916	-41.928404	1.955000	18.480000
1917	-41.868404	1.957000	18.530000
1918	-41.828404	1.957000	18.460000
1919	-41.818404	1.959000	18.390000
1920	-41.798404	1.959000	18.420000
1921	-41.778404	1.959000	18.410000
1922	-41.728404	1.961000	18.490000
1923	-41.528404	1.963000	18.540000
1924	-41.418404	1.963000	18.550000
1925	-41.348404	1.965000	18.610000
1926	-41.098404	1.965000	18.490000
1927	-41.078404	1.967000	18.470000
1928	-40.898404	1.967000	18.430000
1929	-40.628404	1.969000	18.670000
1930	-40.478404	1.969000	18.620000
1931	-40.298404	1.971000	18.420000
1932	-40.028404	1.971000	18.640000
1933	-39.998404	1.973000	18.590000
1934	-39.898404	1.973000	18.700000
1935	-39.718404	1.975000	18.580000
1936	-39.708404	1.975000	18.580000
1937	-39.698404	1.977000	18.830000
1938	-39.658404	1.977000	18.640000
1939	-39.638404	1.979000	18.680000
1940	-39.558404	1.979000	18.710000
1941	-39.538404	1.981000	18.680000
1942	-39.258404	1.981000	18.650000
1943	-39.228404	1.983000	18.590000
1944	-39.218404	1.983000	18.610000
1945	-39.118404	1.987000	18.660000
1946	-39.108404	1.985000	18.710000
1947	-38.958404	1.987000	18.680000
1948	-38.938404	1.987000	18.700000
1949	-38.878404	1.989000	18.700000
1950	-38.858404	1.989000	18.510000
1951	-38.818404	1.991000	18.640000
1952	-38.608404	1.991000	18.750000
1953	-38.588404	1.991000	18.730000
1954	-38.468404	1.993000	18.710000
1955	-38.418404	1.995000	18.820000
1956	-38.288404	1.995000	18.590000
1957	-38.238404	1.997000	18.730000
1958	-38.118404	1.997000	18.800000
1959	-38.068404	1.998000	18.700000
1960	-38.038404	1.998000	18.790000
1961	-38.018404	2.000000	18.830000
1962	-38.018404	2.000000	18.610000
1963	-37.998404	2.002000	18.710000
1964	-37.768404	2.002000	18.710000
1965	-37.638404	2.004000	18.760000
1966	-37.628404	2.004000	18.760000
1967	-37.598404	2.006000	18.690000
1968	-37.538404	2.006000	18.830000
1969	-37.528404	2.008000	18.780000
1970	-37.508404	2.008000	18.700000
1971	-37.408404	2.010000	18.670000
1972	-37.348404	2.010000	18.780000
1973	-37.218404	2.012000	18.860000
1974	-37.198404	2.012000	18.720000
1975	-37.168404	2.014000	18.980000
1976	-37.148404	2.014000	18.710000
1977	-37.038404	2.016000	18.960000
1978	-37.008404	2.016000	18.710000
1979	-36.998404	2.020000	18.690000
1980	-36.878404	2.020000	18.680000
1981	-36.778404	2.020000	18.830000
1982	-36.718404	2.022000	18.740000
1983	-36.668404	2.024000	18.830000
1984	-36.358404	2.024000	18.770000
1985	-36.328404	2.026000	18.860000
1986	-36.128404	2.028000	18.870000
1987	-36.018404	2.028000	18.920000
1988	-35.888404	2.028000	18.880000
1989	-35.878404	2.030000	18.950000
1990	-35.818404	2.032000	18.850000
1991	-35.758404	2.032000	18.910000
1992	-35.738404	2.034000	18.860000
1993	-35.558404	2.034000	18.850000
1994	-35.448404	2.036000	18.850000
1995	-35.358404	2.036000	18.940000
1996	-35.358404	2.038000	18.840000
1997	-35.238404	2.038000	18.890000
1998	-35.178404	2.039000	18.860000
1999	-35.128404	2.039000	19.000000
2000	-35.038404	2.041000	18.860000
2001	-34.978404	2.041000	18.760000
2002	-34.928404	2.043000	18.950000
2003	-34.878404	2.043000	18.900000
2004	-34.808404	2.043000	18.770000
2005	-34.778404	2.045000	18.830000
2006	-34.628404	2.047000	18.960000
2007	-34.618404	2.049000	18.780000
2008	-34.548404	2.049000	18.840000
2009	-34.438404	2.049000	18.900000
2010	-34.328404	2.051000	18.870000
2011	-34.208404	2.051000	19.000000
2012	-34.118404	2.051000	19.020000
2013	-34.048404	2.053000	18.870000
2014	-34.018404	2.055000	18.960000
2015	-33.868404	2.055000	18.870000
2016	-33.778404	2.057000	18.960000
2017	-33.638404	2.057000	19.060000
2018	-33.538404	2.059000	19.050000
2019	-33.518404	2.059000	18.920000
2020	-33.448404	2.059000	18.910000
2021	-33.438404	2.061000	19.110000
2022	-33.428404	2.063000	19.090000
2023	-33.358404	2.065000	19.050000
2024	-33.348404	2.065000	19.070000
2025	-33.138404	2.065000	18.930000
2026	-33.088404	2.067000	19.020000
2027	-33.048404	2.067000	19.060000
2028	-32.918404	2.069000	18.950000
2029	-32.908404	2.069000	19.100000
2030	-32.898404	2.071000	18.930000
2031	-32.828404	2.071000	19.080000
2032	-32.618404	2.073000	19.140000
2033	-32.578404	2.073000	18.980000
2034	-32.538404	2.075000	19.220000
2035	-32.518404	2.075000	19.130000
2036	-32.458404	2.075000	18.950000
2037	-32.328404	2.080000	19.300000
2038	-32.278404	2.079000	19.160000
2039	-32.198404	2.080000	19.150000
2040	-31.798404	2.080000	19.370000
2041	-31.778404	2.082000	19.190000
2042	-31.728404	2.082000	19.070000
2043	-31.718404	2.082000	19.190000
2044	-31.698404	2.084000	19.130000
2045	-31.518404	2.086000	19.230000
2046	-31.478404	2.086000	19.240000
2047	-31.438404	2.086000	19.170000
2048	-31.428404	2.088000	19.080000
2049	-31.358404	2.090000	19.060000
2050	-31.288404	2.090000	19.060000
2051	-31.278404	2.090000	19.030000
2052	-31.108404	2.092000	19.380000
2053	-31.058404	2.094000	19.230000
2054	-31.058404	2.094000	19.260000
2055	-31.008404	2.096000	19.320000
2056	-30.988404	2.096000	19.280000
2057	-30.838404	2.098000	19.250000
2058	-30.758404	2.098000	19.300000
2059	-30.618404	2.102000	19.130000
2060	-30.508404	2.102000	19.270000
2061	-30.198404	2.104000	19.240000
2062	-30.188404	2.104000	19.340000
2063	-30.108404	2.106000	19.340000
2064	-30.108404	2.106000	19.320000
2065	-30.078404	2.108000	19.310000
2066	-29.988404	2.108000	19.260000
2067	-29.948404	2.108000	19.310000
2068	-29.868404	2.110000	19.220000
2069	-29.768404	2.112000	19.250000
2070	-29.728404	2.112000	19.390000
2071	-29.548404	2.114000	19.330000
2072	-29.518404	2.114000	19.330000
2073	-29.408404	2.116000	19.400000
2074	-29.248404	2.116000	19.260000
2075	-29.228404	2.118000	19.360000
2076	-29.158404	2.116000	19.440000
2077	-29.148404	2.120000	19.300000
2078	-29.088404	2.120000	19.220000
2079	-29.088404	2.121000	19.410000
2080	-29.008404	2.121000	19.250000
2081	-28.988404	2.123000	19.310000
2082	-28.898404	2.123000	19.390000
2083	-28.878404	2.125000	19.220000
2084	-28.758404	2.125000	19.180000
2085	-28.568404	2.127000	19.450000
2086	-28.428404	2.127000	19.330000
2087	-28.418404	2.129000	19.450000
2088	-28.378404	2.129000	19.400000
2089	-28.328404	2.131000	19.350000
2090	-28.078404	2.131000	19.380000
2091	-28.068404	2.133000	19.370000
2092	-27.758404	2.133000	19.430000
2093	-27.708404	2.135000	19.380000
2094	-27.518404	2.135000	19.380000
2095	-27.508404	2.137000	19.560000
2096	-27.468404	2.137000	19.430000
2097	-27.418404	2.139000	19.450000
2098	-27.378404	2.139000	19.410000
2099	-27.368404	2.141000	19.420000
2100	-27.308404	2.143000	19.380000
2101	-27.178404	2.143000	19.350000
2102	-27.168404	2.143000	19.450000
2103	-27.118404	2.145000	19.510000
2104	-27.088404	2.145000	19.340000
2105	-27.058404	2.147000	19.340000
2106	-27.018404	2.147000	19.500000
2107	-26.868404	2.149000	19.320000
2108	-26.778404	2.149000	19.480000
2109	-26.778404	2.151000	19.560000
2110	-26.278404	2.151000	19.450000
2111	-26.158404	2.153000	19.480000
2112	-26.048404	2.153000	19.530000
2113	-25.998404	2.155000	19.480000
2114	-25.938404	2.155000	19.570000
2115	-25.838404	2.157000	19.510000
2116	-25.798404	2.157000	19.480000
2117	-25.748404	2.159000	19.520000
2118	-25.728404	2.159000	19.590000
2119	-25.678404	2.161000	19.420000
2120	-25.678404	2.161000	19.460000
2121	-25.638404	2.163000	19.400000
2122	-25.538404	2.163000	19.470000
2123	-25.498404	2.164000	19.610000
2124	-25.468404	2.164000	19.550000
2125	-25.458404	2.166000	19.560000
2126	-25.358404	2.166000	19.590000
2127	-25.338404	2.168000	19.570000
2128	-25.338404	2.168000	19.450000
2129	-25.318404	2.170000	19.600000
2130	-25.278404	2.170000	19.530000
2131	-25.248404	2.174000	19.560000
2132	-25.188404	2.172000	19.440000
2133	-25.188404	2.174000	19.430000
2134	-25.148404	2.174000	19.610000
2135	-25.048404	2.176000	19.580000
2136	-24.958404	2.176000	19.530000
2137	-24.928404	2.178000	19.600000
2138	-24.888404	2.178000	19.530000
2139	-24.648404	2.180000	19.550000
2140	-24.518404	2.180000	19.600000
2141	-24.488404	2.182000	19.760000
2142	-24.448404	2.182000	19.700000
2143	-24.448404	2.184000	19.560000
2144	-24.388404	2.186000	19.550000
2145	-24.108404	2.188000	19.640000
2146	-24.038404	2.188000	19.430000
2147	-23.868404	2.190000	19.610000
2148	-23.858404	2.190000	19.570000
2149	-23.768404	2.192000	19.590000
2150	-23.728404	2.192000	19.570000
2151	-23.618404	2.192000	19.430000
2152	-23.548404	2.194000	19.640000
2153	-23.508404	2.196000	19.790000
2154	-23.418404	2.196000	19.650000
2155	-23.418404	2.198000	19.610000
2156	-23.408404	2.198000	19.670000
2157	-23.408404	2.200000	19.610000
2158	-23.388404	2.200000	19.560000
2159	-23.358404	2.202000	19.650000
2160	-23.198404	2.202000	19.680000
2161	-23.148404	2.204000	19.780000
2162	-23.128404	2.205000	19.720000
2163	-22.968404	2.205000	19.680000
2164	-22.878404	2.207000	19.650000
2165	-22.738404	2.207000	19.820000
2166	-22.628404	2.207000	19.640000
2167	-22.478404	2.209000	19.690000
2168	-22.408404	2.211000	19.450000
2169	-22.388404	2.211000	19.620000
2170	-22.378404	2.213000	19.700000
2171	-22.338404	2.213000	19.710000
2172	-22.258404	2.215000	19.890000
2173	-22.238404	2.215000	19.810000
2174	-22.188404	2.215000	19.740000
2175	-22.128404	2.217000	19.730000
2176	-22.108404	2.219000	19.710000
2177	-22.058404	2.219000	19.560000
2178	-22.038404	2.221000	19.900000
2179	-21.968404	2.221000	19.760000
2180	-21.508404	2.223000	19.810000
2181	-21.458404	2.225000	19.820000
2182	-21.438404	2.225000	19.730000
2183	-21.418404	2.227000	19.770000
2184	-21.408404	2.227000	19.770000
2185	-21.368404	2.229000	19.890000
2186	-21.358404	2.229000	19.830000
2187	-21.328404	2.231000	19.800000
2188	-21.328404	2.231000	19.810000
2189	-21.318404	2.231000	19.860000
2190	-21.278404	2.233000	19.810000
2191	-21.198404	2.235000	19.790000
2192	-21.048404	2.237000	19.860000
2193	-21.028404	2.237000	19.790000
2194	-20.998404	2.237000	19.810000
2195	-20.928404	2.239000	19.780000
2196	-20.828404	2.239000	19.880000
2197	-20.808404	2.239000	19.810000
2198	-20.738404	2.241000	19.820000
2199	-20.728404	2.243000	19.820000
2200	-20.688404	2.243000	19.890000
2201	-20.448404	2.245000	19.920000
2202	-20.298404	2.245000	19.890000
2203	-20.108404	2.247000	19.720000
2204	-20.068404	2.247000	20.020000
2205	-19.868404	2.247000	19.930000
2206	-19.628404	2.248000	19.910000
2207	-19.618404	2.250000	19.980000
2208	-19.498404	2.250000	19.980000
2209	-19.418404	2.252000	20.040000
2210	-19.398404	2.252000	19.900000
2211	-19.298404	2.254000	19.920000
2212	-19.258404	2.254000	20.040000
2213	-19.208404	2.254000	20.060000
2214	-19.178404	2.256000	20.010000
2215	-19.178404	2.258000	19.930000
2216	-19.048404	2.258000	19.970000
2217	-18.998404	2.260000	19.970000
2218	-18.928404	2.260000	20.030000
2219	-18.718404	2.262000	20.040000
2220	-18.668404	2.262000	20.040000
2221	-18.598404	2.262000	20.170000
2222	-18.578404	2.264000	20.250000
2223	-18.568404	2.268000	20.070000
2224	-18.518404	2.266000	19.860000
2225	-18.408404	2.268000	19.950000
2226	-18.308404	2.270000	19.950000
2227	-18.048404	2.272000	20.020000
2228	-18.038404	2.272000	20.060000
2229	-17.908404	2.274000	20.110000
2230	-17.898404	2.274000	20.030000
2231	-17.858404	2.276000	20.120000
2232	-17.778404	2.276000	20.050000
2233	-17.768404	2.278000	20.070000
2234	-17.618404	2.278000	20.220000
2235	-17.378404	2.280000	20.120000
2236	-17.378404	2.280000	20.050000
2237	-17.358404	2.282000	20.260000
2238	-17.358404	2.282000	19.990000
2239	-17.348404	2.284000	20.020000
2240	-17.308404	2.284000	20.060000
2241	-17.208404	2.286000	20.110000
2242	-17.128404	2.286000	19.980000
2243	-17.068404	2.288000	20.100000
2244	-17.038404	2.288000	19.980000
2245	-16.928404	2.289000	20.060000
2246	-16.658404	2.289000	20.290000
2247	-16.628404	2.291000	20.120000
2248	-16.558404	2.291000	20.170000
2249	-16.488404	2.293000	20.030000
2250	-16.468404	2.293000	20.160000
2251	-16.458404	2.295000	20.000000
2252	-16.438404	2.295000	20.180000
2253	-16.438404	2.295000	20.100000
2254	-16.438404	2.297000	20.110000
2255	-16.378404	2.299000	20.080000
2256	-16.318404	2.299000	20.120000
2257	-16.288404	2.301000	20.300000
2258	-16.218404	2.301000	20.220000
2259	-16.198404	2.303000	20.250000
2260	-16.188404	2.303000	20.140000
2261	-16.178404	2.305000	20.260000
2262	-16.108404	2.305000	20.110000
2263	-16.098404	2.307000	20.340000
2264	-16.028404	2.309000	20.200000
2265	-15.758404	2.309000	20.270000
2266	-15.758404	2.311000	20.100000
2267	-15.738404	2.311000	20.240000
2268	-15.698404	2.313000	20.280000
2269	-15.628404	2.313000	20.230000
2270	-15.538404	2.315000	20.190000
2271	-15.488404	2.315000	20.170000
2272	-15.458404	2.317000	20.120000
2273	-15.448404	2.319000	20.180000
2274	-15.378404	2.319000	20.200000
2275	-15.138404	2.321000	20.280000
2276	-15.078404	2.321000	20.280000
2277	-15.028404	2.323000	20.230000
2278	-14.808404	2.323000	20.160000
2279	-14.698404	2.325000	20.170000
2280	-14.658404	2.325000	20.170000
2281	-14.618404	2.327000	20.200000
2282	-14.608404	2.327000	20.210000
2283	-14.218404	2.329000	20.230000
2284	-14.138404	2.330000	20.240000
2285	-14.108404	2.330000	20.390000
2286	-14.048404	2.330000	20.270000
2287	-13.898404	2.332000	20.160000
2288	-13.878404	2.332000	20.390000
2289	-13.718404	2.334000	20.340000
2290	-13.598404	2.334000	20.290000
2291	-13.508404	2.334000	20.320000
2292	-13.398404	2.334000	20.360000
2293	-13.388404	2.338000	20.310000
2294	-13.378404	2.338000	20.260000
2295	-13.378404	2.340000	20.340000
2296	-13.118404	2.340000	20.390000
2297	-13.078404	2.342000	20.270000
2298	-13.068404	2.342000	20.440000
2299	-13.048404	2.344000	20.420000
2300	-13.038404	2.344000	20.260000
2301	-13.018404	2.346000	20.450000
2302	-12.978404	2.346000	20.310000
2303	-12.968404	2.348000	20.480000
2304	-12.958404	2.348000	20.410000
2305	-12.928404	2.350000	20.390000
2306	-12.928404	2.352000	20.270000
2307	-12.908404	2.354000	20.460000
2308	-12.838404	2.354000	20.440000
2309	-12.828404	2.356000	20.350000
2310	-12.558404	2.356000	20.560000
2311	-12.428404	2.356000	20.440000
2312	-12.418404	2.358000	20.270000
2313	-12.238404	2.360000	20.320000
2314	-12.208404	2.360000	20.470000
2315	-11.888404	2.360000	20.350000
2316	-11.858404	2.362000	20.480000
2317	-11.768404	2.364000	20.500000
2318	-11.768404	2.364000	20.340000
2319	-11.758404	2.366000	20.520000
2320	-11.498404	2.366000	20.350000
2321	-11.468404	2.366000	20.540000
2322	-11.448404	2.366000	20.350000
2323	-11.298404	2.370000	20.520000
2324	-11.128404	2.370000	20.370000
2325	-10.598404	2.371000	20.610000
2326	-10.588404	2.371000	20.400000
2327	-10.528404	2.373000	20.500000
2328	-10.238404	2.375000	20.550000
2329	-10.238404	2.375000	20.660000
2330	-10.078404	2.377000	20.670000
2331	-10.048404	2.377000	20.460000
2332	-10.008404	2.379000	20.620000
2333	-9.958404	2.379000	20.490000
2334	-9.948404	2.379000	20.500000
2335	-9.948404	2.381000	20.620000
2336	-9.868404	2.381000	20.630000
2337	-9.868404	2.383000	20.510000
2338	-9.848404	2.385000	20.420000
2339	-9.788404	2.385000	20.530000
2340	-9.698404	2.387000	20.600000
2341	-9.648404	2.387000	20.530000
2342	-9.638404	2.387000	20.470000
2343	-9.518404	2.389000	20.570000
2344	-9.498404	2.393000	20.560000
2345	-9.488404	2.391000	20.600000
2346	-9.468404	2.393000	20.580000
2347	-9.388404	2.393000	20.540000
2348	-9.378404	2.395000	20.450000
2349	-9.338404	2.395000	20.720000
2350	-9.338404	2.395000	20.600000
2351	-9.308404	2.397000	20.690000
2352	-9.308404	2.397000	20.450000
2353	-9.278404	2.399000	20.430000
2354	-9.278404	2.401000	20.520000
2355	-9.248404	2.401000	20.540000
2356	-9.238404	2.403000	20.530000
2357	-9.228404	2.403000	20.510000
2358	-9.228404	2.403000	20.510000
2359	-9.198404	2.405000	20.500000
2360	-9.168404	2.407000	20.740000
2361	-9.078404	2.407000	20.560000
2362	-9.048404	2.409000	20.570000
2363	-8.908404	2.409000	20.570000
2364	-8.898404	2.411000	20.510000
2365	-8.868404	2.411000	20.520000
2366	-8.708404	2.411000	20.640000
2367	-8.688404	2.413000	20.500000
2368	-8.598404	2.414000	20.670000
2369	-8.578404	2.414000	20.680000
2370	-8.488404	2.416000	20.620000
2371	-8.198404	2.416000	20.560000
2372	-8.188404	2.418000	20.650000
2373	-8.098404	2.418000	20.680000
2374	-7.768404	2.418000	20.660000
2375	-7.598404	2.420000	20.590000
2376	-7.358404	2.422000	20.590000
2377	-7.128404	2.422000	20.640000
2378	-6.738404	2.424000	20.950000
2379	-6.568404	2.424000	20.810000
2380	-6.568404	2.426000	20.810000
2381	-6.518404	2.426000	20.760000
2382	-6.468404	2.426000	20.830000
2383	-6.418404	2.428000	20.860000
2384	-6.328404	2.430000	21.050000
2385	-6.168404	2.428000	20.840000
2386	-6.138404	2.432000	20.820000
2387	-6.078404	2.432000	21.030000
2388	-5.998404	2.436000	20.750000
2389	-5.978404	2.436000	20.850000
2390	-5.978404	2.438000	20.770000
2391	-5.948404	2.438000	20.920000
2392	-5.868404	2.440000	20.800000
2393	-5.828404	2.440000	20.880000
2394	-5.828404	2.442000	20.890000
2395	-5.798404	2.442000	20.770000
2396	-5.708404	2.444000	20.950000
2397	-5.618404	2.444000	21.010000
2398	-5.438404	2.446000	20.850000
2399	-5.428404	2.446000	20.800000
2400	-5.418404	2.448000	20.810000
2401	-5.398404	2.448000	20.770000
2402	-5.258404	2.450000	20.710000
2403	-5.198404	2.450000	20.970000
2404	-5.138404	2.452000	20.860000
2405	-5.108404	2.452000	20.940000
2406	-5.098404	2.454000	20.880000
2407	-5.058404	2.454000	20.950000
2408	-5.048404	2.455000	20.780000
2409	-5.048404	2.455000	20.820000
2410	-5.028404	2.457000	20.840000
2411	-5.018404	2.457000	20.890000
2412	-4.928404	2.459000	20.910000
2413	-4.808404	2.459000	20.920000
2414	-4.788404	2.461000	20.900000
2415	-4.748404	2.461000	20.920000
2416	-4.708404	2.463000	20.960000
2417	-4.668404	2.463000	20.920000
2418	-4.608404	2.465000	21.170000
2419	-4.518404	2.465000	20.910000
2420	-4.438404	2.467000	20.920000
2421	-4.418404	2.467000	20.850000
2422	-4.398404	2.469000	20.880000
2423	-4.348404	2.469000	20.860000
2424	-4.258404	2.471000	20.870000
2425	-4.218404	2.471000	20.960000
2426	-4.168404	2.473000	20.980000
2427	-4.068404	2.473000	20.960000
2428	-3.948404	2.475000	20.950000
2429	-3.898404	2.475000	20.900000
2430	-3.858404	2.477000	20.970000
2431	-3.828404	2.477000	20.780000
2432	-3.758404	2.479000	20.980000
2433	-3.518404	2.479000	20.890000
2434	-3.448404	2.481000	21.000000
2435	-3.448404	2.481000	21.130000
2436	-3.408404	2.483000	20.990000
2437	-3.348404	2.483000	20.860000
2438	-3.228404	2.487000	20.960000
2439	-3.188404	2.487000	21.060000
2440	-3.078404	2.487000	21.060000
2441	-3.068404	2.489000	21.100000
2442	-3.048404	2.489000	21.020000
2443	-3.028404	2.491000	21.010000
2444	-3.028404	2.491000	21.000000
2445	-2.898404	2.491000	21.000000
2446	-2.888404	2.493000	20.730000
2447	-2.808404	2.495000	21.070000
2448	-2.798404	2.495000	20.980000
2449	-2.708404	2.497000	20.930000
2450	-2.638404	2.497000	20.980000
2451	-2.618404	2.498000	20.960000
2452	-2.428404	2.498000	21.070000
2453	-2.358404	2.500000	20.960000
2454	-2.198404	2.500000	21.140000
2455	-2.198404	2.502000	20.940000
2456	-2.138404	2.502000	21.070000
2457	-1.968404	2.504000	21.070000
2458	-1.938404	2.504000	21.100000
2459	-1.548404	2.506000	21.130000
2460	-1.518404	2.506000	21.060000
2461	-1.328404	2.508000	21.140000
2462	-1.328404	2.508000	21.100000
2463	-1.318404	2.510000	21.210000
2464	-1.248404	2.510000	21.120000
2465	-1.168404	2.512000	21.090000
2466	-1.158404	2.512000	21.100000
2467	-1.158404	2.514000	21.140000
2468	-1.098404	2.514000	21.090000
2469	-1.068404	2.514000	21.230000
2470	-1.018404	2.516000	21.270000
2471	-0.988404	2.520000	21.120000
2472	-0.868404	2.520000	21.040000
2473	-0.808404	2.520000	21.110000
2474	-0.788404	2.522000	21.210000
2475	-0.668404	2.524000	21.160000
2476	-0.478404	2.524000	21.120000
2477	-0.388404	2.526000	21.220000
2478	-0.268404	2.526000	21.070000
2479	-0.128404	2.528000	21.230000
2480	0.081596	2.528000	20.950000
2481	0.101596	2.530000	21.200000
2482	0.111596	2.530000	21.250000
2483	0.111596	2.534000	21.200000
2484	0.151596	2.534000	21.350000
2485	0.171596	2.534000	21.260000
2486	0.171596	2.534000	21.260000
2487	0.201596	2.536000	21.300000
2488	0.241596	2.536000	21.180000
2489	0.261596	2.536000	21.250000
2490	0.291596	2.538000	21.240000
2491	0.321596	2.539000	21.170000
2492	0.351596	2.538000	21.330000
2493	0.431596	2.541000	21.180000
2494	0.461596	2.541000	21.260000
2495	0.461596	2.543000	21.190000
2496	0.531596	2.543000	21.400000
2497	0.551596	2.543000	21.250000
2498	0.581596	2.545000	21.320000
2499	0.791596	2.549000	21.290000
2500	0.871596	2.549000	21.250000
2501	0.981596	2.549000	21.160000
2502	1.031596	2.549000	21.190000
2503	1.101596	2.551000	21.320000
2504	1.111596	2.551000	21.290000
2505	1.111596	2.551000	21.410000
2506	1.421596	2.553000	21.270000
2507	1.461596	2.555000	21.310000
2508	1.501596	2.555000	21.220000
2509	1.651596	2.557000	21.390000
2510	1.811596	2.557000	21.350000
2511	1.851596	2.559000	21.350000
2512	2.091596	2.559000	21.350000
2513	2.121596	2.561000	21.460000
2514	2.241596	2.561000	21.260000
2515	2.251596	2.563000	21.340000
2516	2.321596	2.563000	21.510000
2517	2.331596	2.565000	21.340000
2518	2.331596	2.565000	21.330000
2519	2.401596	2.567000	21.250000
2520	2.471596	2.567000	21.170000
2521	2.511596	2.567000	21.400000
2522	2.561596	2.569000	21.290000
2523	2.561596	2.569000	21.310000
2524	2.601596	2.573000	21.380000
2525	2.771596	2.573000	21.230000
2526	2.831596	2.575000	21.340000
2527	2.861596	2.575000	21.540000
2528	2.861596	2.575000	21.430000
2529	2.861596	2.577000	21.350000
2530	3.041596	2.580000	21.310000
2531	3.111596	2.579000	21.480000
2532	3.221596	2.579000	21.390000
2533	3.311596	2.580000	21.440000
2534	3.331596	2.582000	21.530000
2535	3.391596	2.582000	21.440000
2536	3.511596	2.582000	21.380000
2537	3.511596	2.584000	21.520000
2538	3.511596	2.586000	21.490000
2539	3.621596	2.586000	21.290000
2540	3.651596	2.588000	21.250000
2541	3.711596	2.588000	21.450000
2542	3.741596	2.590000	21.430000
2543	3.831596	2.590000	21.370000
2544	3.841596	2.590000	21.440000
2545	3.841596	2.592000	21.410000
2546	3.941596	2.594000	21.270000
2547	3.941596	2.594000	21.470000
2548	3.951596	2.596000	21.350000
2549	3.991596	2.596000	21.400000
2550	4.131596	2.598000	21.430000
2551	4.221596	2.598000	21.400000
2552	4.261596	2.598000	21.440000
2553	4.341596	2.602000	21.490000
2554	4.431596	2.604000	21.510000
2555	4.461596	2.604000	21.370000
2556	4.461596	2.606000	21.370000
2557	4.521596	2.606000	21.440000
2558	4.551596	2.608000	21.400000
2559	4.761596	2.608000	21.490000
2560	4.871596	2.612000	21.330000
2561	5.121596	2.610000	21.450000
