1	-185.628520	0.000000	9.930000
2	-185.268520	0.002000	9.570000
3	-185.198520	0.002000	9.560000
4	-185.108520	0.004000	9.870000
5	-185.068520	0.006000	9.690000
6	-184.738520	0.008000	10.120000
7	-184.538520	0.008000	9.510000
8	-184.518520	0.008000	9.360000
9	-184.298520	0.009000	9.650000
10	-184.288520	0.013000	9.720000
11	-184.258520	0.013000	9.450000
12	-184.258520	0.013000	10.140000
13	-184.248520	0.015000	9.530000
14	-184.198520	0.015000	9.850000
15	-184.188520	0.015000	9.390000
16	-184.108520	0.017000	9.560000
17	-184.088520	0.019000	10.150000
18	-184.068520	0.019000	9.760000
19	-184.038520	0.019000	9.660000
20	-183.888520	0.021000	9.520000
21	-183.868520	0.023000	9.830000
22	-183.858520	0.023000	9.830000
23	-183.858520	0.023000	10.190000
24	-183.808520	0.025000	9.780000
25	-183.618520	0.027000	9.480000
26	-183.388520	0.027000	9.550000
27	-183.368520	0.029000	9.680000
28	-183.338520	0.031000	9.650000
29	-183.188520	0.031000	9.570000
30	-183.148520	0.033000	10.050000
31	-183.138520	0.035000	9.690000
32	-183.068520	0.035000	9.870000
33	-183.008520	0.035000	9.700000
34	-182.998520	0.037000	9.710000
35	-182.928520	0.037000	9.960000
36	-182.878520	0.039000	9.580000
37	-182.568520	0.039000	9.890000
38	-182.158520	0.041000	10.310000
39	-182.008520	0.043000	9.610000
40	-181.768520	0.043000	9.720000
41	-181.728520	0.045000	9.560000
42	-181.658520	0.045000	9.710000
43	-181.578520	0.045000	9.660000
44	-181.558520	0.047000	9.550000
45	-181.508520	0.047000	9.960000
46	-181.488520	0.049000	10.070000
47	-181.388520	0.050000	9.410000
48	-181.368520	0.050000	10.130000
49	-181.238520	0.052000	9.910000
50	-181.138520	0.052000	10.390000
51	-181.088520	0.054000	9.900000
52	-181.078520	0.054000	10.040000
53	-180.998520	0.054000	10.240000
54	-180.908520	0.056000	9.900000
55	-180.878520	0.058000	9.970000
56	-180.808520	0.058000	9.800000
57	-180.808520	0.060000	9.950000
58	-180.798520	0.060000	10.120000
59	-180.588520	0.060000	10.120000
60	-180.488520	0.062000	9.850000
61	-180.368520	0.062000	9.690000
62	-180.318520	0.064000	10.000000
63	-180.298520	0.064000	9.880000
64	-180.208520	0.066000	9.910000
65	-180.148520	0.068000	9.820000
66	-179.848520	0.068000	9.800000
67	-179.818520	0.068000	9.680000
68	-179.678520	0.070000	9.980000
69	-179.628520	0.070000	9.940000
70	-179.568520	0.072000	10.010000
71	-179.558520	0.074000	9.790000
72	-179.388520	0.076000	9.900000
73	-179.338520	0.074000	9.850000
74	-179.308520	0.076000	9.780000
75	-179.278520	0.076000	9.940000
76	-179.148520	0.078000	9.820000
77	-179.068520	0.078000	9.810000
78	-179.048520	0.080000	10.190000
79	-179.028520	0.082000	9.990000
80	-178.858520	0.082000	9.910000
81	-178.848520	0.084000	9.960000
82	-178.648520	0.084000	9.910000
83	-178.458520	0.084000	10.020000
84	-178.438520	0.086000	10.210000
85	-178.418520	0.086000	10.210000
86	-178.328520	0.088000	10.160000
87	-178.318520	0.090000	10.180000
88	-178.288520	0.090000	10.070000
89	-178.178520	0.091000	10.490000
90	-178.138520	0.091000	10.120000
91	-178.078520	0.091000	10.140000
92	-178.038520	0.093000	9.940000
93	-177.998520	0.093000	9.860000
94	-177.958520	0.095000	10.250000
95	-177.878520	0.095000	10.050000
96	-177.868520	0.095000	10.050000
97	-177.858520	0.099000	10.150000
98	-177.668520	0.099000	10.140000
99	-177.558520	0.099000	10.290000
100	-177.538520	0.101000	10.020000
101	-177.468520	0.101000	10.300000
102	-177.458520	0.103000	10.090000
103	-177.238520	0.105000	9.930000
104	-177.218520	0.107000	9.890000
105	-177.058520	0.105000	9.860000
106	-177.028520	0.107000	10.190000
107	-176.958520	0.107000	10.060000
108	-176.958520	0.109000	10.140000
109	-176.918520	0.113000	10.070000
110	-176.718520	0.113000	10.370000
111	-176.618520	0.113000	10.480000
112	-176.538520	0.115000	10.000000
113	-176.508520	0.117000	10.170000
114	-176.378520	0.117000	10.230000
115	-176.358520	0.117000	9.920000
116	-176.298520	0.119000	10.390000
117	-176.228520	0.121000	10.140000
118	-175.958520	0.121000	10.010000
119	-175.788520	0.123000	9.870000
120	-175.768520	0.123000	10.040000
121	-175.468520	0.123000	10.120000
122	-175.328520	0.125000	10.390000
123	-175.258520	0.125000	10.110000
124	-175.108520	0.127000	10.150000
125	-175.058520	0.127000	10.120000
126	-174.978520	0.129000	10.210000
127	-174.858520	0.131000	10.550000
128	-174.838520	0.131000	10.300000
129	-174.818520	0.132000	10.230000
130	-174.788520	0.132000	10.490000
131	-174.698520	0.132000	10.230000
132	-174.688520	0.134000	10.270000
133	-174.588520	0.136000	10.150000
134	-174.548520	0.136000	10.240000
135	-174.488520	0.138000	10.230000
136	-174.448520	0.138000	10.250000
137	-174.348520	0.138000	10.270000
138	-174.328520	0.140000	10.240000
139	-174.178520	0.140000	10.270000
140	-174.158520	0.142000	10.360000
141	-173.878520	0.144000	10.720000
142	-173.868520	0.144000	10.080000
143	-173.598520	0.144000	10.450000
144	-173.308520	0.146000	10.280000
145	-173.268520	0.148000	10.300000
146	-173.258520	0.148000	10.500000
147	-173.238520	0.148000	10.280000
148	-173.138520	0.150000	10.430000
149	-173.108520	0.152000	10.360000
150	-173.088520	0.152000	10.310000
151	-173.078520	0.154000	10.490000
152	-172.828520	0.154000	10.690000
153	-172.798520	0.154000	10.330000
154	-172.768520	0.156000	10.250000
155	-172.718520	0.158000	10.460000
156	-172.638520	0.158000	10.220000
157	-172.608520	0.158000	10.330000
158	-172.528520	0.160000	10.390000
159	-172.528520	0.162000	10.360000
160	-172.508520	0.162000	10.390000
161	-172.328520	0.164000	10.480000
162	-172.318520	0.164000	10.300000
163	-172.138520	0.164000	10.510000
164	-172.068520	0.166000	10.570000
165	-171.968520	0.168000	10.620000
166	-171.928520	0.168000	10.510000
167	-171.798520	0.170000	10.550000
168	-171.508520	0.170000	10.380000
169	-171.438520	0.172000	10.510000
170	-171.428520	0.172000	10.290000
171	-171.408520	0.172000	10.540000
172	-171.258520	0.174000	10.550000
173	-171.188520	0.175000	10.450000
174	-171.168520	0.175000	10.470000
175	-171.148520	0.175000	10.410000
176	-170.958520	0.177000	10.490000
177	-170.928520	0.179000	10.330000
178	-170.868520	0.179000	10.670000
179	-170.858520	0.179000	10.600000
180	-170.828520	0.181000	10.250000
181	-170.748520	0.183000	10.350000
182	-170.728520	0.183000	10.630000
183	-170.648520	0.185000	10.510000
184	-170.558520	0.185000	10.660000
185	-170.488520	0.185000	10.490000
186	-170.478520	0.187000	10.550000
187	-170.398520	0.187000	10.810000
188	-170.398520	0.189000	10.500000
189	-170.348520	0.189000	10.690000
190	-169.998520	0.191000	10.780000
191	-169.968520	0.191000	10.540000
192	-169.498520	0.193000	10.680000
193	-169.458520	0.195000	10.610000
194	-169.428520	0.197000	11.090000
195	-169.408520	0.199000	10.840000
196	-169.408520	0.199000	10.810000
197	-169.408520	0.201000	10.730000
198	-169.358520	0.201000	10.590000
199	-169.298520	0.201000	10.780000
200	-169.258520	0.203000	11.170000
201	-169.178520	0.205000	10.510000
202	-169.008520	0.205000	10.910000
203	-168.918520	0.207000	10.760000
204	-168.908520	0.207000	10.760000
205	-168.758520	0.209000	10.780000
206	-168.738520	0.209000	10.860000
207	-168.728520	0.209000	10.700000
208	-168.698520	0.211000	10.900000
209	-168.648520	0.211000	10.870000
210	-168.548520	0.213000	10.910000
211	-168.408520	0.213000	10.760000
212	-168.328520	0.215000	10.820000
213	-168.258520	0.216000	10.920000
214	-168.198520	0.216000	10.800000
215	-168.198520	0.216000	10.580000
216	-168.048520	0.218000	10.920000
217	-167.978520	0.218000	10.610000
218	-167.898520	0.220000	10.710000
219	-167.628520	0.222000	10.670000
220	-167.538520	0.222000	10.930000
221	-167.368520	0.222000	10.700000
222	-167.358520	0.224000	10.640000
223	-167.348520	0.224000	10.730000
224	-167.308520	0.226000	10.810000
225	-167.248520	0.226000	10.820000
226	-167.228520	0.228000	10.720000
227	-167.208520	0.230000	10.650000
228	-167.198520	0.230000	11.360000
229	-167.148520	0.232000	10.710000
230	-166.868520	0.232000	10.810000
231	-166.808520	0.232000	10.870000
232	-166.748520	0.234000	10.670000
233	-166.738520	0.234000	10.800000
234	-166.518520	0.236000	10.900000
235	-166.488520	0.238000	10.770000
236	-166.388520	0.238000	10.960000
237	-166.318520	0.240000	10.870000
238	-166.158520	0.240000	10.860000
239	-166.148520	0.242000	10.650000
240	-166.138520	0.242000	10.800000
241	-166.038520	0.242000	10.820000
242	-165.868520	0.244000	10.680000
243	-165.808520	0.244000	11.370000
244	-165.738520	0.246000	10.950000
245	-165.718520	0.248000	11.060000
246	-165.688520	0.248000	10.920000
247	-165.678520	0.248000	10.890000
248	-165.638520	0.250000	10.900000
249	-165.558520	0.250000	11.240000
250	-165.498520	0.252000	10.960000
251	-165.448520	0.252000	10.920000
252	-165.448520	0.254000	11.090000
253	-165.208520	0.256000	11.070000
254	-165.098520	0.256000	10.920000
255	-165.078520	0.256000	11.140000
256	-165.008520	0.258000	11.030000
257	-164.778520	0.258000	11.230000
258	-164.758520	0.259000	11.010000
259	-164.648520	0.261000	10.950000
260	-164.568520	0.261000	11.050000
261	-164.418520	0.263000	10.970000
262	-164.408520	0.263000	11.250000
263	-164.358520	0.265000	11.160000
264	-164.128520	0.265000	10.940000
265	-164.118520	0.265000	11.280000
266	-164.048520	0.267000	11.230000
267	-164.008520	0.269000	10.960000
268	-164.008520	0.269000	11.260000
269	-163.908520	0.271000	11.010000
270	-163.898520	0.271000	11.080000
271	-163.858520	0.271000	10.880000
272	-163.828520	0.273000	11.130000
273	-163.698520	0.273000	11.010000
274	-163.698520	0.275000	11.000000
275	-163.688520	0.277000	11.200000
276	-163.398520	0.277000	10.960000
277	-163.368520	0.279000	11.130000
278	-163.258520	0.281000	11.110000
279	-163.038520	0.281000	11.090000
280	-163.008520	0.283000	11.050000
281	-162.928520	0.283000	11.060000
282	-162.658520	0.283000	11.450000
283	-162.438520	0.287000	11.080000
284	-162.388520	0.289000	11.490000
285	-162.358520	0.289000	11.020000
286	-162.328520	0.289000	11.110000
287	-162.228520	0.291000	11.340000
288	-162.068520	0.293000	11.210000
289	-162.038520	0.293000	11.120000
290	-162.038520	0.295000	11.130000
291	-161.958520	0.295000	11.120000
292	-161.808520	0.297000	11.210000
293	-161.528520	0.297000	11.430000
294	-161.518520	0.299000	11.090000
295	-161.418520	0.300000	11.430000
296	-161.318520	0.300000	11.120000
297	-161.228520	0.300000	11.230000
298	-161.118520	0.302000	11.160000
299	-161.068520	0.304000	11.330000
300	-160.898520	0.304000	11.280000
301	-160.768520	0.304000	11.360000
302	-160.698520	0.306000	11.160000
303	-160.638520	0.310000	11.260000
304	-160.428520	0.308000	11.520000
305	-160.418520	0.310000	11.270000
306	-160.378520	0.310000	11.660000
307	-160.358520	0.310000	11.370000
308	-160.358520	0.312000	11.320000
309	-160.338520	0.312000	11.250000
310	-160.278520	0.314000	11.470000
311	-160.168520	0.316000	11.430000
312	-160.158520	0.316000	11.610000
313	-160.148520	0.316000	11.120000
314	-160.078520	0.318000	11.200000
315	-160.048520	0.320000	11.270000
316	-160.018520	0.320000	11.470000
317	-160.018520	0.320000	11.140000
318	-159.988520	0.322000	11.360000
319	-159.938520	0.324000	11.550000
320	-159.898520	0.324000	11.170000
321	-159.888520	0.326000	11.260000
322	-159.808520	0.326000	11.210000
323	-159.668520	0.328000	11.320000
324	-159.518520	0.328000	11.300000
325	-159.508520	0.328000	11.190000
326	-159.508520	0.330000	11.430000
327	-159.408520	0.332000	11.570000
328	-159.278520	0.332000	11.460000
329	-159.188520	0.332000	11.260000
330	-158.758520	0.334000	11.530000
331	-158.628520	0.336000	11.580000
332	-158.588520	0.336000	11.440000
333	-158.378520	0.336000	11.480000
334	-158.348520	0.340000	11.530000
335	-158.248520	0.340000	11.360000
336	-158.238520	0.341000	11.610000
337	-158.208520	0.341000	11.540000
338	-158.208520	0.341000	11.480000
339	-158.138520	0.343000	11.410000
340	-158.078520	0.343000	11.620000
341	-158.048520	0.345000	11.470000
342	-157.988520	0.347000	11.550000
343	-157.788520	0.347000	11.270000
344	-157.638520	0.347000	11.600000
345	-157.638520	0.349000	11.480000
346	-157.588520	0.351000	11.520000
347	-157.558520	0.351000	11.410000
348	-157.478520	0.351000	11.250000
349	-157.248520	0.353000	11.570000
350	-157.248520	0.355000	11.390000
351	-157.198520	0.355000	11.450000
352	-157.168520	0.357000	11.250000
353	-157.108520	0.357000	11.750000
354	-157.108520	0.359000	11.630000
355	-157.078520	0.359000	11.410000
356	-156.978520	0.359000	11.540000
357	-156.658520	0.363000	11.440000
358	-156.638520	0.365000	11.690000
359	-156.628520	0.365000	11.500000
360	-156.558520	0.365000	11.650000
361	-156.498520	0.367000	11.820000
362	-156.418520	0.367000	11.590000
363	-156.388520	0.369000	11.770000
364	-156.268520	0.369000	11.650000
365	-156.238520	0.371000	11.470000
366	-156.218520	0.373000	11.810000
367	-156.088520	0.373000	11.700000
368	-156.048520	0.373000	11.720000
369	-155.988520	0.375000	11.640000
370	-155.948520	0.375000	11.590000
371	-155.928520	0.377000	11.580000
372	-155.928520	0.379000	11.660000
373	-155.898520	0.377000	11.830000
374	-155.758520	0.381000	11.750000
375	-155.658520	0.381000	11.660000
376	-155.608520	0.382000	11.670000
377	-155.418520	0.382000	11.800000
378	-155.388520	0.382000	11.760000
379	-155.358520	0.384000	11.870000
380	-155.298520	0.386000	11.790000
381	-155.168520	0.386000	11.740000
382	-155.098520	0.388000	11.840000
383	-154.858520	0.388000	11.700000
384	-154.778520	0.388000	11.740000
385	-154.708520	0.390000	11.940000
386	-154.638520	0.390000	11.730000
387	-154.618520	0.392000	11.900000
388	-154.488520	0.394000	11.620000
389	-154.288520	0.394000	11.610000
390	-154.068520	0.396000	11.740000
391	-154.058520	0.396000	12.050000
392	-154.048520	0.396000	11.750000
393	-154.018520	0.398000	11.810000
394	-153.928520	0.398000	11.700000
395	-153.918520	0.400000	11.880000
396	-153.908520	0.400000	11.700000
397	-153.838520	0.402000	11.830000
398	-153.818520	0.404000	11.810000
399	-153.738520	0.404000	11.780000
400	-153.668520	0.404000	11.960000
401	-153.658520	0.406000	11.730000
402	-153.588520	0.406000	11.550000
403	-153.578520	0.408000	11.830000
404	-153.538520	0.410000	11.830000
405	-153.518520	0.410000	11.730000
406	-153.408520	0.412000	11.770000
407	-153.298520	0.414000	11.860000
408	-153.118520	0.414000	11.710000
409	-153.078520	0.414000	11.690000
410	-152.668520	0.416000	11.720000
411	-152.658520	0.418000	11.780000
412	-152.528520	0.418000	11.770000
413	-152.448520	0.420000	11.770000
414	-152.408520	0.420000	11.850000
415	-152.408520	0.420000	11.830000
416	-152.328520	0.422000	11.900000
417	-152.258520	0.424000	11.870000
418	-152.218520	0.424000	11.780000
419	-152.078520	0.425000	11.850000
420	-151.948520	0.425000	11.810000
421	-151.918520	0.427000	11.660000
422	-151.898520	0.427000	11.900000
423	-151.848520	0.427000	11.740000
424	-151.738520	0.429000	11.850000
425	-151.708520	0.429000	11.980000
426	-151.698520	0.431000	11.900000
427	-151.698520	0.431000	12.140000
428	-151.668520	0.433000	11.920000
429	-151.558520	0.435000	11.840000
430	-151.488520	0.435000	11.910000
431	-151.458520	0.435000	11.840000
432	-151.428520	0.437000	12.040000
433	-151.188520	0.437000	11.980000
434	-151.028520	0.439000	11.950000
435	-150.878520	0.439000	12.100000
436	-150.728520	0.439000	11.730000
437	-150.698520	0.441000	11.920000
438	-150.508520	0.443000	11.880000
439	-150.198520	0.443000	11.890000
440	-150.088520	0.447000	12.100000
441	-150.068520	0.449000	12.160000
442	-150.068520	0.449000	12.200000
443	-150.058520	0.451000	11.940000
444	-150.048520	0.451000	12.030000
445	-150.028520	0.451000	12.250000
446	-149.928520	0.453000	11.810000
447	-149.888520	0.453000	11.950000
448	-149.568520	0.455000	11.980000
449	-149.488520	0.457000	12.080000
450	-149.428520	0.457000	12.070000
451	-149.388520	0.457000	12.120000
452	-149.328520	0.459000	12.120000
453	-149.318520	0.461000	12.060000
454	-149.178520	0.461000	12.100000
455	-149.178520	0.461000	12.060000
456	-149.178520	0.463000	11.990000
457	-148.868520	0.463000	11.920000
458	-148.798520	0.465000	12.260000
459	-148.768520	0.466000	12.160000
460	-148.768520	0.466000	12.090000
461	-148.728520	0.466000	12.030000
462	-148.508520	0.468000	12.100000
463	-148.438520	0.468000	12.250000
464	-148.348520	0.470000	12.190000
465	-148.248520	0.472000	12.300000
466	-148.168520	0.472000	12.010000
467	-148.128520	0.472000	12.250000
468	-148.088520	0.474000	12.100000
469	-148.018520	0.476000	12.130000
470	-147.798520	0.476000	12.430000
471	-147.698520	0.478000	12.190000
472	-147.468520	0.480000	12.280000
473	-147.378520	0.480000	12.270000
474	-147.318520	0.482000	12.120000
475	-147.228520	0.482000	12.580000
476	-147.178520	0.482000	12.410000
477	-147.148520	0.484000	12.230000
478	-147.128520	0.484000	12.190000
479	-146.898520	0.486000	12.160000
480	-146.878520	0.488000	12.210000
481	-146.878520	0.488000	12.270000
482	-146.828520	0.488000	12.460000
483	-146.658520	0.490000	12.320000
484	-146.438520	0.492000	12.400000
485	-146.388520	0.492000	12.250000
486	-146.258520	0.494000	12.500000
487	-146.248520	0.494000	12.400000
488	-146.208520	0.496000	12.170000
489	-146.198520	0.498000	12.240000
490	-146.148520	0.498000	12.560000
491	-146.038520	0.498000	12.560000
492	-145.638520	0.498000	12.270000
493	-145.538520	0.500000	12.230000
494	-145.528520	0.500000	12.220000
495	-145.478520	0.502000	12.310000
496	-145.408520	0.504000	12.500000
497	-145.388520	0.504000	12.310000
498	-145.268520	0.504000	12.660000
499	-145.188520	0.506000	12.300000
500	-145.148520	0.508000	12.360000
501	-145.148520	0.508000	12.510000
502	-145.048520	0.508000	12.470000
503	-144.898520	0.509000	12.450000
504	-144.858520	0.511000	12.400000
505	-144.768520	0.511000	12.270000
506	-144.738520	0.513000	12.550000
507	-144.728520	0.513000	12.510000
508	-144.678520	0.513000	12.270000
509	-144.608520	0.515000	12.320000
510	-144.568520	0.515000	12.420000
511	-144.538520	0.517000	12.440000
512	-144.538520	0.519000	12.280000
513	-144.338520	0.519000	12.290000
514	-144.318520	0.519000	12.480000
515	-144.248520	0.521000	12.360000
516	-144.248520	0.523000	12.460000
517	-144.088520	0.523000	12.420000
518	-144.078520	0.523000	12.350000
519	-144.018520	0.525000	12.330000
520	-144.008520	0.525000	12.440000
521	-143.738520	0.527000	12.370000
522	-143.668520	0.529000	12.460000
523	-143.598520	0.531000	12.310000
524	-143.438520	0.531000	12.370000
525	-143.418520	0.533000	12.410000
526	-143.418520	0.535000	12.360000
527	-143.378520	0.535000	12.470000
528	-143.338520	0.537000	12.260000
529	-143.328520	0.537000	12.480000
530	-143.248520	0.537000	12.600000
531	-143.098520	0.539000	12.370000
532	-143.018520	0.539000	12.510000
533	-142.988520	0.541000	12.420000
534	-142.828520	0.543000	12.530000
535	-142.708520	0.543000	12.500000
536	-142.658520	0.545000	12.480000
537	-142.498520	0.545000	12.620000
538	-142.458520	0.545000	12.550000
539	-142.428520	0.547000	12.320000
540	-142.218520	0.547000	12.880000
541	-142.168520	0.549000	12.350000
542	-142.108520	0.550000	12.410000
543	-142.028520	0.550000	12.440000
544	-141.938520	0.552000	12.530000
545	-141.858520	0.552000	12.720000
546	-141.778520	0.552000	12.510000
547	-141.668520	0.554000	12.690000
548	-141.558520	0.554000	12.400000
549	-141.338520	0.556000	12.380000
550	-141.308520	0.556000	12.650000
551	-141.228520	0.558000	12.730000
552	-141.168520	0.560000	12.630000
553	-141.148520	0.560000	12.720000
554	-141.118520	0.560000	12.680000
555	-141.048520	0.562000	12.720000
556	-140.978520	0.562000	12.700000
557	-140.948520	0.564000	12.880000
558	-140.908520	0.566000	12.670000
559	-140.618520	0.566000	12.750000
560	-140.608520	0.568000	12.550000
561	-140.598520	0.568000	12.680000
562	-140.598520	0.568000	12.610000
563	-140.568520	0.570000	12.630000
564	-140.528520	0.570000	12.650000
565	-140.448520	0.572000	12.660000
566	-140.328520	0.574000	12.760000
567	-140.268520	0.574000	12.640000
568	-140.248520	0.576000	12.830000
569	-140.158520	0.576000	12.650000
570	-140.098520	0.576000	12.610000
571	-140.038520	0.578000	12.560000
572	-139.968520	0.578000	12.910000
573	-139.888520	0.580000	12.780000
574	-139.708520	0.582000	12.740000
575	-139.688520	0.582000	12.740000
576	-139.408520	0.584000	12.590000
577	-139.308520	0.584000	12.550000
578	-139.298520	0.584000	12.750000
579	-139.268520	0.586000	12.630000
580	-139.258520	0.588000	12.830000
581	-139.218520	0.588000	12.690000
582	-138.958520	0.588000	12.850000
583	-138.878520	0.591000	12.860000
584	-138.738520	0.591000	12.920000
585	-138.648520	0.591000	12.720000
586	-138.598520	0.593000	12.840000
587	-138.598520	0.593000	12.820000
588	-138.518520	0.595000	12.810000
589	-138.458520	0.597000	12.870000
590	-138.388520	0.597000	12.680000
591	-138.378520	0.599000	12.620000
592	-138.318520	0.599000	12.720000
593	-138.188520	0.601000	12.830000
594	-138.128520	0.601000	12.830000
595	-138.118520	0.601000	12.880000
596	-138.018520	0.603000	12.740000
597	-137.978520	0.605000	12.860000
598	-137.798520	0.605000	12.710000
599	-137.588520	0.607000	12.920000
600	-137.538520	0.607000	12.850000
601	-137.508520	0.607000	12.930000
602	-137.488520	0.609000	12.920000
603	-137.378520	0.611000	13.030000
604	-137.258520	0.613000	12.830000
605	-137.248520	0.613000	12.770000
606	-137.228520	0.615000	12.900000
607	-137.128520	0.617000	12.860000
608	-137.058520	0.617000	12.960000
609	-137.028520	0.617000	12.920000
610	-136.878520	0.619000	12.980000
611	-136.868520	0.621000	12.900000
612	-136.828520	0.621000	12.890000
613	-136.758520	0.621000	12.900000
614	-136.748520	0.623000	13.000000
615	-136.718520	0.623000	12.820000
616	-136.588520	0.625000	13.000000
617	-136.568520	0.625000	12.910000
618	-136.508520	0.627000	12.860000
619	-136.438520	0.629000	12.950000
620	-136.418520	0.629000	12.780000
621	-136.418520	0.629000	12.890000
622	-136.378520	0.631000	12.970000
623	-136.318520	0.631000	13.320000
624	-136.298520	0.632000	12.700000
625	-136.298520	0.632000	13.070000
626	-136.168520	0.634000	12.940000
627	-136.158520	0.636000	13.210000
628	-136.038520	0.636000	13.140000
629	-135.658520	0.638000	13.120000
630	-135.418520	0.638000	13.150000
631	-135.348520	0.640000	13.070000
632	-135.298520	0.640000	13.110000
633	-135.088520	0.640000	13.090000
634	-135.048520	0.642000	13.160000
635	-135.018520	0.644000	13.160000
636	-134.998520	0.644000	13.060000
637	-134.978520	0.644000	12.950000
638	-134.948520	0.646000	13.060000
639	-134.948520	0.648000	12.930000
640	-134.818520	0.648000	13.160000
641	-134.548520	0.648000	13.040000
642	-134.518520	0.650000	13.270000
643	-134.468520	0.650000	13.200000
644	-134.288520	0.652000	13.120000
645	-134.168520	0.654000	13.210000
646	-133.818520	0.654000	13.220000
647	-133.788520	0.654000	13.090000
648	-133.788520	0.656000	13.140000
649	-133.758520	0.656000	13.050000
650	-133.728520	0.658000	13.290000
651	-133.708520	0.660000	13.380000
652	-133.658520	0.660000	13.140000
653	-133.588520	0.660000	13.120000
654	-133.578520	0.662000	13.190000
655	-133.568520	0.664000	13.110000
656	-133.498520	0.664000	13.050000
657	-133.458520	0.666000	13.030000
658	-133.378520	0.668000	13.190000
659	-133.328520	0.668000	13.140000
660	-133.248520	0.670000	13.280000
661	-133.138520	0.670000	13.280000
662	-132.968520	0.670000	13.110000
663	-132.778520	0.672000	13.200000
664	-132.718520	0.672000	13.220000
665	-132.618520	0.674000	13.280000
666	-132.488520	0.675000	13.210000
667	-132.478520	0.675000	13.100000
668	-132.468520	0.675000	13.160000
669	-132.468520	0.677000	13.280000
670	-132.438520	0.679000	13.200000
671	-132.268520	0.679000	13.390000
672	-132.088520	0.681000	13.160000
673	-131.898520	0.681000	13.320000
674	-131.898520	0.683000	13.130000
675	-131.808520	0.685000	13.270000
676	-131.778520	0.685000	13.090000
677	-131.738520	0.685000	13.350000
678	-131.688520	0.685000	13.290000
679	-131.678520	0.687000	13.450000
680	-131.638520	0.687000	13.210000
681	-131.578520	0.689000	13.370000
682	-131.558520	0.691000	13.250000
683	-131.558520	0.691000	13.270000
684	-131.348520	0.691000	13.350000
685	-131.338520	0.693000	13.300000
686	-131.278520	0.697000	13.200000
687	-131.208520	0.697000	13.430000
688	-131.158520	0.699000	13.240000
689	-131.058520	0.699000	13.190000
690	-131.038520	0.701000	13.170000
691	-130.898520	0.701000	13.400000
692	-130.758520	0.701000	13.370000
693	-130.708520	0.703000	13.280000
694	-130.588520	0.703000	13.370000
695	-130.458520	0.705000	13.350000
696	-130.258520	0.705000	13.560000
697	-130.238520	0.707000	13.430000
698	-130.048520	0.709000	13.450000
699	-129.928520	0.709000	13.530000
700	-129.758520	0.709000	13.310000
701	-129.648520	0.711000	13.370000
702	-129.618520	0.711000	13.460000
703	-129.608520	0.713000	13.450000
704	-129.578520	0.715000	13.360000
705	-129.548520	0.715000	13.570000
706	-129.498520	0.715000	13.430000
707	-129.388520	0.716000	13.450000
708	-129.368520	0.716000	13.490000
709	-129.258520	0.718000	13.420000
710	-129.248520	0.718000	13.280000
711	-129.228520	0.720000	13.310000
712	-129.188520	0.722000	13.740000
713	-129.188520	0.722000	13.630000
714	-129.068520	0.724000	13.400000
715	-129.028520	0.724000	13.460000
716	-128.738520	0.726000	13.440000
717	-128.618520	0.726000	13.660000
718	-128.548520	0.728000	13.420000
719	-128.488520	0.730000	13.610000
720	-128.328520	0.730000	13.630000
721	-128.328520	0.732000	13.560000
722	-128.088520	0.732000	13.600000
723	-128.038520	0.734000	13.400000
724	-128.028520	0.734000	13.500000
725	-127.878520	0.734000	13.420000
726	-127.838520	0.736000	13.530000
727	-127.818520	0.738000	13.510000
728	-127.798520	0.738000	13.490000
729	-127.638520	0.740000	13.550000
730	-127.578520	0.740000	13.480000
731	-127.508520	0.740000	13.450000
732	-127.228520	0.742000	13.630000
733	-127.208520	0.742000	13.730000
734	-127.158520	0.744000	13.700000
735	-127.138520	0.744000	13.470000
736	-126.908520	0.746000	13.630000
737	-126.898520	0.748000	13.690000
738	-126.848520	0.748000	13.720000
739	-126.828520	0.748000	13.520000
740	-126.798520	0.750000	13.680000
741	-126.678520	0.750000	13.570000
742	-126.638520	0.752000	13.740000
743	-126.618520	0.754000	13.680000
744	-126.608520	0.754000	13.610000
745	-126.578520	0.756000	13.770000
746	-126.448520	0.756000	13.900000
747	-126.178520	0.758000	13.700000
748	-126.158520	0.758000	13.580000
749	-126.028520	0.759000	13.790000
750	-125.998520	0.761000	13.690000
751	-125.968520	0.761000	13.750000
752	-125.968520	0.763000	13.780000
753	-125.868520	0.763000	13.750000
754	-125.858520	0.763000	13.640000
755	-125.818520	0.765000	13.780000
756	-125.798520	0.767000	13.650000
757	-125.738520	0.769000	13.950000
758	-125.668520	0.769000	13.680000
759	-125.668520	0.771000	13.790000
760	-125.538520	0.771000	13.720000
761	-125.438520	0.773000	13.840000
762	-125.288520	0.773000	13.700000
763	-125.218520	0.773000	13.950000
764	-125.178520	0.775000	13.940000
765	-125.178520	0.775000	13.890000
766	-125.128520	0.779000	13.870000
767	-124.948520	0.779000	13.820000
768	-124.918520	0.781000	13.870000
769	-124.638520	0.781000	13.620000
770	-124.438520	0.783000	13.810000
771	-124.348520	0.785000	13.820000
772	-124.148520	0.785000	13.900000
773	-123.928520	0.785000	13.910000
774	-123.898520	0.787000	13.810000
775	-123.798520	0.787000	14.000000
776	-123.788520	0.789000	13.920000
777	-123.728520	0.789000	13.870000
778	-123.728520	0.791000	13.890000
779	-123.708520	0.793000	13.990000
780	-123.638520	0.793000	13.830000
781	-123.558520	0.795000	13.900000
782	-123.538520	0.795000	13.960000
783	-123.528520	0.795000	13.900000
784	-123.428520	0.797000	14.110000
785	-123.428520	0.797000	13.930000
786	-123.418520	0.799000	13.950000
787	-123.208520	0.800000	13.940000
788	-123.118520	0.800000	13.810000
789	-122.678520	0.802000	13.990000
790	-122.558520	0.804000	14.190000
791	-122.508520	0.804000	14.110000
792	-122.458520	0.804000	14.080000
793	-122.388520	0.806000	13.880000
794	-122.358520	0.810000	13.930000
795	-122.298520	0.808000	14.050000
796	-122.188520	0.810000	14.060000
797	-122.178520	0.810000	14.000000
798	-122.068520	0.812000	14.170000
799	-122.028520	0.812000	14.110000
800	-121.878520	0.814000	14.070000
801	-121.828520	0.816000	13.990000
802	-121.718520	0.816000	14.180000
803	-121.718520	0.818000	13.890000
804	-121.698520	0.818000	14.120000
805	-121.658520	0.820000	14.340000
806	-121.658520	0.820000	13.970000
807	-121.618520	0.822000	13.980000
808	-121.548520	0.824000	14.040000
809	-121.368520	0.826000	14.050000
810	-121.328520	0.826000	14.120000
811	-121.278520	0.826000	14.110000
812	-121.268520	0.826000	13.930000
813	-121.148520	0.828000	14.060000
814	-121.078520	0.828000	14.290000
815	-121.038520	0.830000	14.080000
816	-121.038520	0.832000	14.030000
817	-121.028520	0.832000	14.030000
818	-120.978520	0.832000	14.090000
819	-120.888520	0.834000	14.120000
820	-120.848520	0.836000	14.040000
821	-120.808520	0.836000	14.250000
822	-120.718520	0.836000	14.010000
823	-120.598520	0.838000	14.390000
824	-120.528520	0.838000	14.100000
825	-120.498520	0.840000	14.160000
826	-120.368520	0.841000	14.370000
827	-120.258520	0.841000	14.280000
828	-120.148520	0.841000	14.040000
829	-119.858520	0.843000	13.990000
830	-119.778520	0.843000	14.170000
831	-119.698520	0.845000	14.140000
832	-119.628520	0.847000	14.210000
833	-119.598520	0.847000	14.160000
834	-119.458520	0.845000	14.190000
835	-119.448520	0.849000	14.200000
836	-119.388520	0.851000	14.070000
837	-119.108520	0.851000	14.250000
838	-118.938520	0.851000	14.250000
839	-118.918520	0.853000	14.260000
840	-118.848520	0.855000	14.110000
841	-118.748520	0.855000	14.160000
842	-118.688520	0.857000	13.990000
843	-118.678520	0.857000	14.290000
844	-118.648520	0.857000	14.200000
845	-118.558520	0.859000	14.270000
846	-118.548520	0.861000	14.220000
847	-118.458520	0.865000	14.330000
848	-118.428520	0.865000	14.230000
849	-118.318520	0.865000	14.240000
850	-118.288520	0.867000	14.330000
851	-118.228520	0.867000	14.480000
852	-118.138520	0.869000	14.310000
853	-118.068520	0.871000	14.380000
854	-117.738520	0.873000	14.400000
855	-117.658520	0.871000	14.290000
856	-117.648520	0.873000	14.420000
857	-117.548520	0.873000	14.400000
858	-117.538520	0.875000	14.500000
859	-117.378520	0.875000	14.200000
860	-117.338520	0.877000	14.460000
861	-117.288520	0.879000	14.350000
862	-117.208520	0.879000	14.410000
863	-116.978520	0.881000	14.280000
864	-116.968520	0.881000	14.470000
865	-116.908520	0.881000	14.500000
866	-116.878520	0.882000	14.400000
867	-116.718520	0.882000	14.390000
868	-116.668520	0.884000	14.620000
869	-116.658520	0.886000	14.410000
870	-116.508520	0.886000	14.260000
871	-116.498520	0.888000	14.400000
872	-116.408520	0.888000	14.450000
873	-116.278520	0.888000	14.420000
874	-116.258520	0.890000	14.650000
875	-116.208520	0.890000	14.130000
876	-116.118520	0.892000	14.350000
877	-116.028520	0.892000	14.370000
878	-116.008520	0.894000	14.370000
879	-115.988520	0.896000	14.350000
880	-115.978520	0.896000	14.410000
881	-115.968520	0.896000	13.820000
882	-115.808520	0.898000	14.350000
883	-115.768520	0.898000	14.460000
884	-115.678520	0.900000	14.520000
885	-115.618520	0.902000	14.690000
886	-115.568520	0.902000	14.390000
887	-115.398520	0.902000	14.490000
888	-115.398520	0.904000	14.210000
889	-115.378520	0.904000	14.620000
890	-115.378520	0.906000	14.500000
891	-115.228520	0.906000	14.350000
892	-115.188520	0.908000	14.510000
893	-115.168520	0.910000	13.190000
894	-115.128520	0.910000	14.320000
895	-115.088520	0.912000	14.430000
896	-114.958520	0.912000	14.520000
897	-114.828520	0.912000	14.550000
898	-114.728520	0.914000	14.370000
899	-114.718520	0.914000	13.150000
900	-114.298520	0.916000	13.110000
901	-114.138520	0.918000	13.250000
902	-114.088520	0.918000	13.140000
903	-114.048520	0.920000	13.280000
904	-113.958520	0.920000	13.320000
905	-113.888520	0.922000	13.550000
906	-113.858520	0.922000	13.380000
907	-113.788520	0.922000	13.350000
908	-113.508520	0.924000	13.230000
909	-113.358520	0.925000	13.320000
910	-113.168520	0.927000	13.530000
911	-113.098520	0.927000	13.250000
912	-113.038520	0.927000	13.460000
913	-113.028520	0.929000	13.200000
914	-112.848520	0.929000	13.550000
915	-112.808520	0.931000	13.530000
916	-112.728520	0.933000	13.440000
917	-112.678520	0.935000	13.440000
918	-112.658520	0.935000	13.420000
919	-112.578520	0.935000	13.360000
920	-112.548520	0.937000	13.450000
921	-112.538520	0.937000	13.500000
922	-112.458520	0.939000	13.460000
923	-112.458520	0.941000	13.360000
924	-112.418520	0.939000	13.520000
925	-112.398520	0.943000	13.480000
926	-112.388520	0.943000	13.610000
927	-112.168520	0.947000	13.430000
928	-112.148520	0.949000	13.560000
929	-112.128520	0.949000	13.490000
930	-112.068520	0.951000	13.370000
931	-112.068520	0.951000	13.410000
932	-112.008520	0.951000	13.420000
933	-111.748520	0.953000	13.390000
934	-111.738520	0.953000	13.430000
935	-111.618520	0.955000	13.270000
936	-111.618520	0.957000	13.640000
937	-111.558520	0.955000	13.560000
938	-111.528520	0.957000	13.530000
939	-111.468520	0.959000	13.430000
940	-111.458520	0.961000	13.480000
941	-111.458520	0.961000	13.550000
942	-111.428520	0.961000	13.540000
943	-111.418520	0.963000	13.390000
944	-111.298520	0.965000	13.550000
945	-111.168520	0.965000	13.330000
946	-111.098520	0.965000	13.390000
947	-111.038520	0.968000	13.560000
948	-110.998520	0.968000	13.440000
949	-110.778520	0.968000	13.490000
950	-110.748520	0.970000	13.510000
951	-110.708520	0.972000	13.540000
952	-110.648520	0.972000	13.500000
953	-110.648520	0.972000	13.470000
954	-110.618520	0.974000	13.600000
955	-110.618520	0.976000	13.370000
956	-110.388520	0.976000	13.640000
957	-110.228520	0.978000	13.440000
958	-110.218520	0.980000	13.420000
959	-110.128520	0.980000	13.680000
960	-109.808520	0.982000	13.720000
961	-109.548520	0.982000	13.690000
962	-109.488520	0.984000	13.600000
963	-109.358520	0.984000	13.820000
964	-109.318520	0.984000	13.800000
965	-109.288520	0.986000	13.620000
966	-109.228520	0.986000	13.710000
967	-109.158520	0.988000	13.740000
968	-109.068520	0.988000	13.820000
969	-109.028520	0.990000	13.620000
970	-108.838520	0.992000	13.590000
971	-108.808520	0.992000	13.510000
972	-108.798520	0.992000	13.620000
973	-108.678520	0.994000	13.770000
974	-108.578520	0.996000	13.570000
975	-108.518520	0.998000	14.370000
976	-108.448520	0.996000	13.670000
977	-108.418520	0.998000	13.630000
978	-108.368520	0.998000	13.750000
979	-108.348520	1.000000	13.730000
980	-108.288520	1.000000	13.640000
981	-108.218520	1.002000	13.680000
982	-108.128520	1.004000	13.700000
983	-108.088520	1.004000	13.730000
984	-107.898520	1.006000	13.810000
985	-107.738520	1.006000	13.790000
986	-107.708520	1.008000	13.690000
987	-107.668520	1.008000	13.870000
988	-107.578520	1.008000	13.920000
989	-107.498520	1.009000	13.810000
990	-107.458520	1.011000	13.600000
991	-107.418520	1.011000	13.710000
992	-107.418520	1.013000	13.800000
993	-107.288520	1.013000	13.600000
994	-107.258520	1.015000	13.760000
995	-107.148520	1.015000	13.910000
996	-107.058520	1.015000	13.920000
997	-106.958520	1.017000	13.970000
998	-106.928520	1.019000	13.820000
999	-106.828520	1.019000	13.800000
1000	-106.808520	1.021000	13.680000
1001	-106.728520	1.023000	13.660000
1002	-106.638520	1.023000	13.830000
1003	-106.628520	1.023000	14.060000
1004	-106.548520	1.025000	13.810000
1005	-106.428520	1.025000	13.990000
1006	-106.338520	1.027000	13.950000
1007	-106.288520	1.029000	13.900000
1008	-106.278520	1.031000	14.110000
1009	-106.128520	1.031000	13.840000
1010	-106.118520	1.033000	13.710000
1011	-106.058520	1.035000	14.000000
1012	-105.868520	1.035000	14.050000
1013	-105.568520	1.037000	13.880000
1014	-105.498520	1.037000	14.020000
1015	-105.478520	1.037000	13.890000
1016	-105.478520	1.039000	13.930000
1017	-105.478520	1.039000	14.080000
1018	-105.438520	1.041000	14.070000
1019	-105.288520	1.043000	13.900000
1020	-105.288520	1.043000	13.890000
1021	-105.218520	1.045000	14.080000
1022	-105.088520	1.045000	13.970000
1023	-104.968520	1.045000	13.930000
1024	-104.948520	1.047000	13.890000
1025	-104.858520	1.049000	13.860000
1026	-104.828520	1.049000	13.850000
1027	-104.768520	1.049000	13.970000
1028	-104.728520	1.050000	13.920000
1029	-104.448520	1.052000	13.790000
1030	-104.448520	1.052000	14.050000
1031	-104.318520	1.052000	14.020000
1032	-104.298520	1.054000	13.860000
1033	-104.258520	1.054000	13.930000
1034	-104.208520	1.056000	14.100000
1035	-103.948520	1.058000	13.810000
1036	-103.918520	1.058000	14.040000
1037	-103.828520	1.058000	13.860000
1038	-103.808520	1.060000	13.910000
1039	-103.808520	1.062000	13.980000
1040	-103.468520	1.062000	13.730000
1041	-103.368520	1.064000	13.970000
1042	-103.278520	1.066000	14.000000
1043	-103.058520	1.066000	14.020000
1044	-103.048520	1.068000	13.940000
1045	-103.028520	1.068000	14.070000
1046	-102.898520	1.068000	14.250000
1047	-102.868520	1.070000	14.080000
1048	-102.648520	1.072000	13.980000
1049	-102.428520	1.074000	14.090000
1050	-102.418520	1.076000	14.000000
1051	-102.378520	1.076000	14.040000
1052	-102.358520	1.076000	13.930000
1053	-102.328520	1.076000	13.910000
1054	-102.248520	1.078000	13.890000
1055	-102.168520	1.078000	13.960000
1056	-102.118520	1.080000	13.940000
1057	-102.088520	1.080000	14.140000
1058	-102.058520	1.084000	14.160000
1059	-102.018520	1.084000	14.090000
1060	-101.738520	1.084000	14.090000
1061	-101.718520	1.086000	14.070000
1062	-101.688520	1.086000	14.060000
1063	-101.518520	1.088000	14.310000
1064	-101.438520	1.090000	14.070000
1065	-101.418520	1.091000	14.200000
1066	-101.408520	1.090000	14.100000
1067	-101.388520	1.091000	14.020000
1068	-101.188520	1.091000	14.160000
1069	-101.188520	1.093000	13.990000
1070	-101.148520	1.093000	14.210000
1071	-101.128520	1.095000	14.350000
1072	-101.118520	1.097000	14.000000
1073	-101.098520	1.097000	14.140000
1074	-101.028520	1.099000	14.040000
1075	-100.928520	1.099000	14.040000
1076	-100.868520	1.099000	14.160000
1077	-100.838520	1.101000	14.160000
1078	-100.648520	1.103000	14.080000
1079	-100.608520	1.103000	14.200000
1080	-100.608520	1.105000	14.010000
1081	-100.418520	1.105000	13.970000
1082	-100.178520	1.107000	13.960000
1083	-100.158520	1.107000	14.180000
1084	-99.968520	1.107000	14.330000
1085	-99.968520	1.109000	14.440000
1086	-99.938520	1.111000	14.240000
1087	-99.798520	1.113000	14.360000
1088	-99.758520	1.115000	14.360000
1089	-99.668520	1.115000	14.490000
1090	-99.578520	1.117000	14.480000
1091	-99.548520	1.117000	14.250000
1092	-99.328520	1.117000	14.490000
1093	-99.268520	1.119000	14.220000
1094	-99.198520	1.121000	14.350000
1095	-99.158520	1.121000	14.280000
1096	-99.138520	1.123000	14.330000
1097	-99.128520	1.123000	14.330000
1098	-99.018520	1.125000	14.410000
1099	-98.998520	1.125000	14.180000
1100	-98.928520	1.127000	14.410000
1101	-98.888520	1.129000	14.450000
1102	-98.888520	1.129000	14.480000
1103	-98.868520	1.129000	14.370000
1104	-98.798520	1.131000	14.410000
1105	-98.788520	1.132000	14.460000
1106	-98.698520	1.132000	14.370000
1107	-98.568520	1.132000	14.450000
1108	-98.438520	1.134000	14.380000
1109	-98.348520	1.136000	14.440000
1110	-98.208520	1.136000	14.390000
1111	-98.188520	1.138000	14.520000
1112	-98.108520	1.138000	14.550000
1113	-98.028520	1.138000	14.720000
1114	-98.028520	1.140000	14.360000
1115	-97.958520	1.142000	14.410000
1116	-97.808520	1.142000	14.390000
1117	-97.568520	1.142000	14.550000
1118	-97.478520	1.144000	14.380000
1119	-97.088520	1.146000	14.610000
1120	-97.038520	1.146000	14.470000
1121	-97.018520	1.148000	14.480000
1122	-96.858520	1.148000	14.510000
1123	-96.808520	1.148000	14.510000
1124	-96.778520	1.150000	14.560000
1125	-96.728520	1.152000	14.380000
1126	-96.698520	1.152000	14.500000
1127	-96.608520	1.154000	14.590000
1128	-96.588520	1.154000	14.510000
1129	-96.538520	1.156000	14.670000
1130	-96.458520	1.156000	14.560000
1131	-96.438520	1.156000	14.550000
1132	-96.218520	1.158000	14.520000
1133	-96.068520	1.160000	14.570000
1134	-96.048520	1.160000	14.670000
1135	-96.048520	1.160000	14.630000
1136	-95.938520	1.162000	14.490000
1137	-95.928520	1.164000	14.490000
1138	-95.808520	1.164000	14.510000
1139	-95.758520	1.166000	14.420000
1140	-95.758520	1.168000	14.560000
1141	-95.748520	1.168000	14.600000
1142	-95.728520	1.170000	14.520000
1143	-95.708520	1.170000	14.560000
1144	-95.668520	1.170000	14.450000
1145	-95.408520	1.172000	14.370000
1146	-95.228520	1.172000	14.580000
1147	-95.188520	1.174000	14.510000
1148	-94.958520	1.175000	14.680000
1149	-94.848520	1.174000	14.560000
1150	-94.848520	1.175000	14.700000
1151	-94.758520	1.177000	14.800000
1152	-94.598520	1.179000	14.650000
1153	-94.578520	1.179000	14.760000
1154	-94.518520	1.179000	14.530000
1155	-94.508520	1.181000	14.730000
1156	-94.358520	1.183000	14.610000
1157	-94.278520	1.183000	14.550000
1158	-94.268520	1.183000	14.590000
1159	-94.208520	1.185000	14.610000
1160	-94.208520	1.187000	14.490000
1161	-94.158520	1.187000	14.670000
1162	-94.138520	1.187000	14.530000
1163	-94.088520	1.189000	14.550000
1164	-93.978520	1.191000	14.720000
1165	-93.968520	1.191000	14.630000
1166	-93.918520	1.191000	14.560000
1167	-93.638520	1.193000	14.640000
1168	-93.428520	1.195000	14.590000
1169	-93.278520	1.197000	14.710000
1170	-93.118520	1.197000	14.700000
1171	-93.048520	1.199000	14.830000
1172	-93.018520	1.201000	14.920000
1173	-92.958520	1.201000	15.220000
1174	-92.928520	1.201000	14.700000
1175	-92.858520	1.203000	14.690000
1176	-92.768520	1.203000	14.670000
1177	-92.748520	1.205000	14.770000
1178	-92.728520	1.207000	14.690000
1179	-92.708520	1.207000	14.740000
1180	-92.648520	1.207000	14.660000
1181	-92.618520	1.209000	14.920000
1182	-92.488520	1.209000	14.710000
1183	-92.468520	1.211000	14.690000
1184	-92.418520	1.211000	14.850000
1185	-92.298520	1.213000	14.720000
1186	-92.098520	1.215000	14.700000
1187	-92.068520	1.215000	14.700000
1188	-92.038520	1.216000	14.760000
1189	-91.978520	1.216000	14.720000
1190	-91.928520	1.218000	14.980000
1191	-91.658520	1.218000	14.740000
1192	-91.658520	1.220000	14.800000
1193	-91.638520	1.222000	14.830000
1194	-91.618520	1.222000	14.940000
1195	-91.558520	1.224000	14.730000
1196	-91.548520	1.224000	14.850000
1197	-91.548520	1.226000	14.780000
1198	-91.378520	1.226000	14.880000
1199	-91.328520	1.226000	14.690000
1200	-91.088520	1.228000	14.890000
1201	-90.998520	1.230000	14.910000
1202	-90.908520	1.230000	14.800000
1203	-90.888520	1.232000	14.970000
1204	-90.888520	1.232000	15.170000
1205	-90.878520	1.232000	15.120000
1206	-90.868520	1.234000	14.890000
1207	-90.668520	1.234000	14.850000
1208	-90.458520	1.236000	14.930000
1209	-90.348520	1.236000	15.000000
1210	-90.288520	1.238000	14.910000
1211	-90.198520	1.240000	15.010000
1212	-90.098520	1.240000	15.070000
1213	-90.018520	1.240000	15.170000
1214	-89.908520	1.242000	14.950000
1215	-89.898520	1.242000	15.060000
1216	-89.818520	1.244000	14.910000
1217	-89.758520	1.246000	14.870000
1218	-89.738520	1.246000	15.090000
1219	-89.638520	1.248000	14.900000
1220	-89.538520	1.248000	14.920000
1221	-89.338520	1.250000	14.970000
1222	-89.328520	1.250000	14.900000
1223	-89.288520	1.252000	15.230000
1224	-89.238520	1.254000	15.110000
1225	-89.188520	1.254000	15.000000
1226	-89.168520	1.256000	15.010000
1227	-89.068520	1.256000	14.990000
1228	-89.008520	1.256000	15.170000
1229	-88.838520	1.258000	15.020000
1230	-88.778520	1.259000	14.920000
1231	-88.578520	1.261000	15.130000
1232	-88.538520	1.261000	15.150000
1233	-88.498520	1.263000	14.960000
1234	-88.328520	1.263000	15.070000
1235	-88.308520	1.263000	15.230000
1236	-88.288520	1.265000	15.050000
1237	-88.268520	1.267000	15.020000
1238	-88.218520	1.267000	15.190000
1239	-88.098520	1.267000	15.090000
1240	-88.088520	1.271000	15.280000
1241	-88.088520	1.271000	15.240000
1242	-88.068520	1.271000	15.140000
1243	-87.888520	1.273000	14.950000
1244	-87.768520	1.273000	15.140000
1245	-87.518520	1.275000	15.150000
1246	-87.498520	1.277000	15.180000
1247	-87.418520	1.277000	15.310000
1248	-87.258520	1.277000	15.210000
1249	-87.178520	1.281000	15.290000
1250	-87.178520	1.281000	14.900000
1251	-87.068520	1.283000	15.200000
1252	-87.048520	1.285000	15.050000
1253	-87.018520	1.285000	15.310000
1254	-86.818520	1.285000	15.230000
1255	-86.788520	1.287000	15.250000
1256	-86.788520	1.289000	15.360000
1257	-86.788520	1.289000	15.400000
1258	-86.658520	1.289000	15.140000
1259	-86.498520	1.291000	15.300000
1260	-86.498520	1.293000	15.340000
1261	-86.418520	1.295000	15.240000
1262	-86.298520	1.295000	15.260000
1263	-86.288520	1.295000	15.460000
1264	-86.278520	1.295000	15.310000
1265	-86.218520	1.297000	15.260000
1266	-86.188520	1.297000	15.350000
1267	-86.168520	1.299000	15.190000
1268	-86.168520	1.300000	15.200000
1269	-86.048520	1.300000	15.200000
1270	-86.018520	1.300000	15.270000
1271	-85.908520	1.302000	15.140000
1272	-85.848520	1.304000	15.430000
1273	-85.728520	1.304000	15.320000
1274	-85.718520	1.304000	15.220000
1275	-85.618520	1.306000	15.260000
1276	-85.568520	1.308000	15.290000
1277	-85.558520	1.308000	15.260000
1278	-85.188520	1.310000	15.370000
1279	-84.928520	1.310000	15.150000
1280	-84.898520	1.310000	15.430000
1281	-84.868520	1.312000	15.200000
1282	-84.788520	1.314000	15.470000
1283	-84.758520	1.316000	15.410000
1284	-84.668520	1.316000	15.400000
1285	-84.528520	1.316000	15.360000
1286	-84.498520	1.318000	15.300000
1287	-84.448520	1.320000	15.370000
1288	-84.408520	1.320000	15.200000
1289	-84.368520	1.320000	15.440000
1290	-84.358520	1.326000	15.500000
1291	-84.358520	1.324000	15.320000
1292	-84.338520	1.326000	15.280000
1293	-84.248520	1.326000	15.490000
1294	-84.128520	1.328000	15.490000
1295	-83.968520	1.328000	15.270000
1296	-83.908520	1.328000	15.520000
1297	-83.888520	1.330000	15.470000
1298	-83.878520	1.330000	15.400000
1299	-83.878520	1.332000	15.380000
1300	-83.608520	1.332000	15.500000
1301	-83.598520	1.334000	15.230000
1302	-83.498520	1.336000	15.540000
1303	-83.418520	1.336000	15.540000
1304	-83.388520	1.336000	15.290000
1305	-83.278520	1.338000	15.560000
1306	-82.968520	1.340000	15.460000
1307	-82.868520	1.340000	15.620000
1308	-82.748520	1.341000	15.860000
1309	-82.668520	1.341000	15.660000
1310	-82.658520	1.343000	15.610000
1311	-82.608520	1.343000	15.460000
1312	-82.478520	1.343000	15.660000
1313	-82.348520	1.345000	15.670000
1314	-82.318520	1.347000	15.650000
1315	-82.248520	1.347000	15.630000
1316	-82.218520	1.347000	15.710000
1317	-82.218520	1.349000	15.480000
1318	-82.168520	1.351000	15.590000
1319	-82.168520	1.351000	15.630000
1320	-82.098520	1.353000	15.430000
1321	-82.088520	1.355000	15.570000
1322	-82.068520	1.355000	15.610000
1323	-82.028520	1.357000	15.600000
1324	-81.758520	1.357000	15.570000
1325	-81.388520	1.359000	15.460000
1326	-81.328520	1.359000	15.620000
1327	-81.208520	1.361000	15.590000
1328	-81.018520	1.361000	15.840000
1329	-80.898520	1.363000	15.660000
1330	-80.788520	1.367000	15.570000
1331	-80.748520	1.367000	15.740000
1332	-80.698520	1.367000	15.750000
1333	-80.628520	1.369000	15.690000
1334	-80.578520	1.371000	15.680000
1335	-80.548520	1.371000	15.710000
1336	-80.428520	1.373000	15.770000
1337	-80.338520	1.373000	15.720000
1338	-80.318520	1.373000	15.680000
1339	-80.198520	1.375000	15.780000
1340	-80.188520	1.375000	15.810000
1341	-80.068520	1.377000	15.600000
1342	-80.038520	1.379000	15.750000
1343	-80.038520	1.379000	15.720000
1344	-80.038520	1.381000	15.860000
1345	-79.738520	1.381000	15.760000
1346	-79.658520	1.381000	15.730000
1347	-79.638520	1.382000	15.700000
1348	-79.568520	1.382000	16.020000
1349	-79.548520	1.384000	15.820000
1350	-79.528520	1.388000	15.900000
1351	-79.398520	1.388000	15.910000
1352	-79.368520	1.388000	15.730000
1353	-79.328520	1.388000	15.760000
1354	-79.278520	1.390000	15.680000
1355	-79.238520	1.390000	15.800000
1356	-79.208520	1.392000	15.950000
1357	-79.178520	1.394000	15.830000
1358	-79.178520	1.394000	15.670000
1359	-79.038520	1.394000	15.800000
1360	-78.868520	1.396000	15.910000
1361	-78.798520	1.396000	15.930000
1362	-78.748520	1.398000	15.960000
1363	-78.718520	1.398000	15.740000
1364	-78.708520	1.400000	15.900000
1365	-78.648520	1.402000	15.810000
1366	-78.588520	1.402000	15.790000
1367	-78.438520	1.404000	15.740000
1368	-78.328520	1.404000	16.060000
1369	-78.198520	1.404000	15.890000
1370	-78.008520	1.406000	15.960000
1371	-77.998520	1.406000	15.930000
1372	-77.988520	1.408000	15.910000
1373	-77.578520	1.410000	15.960000
1374	-77.548520	1.410000	15.880000
1375	-77.398520	1.412000	15.980000
1376	-77.368520	1.412000	15.870000
1377	-77.368520	1.412000	15.900000
1378	-77.288520	1.414000	15.870000
1379	-77.118520	1.414000	15.830000
1380	-76.858520	1.416000	16.180000
1381	-76.718520	1.418000	15.900000
1382	-76.608520	1.418000	15.830000
1383	-76.598520	1.420000	15.950000
1384	-76.548520	1.420000	15.900000
1385	-76.498520	1.420000	15.910000
1386	-76.438520	1.422000	16.040000
1387	-76.428520	1.422000	15.840000
1388	-76.358520	1.424000	16.130000
1389	-76.318520	1.425000	15.950000
1390	-76.228520	1.425000	16.090000
1391	-76.178520	1.427000	15.990000
1392	-76.158520	1.427000	15.910000
1393	-76.068520	1.429000	16.100000
1394	-76.058520	1.429000	15.910000
1395	-75.948520	1.431000	15.940000
1396	-75.918520	1.433000	16.100000
1397	-75.828520	1.433000	16.110000
1398	-75.798520	1.435000	16.010000
1399	-75.738520	1.435000	15.920000
1400	-75.738520	1.437000	16.040000
1401	-75.708520	1.437000	16.160000
1402	-75.708520	1.439000	16.210000
1403	-75.678520	1.441000	16.060000
1404	-75.588520	1.441000	16.030000
1405	-75.548520	1.443000	16.080000
1406	-75.538520	1.443000	15.890000
1407	-75.508520	1.445000	16.150000
1408	-75.368520	1.447000	16.040000
1409	-75.208520	1.447000	16.040000
1410	-75.178520	1.451000	16.060000
1411	-75.118520	1.451000	16.030000
1412	-75.078520	1.451000	15.920000
1413	-74.828520	1.453000	15.980000
1414	-74.728520	1.453000	16.050000
1415	-74.628520	1.455000	16.160000
1416	-74.608520	1.457000	16.140000
1417	-74.568520	1.457000	15.960000
1418	-74.558520	1.455000	15.950000
1419	-74.528520	1.459000	16.120000
1420	-74.528520	1.461000	16.230000
1421	-74.308520	1.461000	16.140000
1422	-74.138520	1.461000	16.300000
1423	-74.118520	1.463000	16.160000
1424	-74.068520	1.465000	16.300000
1425	-73.838520	1.465000	16.360000
1426	-73.638520	1.466000	16.270000
1427	-73.538520	1.466000	16.270000
1428	-73.498520	1.466000	16.270000
1429	-73.488520	1.468000	16.320000
1430	-73.328520	1.470000	16.260000
1431	-73.308520	1.472000	16.060000
1432	-73.218520	1.472000	16.460000
1433	-73.208520	1.472000	16.330000
1434	-73.028520	1.474000	16.180000
1435	-72.948520	1.476000	16.170000
1436	-72.788520	1.476000	16.540000
1437	-72.778520	1.476000	16.350000
1438	-72.738520	1.478000	16.270000
1439	-72.598520	1.478000	16.380000
1440	-72.598520	1.480000	16.350000
1441	-72.358520	1.482000	16.190000
1442	-72.278520	1.482000	16.130000
1443	-72.068520	1.482000	16.300000
1444	-71.918520	1.484000	16.370000
1445	-71.868520	1.484000	16.450000
1446	-71.778520	1.486000	16.410000
1447	-71.758520	1.488000	16.500000
1448	-71.718520	1.488000	16.330000
1449	-71.568520	1.488000	16.250000
1450	-71.558520	1.490000	16.590000
1451	-71.548520	1.492000	16.340000
1452	-71.538520	1.492000	16.370000
1453	-71.528520	1.492000	16.330000
1454	-71.528520	1.494000	16.280000
1455	-71.518520	1.496000	16.310000
1456	-71.478520	1.496000	16.230000
1457	-71.448520	1.498000	16.400000
1458	-71.338520	1.498000	16.260000
1459	-71.308520	1.498000	16.210000
1460	-71.278520	1.500000	16.220000
1461	-71.058520	1.502000	16.310000
1462	-71.008520	1.504000	16.380000
1463	-70.978520	1.504000	16.650000
1464	-70.858520	1.504000	16.370000
1465	-70.738520	1.506000	16.350000
1466	-70.718520	1.508000	16.320000
1467	-70.718520	1.508000	16.290000
1468	-70.638520	1.508000	16.470000
1469	-70.638520	1.509000	16.450000
1470	-70.628520	1.509000	16.330000
1471	-70.588520	1.511000	16.570000
1472	-70.388520	1.513000	16.420000
1473	-70.358520	1.513000	16.380000
1474	-70.338520	1.513000	16.390000
1475	-70.288520	1.515000	16.500000
1476	-70.248520	1.515000	16.540000
1477	-70.138520	1.517000	16.190000
1478	-70.018520	1.517000	16.490000
1479	-69.988520	1.517000	16.630000
1480	-69.878520	1.519000	16.530000
1481	-69.758520	1.521000	16.650000
1482	-69.588520	1.523000	16.380000
1483	-69.548520	1.523000	16.380000
1484	-69.528520	1.523000	16.540000
1485	-69.468520	1.525000	16.540000
1486	-69.328520	1.527000	16.470000
1487	-69.328520	1.527000	16.580000
1488	-69.308520	1.531000	16.400000
1489	-69.208520	1.531000	16.470000
1490	-69.168520	1.533000	16.550000
1491	-69.138520	1.535000	16.450000
1492	-69.078520	1.535000	16.430000
1493	-69.068520	1.537000	16.510000
1494	-68.958520	1.537000	16.400000
1495	-68.728520	1.537000	16.500000
1496	-68.648520	1.539000	16.540000
1497	-68.558520	1.539000	16.520000
1498	-68.528520	1.541000	16.490000
1499	-68.338520	1.541000	16.560000
1500	-68.278520	1.545000	16.490000
1501	-68.168520	1.545000	16.380000
1502	-68.148520	1.545000	16.650000
1503	-67.938520	1.547000	16.690000
1504	-67.818520	1.547000	16.610000
1505	-67.758520	1.549000	16.320000
1506	-67.638520	1.550000	16.640000
1507	-67.378520	1.550000	16.580000
1508	-67.368520	1.552000	16.620000
1509	-67.278520	1.552000	16.500000
1510	-67.198520	1.554000	16.570000
1511	-67.158520	1.554000	16.650000
1512	-67.138520	1.554000	16.490000
1513	-67.078520	1.556000	16.500000
1514	-67.008520	1.556000	16.620000
1515	-67.008520	1.560000	16.560000
1516	-66.968520	1.560000	16.680000
1517	-66.938520	1.560000	16.580000
1518	-66.838520	1.560000	16.470000
1519	-66.748520	1.562000	16.580000
1520	-66.718520	1.564000	16.720000
1521	-66.638520	1.566000	16.630000
1522	-66.618520	1.566000	16.670000
1523	-66.618520	1.568000	16.730000
1524	-66.488520	1.568000	16.600000
1525	-66.218520	1.568000	16.690000
1526	-66.218520	1.570000	16.710000
1527	-66.118520	1.572000	16.610000
1528	-65.988520	1.572000	16.740000
1529	-65.818520	1.572000	16.640000
1530	-65.798520	1.576000	16.610000
1531	-65.728520	1.576000	16.680000
1532	-65.678520	1.576000	16.650000
1533	-65.678520	1.576000	16.780000
1534	-65.618520	1.578000	16.860000
1535	-65.618520	1.578000	16.890000
1536	-65.598520	1.580000	16.610000
1537	-65.578520	1.582000	16.710000
1538	-65.578520	1.582000	16.750000
1539	-65.348520	1.582000	16.610000
1540	-65.328520	1.586000	16.700000
1541	-65.318520	1.586000	16.740000
1542	-65.308520	1.586000	16.860000
1543	-65.308520	1.588000	16.680000
1544	-65.308520	1.590000	16.740000
1545	-65.268520	1.590000	16.730000
1546	-65.188520	1.591000	16.680000
1547	-65.058520	1.591000	16.850000
1548	-64.888520	1.591000	16.740000
1549	-64.698520	1.593000	16.780000
1550	-64.698520	1.595000	16.840000
1551	-64.698520	1.595000	16.900000
1552	-64.658520	1.597000	16.900000
1553	-64.508520	1.597000	16.640000
1554	-64.408520	1.599000	16.900000
1555	-64.038520	1.599000	16.780000
1556	-63.728520	1.599000	16.770000
1557	-63.718520	1.601000	16.780000
1558	-63.708520	1.601000	16.890000
1559	-63.648520	1.603000	16.880000
1560	-63.588520	1.607000	16.890000
1561	-63.568520	1.607000	16.810000
1562	-63.508520	1.607000	16.910000
1563	-63.508520	1.607000	16.880000
1564	-63.468520	1.609000	16.970000
1565	-63.458520	1.613000	16.940000
1566	-63.408520	1.613000	16.820000
1567	-63.278520	1.613000	16.770000
1568	-63.258520	1.615000	16.920000
1569	-63.228520	1.617000	16.920000
1570	-62.998520	1.617000	16.960000
1571	-62.858520	1.619000	16.970000
1572	-62.838520	1.621000	16.890000
1573	-62.838520	1.621000	16.770000
1574	-62.818520	1.623000	17.040000
1575	-62.688520	1.623000	16.930000
1576	-62.668520	1.625000	16.900000
1577	-62.548520	1.625000	17.230000
1578	-62.488520	1.625000	16.760000
1579	-62.488520	1.627000	16.800000
1580	-62.448520	1.627000	16.980000
1581	-62.408520	1.629000	16.910000
1582	-62.298520	1.629000	17.010000
1583	-61.958520	1.631000	17.170000
1584	-61.928520	1.632000	16.920000
1585	-61.908520	1.632000	16.930000
1586	-61.678520	1.632000	17.040000
1587	-61.678520	1.634000	17.110000
1588	-61.518520	1.636000	17.100000
1589	-61.488520	1.638000	16.960000
1590	-61.478520	1.638000	17.080000
1591	-61.238520	1.638000	17.010000
1592	-61.228520	1.640000	17.210000
1593	-61.228520	1.640000	17.160000
1594	-61.088520	1.642000	17.040000
1595	-61.028520	1.642000	17.010000
1596	-60.958520	1.644000	16.940000
1597	-60.778520	1.646000	16.950000
1598	-60.718520	1.646000	17.030000
1599	-60.688520	1.646000	17.060000
1600	-60.688520	1.648000	17.130000
1601	-60.668520	1.648000	16.990000
1602	-60.588520	1.650000	17.270000
1603	-60.568520	1.652000	17.140000
1604	-60.508520	1.652000	17.120000
1605	-60.408520	1.654000	17.100000
1606	-60.378520	1.654000	17.060000
1607	-60.318520	1.654000	16.850000
1608	-60.208520	1.656000	17.120000
1609	-60.168520	1.656000	17.260000
1610	-60.148520	1.658000	17.070000
1611	-60.148520	1.660000	17.080000
1612	-59.908520	1.660000	17.220000
1613	-59.618520	1.660000	17.210000
1614	-59.508520	1.662000	17.300000
1615	-59.478520	1.664000	17.120000
1616	-59.448520	1.664000	17.220000
1617	-59.308520	1.666000	17.240000
1618	-59.198520	1.666000	17.190000
1619	-59.118520	1.668000	17.290000
1620	-58.998520	1.670000	17.070000
1621	-58.848520	1.670000	17.180000
1622	-58.788520	1.670000	17.240000
1623	-58.738520	1.670000	17.140000
1624	-58.708520	1.672000	17.330000
1625	-58.708520	1.672000	17.200000
1626	-58.658520	1.674000	17.270000
1627	-58.648520	1.675000	17.200000
1628	-58.598520	1.675000	17.170000
1629	-58.418520	1.675000	17.230000
1630	-58.398520	1.679000	17.100000
1631	-58.388520	1.679000	17.360000
1632	-58.388520	1.679000	17.020000
1633	-58.058520	1.681000	17.350000
1634	-57.708520	1.683000	17.380000
1635	-57.588520	1.683000	17.170000
1636	-57.538520	1.685000	17.340000
1637	-57.408520	1.685000	17.110000
1638	-57.388520	1.687000	17.370000
1639	-57.258520	1.687000	17.280000
1640	-57.228520	1.687000	17.250000
1641	-57.168520	1.689000	17.430000
1642	-57.128520	1.691000	17.270000
1643	-57.058520	1.691000	17.290000
1644	-56.948520	1.691000	17.040000
1645	-56.918520	1.693000	17.270000
1646	-56.908520	1.695000	17.170000
1647	-56.788520	1.697000	17.600000
1648	-56.758520	1.699000	17.280000
1649	-56.738520	1.699000	17.550000
1650	-56.738520	1.701000	17.270000
1651	-56.728520	1.701000	17.340000
1652	-56.708520	1.703000	17.280000
1653	-56.648520	1.703000	17.260000
1654	-56.398520	1.705000	17.330000
1655	-56.398520	1.707000	17.470000
1656	-56.378520	1.707000	17.410000
1657	-56.298520	1.709000	17.270000
1658	-56.258520	1.709000	17.420000
1659	-56.248520	1.709000	17.300000
1660	-56.248520	1.711000	17.530000
1661	-56.028520	1.711000	17.420000
1662	-55.928520	1.713000	17.530000
1663	-55.818520	1.715000	17.240000
1664	-55.678520	1.715000	17.510000
1665	-55.588520	1.716000	17.320000
1666	-55.478520	1.716000	17.590000
1667	-55.478520	1.718000	17.600000
1668	-55.448520	1.718000	17.450000
1669	-55.398520	1.718000	17.580000
1670	-55.338520	1.720000	17.560000
1671	-55.318520	1.722000	17.430000
1672	-55.258520	1.724000	17.470000
1673	-55.228520	1.724000	17.560000
1674	-55.198520	1.724000	17.480000
1675	-55.178520	1.726000	17.670000
1676	-55.018520	1.726000	17.520000
1677	-54.878520	1.728000	17.340000
1678	-54.828520	1.728000	17.550000
1679	-54.678520	1.730000	17.470000
1680	-54.608520	1.732000	17.510000
1681	-54.568520	1.732000	17.400000
1682	-54.568520	1.732000	17.470000
1683	-54.558520	1.734000	17.450000
1684	-54.488520	1.734000	17.600000
1685	-54.488520	1.736000	17.490000
1686	-54.478520	1.738000	17.430000
1687	-54.458520	1.738000	17.450000
1688	-54.308520	1.740000	17.430000
1689	-54.178520	1.740000	17.530000
1690	-54.088520	1.740000	17.500000
1691	-53.778520	1.742000	17.650000
1692	-53.728520	1.742000	17.520000
1693	-53.668520	1.744000	17.650000
1694	-53.628520	1.746000	17.710000
1695	-53.538520	1.746000	17.650000
1696	-53.508520	1.748000	17.500000
1697	-53.438520	1.748000	17.550000
1698	-53.128520	1.750000	17.580000
1699	-53.098520	1.750000	17.620000
1700	-53.068520	1.752000	17.640000
1701	-53.008520	1.754000	17.660000
1702	-52.878520	1.754000	17.720000
1703	-52.708520	1.756000	17.620000
1704	-52.638520	1.756000	17.610000
1705	-52.598520	1.758000	17.640000
1706	-52.588520	1.758000	17.670000
1707	-52.438520	1.758000	17.680000
1708	-52.398520	1.759000	17.740000
1709	-52.328520	1.759000	17.640000
1710	-52.008520	1.763000	17.680000
1711	-51.868520	1.763000	17.820000
1712	-51.868520	1.763000	17.740000
1713	-51.868520	1.765000	17.680000
1714	-51.838520	1.765000	17.870000
1715	-51.788520	1.767000	17.750000
1716	-51.618520	1.769000	17.790000
1717	-51.488520	1.769000	17.740000
1718	-51.478520	1.771000	17.820000
1719	-51.378520	1.773000	17.900000
1720	-51.338520	1.773000	17.700000
1721	-51.308520	1.773000	17.750000
1722	-51.288520	1.775000	17.730000
1723	-51.248520	1.777000	17.720000
1724	-51.238520	1.779000	17.840000
1725	-51.118520	1.779000	17.810000
1726	-51.038520	1.781000	17.850000
1727	-51.018520	1.781000	17.800000
1728	-50.988520	1.783000	17.680000
1729	-50.898520	1.785000	17.780000
1730	-50.778520	1.783000	17.910000
1731	-50.748520	1.785000	17.740000
1732	-50.518520	1.787000	17.660000
1733	-50.388520	1.789000	17.770000
1734	-50.158520	1.789000	17.740000
1735	-50.138520	1.789000	17.870000
1736	-50.078520	1.791000	17.760000
1737	-49.948520	1.793000	17.960000
1738	-49.868520	1.793000	17.640000
1739	-49.858520	1.795000	17.870000
1740	-49.828520	1.795000	17.740000
1741	-49.788520	1.797000	17.740000
1742	-49.738520	1.797000	17.830000
1743	-49.508520	1.799000	17.840000
1744	-49.458520	1.800000	17.850000
1745	-49.348520	1.800000	17.950000
1746	-49.178520	1.802000	18.000000
1747	-49.178520	1.802000	18.000000
1748	-49.148520	1.802000	17.650000
1749	-49.088520	1.804000	18.000000
1750	-49.088520	1.806000	18.090000
1751	-49.068520	1.808000	18.030000
1752	-49.058520	1.808000	17.940000
1753	-49.008520	1.810000	18.110000
1754	-48.898520	1.810000	17.830000
1755	-48.898520	1.810000	18.040000
1756	-48.828520	1.812000	18.020000
1757	-48.788520	1.812000	17.910000
1758	-48.728520	1.814000	17.930000
1759	-48.698520	1.816000	18.130000
1760	-48.678520	1.816000	17.890000
1761	-48.448520	1.816000	17.930000
1762	-48.298520	1.818000	18.050000
1763	-48.268520	1.820000	17.930000
1764	-48.218520	1.820000	18.040000
1765	-48.158520	1.820000	18.050000
1766	-48.098520	1.822000	18.080000
1767	-47.598520	1.824000	18.030000
1768	-47.558520	1.824000	17.960000
1769	-47.458520	1.826000	17.950000
1770	-47.308520	1.826000	18.110000
1771	-47.108520	1.828000	18.170000
1772	-47.108520	1.828000	18.110000
1773	-47.078520	1.830000	17.890000
1774	-47.038520	1.832000	18.040000
1775	-47.018520	1.832000	17.950000
1776	-46.928520	1.832000	18.120000
1777	-46.798520	1.834000	18.130000
1778	-46.798520	1.836000	17.950000
1779	-46.778520	1.836000	18.150000
1780	-46.748520	1.838000	17.960000
1781	-46.598520	1.840000	18.130000
1782	-46.568520	1.840000	18.150000
1783	-46.428520	1.841000	18.140000
1784	-46.408520	1.841000	18.230000
1785	-46.308520	1.843000	18.170000
1786	-46.298520	1.843000	18.080000
1787	-46.288520	1.843000	18.070000
1788	-46.248520	1.845000	18.080000
1789	-46.098520	1.847000	18.100000
1790	-46.088520	1.847000	18.200000
1791	-46.078520	1.849000	18.200000
1792	-46.058520	1.851000	17.980000
1793	-45.878520	1.851000	18.270000
1794	-45.668520	1.851000	18.270000
1795	-45.658520	1.853000	18.230000
1796	-45.658520	1.853000	18.200000
1797	-45.628520	1.855000	18.220000
1798	-45.618520	1.857000	18.110000
1799	-45.558520	1.857000	18.270000
1800	-45.418520	1.857000	18.280000
1801	-45.378520	1.859000	18.150000
1802	-45.368520	1.859000	18.240000
1803	-45.358520	1.863000	18.180000
1804	-45.358520	1.865000	18.020000
1805	-45.198520	1.865000	18.210000
1806	-45.078520	1.865000	18.160000
1807	-44.978520	1.867000	18.360000
1808	-44.808520	1.869000	18.190000
1809	-44.658520	1.871000	18.180000
1810	-44.578520	1.871000	18.040000
1811	-44.468520	1.873000	18.020000
1812	-44.348520	1.873000	18.290000
1813	-44.348520	1.873000	18.150000
1814	-44.158520	1.875000	18.240000
1815	-44.138520	1.875000	18.370000
1816	-44.108520	1.877000	18.190000
1817	-44.078520	1.877000	18.120000
1818	-44.048520	1.879000	18.160000
1819	-43.998520	1.881000	18.320000
1820	-43.898520	1.881000	18.350000
1821	-43.808520	1.881000	18.310000
1822	-43.608520	1.882000	18.330000
1823	-43.578520	1.882000	18.300000
1824	-43.568520	1.884000	18.440000
1825	-43.528520	1.886000	18.320000
1826	-43.458520	1.886000	18.300000
1827	-43.278520	1.886000	18.360000
1828	-43.188520	1.888000	18.370000
1829	-42.988520	1.888000	18.330000
1830	-42.808520	1.890000	18.350000
1831	-42.728520	1.890000	18.340000
1832	-42.678520	1.892000	18.410000
1833	-42.678520	1.894000	18.440000
1834	-42.598520	1.894000	18.410000
1835	-42.588520	1.896000	18.250000
1836	-42.578520	1.896000	18.410000
1837	-42.568520	1.896000	18.280000
1838	-42.358520	1.898000	18.340000
1839	-42.258520	1.900000	18.370000
1840	-42.248520	1.902000	18.360000
1841	-42.168520	1.904000	18.460000
1842	-42.078520	1.904000	18.550000
1843	-42.068520	1.904000	18.370000
1844	-42.008520	1.904000	18.340000
1845	-41.978520	1.906000	18.300000
1846	-41.958520	1.906000	18.330000
1847	-41.748520	1.908000	18.280000
1848	-41.708520	1.908000	18.760000
1849	-41.588520	1.908000	18.340000
1850	-41.568520	1.912000	18.380000
1851	-41.438520	1.912000	18.400000
1852	-41.428520	1.912000	18.580000
1853	-41.388520	1.914000	18.600000
1854	-41.338520	1.914000	18.490000
1855	-41.338520	1.916000	18.490000
1856	-41.328520	1.918000	18.570000
1857	-41.128520	1.918000	18.710000
1858	-41.058520	1.920000	18.690000
1859	-41.028520	1.920000	18.560000
1860	-40.858520	1.922000	18.640000
1861	-40.858520	1.922000	18.610000
1862	-40.748520	1.924000	18.450000
1863	-40.738520	1.925000	18.580000
1864	-40.718520	1.925000	18.430000
1865	-40.698520	1.927000	18.660000
1866	-40.658520	1.927000	18.410000
1867	-40.648520	1.927000	18.620000
1868	-40.608520	1.929000	18.330000
1869	-40.548520	1.929000	18.520000
1870	-40.538520	1.931000	18.610000
1871	-40.378520	1.933000	18.570000
1872	-40.298520	1.933000	18.590000
1873	-40.208520	1.935000	18.650000
1874	-40.138520	1.935000	18.520000
1875	-40.088520	1.935000	18.540000
1876	-40.048520	1.937000	18.510000
1877	-39.958520	1.937000	18.480000
1878	-39.938520	1.939000	18.580000
1879	-39.698520	1.939000	18.380000
1880	-39.678520	1.941000	18.600000
1881	-39.598520	1.943000	18.750000
1882	-39.368520	1.943000	18.530000
1883	-39.328520	1.943000	18.510000
1884	-39.248520	1.947000	18.660000
1885	-39.248520	1.949000	18.570000
1886	-39.178520	1.949000	18.510000
1887	-39.108520	1.951000	18.670000
1888	-39.038520	1.953000	18.640000
1889	-38.988520	1.953000	18.690000
1890	-38.798520	1.953000	18.690000
1891	-38.638520	1.955000	18.620000
1892	-38.598520	1.955000	18.690000
1893	-38.588520	1.955000	18.660000
1894	-38.398520	1.959000	18.740000
1895	-38.318520	1.959000	18.640000
1896	-38.308520	1.961000	18.720000
1897	-38.108520	1.961000	18.580000
1898	-38.028520	1.961000	18.690000
1899	-37.968520	1.963000	18.630000
1900	-37.888520	1.965000	18.700000
1901	-37.818520	1.965000	18.720000
1902	-37.798520	1.966000	18.900000
1903	-37.778520	1.966000	18.630000
1904	-37.718520	1.966000	18.580000
1905	-37.678520	1.968000	18.590000
1906	-37.658520	1.968000	18.930000
1907	-37.578520	1.970000	18.840000
1908	-37.468520	1.972000	18.860000
1909	-37.138520	1.970000	18.820000
1910	-37.048520	1.972000	18.880000
1911	-36.748520	1.974000	19.110000
1912	-36.738520	1.976000	18.660000
1913	-36.698520	1.976000	18.820000
1914	-36.668520	1.976000	18.740000
1915	-36.668520	1.978000	18.760000
1916	-36.558520	1.980000	18.790000
1917	-36.498520	1.980000	18.850000
1918	-36.468520	1.980000	18.870000
1919	-36.428520	1.982000	18.800000
1920	-36.408520	1.984000	18.740000
1921	-36.358520	1.984000	18.790000
1922	-36.358520	1.984000	18.920000
1923	-36.168520	1.986000	18.770000
1924	-36.168520	1.988000	18.830000
1925	-36.118520	1.988000	18.680000
1926	-35.998520	1.988000	18.790000
1927	-35.958520	1.990000	18.830000
1928	-35.958520	1.992000	18.860000
1929	-35.878520	1.992000	18.780000
1930	-35.778520	1.992000	18.770000
1931	-35.708520	1.994000	18.950000
1932	-35.628520	1.996000	18.770000
1933	-35.448520	1.996000	18.890000
1934	-35.448520	1.998000	18.890000
1935	-35.368520	1.998000	18.890000
1936	-35.328520	1.998000	18.800000
1937	-35.278520	2.000000	18.710000
1938	-35.108520	2.000000	19.070000
1939	-35.058520	2.002000	19.020000
1940	-35.058520	2.004000	19.120000
1941	-35.058520	2.004000	19.100000
1942	-34.998520	2.004000	19.090000
1943	-34.938520	2.006000	19.030000
1944	-34.888520	2.008000	18.990000
1945	-34.888520	2.008000	18.960000
1946	-34.858520	2.008000	19.180000
1947	-34.858520	2.009000	18.960000
1948	-34.818520	2.011000	19.100000
1949	-34.818520	2.013000	19.010000
1950	-34.818520	2.013000	19.070000
1951	-34.778520	2.013000	19.100000
1952	-34.778520	2.015000	19.090000
1953	-34.518520	2.015000	19.030000
1954	-34.498520	2.017000	19.150000
1955	-34.178520	2.019000	18.990000
1956	-34.148520	2.019000	19.050000
1957	-34.038520	2.019000	19.140000
1958	-33.908520	2.021000	18.910000
1959	-33.848520	2.021000	19.070000
1960	-33.638520	2.023000	19.150000
1961	-33.448520	2.025000	19.070000
1962	-33.408520	2.027000	19.140000
1963	-33.388520	2.027000	19.220000
1964	-33.228520	2.029000	19.140000
1965	-33.138520	2.031000	19.090000
1966	-33.118520	2.031000	19.170000
1967	-33.028520	2.033000	19.170000
1968	-32.778520	2.035000	19.140000
1969	-32.778520	2.037000	19.230000
1970	-32.768520	2.037000	19.190000
1971	-32.738520	2.037000	19.160000
1972	-32.718520	2.039000	19.280000
1973	-32.718520	2.039000	19.080000
1974	-32.688520	2.041000	19.210000
1975	-32.658520	2.041000	18.950000
1976	-32.518520	2.045000	19.310000
1977	-32.388520	2.045000	19.300000
1978	-32.338520	2.045000	19.330000
1979	-32.278520	2.045000	19.100000
1980	-32.098520	2.047000	19.260000
1981	-31.868520	2.047000	19.360000
1982	-31.838520	2.049000	19.280000
1983	-31.818520	2.050000	19.170000
1984	-31.728520	2.050000	19.140000
1985	-31.498520	2.052000	19.170000
1986	-31.288520	2.052000	19.350000
1987	-31.248520	2.052000	19.220000
1988	-31.238520	2.054000	19.320000
1989	-31.208520	2.056000	19.310000
1990	-31.158520	2.058000	19.280000
1991	-31.118520	2.060000	19.330000
1992	-31.058520	2.060000	19.230000
1993	-31.048520	2.060000	19.230000
1994	-31.038520	2.060000	19.340000
1995	-30.988520	2.062000	19.140000
1996	-30.878520	2.064000	19.170000
1997	-30.868520	2.064000	19.370000
1998	-30.848520	2.064000	19.350000
1999	-30.818520	2.066000	19.270000
2000	-30.678520	2.066000	19.320000
2001	-30.668520	2.068000	19.140000
2002	-30.618520	2.068000	19.310000
2003	-30.508520	2.070000	19.250000
2004	-30.468520	2.070000	19.340000
2005	-30.458520	2.072000	19.310000
2006	-30.448520	2.074000	19.210000
2007	-30.428520	2.074000	19.200000
2008	-30.398520	2.076000	19.360000
2009	-30.328520	2.076000	19.220000
2010	-30.238520	2.078000	19.270000
2011	-30.008520	2.078000	19.250000
2012	-29.968520	2.078000	19.440000
2013	-29.958520	2.080000	19.310000
2014	-29.958520	2.082000	19.320000
2015	-29.698520	2.082000	19.200000
2016	-29.688520	2.084000	19.500000
2017	-29.668520	2.084000	19.360000
2018	-29.668520	2.084000	19.410000
2019	-29.658520	2.086000	19.480000
2020	-29.628520	2.086000	19.350000
2021	-29.288520	2.088000	19.420000
2022	-29.228520	2.090000	19.450000
2023	-29.218520	2.090000	19.410000
2024	-29.208520	2.091000	19.470000
2025	-29.148520	2.091000	19.440000
2026	-29.008520	2.091000	19.360000
2027	-28.848520	2.093000	19.630000
2028	-28.768520	2.095000	19.450000
2029	-28.738520	2.095000	19.470000
2030	-28.728520	2.095000	19.450000
2031	-28.288520	2.099000	19.550000
2032	-28.268520	2.099000	19.430000
2033	-28.058520	2.099000	19.560000
2034	-27.958520	2.101000	19.490000
2035	-27.948520	2.101000	19.470000
2036	-27.918520	2.103000	19.410000
2037	-27.918520	2.105000	19.520000
2038	-27.848520	2.105000	19.370000
2039	-27.828520	2.105000	19.510000
2040	-27.808520	2.107000	19.450000
2041	-27.688520	2.109000	19.410000
2042	-27.518520	2.113000	19.530000
2043	-27.418520	2.113000	19.300000
2044	-27.348520	2.113000	19.630000
2045	-27.148520	2.115000	19.560000
2046	-27.118520	2.117000	19.650000
2047	-27.078520	2.117000	19.470000
2048	-26.968520	2.117000	19.240000
2049	-26.868520	2.123000	19.650000
2050	-26.778520	2.121000	19.510000
2051	-26.768520	2.123000	19.600000
2052	-26.738520	2.123000	19.500000
2053	-26.688520	2.123000	19.540000
2054	-26.618520	2.125000	19.570000
2055	-26.378520	2.125000	19.470000
2056	-26.368520	2.127000	19.620000
2057	-26.268520	2.129000	19.640000
2058	-26.238520	2.129000	19.600000
2059	-26.228520	2.129000	19.440000
2060	-26.198520	2.131000	19.440000
2061	-26.178520	2.132000	19.500000
2062	-26.148520	2.132000	19.500000
2063	-25.898520	2.132000	19.620000
2064	-25.838520	2.134000	19.530000
2065	-25.838520	2.136000	19.450000
2066	-25.828520	2.136000	19.520000
2067	-25.808520	2.138000	19.550000
2068	-25.798520	2.138000	19.590000
2069	-25.658520	2.140000	19.730000
2070	-25.628520	2.140000	19.580000
2071	-25.598520	2.142000	19.570000
2072	-25.588520	2.144000	19.530000
2073	-25.528520	2.144000	19.560000
2074	-25.478520	2.144000	19.570000
2075	-25.408520	2.146000	19.560000
2076	-25.348520	2.148000	19.590000
2077	-25.098520	2.148000	19.560000
2078	-25.058520	2.148000	19.430000
2079	-24.938520	2.154000	19.730000
2080	-24.918520	2.152000	19.630000
2081	-24.528520	2.154000	19.700000
2082	-24.358520	2.154000	19.620000
2083	-24.308520	2.154000	19.680000
2084	-24.118520	2.156000	19.530000
2085	-24.018520	2.156000	19.760000
2086	-23.958520	2.158000	19.670000
2087	-23.918520	2.160000	19.800000
2088	-23.868520	2.162000	19.720000
2089	-23.848520	2.162000	19.700000
2090	-23.828520	2.164000	19.680000
2091	-23.768520	2.164000	19.820000
2092	-23.758520	2.164000	19.780000
2093	-23.678520	2.166000	19.850000
2094	-23.658520	2.168000	19.590000
2095	-23.648520	2.168000	19.740000
2096	-23.568520	2.170000	19.680000
2097	-23.558520	2.170000	19.760000
2098	-23.448520	2.172000	19.780000
2099	-23.418520	2.172000	19.590000
2100	-23.388520	2.174000	19.720000
2101	-23.318520	2.175000	19.690000
2102	-23.258520	2.175000	19.760000
2103	-23.238520	2.175000	19.800000
2104	-23.168520	2.177000	19.780000
2105	-23.138520	2.179000	19.680000
2106	-23.058520	2.179000	19.890000
2107	-22.968520	2.181000	19.610000
2108	-22.958520	2.183000	19.840000
2109	-22.608520	2.183000	19.820000
2110	-22.508520	2.185000	19.850000
2111	-22.468520	2.185000	19.800000
2112	-22.248520	2.185000	19.840000
2113	-22.208520	2.187000	19.810000
2114	-22.158520	2.187000	19.800000
2115	-22.118520	2.189000	19.840000
2116	-22.078520	2.189000	19.860000
2117	-22.078520	2.191000	19.920000
2118	-21.898520	2.193000	19.850000
2119	-21.788520	2.193000	19.850000
2120	-21.728520	2.195000	19.890000
2121	-21.638520	2.197000	19.800000
2122	-21.628520	2.199000	19.800000
2123	-21.588520	2.199000	19.930000
2124	-21.498520	2.201000	19.980000
2125	-21.478520	2.201000	19.880000
2126	-21.358520	2.201000	19.830000
2127	-21.348520	2.203000	19.850000
2128	-21.328520	2.203000	19.870000
2129	-21.328520	2.205000	19.810000
2130	-21.318520	2.207000	19.870000
2131	-21.198520	2.207000	19.860000
2132	-21.178520	2.209000	19.780000
2133	-20.998520	2.209000	19.790000
2134	-20.568520	2.209000	19.940000
2135	-20.548520	2.211000	20.050000
2136	-20.478520	2.211000	19.900000
2137	-20.408520	2.213000	20.010000
2138	-20.398520	2.215000	19.920000
2139	-20.328520	2.215000	19.960000
2140	-20.258520	2.216000	20.000000
2141	-20.238520	2.216000	19.970000
2142	-20.208520	2.216000	19.810000
2143	-20.188520	2.218000	19.950000
2144	-20.148520	2.218000	19.810000
2145	-20.128520	2.220000	19.920000
2146	-20.048520	2.222000	19.950000
2147	-20.028520	2.222000	19.880000
2148	-20.018520	2.222000	20.040000
2149	-20.018520	2.224000	19.940000
2150	-19.828520	2.224000	19.990000
2151	-19.828520	2.226000	19.830000
2152	-19.758520	2.226000	20.010000
2153	-19.698520	2.228000	19.970000
2154	-19.678520	2.230000	20.090000
2155	-19.628520	2.230000	19.910000
2156	-19.598520	2.232000	19.970000
2157	-19.568520	2.232000	19.960000
2158	-19.498520	2.232000	19.880000
2159	-19.398520	2.234000	20.090000
2160	-19.238520	2.236000	19.890000
2161	-19.198520	2.238000	19.900000
2162	-19.158520	2.238000	20.000000
2163	-19.088520	2.240000	19.890000
2164	-19.058520	2.240000	19.930000
2165	-19.028520	2.240000	20.050000
2166	-18.738520	2.242000	19.850000
2167	-18.708520	2.242000	19.920000
2168	-18.538520	2.244000	20.020000
2169	-18.538520	2.246000	20.070000
2170	-18.478520	2.246000	19.980000
2171	-18.438520	2.248000	20.110000
2172	-18.308520	2.248000	20.040000
2173	-18.128520	2.248000	19.980000
2174	-17.978520	2.250000	19.810000
2175	-17.898520	2.250000	20.030000
2176	-17.858520	2.252000	20.140000
2177	-17.828520	2.254000	19.910000
2178	-17.758520	2.254000	19.780000
2179	-17.728520	2.256000	19.960000
2180	-17.638520	2.256000	20.050000
2181	-17.488520	2.258000	20.070000
2182	-17.448520	2.258000	20.010000
2183	-17.448520	2.259000	19.930000
2184	-17.448520	2.261000	19.960000
2185	-17.328520	2.261000	20.260000
2186	-17.298520	2.263000	20.120000
2187	-17.068520	2.263000	20.170000
2188	-17.038520	2.265000	20.170000
2189	-17.028520	2.265000	20.070000
2190	-16.968520	2.267000	20.110000
2191	-16.948520	2.269000	20.030000
2192	-16.928520	2.267000	20.170000
2193	-16.868520	2.271000	19.990000
2194	-16.848520	2.271000	20.120000
2195	-16.848520	2.273000	20.190000
2196	-16.848520	2.273000	20.020000
2197	-16.828520	2.273000	20.070000
2198	-16.798520	2.275000	20.120000
2199	-16.688520	2.277000	20.150000
2200	-16.608520	2.277000	20.210000
2201	-16.408520	2.279000	20.190000
2202	-16.388520	2.281000	20.180000
2203	-16.388520	2.281000	20.140000
2204	-16.338520	2.283000	20.120000
2205	-16.268520	2.285000	20.150000
2206	-16.248520	2.285000	20.100000
2207	-16.178520	2.285000	20.160000
2208	-16.148520	2.289000	20.050000
2209	-16.108520	2.289000	20.210000
2210	-15.688520	2.289000	20.190000
2211	-15.598520	2.291000	20.300000
2212	-15.558520	2.293000	20.300000
2213	-15.308520	2.293000	20.170000
2214	-15.208520	2.295000	20.270000
2215	-15.068520	2.295000	20.550000
2216	-14.948520	2.297000	20.290000
2217	-14.948520	2.297000	20.330000
2218	-14.828520	2.299000	20.130000
2219	-14.718520	2.300000	20.270000
2220	-14.658520	2.300000	20.260000
2221	-14.658520	2.300000	20.210000
2222	-14.638520	2.302000	20.440000
2223	-14.508520	2.304000	20.350000
2224	-14.448520	2.304000	20.290000
2225	-14.298520	2.304000	20.320000
2226	-14.298520	2.306000	20.350000
2227	-14.228520	2.310000	20.370000
2228	-14.178520	2.310000	20.350000
2229	-14.148520	2.310000	20.220000
2230	-14.078520	2.310000	20.270000
2231	-14.068520	2.312000	20.330000
2232	-13.988520	2.312000	20.370000
2233	-13.958520	2.314000	20.300000
2234	-13.908520	2.316000	20.380000
2235	-13.888520	2.314000	20.330000
2236	-13.868520	2.316000	20.390000
2237	-13.738520	2.318000	20.430000
2238	-13.718520	2.320000	20.340000
2239	-13.718520	2.320000	20.320000
2240	-13.588520	2.320000	20.350000
2241	-13.578520	2.322000	20.370000
2242	-13.538520	2.324000	20.380000
2243	-13.478520	2.324000	20.300000
2244	-13.398520	2.326000	20.350000
2245	-13.378520	2.326000	20.330000
2246	-13.358520	2.326000	20.480000
2247	-13.298520	2.328000	20.340000
2248	-13.298520	2.330000	20.350000
2249	-13.238520	2.332000	20.260000
2250	-12.828520	2.332000	20.390000
2251	-12.808520	2.332000	20.410000
2252	-12.808520	2.334000	20.470000
2253	-12.728520	2.336000	20.370000
2254	-12.508520	2.336000	20.350000
2255	-12.448520	2.336000	20.290000
2256	-12.308520	2.338000	20.390000
2257	-12.308520	2.341000	20.250000
2258	-12.218520	2.341000	20.510000
2259	-12.208520	2.341000	20.330000
2260	-12.168520	2.341000	20.410000
2261	-12.138520	2.343000	20.330000
2262	-12.048520	2.343000	20.460000
2263	-11.898520	2.345000	20.340000
2264	-11.868520	2.347000	20.430000
2265	-11.858520	2.347000	20.450000
2266	-11.798520	2.347000	20.370000
2267	-11.748520	2.349000	20.220000
2268	-11.718520	2.351000	20.470000
2269	-11.708520	2.351000	20.390000
2270	-11.508520	2.351000	20.440000
2271	-11.408520	2.353000	20.280000
2272	-11.338520	2.355000	20.510000
2273	-11.278520	2.355000	20.540000
2274	-11.268520	2.357000	20.550000
2275	-11.188520	2.357000	20.590000
2276	-11.178520	2.357000	20.460000
2277	-10.998520	2.363000	20.440000
2278	-10.818520	2.363000	20.390000
2279	-10.788520	2.365000	20.490000
2280	-10.748520	2.365000	20.520000
2281	-10.598520	2.365000	20.460000
2282	-10.588520	2.367000	20.490000
2283	-10.578520	2.367000	20.470000
2284	-10.298520	2.369000	20.650000
2285	-10.258520	2.369000	20.570000
2286	-10.158520	2.371000	20.560000
2287	-10.128520	2.373000	20.560000
2288	-10.118520	2.373000	20.420000
2289	-10.118520	2.373000	20.510000
2290	-10.028520	2.375000	20.410000
2291	-9.938520	2.375000	20.490000
2292	-9.868520	2.377000	20.540000
2293	-9.768520	2.379000	20.580000
2294	-9.668520	2.379000	20.610000
2295	-9.478520	2.381000	20.670000
2296	-9.428520	2.381000	20.450000
2297	-9.418520	2.382000	20.600000
2298	-9.348520	2.382000	20.590000
2299	-9.308520	2.382000	20.460000
2300	-9.258520	2.384000	20.600000
2301	-9.218520	2.386000	20.520000
2302	-9.168520	2.386000	20.380000
2303	-9.048520	2.388000	20.650000
2304	-9.038520	2.388000	20.500000
2305	-8.978520	2.388000	20.480000
2306	-8.968520	2.390000	20.460000
2307	-8.938520	2.392000	20.580000
2308	-8.718520	2.394000	20.600000
2309	-8.378520	2.394000	20.610000
2310	-8.378520	2.396000	20.500000
2311	-8.368520	2.396000	20.730000
2312	-8.298520	2.396000	20.540000
2313	-8.218520	2.398000	20.610000
2314	-8.128520	2.400000	20.580000
2315	-8.118520	2.400000	20.530000
2316	-8.088520	2.400000	20.530000
2317	-8.078520	2.404000	20.590000
2318	-7.988520	2.404000	20.720000
2319	-7.938520	2.404000	20.640000
2320	-7.928520	2.406000	20.540000
2321	-7.728520	2.406000	20.680000
2322	-7.568520	2.408000	20.600000
2323	-7.558520	2.410000	20.480000
2324	-7.518520	2.410000	20.670000
2325	-7.448520	2.412000	20.610000
2326	-7.418520	2.412000	20.530000
2327	-7.358520	2.414000	20.440000
2328	-7.328520	2.414000	20.670000
2329	-7.318520	2.414000	20.690000
2330	-7.218520	2.416000	20.580000
2331	-7.138520	2.418000	20.640000
2332	-7.118520	2.418000	20.520000
2333	-7.108520	2.420000	20.730000
2334	-7.078520	2.420000	20.740000
2335	-7.018520	2.420000	20.800000
2336	-6.748520	2.422000	20.680000
2337	-6.658520	2.422000	20.810000
2338	-6.648520	2.424000	20.950000
2339	-6.638520	2.425000	20.790000
2340	-6.618520	2.425000	20.750000
2341	-6.618520	2.427000	20.680000
2342	-6.568520	2.427000	20.730000
2343	-6.398520	2.427000	20.820000
2344	-6.378520	2.429000	20.740000
2345	-6.358520	2.431000	20.660000
2346	-6.358520	2.431000	20.660000
2347	-6.248520	2.431000	20.740000
2348	-6.098520	2.435000	20.690000
2349	-5.998520	2.435000	20.930000
2350	-5.968520	2.435000	20.780000
2351	-5.918520	2.435000	20.710000
2352	-5.838520	2.437000	20.770000
2353	-5.758520	2.437000	20.770000
2354	-5.728520	2.439000	20.850000
2355	-5.588520	2.441000	20.760000
2356	-5.558520	2.441000	20.820000
2357	-5.468520	2.441000	20.820000
2358	-5.398520	2.445000	20.940000
2359	-5.378520	2.447000	21.000000
2360	-5.198520	2.449000	20.750000
2361	-5.188520	2.449000	20.890000
2362	-5.188520	2.451000	20.730000
2363	-4.948520	2.451000	20.890000
2364	-4.868520	2.451000	20.970000
2365	-4.818520	2.453000	20.860000
2366	-4.778520	2.453000	20.870000
2367	-4.718520	2.455000	20.970000
2368	-4.598520	2.457000	20.850000
2369	-4.548520	2.457000	21.040000
2370	-4.388520	2.457000	20.870000
2371	-4.378520	2.459000	20.970000
2372	-4.338520	2.461000	21.030000
2373	-4.288520	2.461000	21.050000
2374	-4.278520	2.461000	20.980000
2375	-4.158520	2.463000	20.880000
2376	-4.018520	2.465000	20.930000
2377	-3.958520	2.465000	20.890000
2378	-3.808520	2.465000	20.850000
2379	-3.728520	2.466000	21.120000
2380	-3.698520	2.466000	20.890000
2381	-3.598520	2.468000	21.200000
2382	-3.428520	2.468000	21.000000
2383	-3.248520	2.470000	20.910000
2384	-3.238520	2.472000	21.000000
2385	-3.208520	2.472000	20.930000
2386	-3.108520	2.472000	20.960000
2387	-3.078520	2.474000	21.000000
2388	-3.048520	2.474000	20.880000
2389	-3.028520	2.476000	21.070000
2390	-2.948520	2.476000	21.050000
2391	-2.918520	2.478000	20.990000
2392	-2.838520	2.480000	21.120000
2393	-2.838520	2.480000	21.070000
2394	-2.838520	2.482000	21.020000
2395	-2.798520	2.482000	21.170000
2396	-2.798520	2.482000	21.040000
2397	-2.768520	2.484000	21.110000
2398	-2.738520	2.484000	21.060000
2399	-2.698520	2.486000	21.040000
2400	-2.648520	2.488000	21.060000
2401	-2.648520	2.488000	21.050000
2402	-2.598520	2.488000	20.940000
2403	-2.538520	2.490000	21.010000
2404	-2.238520	2.492000	20.980000
2405	-2.188520	2.492000	21.170000
2406	-1.908520	2.492000	21.100000
2407	-1.888520	2.494000	21.120000
2408	-1.848520	2.494000	21.110000
2409	-1.638520	2.496000	21.210000
2410	-1.638520	2.496000	21.040000
2411	-1.558520	2.498000	21.180000
2412	-1.558520	2.498000	21.250000
2413	-1.478520	2.500000	21.180000
2414	-1.318520	2.500000	21.010000
2415	-1.198520	2.502000	21.170000
2416	-1.178520	2.504000	20.900000
2417	-1.058520	2.504000	21.250000
2418	-1.048520	2.504000	21.200000
2419	-1.028520	2.506000	21.130000
2420	-0.958520	2.508000	21.180000
2421	-0.958520	2.508000	21.230000
2422	-0.958520	2.509000	21.250000
2423	-0.908520	2.511000	21.150000
2424	-0.868520	2.511000	21.190000
2425	-0.818520	2.513000	21.140000
2426	-0.798520	2.513000	21.200000
2427	-0.758520	2.515000	21.270000
2428	-0.718520	2.515000	21.330000
2429	-0.598520	2.515000	21.220000
2430	-0.558520	2.517000	21.210000
2431	-0.488520	2.519000	21.070000
2432	-0.438520	2.519000	21.040000
2433	-0.408520	2.519000	21.140000
2434	-0.318520	2.521000	21.210000
2435	-0.288520	2.523000	21.220000
2436	-0.228520	2.523000	21.040000
2437	-0.218520	2.523000	21.320000
2438	-0.108520	2.525000	21.150000
2439	-0.078520	2.525000	21.090000
2440	-0.058520	2.529000	21.160000
2441	0.021480	2.531000	21.120000
2442	0.121480	2.531000	21.310000
2443	0.191480	2.533000	21.240000
2444	0.231480	2.535000	21.250000
2445	0.371480	2.535000	21.170000
2446	1.031480	2.537000	21.170000
2447	1.091480	2.537000	21.400000
2448	1.111480	2.537000	21.330000
2449	1.121480	2.539000	21.200000
2450	1.181480	2.539000	21.420000
2451	1.201480	2.541000	21.310000
2452	1.311480	2.543000	21.210000
2453	1.531480	2.543000	21.380000
2454	1.601480	2.545000	21.350000
2455	1.631480	2.545000	21.240000
2456	1.631480	2.545000	21.300000
2457	1.701480	2.547000	21.330000
2458	1.711480	2.547000	21.380000
2459	1.741480	2.549000	21.320000
2460	1.761480	2.549000	21.380000
2461	1.841480	2.550000	21.290000
2462	1.861480	2.552000	21.310000
2463	1.981480	2.552000	21.290000
2464	2.011480	2.552000	21.260000
2465	2.021480	2.554000	21.290000
2466	2.141480	2.554000	21.400000
2467	2.151480	2.556000	21.350000
2468	2.291480	2.558000	21.410000
2469	2.361480	2.558000	21.380000
2470	2.421480	2.558000	21.380000
2471	2.431480	2.560000	21.350000
2472	2.491480	2.560000	21.460000
2473	2.631480	2.562000	21.330000
2474	2.661480	2.562000	21.310000
2475	2.841480	2.564000	21.280000
2476	2.871480	2.566000	21.370000
2477	2.891480	2.566000	21.400000
2478	2.951480	2.568000	21.380000
2479	2.961480	2.568000	21.350000
2480	3.071480	2.568000	21.480000
2481	3.161480	2.570000	21.390000
2482	3.201480	2.572000	21.430000
2483	3.251480	2.572000	21.370000
2484	3.351480	2.574000	21.430000
2485	3.431480	2.574000	21.490000
2486	3.441480	2.576000	21.460000
2487	3.491480	2.576000	21.400000
2488	3.501480	2.576000	21.520000
2489	3.551480	2.578000	21.570000
2490	3.611480	2.578000	21.340000
2491	3.631480	2.582000	21.440000
2492	3.671480	2.582000	21.380000
2493	3.781480	2.584000	21.280000
2494	3.881480	2.584000	21.530000
2495	4.071480	2.586000	21.360000
2496	4.141480	2.586000	21.390000
2497	4.261480	2.586000	21.420000
2498	4.891480	2.588000	21.380000
