1	-185.399946	0.000000	9.640000
2	-185.289946	0.004000	9.640000
3	-185.189946	0.004000	9.550000
4	-185.019946	0.004000	10.070000
5	-184.849946	0.006000	9.740000
6	-184.839946	0.006000	10.090000
7	-184.609946	0.008000	9.680000
8	-184.499946	0.010000	10.190000
9	-184.459946	0.010000	9.660000
10	-184.339946	0.012000	9.710000
11	-184.259946	0.012000	9.770000
12	-184.219946	0.012000	9.520000
13	-184.209946	0.014000	9.740000
14	-184.169946	0.016000	9.550000
15	-183.919946	0.017000	9.710000
16	-183.889946	0.017000	9.780000
17	-183.889946	0.019000	9.350000
18	-183.829946	0.019000	9.770000
19	-183.559946	0.019000	9.710000
20	-183.529946	0.021000	9.530000
21	-183.359946	0.021000	9.720000
22	-183.309946	0.023000	10.050000
23	-182.979946	0.023000	9.850000
24	-182.829946	0.025000	9.800000
25	-182.769946	0.027000	9.670000
26	-182.749946	0.027000	9.890000
27	-182.729946	0.027000	9.510000
28	-182.669946	0.029000	9.760000
29	-182.669946	0.029000	9.690000
30	-182.479946	0.031000	9.710000
31	-182.469946	0.033000	9.620000
32	-182.369946	0.033000	9.850000
33	-182.289946	0.033000	9.900000
34	-182.279946	0.035000	9.850000
35	-182.219946	0.037000	9.900000
36	-182.189946	0.037000	9.730000
37	-182.119946	0.039000	9.720000
38	-182.019946	0.041000	9.800000
39	-181.979946	0.041000	9.670000
40	-181.819946	0.043000	9.690000
41	-181.759946	0.043000	9.670000
42	-181.759946	0.043000	9.670000
43	-181.629946	0.045000	9.940000
44	-181.529946	0.047000	9.760000
45	-181.489946	0.049000	10.070000
46	-181.389946	0.049000	9.840000
47	-181.309946	0.051000	9.780000
48	-181.179946	0.051000	9.880000
49	-181.129946	0.051000	9.720000
50	-181.109946	0.053000	10.010000
51	-181.009946	0.053000	9.750000
52	-180.839946	0.055000	9.610000
53	-180.799946	0.055000	9.650000
54	-180.769946	0.057000	10.380000
55	-180.639946	0.058000	9.710000
56	-180.639946	0.058000	10.360000
57	-180.589946	0.058000	10.090000
58	-180.539946	0.060000	9.770000
59	-180.389946	0.060000	9.690000
60	-180.189946	0.062000	10.080000
61	-180.169946	0.062000	10.200000
62	-180.159946	0.064000	9.860000
63	-180.149946	0.066000	10.020000
64	-180.089946	0.066000	9.670000
65	-180.049946	0.068000	10.210000
66	-180.029946	0.068000	9.820000
67	-179.879946	0.070000	10.080000
68	-179.749946	0.072000	10.120000
69	-179.749946	0.072000	9.790000
70	-179.459946	0.074000	10.420000
71	-179.369946	0.074000	9.970000
72	-179.219946	0.074000	9.740000
73	-179.159946	0.076000	9.840000
74	-179.099946	0.080000	9.810000
75	-179.079946	0.080000	9.870000
76	-178.999946	0.080000	9.930000
77	-178.919946	0.082000	9.750000
78	-178.759946	0.084000	9.770000
79	-178.709946	0.084000	9.910000
80	-178.699946	0.084000	10.000000
81	-178.629946	0.086000	9.940000
82	-178.619946	0.086000	10.060000
83	-178.609946	0.088000	10.370000
84	-178.299946	0.088000	10.030000
85	-178.289946	0.090000	9.930000
86	-178.189946	0.090000	10.060000
87	-178.129946	0.092000	10.020000
88	-178.129946	0.092000	10.120000
89	-178.069946	0.094000	10.190000
90	-178.029946	0.096000	10.200000
91	-177.989946	0.096000	9.970000
92	-177.869946	0.096000	10.040000
93	-177.739946	0.098000	10.020000
94	-177.689946	0.099000	10.170000
95	-177.629946	0.099000	10.120000
96	-177.529946	0.101000	10.000000
97	-177.379946	0.103000	10.030000
98	-177.169946	0.103000	10.030000
99	-177.029946	0.105000	10.160000
100	-177.019946	0.105000	10.760000
101	-176.949946	0.105000	10.100000
102	-176.909946	0.107000	10.130000
103	-176.799946	0.107000	10.330000
104	-176.799946	0.111000	10.260000
105	-176.799946	0.111000	10.060000
106	-176.619946	0.111000	10.170000
107	-176.569946	0.113000	10.280000
108	-176.479946	0.115000	10.180000
109	-176.329946	0.115000	10.360000
110	-176.299946	0.117000	10.360000
111	-176.219946	0.117000	10.940000
112	-176.219946	0.119000	10.520000
113	-176.149946	0.119000	10.820000
114	-176.059946	0.121000	10.240000
115	-176.049946	0.121000	10.500000
116	-175.759946	0.121000	10.200000
117	-175.699946	0.123000	10.150000
118	-175.559946	0.123000	10.530000
119	-175.299946	0.125000	10.190000
120	-175.199946	0.127000	10.500000
121	-174.979946	0.127000	10.360000
122	-174.959946	0.127000	10.370000
123	-174.869946	0.131000	10.330000
124	-174.859946	0.131000	10.310000
125	-174.779946	0.131000	10.300000
126	-174.659946	0.133000	10.310000
127	-174.619946	0.135000	10.470000
128	-174.469946	0.135000	10.310000
129	-174.369946	0.137000	10.520000
130	-174.349946	0.137000	10.290000
131	-174.319946	0.137000	10.300000
132	-174.169946	0.139000	10.160000
133	-174.109946	0.139000	10.240000
134	-173.859946	0.141000	10.500000
135	-173.709946	0.142000	10.360000
136	-173.549946	0.142000	10.800000
137	-173.549946	0.142000	10.450000
138	-173.399946	0.144000	10.910000
139	-173.329946	0.146000	10.380000
140	-173.289946	0.146000	10.360000
141	-173.209946	0.146000	10.300000
142	-173.159946	0.148000	10.100000
143	-172.999946	0.150000	10.370000
144	-172.989946	0.152000	10.440000
145	-172.889946	0.152000	10.270000
146	-172.809946	0.152000	10.350000
147	-172.639946	0.154000	10.250000
148	-172.599946	0.154000	10.410000
149	-172.499946	0.156000	10.490000
150	-172.469946	0.158000	10.430000
151	-172.439946	0.156000	10.540000
152	-172.399946	0.158000	10.310000
153	-172.369946	0.162000	10.620000
154	-172.329946	0.164000	10.430000
155	-172.229946	0.166000	10.490000
156	-172.209946	0.166000	10.560000
157	-172.159946	0.168000	10.430000
158	-172.079946	0.168000	10.720000
159	-172.029946	0.170000	10.440000
160	-171.999946	0.170000	10.260000
161	-171.969946	0.170000	10.480000
162	-171.919946	0.172000	10.630000
163	-171.859946	0.174000	10.710000
164	-171.819946	0.174000	10.690000
165	-171.689946	0.176000	10.550000
166	-171.689946	0.176000	10.480000
167	-171.649946	0.176000	10.380000
168	-171.649946	0.178000	10.600000
169	-171.559946	0.178000	10.550000
170	-171.449946	0.180000	10.620000
171	-171.429946	0.180000	10.600000
172	-171.399946	0.183000	10.760000
173	-171.209946	0.183000	10.900000
174	-171.209946	0.183000	10.360000
175	-171.049946	0.185000	10.270000
176	-171.049946	0.185000	10.780000
177	-170.829946	0.187000	10.460000
178	-170.509946	0.189000	10.900000
179	-170.279946	0.189000	10.600000
180	-170.199946	0.191000	10.760000
181	-170.149946	0.191000	10.720000
182	-170.139946	0.191000	10.730000
183	-170.059946	0.193000	10.720000
184	-169.839946	0.193000	10.710000
185	-169.839946	0.195000	10.570000
186	-169.809946	0.197000	10.940000
187	-169.779946	0.197000	10.670000
188	-169.559946	0.199000	10.700000
189	-169.529946	0.199000	10.630000
190	-169.509946	0.199000	10.650000
191	-169.489946	0.201000	10.550000
192	-169.479946	0.201000	10.570000
193	-169.479946	0.203000	10.820000
194	-169.419946	0.205000	10.720000
195	-169.419946	0.205000	10.620000
196	-169.349946	0.207000	10.740000
197	-169.309946	0.207000	10.680000
198	-168.979946	0.207000	10.810000
199	-168.859946	0.209000	10.640000
200	-168.839946	0.209000	10.930000
201	-168.709946	0.211000	10.990000
202	-168.669946	0.211000	10.980000
203	-168.519946	0.215000	10.740000
204	-168.239946	0.215000	10.750000
205	-168.229946	0.215000	10.720000
206	-168.219946	0.217000	10.970000
207	-168.179946	0.217000	10.750000
208	-168.139946	0.219000	10.700000
209	-167.979946	0.221000	10.800000
210	-167.859946	0.221000	10.840000
211	-167.839946	0.221000	10.950000
212	-167.739946	0.223000	10.730000
213	-167.699946	0.223000	10.780000
214	-167.659946	0.225000	10.840000
215	-167.629946	0.225000	10.680000
216	-167.499946	0.226000	10.810000
217	-167.349946	0.228000	10.850000
218	-167.329946	0.228000	10.850000
219	-167.319946	0.230000	11.030000
220	-167.269946	0.230000	10.810000
221	-167.249946	0.230000	10.830000
222	-167.089946	0.232000	10.840000
223	-166.919946	0.232000	10.820000
224	-166.889946	0.234000	11.020000
225	-166.689946	0.236000	10.880000
226	-166.249946	0.236000	10.760000
227	-166.239946	0.238000	11.040000
228	-166.219946	0.238000	10.900000
229	-166.199946	0.238000	10.740000
230	-166.039946	0.240000	11.060000
231	-166.039946	0.240000	10.940000
232	-166.029946	0.242000	10.940000
233	-166.019946	0.244000	11.100000
234	-165.919946	0.246000	10.910000
235	-165.909946	0.248000	11.070000
236	-165.699946	0.248000	11.010000
237	-165.699946	0.250000	10.890000
238	-165.659946	0.252000	11.050000
239	-165.649946	0.252000	10.980000
240	-165.569946	0.254000	11.180000
241	-165.499946	0.254000	11.240000
242	-165.429946	0.256000	11.000000
243	-165.299946	0.256000	10.900000
244	-165.269946	0.256000	11.250000
245	-165.259946	0.258000	10.890000
246	-165.199946	0.260000	10.990000
247	-165.179946	0.260000	10.980000
248	-165.179946	0.262000	11.230000
249	-165.039946	0.262000	10.990000
250	-164.959946	0.262000	10.920000
251	-164.879946	0.264000	11.220000
252	-164.859946	0.264000	11.180000
253	-164.749946	0.267000	11.070000
254	-164.749946	0.267000	10.820000
255	-164.739946	0.267000	11.130000
256	-164.679946	0.269000	10.950000
257	-164.599946	0.271000	11.090000
258	-164.559946	0.271000	11.060000
259	-164.529946	0.271000	11.090000
260	-164.439946	0.273000	11.200000
261	-163.849946	0.275000	11.060000
262	-163.799946	0.275000	11.250000
263	-163.699946	0.275000	11.270000
264	-163.649946	0.277000	11.140000
265	-163.639946	0.277000	11.030000
266	-163.419946	0.279000	11.190000
267	-163.389946	0.279000	11.110000
268	-163.389946	0.281000	11.240000
269	-163.369946	0.283000	11.110000
270	-163.249946	0.283000	11.240000
271	-163.229946	0.283000	11.220000
272	-162.979946	0.285000	11.080000
273	-162.969946	0.287000	11.240000
274	-162.859946	0.287000	11.220000
275	-162.689946	0.287000	11.110000
276	-162.599946	0.289000	11.030000
277	-162.579946	0.291000	11.100000
278	-162.559946	0.291000	11.180000
279	-162.439946	0.293000	11.020000
280	-162.219946	0.293000	11.190000
281	-162.159946	0.293000	11.370000
282	-161.939946	0.295000	11.450000
283	-161.879946	0.295000	11.190000
284	-161.719946	0.299000	11.020000
285	-161.639946	0.299000	11.120000
286	-161.409946	0.299000	11.300000
287	-161.219946	0.301000	11.200000
288	-161.199946	0.303000	11.450000
289	-161.129946	0.303000	11.410000
290	-160.969946	0.305000	11.200000
291	-160.959946	0.305000	11.190000
292	-160.929946	0.307000	11.410000
293	-160.899946	0.307000	11.340000
294	-160.859946	0.308000	11.290000
295	-160.819946	0.308000	11.440000
296	-160.749946	0.308000	11.140000
297	-160.739946	0.310000	11.260000
298	-160.729946	0.310000	11.290000
299	-160.709946	0.312000	11.470000
300	-160.709946	0.314000	11.350000
301	-160.599946	0.312000	11.320000
302	-160.529946	0.312000	11.160000
303	-160.469946	0.316000	11.460000
304	-160.359946	0.318000	11.130000
305	-160.339946	0.318000	11.130000
306	-160.329946	0.318000	11.330000
307	-160.249946	0.320000	11.220000
308	-160.229946	0.322000	11.300000
309	-159.889946	0.322000	11.310000
310	-159.769946	0.324000	11.260000
311	-159.739946	0.324000	11.290000
312	-159.569946	0.324000	11.200000
313	-159.519946	0.326000	11.430000
314	-159.509946	0.330000	11.350000
315	-159.469946	0.332000	11.310000
316	-159.459946	0.332000	11.520000
317	-159.399946	0.332000	11.460000
318	-159.279946	0.334000	11.290000
319	-159.189946	0.334000	11.440000
320	-159.019946	0.336000	11.440000
321	-158.949946	0.336000	11.290000
322	-158.929946	0.340000	11.360000
323	-158.869946	0.340000	11.240000
324	-158.779946	0.340000	11.480000
325	-158.679946	0.340000	11.340000
326	-158.619946	0.342000	11.390000
327	-158.579946	0.342000	11.410000
328	-158.509946	0.344000	11.640000
329	-158.479946	0.346000	11.480000
330	-158.469946	0.346000	11.430000
331	-158.219946	0.348000	11.570000
332	-158.099946	0.348000	11.320000
333	-158.029946	0.348000	11.560000
334	-157.979946	0.349000	11.450000
335	-157.959946	0.351000	11.510000
336	-157.949946	0.353000	11.410000
337	-157.859946	0.353000	11.770000
338	-157.859946	0.355000	11.480000
339	-157.549946	0.355000	11.490000
340	-157.369946	0.355000	11.530000
341	-157.349946	0.357000	11.570000
342	-157.319946	0.357000	11.500000
343	-157.259946	0.359000	11.630000
344	-157.209946	0.359000	11.570000
345	-157.129946	0.361000	11.580000
346	-157.059946	0.363000	11.550000
347	-156.869946	0.363000	11.850000
348	-156.839946	0.363000	11.540000
349	-156.799946	0.365000	11.800000
350	-156.759946	0.365000	11.590000
351	-156.729946	0.367000	11.750000
352	-156.709946	0.369000	11.540000
353	-156.699946	0.369000	11.340000
354	-156.679946	0.369000	11.530000
355	-156.649946	0.371000	11.490000
356	-156.639946	0.371000	11.500000
357	-156.579946	0.373000	11.600000
358	-156.519946	0.373000	11.350000
359	-156.469946	0.375000	11.610000
360	-156.249946	0.377000	11.470000
361	-156.219946	0.377000	11.670000
362	-156.039946	0.379000	11.500000
363	-155.999946	0.379000	11.530000
364	-155.799946	0.379000	11.660000
365	-155.669946	0.381000	11.540000
366	-155.629946	0.383000	11.590000
367	-155.609946	0.385000	11.620000
368	-155.509946	0.385000	11.710000
369	-155.439946	0.387000	11.800000
370	-155.429946	0.387000	11.600000
371	-155.299946	0.387000	11.650000
372	-155.209946	0.389000	11.790000
373	-155.159946	0.389000	11.620000
374	-155.119946	0.391000	11.810000
375	-154.979946	0.392000	11.810000
376	-154.749946	0.392000	11.750000
377	-154.569946	0.394000	11.620000
378	-154.459946	0.394000	11.920000
379	-154.169946	0.394000	11.690000
380	-154.099946	0.396000	11.690000
381	-154.099946	0.396000	11.700000
382	-154.099946	0.398000	11.870000
383	-154.029946	0.398000	11.640000
384	-153.949946	0.400000	11.780000
385	-153.769946	0.400000	11.720000
386	-153.429946	0.402000	11.840000
387	-153.269946	0.402000	11.850000
388	-153.209946	0.404000	11.840000
389	-153.149946	0.404000	11.880000
390	-153.139946	0.406000	11.720000
391	-152.889946	0.408000	11.790000
392	-152.859946	0.408000	11.930000
393	-152.859946	0.410000	11.810000
394	-152.809946	0.410000	11.870000
395	-152.809946	0.414000	11.820000
396	-152.679946	0.416000	11.870000
397	-152.659946	0.416000	11.670000
398	-152.619946	0.418000	11.710000
399	-152.589946	0.418000	11.710000
400	-152.529946	0.418000	11.770000
401	-152.519946	0.420000	11.980000
402	-152.489946	0.420000	11.880000
403	-152.469946	0.422000	11.790000
404	-152.449946	0.424000	11.840000
405	-152.439946	0.424000	11.790000
406	-152.399946	0.426000	11.800000
407	-152.389946	0.428000	11.810000
408	-152.379946	0.428000	11.810000
409	-152.369946	0.428000	11.840000
410	-152.339946	0.430000	11.890000
411	-152.319946	0.432000	11.650000
412	-151.919946	0.432000	12.060000
413	-151.879946	0.432000	12.150000
414	-151.869946	0.433000	11.730000
415	-151.859946	0.435000	12.120000
416	-151.669946	0.435000	11.860000
417	-151.639946	0.437000	11.870000
418	-151.609946	0.439000	12.040000
419	-151.589946	0.439000	11.960000
420	-151.509946	0.439000	11.880000
421	-151.499946	0.441000	12.030000
422	-151.409946	0.443000	11.880000
423	-151.279946	0.443000	12.110000
424	-151.239946	0.443000	11.870000
425	-151.129946	0.445000	11.940000
426	-151.009946	0.447000	12.020000
427	-150.919946	0.447000	11.880000
428	-150.919946	0.449000	12.110000
429	-150.889946	0.449000	11.960000
430	-150.699946	0.449000	12.050000
431	-150.679946	0.451000	11.860000
432	-150.619946	0.451000	12.040000
433	-150.519946	0.453000	12.430000
434	-150.509946	0.455000	11.920000
435	-150.429946	0.455000	12.240000
436	-150.349946	0.455000	11.930000
437	-150.319946	0.457000	11.960000
438	-150.309946	0.459000	11.950000
439	-150.279946	0.459000	11.980000
440	-150.119946	0.459000	11.860000
441	-149.959946	0.461000	11.970000
442	-149.879946	0.465000	12.160000
443	-149.839946	0.463000	12.090000
444	-149.819946	0.463000	12.080000
445	-149.779946	0.465000	12.180000
446	-149.759946	0.465000	11.780000
447	-149.729946	0.467000	12.250000
448	-149.679946	0.467000	12.120000
449	-149.589946	0.469000	12.020000
450	-149.509946	0.471000	12.140000
451	-149.489946	0.471000	12.040000
452	-149.469946	0.471000	12.090000
453	-149.439946	0.473000	12.220000
454	-149.279946	0.475000	12.060000
455	-149.189946	0.475000	12.300000
456	-149.049946	0.476000	12.200000
457	-149.019946	0.478000	12.060000
458	-148.579946	0.478000	12.200000
459	-148.279946	0.480000	12.210000
460	-148.079946	0.480000	12.320000
461	-147.929946	0.480000	12.070000
462	-147.919946	0.482000	12.100000
463	-147.879946	0.482000	12.120000
464	-147.839946	0.484000	12.650000
465	-147.659946	0.486000	12.150000
466	-147.619946	0.486000	12.260000
467	-147.559946	0.486000	12.330000
468	-147.529946	0.488000	12.190000
469	-147.369946	0.490000	12.540000
470	-147.359946	0.490000	12.150000
471	-147.339946	0.490000	12.150000
472	-147.319946	0.492000	12.200000
473	-147.229946	0.494000	12.160000
474	-147.159946	0.494000	12.130000
475	-147.069946	0.498000	12.200000
476	-146.989946	0.498000	12.190000
477	-146.989946	0.500000	12.230000
478	-146.789946	0.502000	12.080000
479	-146.779946	0.502000	12.290000
480	-146.589946	0.504000	12.070000
481	-146.519946	0.504000	12.280000
482	-146.459946	0.504000	12.380000
483	-146.419946	0.506000	12.160000
484	-146.379946	0.506000	12.260000
485	-146.319946	0.508000	12.270000
486	-146.299946	0.510000	12.350000
487	-146.279946	0.510000	12.380000
488	-146.249946	0.512000	12.450000
489	-146.069946	0.512000	12.340000
490	-145.919946	0.512000	12.370000
491	-145.769946	0.514000	12.110000
492	-145.709946	0.514000	12.180000
493	-145.679946	0.516000	12.340000
494	-145.669946	0.516000	12.230000
495	-145.599946	0.519000	12.360000
496	-145.589946	0.519000	12.180000
497	-145.489946	0.519000	12.370000
498	-145.369946	0.521000	12.410000
499	-145.349946	0.521000	12.400000
500	-145.339946	0.523000	12.210000
501	-145.329946	0.525000	12.540000
502	-145.209946	0.525000	12.490000
503	-145.199946	0.525000	12.240000
504	-145.059946	0.527000	12.230000
505	-145.009946	0.527000	12.440000
506	-144.789946	0.529000	12.290000
507	-144.779946	0.529000	12.310000
508	-144.779946	0.531000	12.430000
509	-144.769946	0.533000	12.310000
510	-144.729946	0.533000	12.360000
511	-144.709946	0.535000	12.270000
512	-144.599946	0.535000	12.100000
513	-144.579946	0.535000	12.410000
514	-144.439946	0.537000	12.290000
515	-144.299946	0.537000	12.340000
516	-144.289946	0.539000	12.260000
517	-144.249946	0.541000	12.310000
518	-144.179946	0.541000	12.410000
519	-144.169946	0.543000	12.360000
520	-144.159946	0.543000	12.280000
521	-144.159946	0.543000	12.310000
522	-144.129946	0.545000	12.520000
523	-144.109946	0.545000	12.390000
524	-144.059946	0.547000	12.550000
525	-143.609946	0.549000	12.560000
526	-143.599946	0.551000	12.560000
527	-143.559946	0.551000	12.350000
528	-143.289946	0.551000	12.420000
529	-143.279946	0.553000	12.400000
530	-142.569946	0.553000	12.230000
531	-142.539946	0.555000	12.390000
532	-142.539946	0.557000	12.420000
533	-142.409946	0.557000	12.520000
534	-142.379946	0.557000	12.520000
535	-142.369946	0.558000	12.490000
536	-142.209946	0.560000	12.540000
537	-142.119946	0.560000	12.580000
538	-142.079946	0.562000	12.500000
539	-141.979946	0.564000	12.760000
540	-141.939946	0.564000	12.750000
541	-141.939946	0.566000	12.600000
542	-141.939946	0.566000	12.530000
543	-141.919946	0.566000	12.520000
544	-141.859946	0.568000	12.660000
545	-141.789946	0.568000	12.700000
546	-141.769946	0.570000	12.600000
547	-141.649946	0.572000	12.510000
548	-141.639946	0.572000	12.670000
549	-141.639946	0.574000	12.660000
550	-141.629946	0.574000	12.660000
551	-141.469946	0.574000	12.730000
552	-141.429946	0.576000	12.500000
553	-141.409946	0.578000	12.600000
554	-141.409946	0.580000	12.540000
555	-141.349946	0.582000	12.830000
556	-141.279946	0.584000	12.690000
557	-141.279946	0.584000	12.710000
558	-141.119946	0.584000	12.420000
559	-141.109946	0.586000	12.690000
560	-140.979946	0.588000	12.830000
561	-140.829946	0.588000	12.640000
562	-140.789946	0.590000	12.620000
563	-140.689946	0.590000	12.710000
564	-140.269946	0.592000	12.630000
565	-140.199946	0.592000	12.620000
566	-140.089946	0.592000	12.760000
567	-140.089946	0.594000	12.610000
568	-140.029946	0.596000	12.800000
569	-140.009946	0.596000	12.700000
570	-139.939946	0.596000	12.690000
571	-139.919946	0.598000	12.700000
572	-139.919946	0.599000	13.000000
573	-139.779946	0.599000	12.810000
574	-139.699946	0.599000	12.740000
575	-139.679946	0.601000	12.920000
576	-139.659946	0.603000	12.590000
577	-139.619946	0.603000	12.960000
578	-139.609946	0.605000	12.910000
579	-139.569946	0.605000	12.950000
580	-139.549946	0.605000	12.890000
581	-139.489946	0.607000	12.880000
582	-139.489946	0.607000	12.780000
583	-139.379946	0.609000	12.810000
584	-138.759946	0.611000	12.740000
585	-138.679946	0.611000	12.830000
586	-138.659946	0.613000	12.840000
587	-138.559946	0.615000	13.060000
588	-138.229946	0.615000	12.790000
589	-138.199946	0.615000	12.950000
590	-138.019946	0.617000	12.870000
591	-137.989946	0.619000	12.870000
592	-137.979946	0.621000	13.030000
593	-137.959946	0.621000	12.970000
594	-137.839946	0.621000	12.910000
595	-137.819946	0.623000	12.930000
596	-137.819946	0.623000	12.870000
597	-137.809946	0.623000	13.070000
598	-137.659946	0.625000	12.890000
599	-137.609946	0.627000	12.860000
600	-137.569946	0.627000	13.000000
601	-137.559946	0.627000	12.820000
602	-137.409946	0.629000	12.860000
603	-137.369946	0.631000	13.000000
604	-137.189946	0.631000	13.060000
605	-137.129946	0.633000	12.890000
606	-137.029946	0.633000	12.850000
607	-137.019946	0.635000	12.910000
608	-136.959946	0.637000	13.050000
609	-136.829946	0.637000	13.190000
610	-136.519946	0.637000	12.960000
611	-136.459946	0.639000	13.030000
612	-136.439946	0.639000	13.290000
613	-136.279946	0.641000	12.980000
614	-136.239946	0.642000	12.950000
615	-136.229946	0.642000	12.970000
616	-136.159946	0.644000	13.040000
617	-136.149946	0.646000	12.900000
618	-136.139946	0.646000	12.890000
619	-135.919946	0.646000	13.130000
620	-135.869946	0.648000	13.040000
621	-135.859946	0.650000	12.900000
622	-135.779946	0.650000	13.120000
623	-135.749946	0.650000	13.180000
624	-135.749946	0.652000	13.230000
625	-135.709946	0.652000	13.120000
626	-135.579946	0.654000	13.100000
627	-135.499946	0.654000	13.130000
628	-135.379946	0.656000	12.980000
629	-135.279946	0.658000	13.310000
630	-135.259946	0.658000	13.160000
631	-135.099946	0.658000	13.090000
632	-135.099946	0.660000	12.990000
633	-134.919946	0.662000	13.030000
634	-134.749946	0.664000	12.930000
635	-134.709946	0.666000	13.100000
636	-134.609946	0.668000	12.920000
637	-134.459946	0.668000	13.060000
638	-134.389946	0.668000	13.230000
639	-134.379946	0.670000	13.340000
640	-134.369946	0.670000	13.300000
641	-134.329946	0.672000	13.090000
642	-134.189946	0.674000	13.170000
643	-134.189946	0.674000	13.240000
644	-134.109946	0.676000	13.580000
645	-134.109946	0.676000	13.080000
646	-134.109946	0.678000	13.120000
647	-134.069946	0.678000	13.360000
648	-134.029946	0.680000	13.180000
649	-134.029946	0.682000	13.110000
650	-133.979946	0.682000	13.240000
651	-133.979946	0.683000	13.090000
652	-133.899946	0.683000	13.290000
653	-133.889946	0.683000	13.180000
654	-133.819946	0.685000	13.340000
655	-133.689946	0.685000	13.330000
656	-133.639946	0.687000	13.390000
657	-133.589946	0.689000	13.020000
658	-133.549946	0.689000	13.370000
659	-133.549946	0.691000	13.160000
660	-133.509946	0.691000	13.160000
661	-133.359946	0.691000	13.340000
662	-133.359946	0.693000	13.220000
663	-133.089946	0.695000	13.360000
664	-133.019946	0.695000	13.180000
665	-132.999946	0.697000	13.250000
666	-132.879946	0.697000	13.340000
667	-132.869946	0.699000	13.470000
668	-132.659946	0.699000	13.210000
669	-132.399946	0.699000	13.370000
670	-132.369946	0.701000	13.530000
671	-132.299946	0.701000	13.400000
672	-132.139946	0.703000	13.490000
673	-131.989946	0.703000	13.390000
674	-131.979946	0.705000	13.400000
675	-131.839946	0.707000	13.340000
676	-131.809946	0.707000	13.420000
677	-131.739946	0.707000	13.290000
678	-131.609946	0.709000	13.440000
679	-131.559946	0.709000	13.340000
680	-131.539946	0.711000	13.230000
681	-131.439946	0.713000	13.590000
682	-131.409946	0.715000	13.320000
683	-131.409946	0.715000	13.220000
684	-131.379946	0.715000	13.450000
685	-131.349946	0.717000	13.360000
686	-131.229946	0.717000	13.250000
687	-131.109946	0.719000	13.330000
688	-131.079946	0.721000	13.360000
689	-130.979946	0.721000	13.460000
690	-130.979946	0.723000	13.500000
691	-130.879946	0.723000	13.340000
692	-130.609946	0.723000	13.480000
693	-130.579946	0.725000	13.450000
694	-130.569946	0.726000	13.340000
695	-130.419946	0.728000	13.650000
696	-130.239946	0.728000	13.440000
697	-130.179946	0.730000	13.580000
698	-130.109946	0.730000	13.600000
699	-130.069946	0.730000	13.300000
700	-129.999946	0.732000	13.410000
701	-129.609946	0.734000	13.360000
702	-129.589946	0.734000	13.410000
703	-129.319946	0.734000	13.570000
704	-129.279946	0.736000	13.500000
705	-129.229946	0.738000	13.480000
706	-129.079946	0.738000	13.570000
707	-129.029946	0.738000	13.550000
708	-129.019946	0.740000	13.420000
709	-128.999946	0.740000	13.680000
710	-128.989946	0.742000	13.430000
711	-128.909946	0.744000	13.420000
712	-128.819946	0.746000	13.610000
713	-128.749946	0.746000	13.320000
714	-128.719946	0.748000	13.460000
715	-128.689946	0.750000	13.620000
716	-128.559946	0.752000	13.670000
717	-128.449946	0.752000	13.580000
718	-128.449946	0.752000	13.430000
719	-128.419946	0.754000	13.470000
720	-128.409946	0.756000	13.700000
721	-128.369946	0.756000	13.600000
722	-128.349946	0.756000	13.570000
723	-128.349946	0.758000	13.450000
724	-128.339946	0.760000	13.670000
725	-128.249946	0.762000	13.570000
726	-128.229946	0.762000	13.530000
727	-128.179946	0.762000	13.480000
728	-128.129946	0.762000	13.640000
729	-128.119946	0.764000	13.540000
730	-127.689946	0.764000	13.470000
731	-127.629946	0.766000	13.440000
732	-127.589946	0.767000	13.700000
733	-127.589946	0.766000	13.590000
734	-127.449946	0.767000	13.720000
735	-127.249946	0.771000	13.710000
736	-127.189946	0.771000	13.700000
737	-127.129946	0.771000	13.660000
738	-127.079946	0.773000	13.640000
739	-127.059946	0.775000	13.780000
740	-126.919946	0.775000	13.810000
741	-126.819946	0.777000	13.930000
742	-126.789946	0.777000	13.710000
743	-126.729946	0.779000	13.790000
744	-126.689946	0.779000	13.770000
745	-126.439946	0.779000	13.730000
746	-126.319946	0.781000	13.810000
747	-126.299946	0.783000	13.750000
748	-126.139946	0.783000	13.800000
749	-126.119946	0.783000	13.800000
750	-125.889946	0.785000	13.780000
751	-125.869946	0.787000	13.880000
752	-125.869946	0.787000	13.790000
753	-125.659946	0.787000	13.730000
754	-125.599946	0.791000	13.820000
755	-125.519946	0.791000	13.870000
756	-125.419946	0.793000	13.840000
757	-125.399946	0.793000	13.810000
758	-125.369946	0.793000	13.820000
759	-125.239946	0.795000	13.580000
760	-125.189946	0.795000	13.750000
761	-125.169946	0.797000	13.830000
762	-125.169946	0.799000	13.750000
763	-125.109946	0.799000	13.750000
764	-124.909946	0.799000	13.840000
765	-124.749946	0.801000	13.670000
766	-124.719946	0.803000	13.940000
767	-124.609946	0.803000	13.950000
768	-124.529946	0.803000	13.940000
769	-124.489946	0.805000	13.770000
770	-124.449946	0.807000	13.750000
771	-124.399946	0.807000	14.020000
772	-124.379946	0.808000	13.810000
773	-124.339946	0.808000	14.090000
774	-124.179946	0.810000	13.830000
775	-124.169946	0.810000	13.840000
776	-124.049946	0.810000	13.910000
777	-124.019946	0.812000	13.800000
778	-123.859946	0.814000	14.040000
779	-123.849946	0.814000	13.970000
780	-123.839946	0.814000	13.990000
781	-123.699946	0.816000	13.850000
782	-123.549946	0.818000	13.980000
783	-123.539946	0.818000	14.050000
784	-123.529946	0.818000	14.060000
785	-123.509946	0.820000	14.010000
786	-123.499946	0.822000	13.970000
787	-123.349946	0.822000	13.990000
788	-123.239946	0.824000	14.120000
789	-123.159946	0.824000	14.010000
790	-123.099946	0.824000	13.970000
791	-123.069946	0.826000	13.960000
792	-122.929946	0.828000	14.020000
793	-122.829946	0.828000	14.010000
794	-122.799946	0.832000	14.010000
795	-122.739946	0.832000	14.100000
796	-122.579946	0.834000	13.910000
797	-122.519946	0.834000	14.090000
798	-122.329946	0.836000	14.060000
799	-122.149946	0.838000	13.970000
800	-121.929946	0.838000	14.100000
801	-121.839946	0.840000	14.070000
802	-121.839946	0.840000	14.150000
803	-121.779946	0.840000	14.170000
804	-121.629946	0.842000	14.200000
805	-121.489946	0.844000	13.990000
806	-121.359946	0.846000	14.100000
807	-121.279946	0.846000	14.220000
808	-121.259946	0.848000	14.210000
809	-121.229946	0.848000	14.090000
810	-121.229946	0.848000	14.140000
811	-121.209946	0.849000	14.210000
812	-121.139946	0.849000	14.260000
813	-121.039946	0.851000	14.130000
814	-121.009946	0.853000	14.190000
815	-120.979946	0.855000	14.140000
816	-120.959946	0.855000	14.080000
817	-120.959946	0.855000	14.060000
818	-120.919946	0.857000	14.060000
819	-120.919946	0.857000	14.260000
820	-120.919946	0.859000	14.170000
821	-120.869946	0.861000	14.220000
822	-120.859946	0.861000	14.340000
823	-120.789946	0.861000	14.110000
824	-120.549946	0.863000	14.090000
825	-120.449946	0.863000	14.160000
826	-120.229946	0.865000	14.170000
827	-120.019946	0.865000	14.250000
828	-119.989946	0.867000	14.370000
829	-119.919946	0.869000	14.360000
830	-119.879946	0.869000	14.260000
831	-119.869946	0.871000	14.320000
832	-119.769946	0.871000	14.260000
833	-119.679946	0.871000	14.290000
834	-119.489946	0.873000	14.160000
835	-119.199946	0.873000	14.340000
836	-119.189946	0.875000	14.200000
837	-119.169946	0.877000	14.210000
838	-119.159946	0.877000	14.280000
839	-119.159946	0.879000	14.310000
840	-119.129946	0.879000	14.320000
841	-118.959946	0.881000	14.320000
842	-118.879946	0.881000	14.340000
843	-118.879946	0.881000	14.210000
844	-118.739946	0.883000	14.260000
845	-118.709946	0.885000	14.340000
846	-118.699946	0.885000	14.290000
847	-118.649946	0.887000	14.230000
848	-118.439946	0.887000	14.240000
849	-118.129946	0.887000	14.460000
850	-118.129946	0.889000	14.090000
851	-118.089946	0.889000	14.110000
852	-118.039946	0.891000	14.290000
853	-118.019946	0.892000	14.380000
854	-118.009946	0.892000	14.520000
855	-117.939946	0.894000	14.380000
856	-117.829946	0.894000	14.340000
857	-117.739946	0.896000	14.370000
858	-117.699946	0.896000	14.300000
859	-117.669946	0.898000	14.250000
860	-117.659946	0.900000	14.340000
861	-117.609946	0.900000	14.490000
862	-117.609946	0.902000	14.200000
863	-117.549946	0.902000	14.380000
864	-117.439946	0.902000	14.460000
865	-117.409946	0.904000	14.390000
866	-117.369946	0.904000	14.450000
867	-117.219946	0.906000	14.500000
868	-117.169946	0.908000	14.290000
869	-117.129946	0.908000	14.350000
870	-117.049946	0.910000	14.350000
871	-116.899946	0.910000	14.470000
872	-116.739946	0.912000	14.630000
873	-116.719946	0.914000	14.540000
874	-116.639946	0.914000	14.520000
875	-116.569946	0.916000	14.340000
876	-116.429946	0.918000	14.440000
877	-116.429946	0.918000	14.560000
878	-116.379946	0.918000	14.400000
879	-116.339946	0.920000	14.680000
880	-116.259946	0.920000	14.600000
881	-116.209946	0.922000	14.410000
882	-116.089946	0.924000	14.550000
883	-115.949946	0.924000	14.430000
884	-115.919946	0.924000	14.670000
885	-115.829946	0.928000	14.560000
886	-115.739946	0.928000	14.750000
887	-115.629946	0.928000	14.710000
888	-115.589946	0.930000	14.490000
889	-115.419946	0.932000	14.590000
890	-115.359946	0.932000	14.610000
891	-115.219946	0.933000	14.550000
892	-115.039946	0.933000	14.550000
893	-114.919946	0.935000	14.640000
894	-114.909946	0.935000	14.570000
895	-114.869946	0.935000	14.370000
896	-114.799946	0.937000	14.690000
897	-114.599946	0.939000	14.450000
898	-114.589946	0.939000	14.700000
899	-114.559946	0.939000	14.740000
900	-114.519946	0.941000	14.550000
901	-114.509946	0.943000	14.780000
902	-114.419946	0.943000	14.670000
903	-114.409946	0.943000	14.560000
904	-114.369946	0.945000	14.550000
905	-114.359946	0.947000	14.600000
906	-114.269946	0.949000	14.500000
907	-114.269946	0.949000	14.700000
908	-114.199946	0.949000	14.490000
909	-114.129946	0.951000	14.710000
910	-113.989946	0.951000	14.320000
911	-113.979946	0.953000	14.630000
912	-113.729946	0.955000	14.650000
913	-113.559946	0.955000	13.450000
914	-113.559946	0.955000	13.430000
915	-113.539946	0.957000	13.400000
916	-113.509946	0.959000	14.660000
917	-113.419946	0.959000	13.430000
918	-113.339946	0.959000	13.460000
919	-113.339946	0.961000	13.520000
920	-113.089946	0.963000	13.510000
921	-113.079946	0.963000	13.220000
922	-113.059946	0.965000	13.260000
923	-113.019946	0.965000	13.570000
924	-112.949946	0.967000	13.400000
925	-112.919946	0.967000	13.290000
926	-112.759946	0.967000	13.420000
927	-112.679946	0.969000	13.370000
928	-112.609946	0.971000	13.430000
929	-112.569946	0.971000	13.570000
930	-112.559946	0.971000	13.390000
931	-112.519946	0.973000	13.420000
932	-112.449946	0.975000	13.310000
933	-112.369946	0.975000	13.410000
934	-112.099946	0.975000	13.320000
935	-112.079946	0.976000	13.320000
936	-111.809946	0.978000	13.580000
937	-111.539946	0.978000	13.430000
938	-111.529946	0.980000	13.550000
939	-111.529946	0.980000	13.720000
940	-111.529946	0.980000	13.470000
941	-111.499946	0.982000	13.480000
942	-111.469946	0.982000	13.590000
943	-111.409946	0.984000	13.540000
944	-111.399946	0.986000	13.420000
945	-111.349946	0.986000	13.530000
946	-111.309946	0.986000	13.620000
947	-111.169946	0.988000	13.500000
948	-111.019946	0.990000	13.710000
949	-110.979946	0.990000	13.620000
950	-110.879946	0.990000	13.610000
951	-110.879946	0.992000	13.620000
952	-110.799946	0.994000	13.500000
953	-110.699946	0.994000	13.500000
954	-110.599946	0.996000	13.710000
955	-110.569946	0.998000	13.580000
956	-110.499946	1.000000	13.870000
957	-110.489946	1.000000	13.680000
958	-110.419946	1.002000	13.500000
959	-110.369946	1.000000	13.490000
960	-110.049946	1.004000	13.590000
961	-109.719946	1.004000	13.620000
962	-109.719946	1.006000	13.580000
963	-109.719946	1.006000	13.630000
964	-109.719946	1.006000	13.430000
965	-109.659946	1.008000	13.830000
966	-109.589946	1.008000	13.830000
967	-109.589946	1.010000	13.710000
968	-109.519946	1.012000	13.860000
969	-109.199946	1.012000	13.710000
970	-109.199946	1.012000	13.630000
971	-109.169946	1.014000	13.660000
972	-109.139946	1.014000	13.720000
973	-109.069946	1.016000	13.720000
974	-108.979946	1.017000	13.610000
975	-108.939946	1.017000	13.920000
976	-108.909946	1.019000	13.630000
977	-108.879946	1.019000	13.740000
978	-108.849946	1.019000	13.820000
979	-108.779946	1.021000	13.740000
980	-108.719946	1.021000	13.910000
981	-108.679946	1.023000	13.880000
982	-108.559946	1.023000	13.710000
983	-108.489946	1.027000	13.980000
984	-108.429946	1.027000	13.810000
985	-108.359946	1.027000	14.010000
986	-108.359946	1.027000	13.830000
987	-108.299946	1.029000	13.650000
988	-108.289946	1.029000	13.750000
989	-108.129946	1.031000	13.660000
990	-108.069946	1.033000	13.860000
991	-107.909946	1.033000	13.940000
992	-107.779946	1.035000	13.780000
993	-107.739946	1.035000	13.670000
994	-107.549946	1.035000	13.930000
995	-107.519946	1.037000	13.850000
996	-107.419946	1.037000	14.080000
997	-107.289946	1.039000	13.980000
998	-107.289946	1.039000	13.870000
999	-107.289946	1.041000	13.760000
1000	-107.259946	1.043000	13.970000
1001	-106.999946	1.043000	14.070000
1002	-106.969946	1.043000	13.970000
1003	-106.799946	1.045000	14.140000
1004	-106.799946	1.045000	13.990000
1005	-106.769946	1.047000	13.890000
1006	-106.709946	1.049000	14.010000
1007	-106.669946	1.049000	14.000000
1008	-106.549946	1.051000	14.100000
1009	-106.509946	1.051000	14.030000
1010	-106.399946	1.051000	13.890000
1011	-106.379946	1.053000	13.940000
1012	-106.289946	1.053000	13.900000
1013	-106.249946	1.055000	13.890000
1014	-106.219946	1.055000	13.950000
1015	-106.089946	1.057000	14.080000
1016	-106.089946	1.058000	13.950000
1017	-106.059946	1.058000	13.840000
1018	-105.969946	1.058000	13.880000
1019	-105.899946	1.060000	13.820000
1020	-105.839946	1.062000	14.130000
1021	-105.829946	1.064000	13.950000
1022	-105.609946	1.064000	13.960000
1023	-105.379946	1.066000	14.140000
1024	-105.219946	1.066000	14.010000
1025	-105.109946	1.066000	14.140000
1026	-104.799946	1.068000	13.930000
1027	-104.659946	1.068000	14.120000
1028	-104.539946	1.070000	14.080000
1029	-104.379946	1.072000	13.980000
1030	-104.349946	1.072000	14.040000
1031	-104.339946	1.074000	14.150000
1032	-104.339946	1.074000	14.090000
1033	-104.149946	1.074000	13.940000
1034	-104.149946	1.076000	13.960000
1035	-103.889946	1.080000	14.290000
1036	-103.819946	1.078000	14.060000
1037	-103.779946	1.078000	14.220000
1038	-103.639946	1.082000	13.920000
1039	-103.629946	1.084000	14.010000
1040	-103.619946	1.084000	14.020000
1041	-103.409946	1.086000	14.090000
1042	-103.279946	1.088000	14.280000
1043	-103.109946	1.088000	14.000000
1044	-102.959946	1.090000	14.240000
1045	-102.949946	1.090000	14.080000
1046	-102.799946	1.090000	14.180000
1047	-102.719946	1.092000	14.070000
1048	-102.649946	1.092000	14.050000
1049	-102.589946	1.094000	14.070000
1050	-102.559946	1.096000	14.200000
1051	-102.519946	1.096000	14.160000
1052	-102.499946	1.096000	14.090000
1053	-102.389946	1.098000	14.070000
1054	-102.379946	1.099000	14.050000
1055	-102.319946	1.099000	14.240000
1056	-102.159946	1.099000	14.110000
1057	-102.129946	1.101000	14.210000
1058	-102.129946	1.103000	14.290000
1059	-102.069946	1.103000	14.110000
1060	-102.019946	1.105000	14.100000
1061	-101.989946	1.105000	14.280000
1062	-101.899946	1.105000	14.130000
1063	-101.709946	1.107000	14.010000
1064	-101.689946	1.107000	14.220000
1065	-101.669946	1.109000	14.170000
1066	-101.549946	1.111000	14.080000
1067	-101.529946	1.111000	14.100000
1068	-101.489946	1.111000	14.070000
1069	-101.469946	1.113000	14.210000
1070	-101.409946	1.115000	14.250000
1071	-101.389946	1.115000	14.080000
1072	-101.149946	1.115000	14.290000
1073	-101.049946	1.117000	14.120000
1074	-100.899946	1.119000	14.420000
1075	-100.859946	1.121000	14.210000
1076	-100.849946	1.121000	14.190000
1077	-100.789946	1.121000	14.200000
1078	-100.699946	1.121000	14.280000
1079	-100.659946	1.123000	14.230000
1080	-100.499946	1.125000	14.360000
1081	-100.429946	1.127000	14.120000
1082	-100.339946	1.127000	14.240000
1083	-100.339946	1.127000	14.420000
1084	-100.209946	1.129000	14.410000
1085	-100.199946	1.131000	14.260000
1086	-100.189946	1.131000	14.360000
1087	-100.189946	1.131000	14.340000
1088	-100.169946	1.133000	14.270000
1089	-100.089946	1.135000	14.490000
1090	-100.079946	1.135000	14.420000
1091	-100.069946	1.137000	14.320000
1092	-99.979946	1.137000	14.230000
1093	-99.879946	1.137000	14.280000
1094	-99.849946	1.139000	14.360000
1095	-99.819946	1.139000	14.370000
1096	-99.699946	1.141000	14.520000
1097	-99.639946	1.141000	14.540000
1098	-99.599946	1.142000	14.390000
1099	-99.429946	1.144000	14.270000
1100	-99.329946	1.146000	14.430000
1101	-99.229946	1.146000	14.420000
1102	-99.199946	1.146000	14.450000
1103	-99.049946	1.148000	14.520000
1104	-98.759946	1.150000	14.450000
1105	-98.699946	1.150000	14.110000
1106	-98.559946	1.152000	14.310000
1107	-98.509946	1.152000	14.460000
1108	-98.499946	1.152000	14.440000
1109	-98.459946	1.154000	14.480000
1110	-98.429946	1.154000	14.550000
1111	-98.339946	1.156000	14.420000
1112	-98.329946	1.158000	14.480000
1113	-98.179946	1.158000	14.420000
1114	-98.049946	1.158000	14.520000
1115	-97.999946	1.160000	14.490000
1116	-97.969946	1.162000	14.500000
1117	-97.839946	1.164000	14.410000
1118	-97.819946	1.164000	14.430000
1119	-97.819946	1.166000	14.480000
1120	-97.739946	1.166000	14.630000
1121	-97.679946	1.168000	14.390000
1122	-97.649946	1.168000	14.450000
1123	-97.629946	1.170000	14.500000
1124	-97.569946	1.170000	14.500000
1125	-97.309946	1.172000	14.470000
1126	-97.269946	1.174000	14.530000
1127	-97.099946	1.174000	14.490000
1128	-97.099946	1.176000	14.490000
1129	-96.969946	1.176000	14.590000
1130	-96.769946	1.178000	14.340000
1131	-96.449946	1.178000	14.540000
1132	-96.249946	1.178000	14.430000
1133	-96.139946	1.180000	14.750000
1134	-96.039946	1.180000	14.640000
1135	-95.999946	1.183000	14.640000
1136	-95.979946	1.183000	14.590000
1137	-95.919946	1.183000	14.550000
1138	-95.859946	1.183000	14.600000
1139	-95.809946	1.185000	14.690000
1140	-95.809946	1.187000	14.630000
1141	-95.759946	1.189000	14.690000
1142	-95.749946	1.189000	14.560000
1143	-95.739946	1.191000	14.650000
1144	-95.609946	1.191000	14.670000
1145	-95.579946	1.191000	14.570000
1146	-95.569946	1.193000	14.580000
1147	-95.519946	1.193000	14.540000
1148	-95.489946	1.195000	14.530000
1149	-95.459946	1.195000	14.550000
1150	-95.359946	1.199000	14.770000
1151	-95.199946	1.199000	14.550000
1152	-95.029946	1.199000	14.800000
1153	-94.969946	1.201000	14.730000
1154	-94.929946	1.201000	14.430000
1155	-94.909946	1.203000	14.690000
1156	-94.899946	1.205000	14.760000
1157	-94.829946	1.205000	14.800000
1158	-94.829946	1.207000	14.740000
1159	-94.609946	1.207000	14.690000
1160	-94.379946	1.207000	14.710000
1161	-94.369946	1.209000	14.620000
1162	-94.329946	1.209000	14.890000
1163	-94.289946	1.211000	14.980000
1164	-94.279946	1.213000	14.670000
1165	-94.169946	1.213000	14.640000
1166	-94.049946	1.215000	14.640000
1167	-94.049946	1.215000	14.800000
1168	-94.009946	1.215000	14.690000
1169	-93.999946	1.217000	14.700000
1170	-93.979946	1.219000	14.730000
1171	-93.929946	1.219000	14.720000
1172	-93.839946	1.221000	14.710000
1173	-93.819946	1.221000	14.770000
1174	-93.699946	1.223000	14.770000
1175	-93.569946	1.223000	14.720000
1176	-93.479946	1.223000	14.880000
1177	-93.179946	1.225000	14.840000
1178	-93.129946	1.225000	14.820000
1179	-93.079946	1.226000	14.920000
1180	-93.019946	1.226000	14.750000
1181	-92.929946	1.228000	14.890000
1182	-92.639946	1.230000	14.730000
1183	-92.559946	1.230000	14.900000
1184	-92.479946	1.230000	14.940000
1185	-92.409946	1.232000	14.880000
1186	-92.309946	1.232000	14.770000
1187	-92.229946	1.234000	14.970000
1188	-92.199946	1.236000	15.020000
1189	-92.169946	1.236000	14.970000
1190	-92.139946	1.238000	14.890000
1191	-92.119946	1.238000	14.790000
1192	-92.049946	1.240000	15.130000
1193	-92.029946	1.240000	14.790000
1194	-91.909946	1.242000	14.990000
1195	-91.879946	1.244000	14.790000
1196	-91.859946	1.244000	15.050000
1197	-91.859946	1.246000	14.940000
1198	-91.789946	1.248000	14.880000
1199	-91.689946	1.248000	14.920000
1200	-91.639946	1.250000	14.910000
1201	-91.399946	1.252000	15.030000
1202	-91.399946	1.252000	14.990000
1203	-91.339946	1.252000	14.840000
1204	-91.279946	1.254000	14.950000
1205	-91.219946	1.256000	14.930000
1206	-91.079946	1.256000	15.000000
1207	-90.929946	1.256000	14.990000
1208	-90.859946	1.258000	15.100000
1209	-90.839946	1.262000	14.800000
1210	-90.809946	1.260000	15.210000
1211	-90.799946	1.262000	14.890000
1212	-90.709946	1.262000	15.090000
1213	-90.599946	1.264000	15.060000
1214	-90.419946	1.264000	15.130000
1215	-90.279946	1.266000	15.150000
1216	-90.239946	1.267000	15.060000
1217	-90.139946	1.267000	15.030000
1218	-90.129946	1.267000	14.810000
1219	-90.029946	1.269000	15.140000
1220	-89.949946	1.271000	15.090000
1221	-89.859946	1.271000	15.090000
1222	-89.789946	1.271000	15.140000
1223	-89.569946	1.273000	15.100000
1224	-89.549946	1.275000	15.090000
1225	-89.459946	1.275000	15.150000
1226	-89.459946	1.277000	15.020000
1227	-89.399946	1.277000	15.210000
1228	-89.399946	1.279000	15.220000
1229	-89.379946	1.279000	15.160000
1230	-89.329946	1.279000	15.130000
1231	-89.039946	1.283000	15.220000
1232	-88.959946	1.283000	15.140000
1233	-88.869946	1.283000	15.080000
1234	-88.779946	1.285000	15.160000
1235	-88.549946	1.287000	15.170000
1236	-88.549946	1.287000	15.290000
1237	-88.499946	1.287000	15.150000
1238	-88.239946	1.289000	15.030000
1239	-88.229946	1.291000	15.120000
1240	-88.159946	1.291000	15.360000
1241	-87.989946	1.293000	15.160000
1242	-87.959946	1.293000	15.360000
1243	-87.899946	1.293000	15.100000
1244	-87.809946	1.295000	15.460000
1245	-87.789946	1.295000	15.230000
1246	-87.669946	1.297000	15.080000
1247	-87.599946	1.299000	15.220000
1248	-87.539946	1.297000	15.310000
1249	-87.499946	1.297000	15.460000
1250	-87.479946	1.303000	15.370000
1251	-87.469946	1.303000	14.910000
1252	-87.449946	1.303000	15.110000
1253	-87.239946	1.305000	15.340000
1254	-87.209946	1.307000	15.330000
1255	-87.199946	1.307000	15.360000
1256	-87.159946	1.308000	15.240000
1257	-87.089946	1.308000	15.300000
1258	-87.029946	1.308000	15.430000
1259	-87.019946	1.310000	15.350000
1260	-87.019946	1.312000	15.220000
1261	-86.869946	1.314000	15.390000
1262	-86.529946	1.314000	15.330000
1263	-86.519946	1.314000	15.250000
1264	-86.429946	1.316000	15.460000
1265	-86.349946	1.318000	15.360000
1266	-86.289946	1.318000	15.540000
1267	-86.169946	1.318000	15.230000
1268	-85.969946	1.320000	15.370000
1269	-85.929946	1.322000	15.400000
1270	-85.849946	1.324000	15.410000
1271	-85.809946	1.324000	15.330000
1272	-85.769946	1.324000	15.270000
1273	-85.769946	1.326000	15.300000
1274	-85.719946	1.326000	15.350000
1275	-85.689946	1.330000	15.370000
1276	-85.589946	1.332000	15.570000
1277	-85.499946	1.332000	15.380000
1278	-85.499946	1.334000	15.490000
1279	-85.429946	1.334000	15.300000
1280	-85.419946	1.334000	15.440000
1281	-85.379946	1.336000	15.340000
1282	-85.339946	1.338000	15.430000
1283	-85.209946	1.338000	15.480000
1284	-85.139946	1.340000	15.220000
1285	-85.129946	1.340000	15.250000
1286	-84.889946	1.340000	15.280000
1287	-84.819946	1.342000	15.340000
1288	-84.779946	1.342000	15.320000
1289	-84.509946	1.344000	15.580000
1290	-84.439946	1.346000	15.530000
1291	-84.429946	1.348000	15.470000
1292	-84.289946	1.348000	15.300000
1293	-84.239946	1.348000	15.530000
1294	-84.229946	1.349000	15.520000
1295	-84.179946	1.349000	15.380000
1296	-84.169946	1.351000	15.470000
1297	-84.159946	1.353000	15.420000
1298	-83.999946	1.353000	15.510000
1299	-83.959946	1.355000	15.610000
1300	-83.939946	1.355000	15.450000
1301	-83.939946	1.357000	15.410000
1302	-83.879946	1.357000	15.520000
1303	-83.829946	1.359000	15.500000
1304	-83.429946	1.361000	15.470000
1305	-83.419946	1.361000	15.600000
1306	-83.409946	1.363000	15.460000
1307	-83.219946	1.363000	15.500000
1308	-83.209946	1.363000	15.480000
1309	-83.149946	1.365000	15.340000
1310	-83.139946	1.365000	15.480000
1311	-83.069946	1.367000	15.760000
1312	-83.059946	1.369000	15.520000
1313	-83.029946	1.369000	15.550000
1314	-82.899946	1.371000	15.460000
1315	-82.839946	1.371000	15.680000
1316	-82.739946	1.371000	15.580000
1317	-82.729946	1.373000	15.450000
1318	-82.729946	1.373000	15.570000
1319	-82.589946	1.375000	15.680000
1320	-82.529946	1.377000	15.580000
1321	-82.509946	1.377000	15.560000
1322	-82.489946	1.379000	15.760000
1323	-82.459946	1.379000	15.650000
1324	-82.319946	1.379000	15.700000
1325	-82.159946	1.381000	15.700000
1326	-82.149946	1.381000	15.720000
1327	-82.099946	1.383000	15.580000
1328	-81.869946	1.383000	15.680000
1329	-81.699946	1.387000	15.640000
1330	-80.609946	1.387000	15.750000
1331	-80.499946	1.387000	15.740000
1332	-80.359946	1.389000	15.820000
1333	-80.349946	1.389000	15.500000
1334	-80.339946	1.391000	15.610000
1335	-80.329946	1.392000	15.880000
1336	-80.179946	1.392000	15.730000
1337	-80.149946	1.394000	15.910000
1338	-80.129946	1.394000	15.610000
1339	-79.929946	1.394000	15.650000
1340	-79.929946	1.396000	15.660000
1341	-79.809946	1.396000	15.680000
1342	-79.769946	1.398000	15.940000
1343	-79.749946	1.398000	15.600000
1344	-79.699946	1.402000	15.840000
1345	-79.689946	1.402000	15.840000
1346	-79.689946	1.402000	15.730000
1347	-79.629946	1.402000	15.880000
1348	-79.569946	1.404000	15.670000
1349	-79.549946	1.406000	15.760000
1350	-79.379946	1.408000	15.790000
1351	-79.349946	1.408000	16.030000
1352	-79.309946	1.410000	15.950000
1353	-79.259946	1.410000	15.840000
1354	-79.249946	1.410000	15.670000
1355	-79.149946	1.414000	15.760000
1356	-79.069946	1.416000	15.650000
1357	-79.049946	1.416000	15.910000
1358	-78.969946	1.416000	15.690000
1359	-78.959946	1.418000	15.660000
1360	-78.939946	1.418000	15.620000
1361	-78.799946	1.420000	15.860000
1362	-78.769946	1.420000	15.650000
1363	-78.749946	1.422000	15.790000
1364	-78.709946	1.424000	15.720000
1365	-78.629946	1.424000	15.830000
1366	-78.549946	1.424000	15.870000
1367	-78.509946	1.426000	15.950000
1368	-78.379946	1.428000	15.930000
1369	-78.089946	1.428000	15.930000
1370	-78.079946	1.430000	15.720000
1371	-78.049946	1.432000	15.920000
1372	-78.049946	1.432000	15.980000
1373	-77.979946	1.433000	15.770000
1374	-77.959946	1.433000	15.870000
1375	-77.939946	1.433000	15.880000
1376	-77.819946	1.435000	15.880000
1377	-77.809946	1.435000	15.920000
1378	-77.629946	1.437000	15.910000
1379	-77.619946	1.439000	15.890000
1380	-77.609946	1.439000	15.770000
1381	-77.589946	1.439000	15.850000
1382	-77.509946	1.441000	15.940000
1383	-77.379946	1.443000	15.980000
1384	-77.369946	1.443000	15.970000
1385	-77.349946	1.443000	15.840000
1386	-77.349946	1.445000	15.840000
1387	-77.279946	1.445000	15.870000
1388	-77.259946	1.449000	15.930000
1389	-77.109946	1.447000	15.940000
1390	-77.069946	1.449000	15.960000
1391	-77.019946	1.449000	16.060000
1392	-76.699946	1.451000	15.810000
1393	-76.619946	1.451000	16.010000
1394	-76.579946	1.453000	16.000000
1395	-76.429946	1.455000	15.810000
1396	-76.299946	1.455000	16.100000
1397	-76.229946	1.455000	16.020000
1398	-76.209946	1.457000	16.140000
1399	-76.159946	1.459000	15.990000
1400	-76.099946	1.459000	15.980000
1401	-75.989946	1.461000	15.980000
1402	-75.579946	1.463000	15.960000
1403	-75.509946	1.463000	16.240000
1404	-75.419946	1.465000	16.020000
1405	-75.179946	1.465000	16.190000
1406	-75.149946	1.465000	16.060000
1407	-75.099946	1.467000	16.160000
1408	-75.059946	1.467000	16.110000
1409	-75.059946	1.469000	16.040000
1410	-75.009946	1.471000	16.150000
1411	-74.949946	1.471000	16.050000
1412	-74.899946	1.471000	16.070000
1413	-74.869946	1.473000	16.000000
1414	-74.759946	1.475000	16.330000
1415	-74.679946	1.475000	16.140000
1416	-74.609946	1.475000	16.110000
1417	-74.609946	1.476000	16.100000
1418	-74.539946	1.478000	16.260000
1419	-74.539946	1.478000	16.110000
1420	-74.519946	1.478000	16.210000
1421	-74.229946	1.480000	16.230000
1422	-74.209946	1.480000	15.900000
1423	-74.189946	1.482000	16.130000
1424	-73.879946	1.482000	16.240000
1425	-73.809946	1.484000	16.130000
1426	-73.739946	1.486000	16.040000
1427	-73.709946	1.486000	16.170000
1428	-73.489946	1.488000	16.050000
1429	-73.269946	1.488000	16.100000
1430	-73.249946	1.490000	16.410000
1431	-73.159946	1.490000	16.200000
1432	-73.049946	1.490000	16.340000
1433	-73.029946	1.492000	16.200000
1434	-72.929946	1.494000	16.190000
1435	-72.909946	1.494000	16.200000
1436	-72.899946	1.496000	16.120000
1437	-72.829946	1.498000	16.060000
1438	-72.799946	1.500000	16.210000
1439	-72.639946	1.500000	16.180000
1440	-72.609946	1.502000	16.460000
1441	-72.599946	1.504000	16.330000
1442	-72.559946	1.504000	16.060000
1443	-72.509946	1.504000	16.170000
1444	-72.469946	1.506000	16.310000
1445	-72.469946	1.506000	16.180000
1446	-72.449946	1.508000	16.370000
1447	-72.419946	1.510000	16.360000
1448	-72.319946	1.510000	16.100000
1449	-72.279946	1.512000	16.230000
1450	-72.269946	1.512000	16.150000
1451	-72.219946	1.514000	16.240000
1452	-72.119946	1.514000	16.370000
1453	-72.089946	1.516000	16.170000
1454	-72.019946	1.517000	16.230000
1455	-71.849946	1.517000	16.230000
1456	-71.639946	1.519000	16.380000
1457	-71.469946	1.519000	16.640000
1458	-71.429946	1.519000	16.190000
1459	-71.319946	1.523000	16.300000
1460	-71.219946	1.523000	16.360000
1461	-71.189946	1.525000	16.340000
1462	-71.169946	1.525000	16.210000
1463	-71.149946	1.527000	16.140000
1464	-71.139946	1.527000	16.360000
1465	-71.119946	1.527000	16.310000
1466	-71.019946	1.529000	16.470000
1467	-70.989946	1.529000	16.470000
1468	-70.889946	1.531000	16.480000
1469	-70.809946	1.531000	16.460000
1470	-70.689946	1.533000	16.440000
1471	-70.549946	1.535000	16.340000
1472	-70.529946	1.535000	16.380000
1473	-70.529946	1.535000	16.450000
1474	-70.529946	1.537000	16.420000
1475	-70.499946	1.537000	16.440000
1476	-70.469946	1.539000	16.260000
1477	-70.439946	1.539000	16.420000
1478	-70.259946	1.541000	16.360000
1479	-70.059946	1.543000	16.360000
1480	-69.659946	1.543000	16.460000
1481	-69.659946	1.545000	16.480000
1482	-69.519946	1.545000	16.330000
1483	-69.509946	1.547000	16.400000
1484	-69.499946	1.549000	16.280000
1485	-69.469946	1.549000	16.500000
1486	-69.449946	1.551000	16.620000
1487	-69.429946	1.551000	16.510000
1488	-69.389946	1.551000	16.550000
1489	-69.379946	1.553000	16.410000
1490	-69.349946	1.553000	16.550000
1491	-69.339946	1.555000	16.450000
1492	-69.269946	1.557000	16.610000
1493	-69.179946	1.557000	16.440000
1494	-69.109946	1.558000	16.490000
1495	-69.069946	1.558000	16.460000
1496	-68.929946	1.558000	16.530000
1497	-68.889946	1.560000	16.420000
1498	-68.729946	1.560000	16.530000
1499	-68.679946	1.562000	16.580000
1500	-68.679946	1.564000	16.640000
1501	-68.609946	1.564000	16.630000
1502	-68.569946	1.566000	16.580000
1503	-68.529946	1.566000	16.520000
1504	-68.519946	1.566000	16.470000
1505	-68.379946	1.568000	16.500000
1506	-68.069946	1.568000	16.600000
1507	-68.059946	1.570000	16.520000
1508	-67.999946	1.572000	16.540000
1509	-67.999946	1.572000	16.460000
1510	-67.889946	1.572000	16.600000
1511	-67.879946	1.574000	16.660000
1512	-67.719946	1.574000	16.430000
1513	-67.559946	1.576000	16.570000
1514	-67.209946	1.580000	16.700000
1515	-67.019946	1.580000	16.590000
1516	-66.999946	1.580000	16.440000
1517	-66.949946	1.582000	16.700000
1518	-66.839946	1.584000	16.590000
1519	-66.819946	1.584000	16.570000
1520	-66.769946	1.584000	16.620000
1521	-66.639946	1.586000	16.520000
1522	-66.589946	1.588000	16.700000
1523	-66.499946	1.588000	16.530000
1524	-66.489946	1.590000	16.690000
1525	-66.479946	1.590000	16.730000
1526	-66.469946	1.590000	16.730000
1527	-66.429946	1.592000	16.720000
1528	-66.329946	1.592000	16.580000
1529	-66.309946	1.594000	16.660000
1530	-66.269946	1.596000	16.850000
1531	-66.159946	1.596000	16.680000
1532	-66.109946	1.598000	16.660000
1533	-66.039946	1.598000	16.800000
1534	-65.959946	1.599000	16.630000
1535	-65.909946	1.599000	16.730000
1536	-65.749946	1.599000	16.880000
1537	-65.619946	1.601000	16.740000
1538	-65.499946	1.603000	16.740000
1539	-65.469946	1.603000	16.870000
1540	-65.449946	1.603000	16.740000
1541	-65.369946	1.605000	16.740000
1542	-65.359946	1.605000	16.700000
1543	-65.349946	1.607000	16.850000
1544	-65.279946	1.607000	16.820000
1545	-65.269946	1.609000	16.770000
1546	-65.159946	1.611000	16.800000
1547	-64.989946	1.611000	16.810000
1548	-64.979946	1.611000	16.850000
1549	-64.889946	1.613000	16.820000
1550	-64.879946	1.615000	16.790000
1551	-64.789946	1.615000	16.850000
1552	-64.789946	1.617000	16.730000
1553	-64.689946	1.619000	16.690000
1554	-64.659946	1.619000	17.010000
1555	-64.649946	1.621000	16.580000
1556	-64.589946	1.621000	16.940000
1557	-64.479946	1.621000	16.890000
1558	-64.449946	1.623000	16.750000
1559	-64.429946	1.623000	16.680000
1560	-64.389946	1.625000	16.790000
1561	-64.229946	1.627000	17.060000
1562	-64.149946	1.627000	16.990000
1563	-64.009946	1.629000	17.070000
1564	-63.939946	1.631000	16.610000
1565	-63.889946	1.631000	16.900000
1566	-63.659946	1.631000	16.980000
1567	-63.599946	1.633000	17.020000
1568	-63.579946	1.635000	17.040000
1569	-63.549946	1.635000	17.130000
1570	-63.499946	1.635000	16.960000
1571	-63.499946	1.637000	17.160000
1572	-63.489946	1.639000	16.920000
1573	-63.439946	1.639000	17.040000
1574	-63.169946	1.641000	17.160000
1575	-63.159946	1.642000	17.250000
1576	-63.129946	1.642000	16.980000
1577	-63.039946	1.644000	17.010000
1578	-62.759946	1.644000	17.070000
1579	-62.729946	1.646000	16.800000
1580	-62.519946	1.646000	17.120000
1581	-62.519946	1.646000	17.160000
1582	-62.459946	1.648000	17.000000
1583	-62.449946	1.650000	17.100000
1584	-62.319946	1.650000	16.900000
1585	-62.279946	1.652000	16.960000
1586	-62.189946	1.652000	17.050000
1587	-62.189946	1.652000	16.870000
1588	-62.089946	1.654000	16.990000
1589	-62.049946	1.654000	16.950000
1590	-61.729946	1.656000	17.010000
1591	-61.709946	1.658000	17.140000
1592	-61.489946	1.658000	17.050000
1593	-61.469946	1.660000	17.000000
1594	-61.229946	1.662000	16.990000
1595	-61.199946	1.664000	17.200000
1596	-61.119946	1.666000	17.060000
1597	-61.109946	1.666000	17.040000
1598	-61.059946	1.668000	17.040000
1599	-61.059946	1.668000	17.090000
1600	-60.919946	1.670000	17.070000
1601	-60.839946	1.670000	17.090000
1602	-60.709946	1.670000	17.030000
1603	-60.689946	1.672000	17.170000
1604	-60.669946	1.674000	16.980000
1605	-60.609946	1.674000	17.080000
1606	-60.409946	1.676000	17.170000
1607	-60.359946	1.676000	17.130000
1608	-60.209946	1.678000	16.990000
1609	-60.109946	1.678000	17.120000
1610	-60.029946	1.680000	17.220000
1611	-59.939946	1.680000	17.100000
1612	-59.929946	1.682000	17.090000
1613	-59.779946	1.682000	17.200000
1614	-59.729946	1.683000	17.070000
1615	-59.549946	1.683000	17.290000
1616	-59.539946	1.683000	17.350000
1617	-59.529946	1.685000	17.280000
1618	-59.459946	1.685000	17.370000
1619	-59.449946	1.687000	17.260000
1620	-59.439946	1.687000	17.190000
1621	-59.429946	1.691000	17.260000
1622	-59.389946	1.691000	17.140000
1623	-59.379946	1.691000	17.230000
1624	-59.349946	1.693000	17.180000
1625	-59.239946	1.693000	17.430000
1626	-59.129946	1.695000	17.330000
1627	-59.119946	1.695000	17.240000
1628	-59.079946	1.699000	17.200000
1629	-58.969946	1.697000	17.270000
1630	-58.879946	1.699000	17.440000
1631	-58.799946	1.699000	17.310000
1632	-58.729946	1.701000	17.430000
1633	-58.709946	1.701000	17.250000
1634	-58.679946	1.703000	17.330000
1635	-58.649946	1.705000	17.200000
1636	-58.509946	1.705000	17.210000
1637	-58.489946	1.707000	17.140000
1638	-58.479946	1.707000	17.210000
1639	-58.329946	1.707000	17.330000
1640	-58.329946	1.709000	17.160000
1641	-58.209946	1.711000	17.240000
1642	-58.099946	1.713000	17.150000
1643	-57.979946	1.713000	17.380000
1644	-57.969946	1.715000	17.310000
1645	-57.929946	1.715000	17.380000
1646	-57.749946	1.715000	17.450000
1647	-57.699946	1.717000	17.520000
1648	-57.669946	1.717000	17.380000
1649	-57.609946	1.719000	17.450000
1650	-57.489946	1.719000	17.300000
1651	-57.099946	1.721000	17.460000
1652	-57.049946	1.723000	17.320000
1653	-57.039946	1.723000	17.170000
1654	-56.879946	1.723000	17.350000
1655	-56.819946	1.725000	17.440000
1656	-56.779946	1.725000	17.290000
1657	-56.739946	1.726000	17.440000
1658	-56.739946	1.726000	17.440000
1659	-56.709946	1.728000	17.380000
1660	-56.389946	1.728000	17.460000
1661	-56.349946	1.730000	17.550000
1662	-56.339946	1.730000	17.230000
1663	-56.279946	1.732000	17.320000
1664	-56.239946	1.732000	17.310000
1665	-56.179946	1.734000	17.410000
1666	-56.139946	1.736000	17.390000
1667	-56.129946	1.734000	17.510000
1668	-56.079946	1.738000	17.380000
1669	-56.029946	1.738000	17.360000
1670	-56.009946	1.738000	17.370000
1671	-55.979946	1.740000	17.500000
1672	-55.729946	1.740000	17.500000
1673	-55.699946	1.742000	17.480000
1674	-55.559946	1.744000	17.600000
1675	-55.559946	1.744000	17.430000
1676	-55.379946	1.746000	17.620000
1677	-55.379946	1.748000	17.520000
1678	-55.349946	1.748000	17.460000
1679	-55.319946	1.750000	17.460000
1680	-55.269946	1.752000	17.460000
1681	-55.089946	1.752000	17.580000
1682	-54.999946	1.752000	17.580000
1683	-54.939946	1.754000	17.590000
1684	-54.879946	1.756000	17.510000
1685	-54.759946	1.756000	17.720000
1686	-54.729946	1.756000	17.620000
1687	-54.469946	1.758000	17.500000
1688	-54.469946	1.760000	17.440000
1689	-54.409946	1.762000	17.590000
1690	-54.149946	1.762000	17.570000
1691	-54.119946	1.762000	17.610000
1692	-54.059946	1.764000	17.600000
1693	-54.019946	1.764000	17.720000
1694	-53.909946	1.766000	17.710000
1695	-53.799946	1.767000	17.590000
1696	-53.679946	1.767000	17.570000
1697	-53.609946	1.767000	17.600000
1698	-53.549946	1.769000	17.730000
1699	-53.479946	1.771000	17.610000
1700	-53.349946	1.771000	17.640000
1701	-53.319946	1.771000	17.660000
1702	-53.139946	1.773000	17.620000
1703	-53.089946	1.775000	17.630000
1704	-52.959946	1.775000	17.810000
1705	-52.929946	1.777000	17.610000
1706	-52.869946	1.777000	17.760000
1707	-52.759946	1.777000	17.580000
1708	-52.679946	1.779000	17.700000
1709	-52.619946	1.779000	17.670000
1710	-52.389946	1.781000	17.720000
1711	-52.349946	1.783000	17.710000
1712	-52.339946	1.783000	17.800000
1713	-52.299946	1.783000	17.860000
1714	-52.219946	1.785000	17.750000
1715	-52.159946	1.787000	17.710000
1716	-52.139946	1.787000	17.800000
1717	-52.049946	1.787000	17.720000
1718	-51.999946	1.789000	17.740000
1719	-51.909946	1.791000	17.640000
1720	-51.779946	1.791000	17.800000
1721	-51.769946	1.791000	18.010000
1722	-51.599946	1.793000	17.820000
1723	-51.569946	1.795000	17.830000
1724	-51.509946	1.795000	17.930000
1725	-51.489946	1.797000	17.740000
1726	-51.299946	1.799000	17.790000
1727	-51.189946	1.799000	17.810000
1728	-51.179946	1.799000	17.700000
1729	-51.169946	1.801000	17.860000
1730	-51.119946	1.803000	17.980000
1731	-50.969946	1.803000	17.750000
1732	-50.889946	1.803000	17.940000
1733	-50.869946	1.805000	17.850000
1734	-50.799946	1.805000	17.880000
1735	-50.679946	1.808000	17.790000
1736	-50.649946	1.808000	17.810000
1737	-50.629946	1.808000	17.760000
1738	-50.579946	1.808000	17.910000
1739	-50.529946	1.810000	17.960000
1740	-50.449946	1.810000	17.780000
1741	-50.439946	1.812000	18.000000
1742	-50.419946	1.814000	17.860000
1743	-50.389946	1.814000	17.750000
1744	-50.379946	1.816000	17.800000
1745	-50.289946	1.818000	17.960000
1746	-50.259946	1.818000	17.970000
1747	-50.229946	1.818000	17.740000
1748	-49.849946	1.820000	17.720000
1749	-49.819946	1.822000	18.030000
1750	-49.519946	1.824000	17.850000
1751	-49.459946	1.822000	17.930000
1752	-49.429946	1.824000	17.890000
1753	-49.299946	1.824000	17.960000
1754	-49.289946	1.826000	17.880000
1755	-49.019946	1.826000	17.950000
1756	-48.939946	1.828000	17.870000
1757	-48.849946	1.832000	18.030000
1758	-48.659946	1.832000	18.040000
1759	-48.629946	1.834000	17.940000
1760	-48.569946	1.834000	18.070000
1761	-48.309946	1.834000	17.860000
1762	-48.239946	1.836000	17.950000
1763	-48.219946	1.838000	18.130000
1764	-48.179946	1.838000	18.030000
1765	-48.059946	1.840000	17.880000
1766	-47.969946	1.840000	18.070000
1767	-47.969946	1.840000	18.010000
1768	-47.879946	1.842000	18.040000
1769	-47.859946	1.844000	18.040000
1770	-47.839946	1.844000	18.010000
1771	-47.779946	1.844000	18.050000
1772	-47.749946	1.846000	18.150000
1773	-47.749946	1.848000	18.060000
1774	-47.699946	1.848000	18.010000
1775	-47.699946	1.848000	18.070000
1776	-47.669946	1.849000	18.050000
1777	-47.629946	1.849000	18.210000
1778	-47.609946	1.851000	18.120000
1779	-47.589946	1.853000	18.110000
1780	-47.379946	1.853000	17.910000
1781	-47.329946	1.853000	17.960000
1782	-47.249946	1.855000	17.830000
1783	-47.119946	1.857000	18.010000
1784	-46.809946	1.857000	18.150000
1785	-46.759946	1.859000	18.180000
1786	-46.729946	1.861000	18.050000
1787	-46.729946	1.861000	18.300000
1788	-46.729946	1.863000	18.220000
1789	-46.709946	1.863000	18.230000
1790	-46.569946	1.863000	18.010000
1791	-46.439946	1.865000	18.050000
1792	-46.419946	1.865000	18.200000
1793	-46.309946	1.867000	18.100000
1794	-46.199946	1.869000	18.090000
1795	-46.109946	1.869000	18.250000
1796	-46.029946	1.871000	18.090000
1797	-46.029946	1.871000	18.220000
1798	-46.019946	1.871000	18.070000
1799	-45.919946	1.873000	18.130000
1800	-45.889946	1.873000	18.160000
1801	-45.769946	1.875000	18.320000
1802	-45.679946	1.875000	18.190000
1803	-45.619946	1.877000	18.260000
1804	-45.509946	1.879000	18.330000
1805	-45.459946	1.879000	18.330000
1806	-45.349946	1.881000	18.240000
1807	-45.209946	1.881000	18.240000
1808	-45.179946	1.881000	18.340000
1809	-45.089946	1.883000	18.320000
1810	-44.659946	1.883000	18.320000
1811	-44.629946	1.887000	18.250000
1812	-44.519946	1.887000	18.240000
1813	-44.399946	1.887000	18.290000
1814	-44.369946	1.889000	18.210000
1815	-44.319946	1.889000	18.230000
1816	-44.289946	1.891000	18.250000
1817	-44.259946	1.892000	18.310000
1818	-44.119946	1.892000	18.300000
1819	-44.079946	1.894000	18.260000
1820	-43.949946	1.894000	18.350000
1821	-43.939946	1.894000	18.200000
1822	-43.849946	1.896000	18.300000
1823	-43.839946	1.896000	18.320000
1824	-43.819946	1.898000	18.300000
1825	-43.819946	1.900000	18.170000
1826	-43.769946	1.900000	18.240000
1827	-43.599946	1.902000	18.160000
1828	-43.529946	1.902000	18.290000
1829	-43.499946	1.902000	18.150000
1830	-43.269946	1.904000	18.380000
1831	-43.209946	1.904000	18.300000
1832	-43.209946	1.906000	18.400000
1833	-43.189946	1.908000	18.270000
1834	-43.029946	1.906000	18.470000
1835	-43.019946	1.910000	18.420000
1836	-42.989946	1.910000	18.400000
1837	-42.969946	1.910000	18.460000
1838	-42.939946	1.914000	18.310000
1839	-42.839946	1.916000	18.550000
1840	-42.699946	1.916000	18.340000
1841	-42.639946	1.918000	18.380000
1842	-42.619946	1.918000	18.470000
1843	-42.619946	1.920000	18.390000
1844	-42.529946	1.920000	18.390000
1845	-42.479946	1.922000	18.510000
1846	-42.459946	1.924000	18.540000
1847	-42.439946	1.924000	18.420000
1848	-42.419946	1.924000	18.530000
1849	-42.399946	1.926000	18.410000
1850	-42.319946	1.928000	18.410000
1851	-42.159946	1.928000	18.430000
1852	-42.119946	1.928000	18.450000
1853	-42.109946	1.930000	18.340000
1854	-42.079946	1.932000	18.530000
1855	-41.909946	1.932000	18.610000
1856	-41.899946	1.933000	18.400000
1857	-41.769946	1.933000	18.540000
1858	-41.739946	1.933000	18.460000
1859	-41.719946	1.935000	18.370000
1860	-41.699946	1.935000	18.500000
1861	-41.579946	1.937000	18.330000
1862	-41.579946	1.939000	18.450000
1863	-41.529946	1.939000	18.380000
1864	-41.249946	1.941000	18.400000
1865	-40.979946	1.943000	18.740000
1866	-40.669946	1.943000	18.550000
1867	-40.569946	1.943000	18.600000
1868	-40.529946	1.945000	18.620000
1869	-40.419946	1.947000	18.500000
1870	-40.319946	1.949000	18.620000
1871	-40.159946	1.949000	18.540000
1872	-40.139946	1.951000	18.590000
1873	-40.029946	1.951000	18.680000
1874	-39.969946	1.951000	18.580000
1875	-39.969946	1.953000	18.510000
1876	-39.889946	1.955000	18.560000
1877	-39.839946	1.955000	18.680000
1878	-39.829946	1.955000	18.530000
1879	-39.819946	1.957000	18.610000
1880	-39.679946	1.959000	18.480000
1881	-39.559946	1.959000	18.560000
1882	-39.539946	1.961000	18.560000
1883	-39.449946	1.963000	18.630000
1884	-39.069946	1.963000	18.700000
1885	-39.069946	1.965000	18.710000
1886	-38.909946	1.965000	18.730000
1887	-38.839946	1.965000	18.670000
1888	-38.749946	1.967000	18.670000
1889	-38.749946	1.967000	18.590000
1890	-38.699946	1.969000	18.600000
1891	-38.679946	1.971000	18.680000
1892	-38.669946	1.973000	18.820000
1893	-38.669946	1.973000	18.690000
1894	-38.649946	1.975000	18.690000
1895	-38.559946	1.975000	18.710000
1896	-38.539946	1.975000	18.620000
1897	-38.439946	1.976000	18.700000
1898	-38.409946	1.978000	18.690000
1899	-38.269946	1.978000	18.750000
1900	-38.189946	1.978000	18.800000
1901	-38.109946	1.980000	18.650000
1902	-38.089946	1.982000	18.700000
1903	-38.039946	1.982000	18.590000
1904	-37.939946	1.984000	18.710000
1905	-37.829946	1.986000	18.730000
1906	-37.759946	1.984000	18.720000
1907	-37.719946	1.988000	18.680000
1908	-37.649946	1.988000	18.810000
1909	-37.539946	1.990000	18.590000
1910	-37.439946	1.990000	18.750000
1911	-37.409946	1.992000	18.770000
1912	-37.379946	1.994000	18.770000
1913	-37.279946	1.994000	18.790000
1914	-37.179946	1.996000	18.710000
1915	-37.089946	1.998000	18.870000
1916	-37.089946	1.998000	18.670000
1917	-37.019946	2.000000	18.950000
1918	-36.919946	2.002000	18.710000
1919	-36.839946	2.002000	18.800000
1920	-36.779946	2.004000	18.760000
1921	-36.619946	2.004000	18.840000
1922	-36.439946	2.004000	18.820000
1923	-36.419946	2.006000	18.920000
1924	-36.399946	2.006000	18.800000
1925	-36.359946	2.008000	18.790000
1926	-36.219946	2.010000	19.110000
1927	-36.219946	2.010000	18.750000
1928	-36.079946	2.012000	18.910000
1929	-36.049946	2.012000	18.980000
1930	-36.019946	2.014000	18.900000
1931	-35.989946	2.014000	19.060000
1932	-35.969946	2.016000	18.850000
1933	-35.969946	2.017000	18.650000
1934	-35.939946	2.017000	18.840000
1935	-35.839946	2.019000	18.680000
1936	-35.689946	2.019000	18.730000
1937	-35.679946	2.019000	18.800000
1938	-35.599946	2.021000	18.850000
1939	-35.459946	2.021000	18.720000
1940	-35.429946	2.025000	18.720000
1941	-35.189946	2.025000	18.930000
1942	-34.939946	2.027000	18.840000
1943	-34.849946	2.027000	19.030000
1944	-34.699946	2.027000	18.990000
1945	-34.659946	2.029000	19.090000
1946	-34.609946	2.029000	18.940000
1947	-34.569946	2.031000	19.070000
1948	-34.449946	2.033000	18.990000
1949	-34.449946	2.033000	18.930000
1950	-34.369946	2.035000	19.000000
1951	-34.369946	2.035000	19.080000
1952	-34.349946	2.037000	19.010000
1953	-34.279946	2.037000	19.100000
1954	-34.209946	2.039000	18.970000
1955	-34.139946	2.041000	19.000000
1956	-33.999946	2.041000	19.060000
1957	-33.939946	2.043000	19.050000
1958	-33.759946	2.043000	19.010000
1959	-33.669946	2.043000	19.010000
1960	-33.639946	2.045000	19.070000
1961	-33.609946	2.045000	19.100000
1962	-33.559946	2.047000	18.920000
1963	-33.549946	2.049000	19.060000
1964	-33.529946	2.049000	19.140000
1965	-33.369946	2.051000	19.190000
1966	-33.259946	2.051000	19.030000
1967	-33.249946	2.051000	18.910000
1968	-33.099946	2.053000	18.910000
1969	-33.069946	2.055000	19.000000
1970	-32.919946	2.055000	18.940000
1971	-32.909946	2.057000	19.050000
1972	-32.619946	2.057000	19.070000
1973	-32.549946	2.058000	18.860000
1974	-32.529946	2.058000	19.030000
1975	-32.299946	2.058000	19.250000
1976	-32.259946	2.060000	18.990000
1977	-32.249946	2.060000	19.270000
1978	-32.089946	2.062000	19.120000
1979	-32.019946	2.062000	19.120000
1980	-32.009946	2.064000	19.280000
1981	-31.969946	2.066000	19.230000
1982	-31.899946	2.066000	19.220000
1983	-31.849946	2.066000	19.080000
1984	-31.799946	2.068000	19.150000
1985	-31.639946	2.068000	19.240000
1986	-31.629946	2.070000	19.080000
1987	-31.589946	2.072000	19.250000
1988	-31.269946	2.072000	19.130000
1989	-31.249946	2.074000	19.260000
1990	-31.159946	2.074000	19.200000
1991	-31.079946	2.074000	19.110000
1992	-31.079946	2.076000	19.070000
1993	-30.799946	2.080000	19.100000
1994	-30.779946	2.080000	19.130000
1995	-30.749946	2.080000	19.320000
1996	-30.629946	2.082000	19.260000
1997	-30.599946	2.084000	19.380000
1998	-30.589946	2.084000	19.140000
1999	-30.569946	2.084000	19.140000
2000	-30.469946	2.086000	19.190000
2001	-30.349946	2.088000	19.150000
2002	-30.259946	2.088000	19.360000
2003	-30.249946	2.090000	19.190000
2004	-30.189946	2.090000	19.310000
2005	-30.099946	2.090000	19.240000
2006	-30.069946	2.092000	19.210000
2007	-29.869946	2.092000	19.310000
2008	-29.829946	2.094000	19.280000
2009	-29.819946	2.094000	19.150000
2010	-29.789946	2.096000	19.170000
2011	-29.779946	2.096000	19.160000
2012	-29.739946	2.098000	19.350000
2013	-29.699946	2.099000	19.310000
2014	-29.669946	2.099000	19.260000
2015	-29.569946	2.099000	19.170000
2016	-29.549946	2.101000	19.290000
2017	-29.529946	2.103000	19.180000
2018	-29.519946	2.103000	19.240000
2019	-29.379946	2.105000	19.240000
2020	-29.359946	2.105000	19.330000
2021	-29.289946	2.105000	19.290000
2022	-29.169946	2.107000	19.310000
2023	-28.749946	2.107000	19.280000
2024	-28.659946	2.109000	19.180000
2025	-28.539946	2.111000	19.220000
2026	-28.509946	2.111000	19.220000
2027	-28.459946	2.111000	19.190000
2028	-28.399946	2.113000	19.430000
2029	-28.389946	2.115000	19.390000
2030	-28.369946	2.115000	19.360000
2031	-28.289946	2.115000	19.270000
2032	-28.279946	2.119000	19.300000
2033	-28.229946	2.119000	19.310000
2034	-28.129946	2.121000	19.200000
2035	-28.019946	2.121000	19.330000
2036	-27.969946	2.121000	19.370000
2037	-27.949946	2.123000	19.240000
2038	-27.939946	2.123000	19.180000
2039	-27.699946	2.125000	19.430000
2040	-27.689946	2.127000	19.250000
2041	-27.609946	2.127000	19.460000
2042	-27.569946	2.127000	19.310000
2043	-27.529946	2.129000	19.420000
2044	-27.489946	2.131000	19.320000
2045	-27.469946	2.131000	19.290000
2046	-27.419946	2.131000	19.460000
2047	-27.419946	2.133000	19.410000
2048	-27.379946	2.135000	19.430000
2049	-27.299946	2.135000	19.360000
2050	-27.209946	2.137000	19.370000
2051	-27.189946	2.137000	19.430000
2052	-27.149946	2.139000	19.170000
2053	-26.849946	2.139000	19.440000
2054	-26.849946	2.139000	19.470000
2055	-26.849946	2.141000	19.210000
2056	-26.729946	2.142000	19.360000
2057	-26.619946	2.142000	19.460000
2058	-26.549946	2.142000	19.300000
2059	-26.119946	2.144000	19.390000
2060	-25.949946	2.146000	19.520000
2061	-25.899946	2.146000	19.450000
2062	-25.809946	2.146000	19.310000
2063	-25.799946	2.148000	19.350000
2064	-25.739946	2.152000	19.400000
2065	-25.699946	2.150000	19.400000
2066	-25.589946	2.152000	19.500000
2067	-25.379946	2.152000	19.370000
2068	-25.289946	2.152000	19.430000
2069	-25.159946	2.154000	19.510000
2070	-25.139946	2.154000	19.470000
2071	-25.119946	2.156000	19.490000
2072	-25.099946	2.158000	19.500000
2073	-25.039946	2.158000	19.570000
2074	-25.019946	2.158000	19.480000
2075	-24.989946	2.160000	19.520000
2076	-24.769946	2.162000	19.420000
2077	-24.749946	2.164000	19.720000
2078	-24.699946	2.166000	19.540000
2079	-24.629946	2.166000	19.660000
2080	-24.519946	2.168000	19.470000
2081	-24.489946	2.168000	19.520000
2082	-24.339946	2.168000	19.670000
2083	-24.319946	2.170000	19.580000
2084	-24.099946	2.172000	19.460000
2085	-23.919946	2.172000	19.610000
2086	-23.909946	2.174000	19.470000
2087	-23.899946	2.174000	19.650000
2088	-23.839946	2.176000	19.580000
2089	-23.819946	2.176000	19.560000
2090	-23.749946	2.178000	19.590000
2091	-23.749946	2.178000	19.560000
2092	-23.739946	2.178000	19.530000
2093	-23.629946	2.180000	19.780000
2094	-23.369946	2.180000	19.580000
2095	-23.359946	2.182000	19.580000
2096	-23.319946	2.183000	19.710000
2097	-23.189946	2.183000	19.440000
2098	-23.159946	2.183000	19.690000
2099	-23.129946	2.185000	19.440000
2100	-22.989946	2.185000	19.650000
2101	-22.899946	2.187000	19.620000
2102	-22.789946	2.189000	19.620000
2103	-22.739946	2.189000	19.540000
2104	-22.719946	2.189000	19.660000
2105	-22.539946	2.191000	19.640000
2106	-22.459946	2.191000	19.810000
2107	-22.249946	2.193000	19.680000
2108	-22.239946	2.193000	19.800000
2109	-22.129946	2.195000	19.570000
2110	-22.029946	2.195000	19.850000
2111	-22.009946	2.199000	19.890000
2112	-22.009946	2.199000	19.910000
2113	-21.969946	2.199000	19.890000
2114	-21.929946	2.199000	19.760000
2115	-21.899946	2.201000	19.780000
2116	-21.829946	2.203000	19.490000
2117	-21.729946	2.203000	19.780000
2118	-21.689946	2.205000	19.480000
2119	-21.669946	2.205000	19.880000
2120	-21.589946	2.207000	19.690000
2121	-21.509946	2.207000	19.650000
2122	-21.509946	2.207000	19.550000
2123	-21.329946	2.209000	19.890000
2124	-21.159946	2.209000	19.680000
2125	-21.019946	2.211000	19.740000
2126	-20.929946	2.211000	19.900000
2127	-20.919946	2.213000	19.680000
2128	-20.889946	2.215000	19.640000
2129	-20.869946	2.215000	19.820000
2130	-20.839946	2.215000	19.650000
2131	-20.759946	2.217000	19.790000
2132	-20.739946	2.217000	19.600000
2133	-20.699946	2.219000	19.780000
2134	-20.659946	2.219000	19.920000
2135	-20.619946	2.219000	19.660000
2136	-20.599946	2.223000	19.810000
2137	-20.489946	2.223000	19.700000
2138	-20.449946	2.225000	19.760000
2139	-20.339946	2.225000	19.870000
2140	-20.239946	2.226000	19.920000
2141	-20.219946	2.228000	20.020000
2142	-19.979946	2.228000	19.920000
2143	-19.869946	2.230000	19.880000
2144	-19.859946	2.230000	20.000000
2145	-19.859946	2.230000	19.850000
2146	-19.839946	2.232000	19.930000
2147	-19.829946	2.232000	20.050000
2148	-19.729946	2.234000	19.910000
2149	-19.679946	2.236000	19.900000
2150	-19.569946	2.236000	19.920000
2151	-19.419946	2.238000	19.890000
2152	-19.369946	2.238000	19.890000
2153	-19.339946	2.238000	20.010000
2154	-19.209946	2.240000	19.950000
2155	-19.209946	2.240000	19.970000
2156	-18.999946	2.242000	19.970000
2157	-18.869946	2.244000	19.930000
2158	-18.749946	2.246000	19.940000
2159	-18.519946	2.248000	20.040000
2160	-18.509946	2.248000	19.910000
2161	-18.489946	2.250000	19.970000
2162	-18.359946	2.252000	19.970000
2163	-18.349946	2.252000	19.960000
2164	-18.149946	2.252000	20.040000
2165	-18.149946	2.254000	19.930000
2166	-18.149946	2.256000	19.850000
2167	-18.049946	2.256000	20.070000
2168	-17.959946	2.258000	19.910000
2169	-17.609946	2.260000	20.020000
2170	-17.579946	2.260000	20.020000
2171	-17.579946	2.262000	20.000000
2172	-17.449946	2.262000	19.870000
2173	-17.439946	2.264000	20.060000
2174	-17.389946	2.264000	20.110000
2175	-17.349946	2.266000	19.960000
2176	-17.339946	2.267000	19.980000
2177	-17.329946	2.267000	19.940000
2178	-17.259946	2.267000	19.950000
2179	-17.229946	2.269000	20.150000
2180	-17.179946	2.271000	20.030000
2181	-17.079946	2.271000	19.990000
2182	-17.069946	2.271000	19.970000
2183	-17.069946	2.273000	20.050000
2184	-16.989946	2.273000	20.100000
2185	-16.799946	2.275000	19.970000
2186	-16.749946	2.277000	20.110000
2187	-16.709946	2.277000	20.090000
2188	-16.679946	2.277000	20.010000
2189	-16.499946	2.279000	20.040000
2190	-16.459946	2.279000	20.010000
2191	-16.389946	2.281000	20.130000
2192	-16.389946	2.281000	20.020000
2193	-16.319946	2.281000	20.060000
2194	-16.319946	2.285000	20.060000
2195	-16.269946	2.287000	20.030000
2196	-16.179946	2.287000	20.070000
2197	-16.079946	2.287000	20.170000
2198	-16.029946	2.289000	19.990000
2199	-16.009946	2.289000	20.040000
2200	-15.789946	2.293000	19.980000
2201	-15.769946	2.293000	20.040000
2202	-15.729946	2.293000	20.060000
2203	-15.679946	2.293000	20.170000
2204	-15.679946	2.295000	20.120000
2205	-15.659946	2.297000	20.060000
2206	-15.599946	2.297000	20.210000
2207	-15.519946	2.299000	19.980000
2208	-15.499946	2.299000	20.190000
2209	-15.319946	2.299000	20.120000
2210	-15.299946	2.301000	20.100000
2211	-15.279946	2.303000	20.110000
2212	-15.189946	2.303000	20.060000
2213	-15.119946	2.303000	20.180000
2214	-14.729946	2.305000	19.930000
2215	-14.709946	2.307000	20.320000
2216	-14.569946	2.308000	20.280000
2217	-14.559946	2.308000	20.250000
2218	-14.499946	2.308000	20.150000
2219	-14.489946	2.310000	20.220000
2220	-14.209946	2.310000	20.200000
2221	-14.179946	2.312000	20.240000
2222	-14.139946	2.314000	20.130000
2223	-14.049946	2.314000	20.380000
2224	-13.929946	2.314000	20.440000
2225	-13.859946	2.318000	20.150000
2226	-13.809946	2.318000	20.240000
2227	-13.749946	2.318000	20.260000
2228	-13.729946	2.320000	20.280000
2229	-13.709946	2.320000	20.290000
2230	-13.629946	2.324000	20.280000
2231	-13.449946	2.324000	20.170000
2232	-13.429946	2.324000	20.360000
2233	-13.309946	2.324000	20.260000
2234	-13.289946	2.326000	20.280000
2235	-13.229946	2.330000	20.260000
2236	-13.219946	2.332000	20.360000
2237	-13.199946	2.332000	20.390000
2238	-13.199946	2.332000	20.320000
2239	-13.189946	2.334000	20.360000
2240	-13.069946	2.334000	20.320000
2241	-12.909946	2.336000	20.190000
2242	-12.889946	2.338000	20.410000
2243	-12.879946	2.340000	20.180000
2244	-12.859946	2.340000	20.260000
2245	-12.679946	2.340000	20.360000
2246	-12.509946	2.342000	20.710000
2247	-12.429946	2.342000	20.470000
2248	-12.389946	2.344000	20.340000
2249	-12.389946	2.346000	20.410000
2250	-12.339946	2.346000	20.330000
2251	-12.169946	2.348000	20.360000
2252	-12.169946	2.348000	20.420000
2253	-12.059946	2.348000	20.410000
2254	-11.979946	2.349000	20.430000
2255	-11.969946	2.349000	20.430000
2256	-11.809946	2.351000	20.340000
2257	-11.739946	2.353000	20.280000
2258	-11.659946	2.353000	20.360000
2259	-11.459946	2.355000	20.550000
2260	-11.399946	2.355000	20.400000
2261	-11.389946	2.357000	20.430000
2262	-11.359946	2.357000	20.360000
2263	-11.329946	2.357000	20.520000
2264	-11.299946	2.361000	20.370000
2265	-11.299946	2.361000	20.370000
2266	-11.259946	2.363000	20.560000
2267	-11.199946	2.363000	20.760000
2268	-11.059946	2.363000	20.400000
2269	-11.039946	2.365000	20.410000
2270	-10.869946	2.365000	20.680000
2271	-10.869946	2.367000	20.550000
2272	-10.789946	2.367000	20.610000
2273	-10.739946	2.371000	20.600000
2274	-10.729946	2.371000	20.330000
2275	-10.499946	2.371000	20.550000
2276	-10.269946	2.373000	20.540000
2277	-10.229946	2.373000	20.620000
2278	-10.169946	2.375000	20.570000
2279	-10.019946	2.375000	20.610000
2280	-9.989946	2.375000	20.470000
2281	-9.979946	2.379000	20.540000
2282	-9.939946	2.379000	20.630000
2283	-9.889946	2.381000	20.560000
2284	-9.799946	2.381000	20.500000
2285	-9.789946	2.383000	20.630000
2286	-9.759946	2.385000	20.520000
2287	-9.739946	2.385000	20.510000
2288	-9.669946	2.387000	20.600000
2289	-9.549946	2.387000	20.610000
2290	-9.509946	2.387000	20.550000
2291	-9.489946	2.389000	20.550000
2292	-9.369946	2.391000	20.490000
2293	-9.359946	2.392000	20.630000
2294	-9.259946	2.392000	20.450000
2295	-9.129946	2.394000	20.680000
2296	-9.109946	2.394000	20.630000
2297	-9.019946	2.394000	20.610000
2298	-8.949946	2.396000	20.530000
2299	-8.749946	2.396000	20.610000
2300	-8.739946	2.398000	20.640000
2301	-8.719946	2.400000	20.580000
2302	-8.679946	2.402000	20.810000
2303	-8.559946	2.402000	20.530000
2304	-8.459946	2.402000	20.750000
2305	-8.419946	2.404000	20.800000
2306	-8.309946	2.404000	20.820000
2307	-8.289946	2.406000	20.840000
2308	-8.229946	2.408000	20.750000
2309	-8.209946	2.408000	20.710000
2310	-8.189946	2.408000	20.710000
2311	-8.129946	2.410000	20.620000
2312	-8.129946	2.410000	20.720000
2313	-7.999946	2.414000	20.710000
2314	-7.899946	2.416000	20.700000
2315	-7.819946	2.416000	20.610000
2316	-7.819946	2.418000	20.700000
2317	-7.779946	2.418000	20.740000
2318	-7.739946	2.418000	20.710000
2319	-7.589946	2.420000	20.760000
2320	-7.509946	2.420000	20.650000
2321	-7.489946	2.422000	20.770000
2322	-7.359946	2.424000	20.750000
2323	-7.149946	2.422000	20.690000
2324	-6.939946	2.424000	20.720000
2325	-6.899946	2.426000	20.940000
2326	-6.699946	2.428000	20.880000
2327	-6.649946	2.428000	20.650000
2328	-6.509946	2.428000	20.780000
2329	-6.379946	2.430000	20.820000
2330	-6.299946	2.432000	20.710000
2331	-6.249946	2.433000	20.950000
2332	-6.159946	2.432000	20.990000
2333	-6.129946	2.433000	20.800000
2334	-5.949946	2.433000	20.770000
2335	-5.849946	2.435000	20.800000
2336	-5.769946	2.435000	20.820000
2337	-5.689946	2.437000	20.720000
2338	-5.669946	2.439000	20.920000
2339	-5.669946	2.439000	20.710000
2340	-5.629946	2.439000	20.740000
2341	-5.559946	2.441000	20.810000
2342	-5.449946	2.443000	20.840000
2343	-5.399946	2.443000	20.980000
2344	-5.359946	2.445000	20.710000
2345	-5.169946	2.447000	20.900000
2346	-5.049946	2.447000	20.830000
2347	-5.009946	2.449000	21.000000
2348	-4.959946	2.449000	20.840000
2349	-4.929946	2.449000	20.830000
2350	-4.819946	2.451000	20.890000
2351	-4.629946	2.451000	20.850000
2352	-4.619946	2.453000	20.810000
2353	-4.529946	2.455000	20.930000
2354	-4.399946	2.455000	20.980000
2355	-4.369946	2.457000	20.950000
2356	-4.349946	2.459000	20.970000
2357	-4.339946	2.459000	21.070000
2358	-4.269946	2.459000	20.890000
2359	-4.249946	2.461000	20.960000
2360	-4.079946	2.463000	20.790000
2361	-3.959946	2.463000	21.010000
2362	-3.839946	2.465000	20.940000
2363	-3.749946	2.465000	20.990000
2364	-3.669946	2.465000	20.990000
2365	-3.589946	2.467000	20.940000
2366	-3.409946	2.467000	21.090000
2367	-3.389946	2.469000	21.040000
2368	-3.359946	2.471000	21.130000
2369	-3.079946	2.471000	21.180000
2370	-3.059946	2.471000	21.000000
2371	-3.009946	2.473000	21.210000
2372	-2.909946	2.475000	21.090000
2373	-2.869946	2.475000	20.990000
2374	-2.849946	2.476000	21.010000
2375	-2.799946	2.478000	21.160000
2376	-2.759946	2.478000	21.040000
2377	-2.729946	2.480000	21.040000
2378	-2.679946	2.480000	21.100000
2379	-2.649946	2.480000	21.070000
2380	-2.589946	2.482000	21.190000
2381	-2.569946	2.482000	21.110000
2382	-2.529946	2.484000	20.990000
2383	-2.509946	2.486000	21.230000
2384	-2.499946	2.486000	21.020000
2385	-2.469946	2.486000	21.080000
2386	-2.409946	2.488000	21.100000
2387	-2.389946	2.490000	21.070000
2388	-2.369946	2.490000	20.970000
2389	-2.359946	2.490000	21.030000
2390	-2.329946	2.492000	21.100000
2391	-2.299946	2.494000	21.170000
2392	-2.229946	2.494000	21.160000
2393	-2.109946	2.496000	21.180000
2394	-1.999946	2.498000	21.110000
2395	-1.849946	2.498000	21.160000
2396	-1.759946	2.500000	20.980000
2397	-1.729946	2.502000	21.120000
2398	-1.729946	2.502000	21.110000
2399	-1.699946	2.504000	21.080000
2400	-1.679946	2.504000	21.160000
2401	-1.659946	2.506000	21.130000
2402	-1.559946	2.506000	21.200000
2403	-1.399946	2.508000	21.030000
2404	-1.229946	2.510000	21.250000
2405	-1.079946	2.510000	21.260000
2406	-1.079946	2.512000	21.220000
2407	-1.049946	2.512000	21.220000
2408	-1.049946	2.512000	21.130000
2409	-0.929946	2.514000	21.120000
2410	-0.869946	2.514000	21.310000
2411	-0.789946	2.516000	21.280000
2412	-0.749946	2.517000	21.250000
2413	-0.659946	2.519000	21.170000
2414	-0.639946	2.519000	21.290000
2415	-0.569946	2.519000	21.060000
2416	-0.219946	2.521000	21.200000
2417	-0.209946	2.521000	21.240000
2418	-0.089946	2.523000	21.190000
2419	-0.069946	2.525000	21.250000
2420	-0.019946	2.527000	21.300000
2421	0.000054	2.525000	21.210000
2422	0.050054	2.527000	21.200000
2423	0.100054	2.527000	21.280000
2424	0.170054	2.529000	21.220000
2425	0.180054	2.529000	21.230000
2426	0.190054	2.531000	21.300000
2427	0.400054	2.533000	21.300000
2428	0.420054	2.533000	21.250000
2429	0.500054	2.535000	21.320000
2430	0.590054	2.535000	21.260000
2431	0.620054	2.537000	21.370000
2432	0.640054	2.537000	21.230000
2433	0.640054	2.539000	21.470000
2434	0.780054	2.541000	21.270000
2435	0.990054	2.541000	21.240000
2436	1.010054	2.543000	21.160000
2437	1.020054	2.543000	21.280000
2438	1.080054	2.543000	21.340000
2439	1.180054	2.545000	21.390000
2440	1.210054	2.545000	21.400000
2441	1.230054	2.547000	21.460000
2442	1.410054	2.547000	21.160000
2443	1.450054	2.549000	21.390000
2444	1.530054	2.551000	21.360000
2445	1.610054	2.551000	21.270000
2446	1.610054	2.551000	21.250000
2447	1.680054	2.553000	21.280000
2448	1.770054	2.553000	21.200000
2449	1.920054	2.555000	21.280000
2450	1.940054	2.557000	21.340000
2451	1.950054	2.557000	21.240000
2452	2.030054	2.557000	21.560000
2453	2.030054	2.558000	21.300000
2454	2.030054	2.558000	21.370000
2455	2.210054	2.560000	21.410000
2456	2.250054	2.560000	21.340000
2457	2.410054	2.562000	21.390000
2458	2.450054	2.564000	21.350000
2459	2.770054	2.564000	21.360000
2460	2.800054	2.566000	21.310000
2461	2.990054	2.566000	21.390000
2462	3.110054	2.566000	21.450000
2463	3.180054	2.568000	21.500000
2464	3.200054	2.568000	21.320000
2465	3.260054	2.570000	21.480000
2466	3.470054	2.572000	21.440000
2467	3.530054	2.572000	21.340000
2468	3.850054	2.574000	21.450000
2469	3.960054	2.574000	21.520000
2470	4.090054	2.574000	21.420000
