1	-186.840076	0.000000	9.690000
2	-186.560076	0.002000	10.140000
3	-186.350076	0.004000	10.110000
4	-186.330076	0.004000	9.500000
5	-186.260076	0.006000	10.010000
6	-186.230076	0.006000	9.390000
7	-186.000076	0.008000	10.240000
8	-185.800076	0.008000	10.130000
9	-185.530076	0.010000	10.260000
10	-185.430076	0.010000	9.760000
11	-185.370076	0.012000	10.210000
12	-185.340076	0.012000	9.740000
13	-185.280076	0.014000	9.480000
14	-185.230076	0.016000	9.650000
15	-185.180076	0.016000	9.620000
16	-185.160076	0.018000	9.680000
17	-185.100076	0.018000	9.960000
18	-185.050076	0.020000	10.160000
19	-185.040076	0.020000	9.880000
20	-184.950076	0.022000	9.910000
21	-184.940076	0.022000	10.170000
22	-184.840076	0.023000	9.720000
23	-184.840076	0.023000	9.620000
24	-184.760076	0.025000	9.900000
25	-184.730076	0.025000	9.600000
26	-184.700076	0.027000	9.950000
27	-184.650076	0.027000	9.930000
28	-184.600076	0.029000	10.170000
29	-184.580076	0.029000	9.590000
30	-184.340076	0.031000	9.770000
31	-184.270076	0.031000	9.850000
32	-184.260076	0.033000	9.530000
33	-184.160076	0.033000	9.890000
34	-184.120076	0.035000	9.730000
35	-183.940076	0.035000	9.840000
36	-183.890076	0.037000	9.810000
37	-183.840076	0.037000	9.720000
38	-183.740076	0.039000	9.720000
39	-183.420076	0.039000	9.830000
40	-183.380076	0.041000	9.770000
41	-183.370076	0.041000	9.960000
42	-183.230076	0.045000	9.760000
43	-182.940076	0.045000	9.910000
44	-182.700076	0.045000	9.990000
45	-182.650076	0.047000	9.630000
46	-182.640076	0.049000	9.820000
47	-182.570076	0.049000	9.890000
48	-182.510076	0.051000	9.710000
49	-182.310076	0.051000	10.020000
50	-182.260076	0.053000	9.820000
51	-182.200076	0.053000	9.880000
52	-182.110076	0.053000	9.760000
53	-182.060076	0.055000	9.850000
54	-182.020076	0.059000	9.790000
55	-181.970076	0.057000	9.880000
56	-181.840076	0.059000	9.720000
57	-181.820076	0.059000	9.870000
58	-181.800076	0.061000	9.870000
59	-181.760076	0.061000	10.090000
60	-181.670076	0.061000	10.160000
61	-181.560076	0.063000	10.180000
62	-181.240076	0.064000	9.900000
63	-181.200076	0.064000	9.850000
64	-181.050076	0.066000	10.110000
65	-181.020076	0.068000	9.780000
66	-181.000076	0.068000	9.960000
67	-180.940076	0.068000	10.310000
68	-180.900076	0.070000	9.880000
69	-180.890076	0.074000	9.780000
70	-180.820076	0.074000	9.950000
71	-180.740076	0.074000	9.820000
72	-180.640076	0.074000	10.140000
73	-180.520076	0.076000	10.020000
74	-180.340076	0.076000	9.900000
75	-180.330076	0.078000	10.000000
76	-180.310076	0.080000	10.080000
77	-180.290076	0.080000	10.050000
78	-180.270076	0.082000	10.150000
79	-180.270076	0.082000	9.910000
80	-180.220076	0.084000	10.160000
81	-180.150076	0.084000	10.030000
82	-180.090076	0.084000	10.090000
83	-179.960076	0.086000	10.170000
84	-179.820076	0.088000	9.950000
85	-179.720076	0.088000	9.940000
86	-179.560076	0.090000	9.990000
87	-179.490076	0.090000	9.860000
88	-179.300076	0.092000	10.060000
89	-179.250076	0.092000	10.050000
90	-179.070076	0.092000	10.120000
91	-178.860076	0.094000	9.990000
92	-178.760076	0.096000	10.030000
93	-178.670076	0.098000	10.140000
94	-178.650076	0.098000	9.990000
95	-178.500076	0.100000	10.220000
96	-178.430076	0.100000	10.000000
97	-178.400076	0.100000	10.200000
98	-178.400076	0.102000	9.880000
99	-178.350076	0.104000	10.120000
100	-178.340076	0.104000	10.140000
101	-178.190076	0.105000	10.350000
102	-178.120076	0.105000	10.070000
103	-178.060076	0.107000	9.920000
104	-177.960076	0.107000	10.040000
105	-177.910076	0.109000	10.100000
106	-177.800076	0.111000	10.080000
107	-177.800076	0.111000	10.060000
108	-177.770076	0.113000	10.060000
109	-177.720076	0.113000	10.080000
110	-177.650076	0.115000	10.130000
111	-177.570076	0.115000	10.140000
112	-177.530076	0.115000	10.280000
113	-177.300076	0.117000	10.150000
114	-177.210076	0.119000	10.070000
115	-177.120076	0.119000	10.130000
116	-177.110076	0.121000	9.980000
117	-177.090076	0.121000	10.070000
118	-177.000076	0.123000	10.180000
119	-176.890076	0.123000	9.930000
120	-176.860076	0.125000	10.200000
121	-176.750076	0.125000	10.170000
122	-176.600076	0.129000	10.330000
123	-176.520076	0.131000	10.120000
124	-176.260076	0.131000	10.290000
125	-176.240076	0.133000	10.020000
126	-176.220076	0.133000	10.170000
127	-175.920076	0.135000	10.540000
128	-175.920076	0.135000	10.080000
129	-175.850076	0.137000	10.470000
130	-175.680076	0.137000	10.220000
131	-175.590076	0.139000	10.300000
132	-175.520076	0.139000	10.130000
133	-175.210076	0.141000	10.330000
134	-175.190076	0.141000	10.260000
135	-175.130076	0.143000	10.460000
136	-175.110076	0.143000	10.130000
137	-175.090076	0.145000	10.400000
138	-175.000076	0.145000	10.280000
139	-175.000076	0.146000	10.340000
140	-174.900076	0.146000	10.230000
141	-174.890076	0.148000	10.250000
142	-174.880076	0.148000	10.140000
143	-174.880076	0.150000	10.180000
144	-174.830076	0.152000	10.660000
145	-174.590076	0.152000	10.400000
146	-174.580076	0.152000	10.190000
147	-174.370076	0.154000	10.240000
148	-174.010076	0.154000	10.180000
149	-173.970076	0.156000	10.380000
150	-173.850076	0.156000	10.380000
151	-173.670076	0.156000	10.480000
152	-173.600076	0.158000	10.370000
153	-173.550076	0.160000	10.300000
154	-173.530076	0.160000	10.270000
155	-173.410076	0.162000	10.250000
156	-173.290076	0.162000	10.330000
157	-173.260076	0.164000	10.380000
158	-173.190076	0.164000	10.400000
159	-173.150076	0.166000	10.580000
160	-173.120076	0.166000	10.430000
161	-173.020076	0.168000	10.440000
162	-173.000076	0.168000	10.370000
163	-172.920076	0.170000	10.270000
164	-172.800076	0.172000	10.610000
165	-172.790076	0.172000	10.480000
166	-172.790076	0.174000	10.530000
167	-172.750076	0.174000	10.580000
168	-172.740076	0.176000	10.520000
169	-172.720076	0.176000	10.500000
170	-172.650076	0.178000	10.470000
171	-172.600076	0.178000	10.510000
172	-172.570076	0.180000	10.480000
173	-172.500076	0.184000	10.440000
174	-172.440076	0.182000	10.830000
175	-172.430076	0.184000	10.620000
176	-172.360076	0.184000	10.270000
177	-172.310076	0.186000	10.410000
178	-172.120076	0.186000	10.390000
179	-172.120076	0.188000	10.460000
180	-172.090076	0.188000	10.430000
181	-172.070076	0.188000	10.420000
182	-172.060076	0.189000	10.380000
183	-172.000076	0.191000	10.530000
184	-171.820076	0.193000	10.580000
185	-171.820076	0.193000	10.530000
186	-171.800076	0.195000	10.860000
187	-171.800076	0.195000	10.500000
188	-171.770076	0.197000	10.390000
189	-171.750076	0.197000	10.330000
190	-171.740076	0.199000	10.340000
191	-171.710076	0.199000	10.530000
192	-171.680076	0.201000	10.530000
193	-171.630076	0.201000	10.460000
194	-171.630076	0.203000	10.570000
195	-171.600076	0.203000	10.610000
196	-171.580076	0.205000	10.440000
197	-171.560076	0.205000	10.430000
198	-171.220076	0.207000	10.340000
199	-171.220076	0.207000	10.630000
200	-171.100076	0.209000	10.390000
201	-171.070076	0.211000	10.440000
202	-171.050076	0.213000	10.430000
203	-171.000076	0.215000	10.540000
204	-170.950076	0.215000	10.600000
205	-170.880076	0.217000	10.520000
206	-170.850076	0.217000	10.420000
207	-170.750076	0.217000	10.540000
208	-170.720076	0.219000	10.530000
209	-170.610076	0.221000	10.570000
210	-170.610076	0.221000	10.520000
211	-170.560076	0.223000	10.650000
212	-170.520076	0.225000	10.600000
213	-170.520076	0.225000	10.590000
214	-170.470076	0.225000	10.460000
215	-170.370076	0.227000	10.680000
216	-170.340076	0.230000	10.370000
217	-170.270076	0.230000	10.570000
218	-170.240076	0.230000	10.560000
219	-170.180076	0.230000	10.460000
220	-170.170076	0.232000	10.610000
221	-170.150076	0.232000	10.660000
222	-170.100076	0.234000	10.660000
223	-170.100076	0.236000	10.520000
224	-170.040076	0.236000	10.510000
225	-169.960076	0.238000	10.610000
226	-169.960076	0.238000	10.690000
227	-169.950076	0.240000	10.780000
228	-169.930076	0.240000	10.750000
229	-169.910076	0.242000	10.600000
230	-169.860076	0.242000	10.710000
231	-169.850076	0.246000	10.770000
232	-169.840076	0.246000	10.390000
233	-169.780076	0.246000	10.580000
234	-169.730076	0.248000	10.920000
235	-169.710076	0.248000	10.740000
236	-169.710076	0.248000	10.440000
237	-169.650076	0.250000	10.780000
238	-169.640076	0.252000	10.620000
239	-169.510076	0.252000	10.590000
240	-169.490076	0.252000	10.570000
241	-169.440076	0.254000	10.560000
242	-169.420076	0.256000	10.240000
243	-169.400076	0.256000	10.640000
244	-169.370076	0.256000	10.500000
245	-169.350076	0.258000	10.540000
246	-169.340076	0.260000	10.530000
247	-169.330076	0.260000	10.590000
248	-169.330076	0.262000	10.590000
249	-169.280076	0.262000	10.760000
250	-169.190076	0.264000	10.680000
251	-169.160076	0.264000	10.470000
252	-169.110076	0.264000	10.540000
253	-169.020076	0.266000	10.680000
254	-168.990076	0.268000	10.780000
255	-168.850076	0.268000	10.610000
256	-168.820076	0.270000	10.590000
257	-168.770076	0.270000	10.630000
258	-168.770076	0.272000	10.530000
259	-168.740076	0.272000	10.510000
260	-168.700076	0.272000	10.440000
261	-168.610076	0.277000	10.500000
262	-168.540076	0.275000	10.670000
263	-168.440076	0.277000	10.780000
264	-168.340076	0.277000	10.720000
265	-168.340076	0.279000	10.960000
266	-168.310076	0.279000	10.690000
267	-168.310076	0.281000	10.590000
268	-168.190076	0.281000	10.730000
269	-168.120076	0.281000	10.690000
270	-168.020076	0.283000	10.750000
271	-167.990076	0.283000	10.680000
272	-167.960076	0.285000	10.710000
273	-167.830076	0.287000	10.570000
274	-167.690076	0.287000	10.880000
275	-167.630076	0.287000	10.730000
276	-167.600076	0.289000	10.930000
277	-167.510076	0.291000	10.820000
278	-167.500076	0.291000	10.680000
279	-167.480076	0.295000	10.680000
280	-167.460076	0.295000	10.840000
281	-167.460076	0.297000	10.590000
282	-167.440076	0.299000	10.680000
283	-167.270076	0.299000	10.720000
284	-167.270076	0.301000	10.770000
285	-167.180076	0.301000	10.640000
286	-166.950076	0.303000	10.540000
287	-166.520076	0.303000	11.140000
288	-166.500076	0.305000	10.760000
289	-166.400076	0.305000	10.650000
290	-166.280076	0.307000	10.900000
291	-166.120076	0.309000	10.880000
292	-166.120076	0.309000	11.040000
293	-166.100076	0.311000	10.880000
294	-166.000076	0.311000	10.800000
295	-165.910076	0.313000	10.880000
296	-165.910076	0.313000	11.000000
297	-165.810076	0.314000	10.760000
298	-165.720076	0.314000	11.000000
299	-165.660076	0.316000	11.130000
300	-165.580076	0.316000	10.850000
301	-165.490076	0.318000	11.190000
302	-165.430076	0.318000	10.890000
303	-165.300076	0.320000	10.670000
304	-165.260076	0.320000	10.770000
305	-165.100076	0.322000	11.030000
306	-164.960076	0.322000	10.820000
307	-164.940076	0.324000	11.190000
308	-164.840076	0.324000	11.230000
309	-164.830076	0.326000	10.800000
310	-164.790076	0.326000	10.930000
311	-164.780076	0.328000	11.080000
312	-164.750076	0.330000	11.000000
313	-164.520076	0.330000	10.830000
314	-164.500076	0.332000	11.100000
315	-164.380076	0.332000	10.800000
316	-164.360076	0.334000	10.800000
317	-164.350076	0.334000	10.950000
318	-164.280076	0.336000	11.030000
319	-164.170076	0.336000	11.080000
320	-164.090076	0.336000	10.980000
321	-164.070076	0.338000	11.130000
322	-163.760076	0.340000	11.260000
323	-163.710076	0.340000	11.170000
324	-163.690076	0.342000	11.180000
325	-163.600076	0.342000	11.250000
326	-163.530076	0.344000	11.130000
327	-163.490076	0.344000	11.050000
328	-163.200076	0.346000	11.230000
329	-163.080076	0.346000	10.900000
330	-163.040076	0.348000	11.010000
331	-163.010076	0.348000	11.610000
332	-162.800076	0.350000	11.120000
333	-162.780076	0.350000	11.080000
334	-162.750076	0.352000	11.240000
335	-162.680076	0.352000	11.190000
336	-162.650076	0.354000	11.280000
337	-162.610076	0.354000	11.150000
338	-162.610076	0.355000	11.260000
339	-162.570076	0.355000	11.020000
340	-162.560076	0.357000	11.380000
341	-162.430076	0.359000	11.240000
342	-162.380076	0.359000	11.290000
343	-162.340076	0.361000	11.360000
344	-162.310076	0.361000	11.210000
345	-162.300076	0.363000	11.370000
346	-162.170076	0.363000	11.190000
347	-161.810076	0.365000	11.220000
348	-161.750076	0.365000	11.230000
349	-161.730076	0.367000	11.190000
350	-161.690076	0.367000	11.040000
351	-161.450076	0.367000	11.040000
352	-161.310076	0.369000	11.280000
353	-161.260076	0.371000	11.370000
354	-161.160076	0.371000	11.130000
355	-161.070076	0.373000	11.280000
356	-161.020076	0.373000	11.140000
357	-160.920076	0.377000	11.130000
358	-160.900076	0.377000	11.260000
359	-160.880076	0.379000	11.290000
360	-160.810076	0.379000	11.130000
361	-160.760076	0.381000	11.300000
362	-160.520076	0.381000	11.440000
363	-160.330076	0.381000	11.080000
364	-160.310076	0.383000	11.190000
365	-160.290076	0.385000	11.540000
366	-160.250076	0.385000	11.250000
367	-160.240076	0.387000	11.160000
368	-160.240076	0.387000	11.300000
369	-160.170076	0.389000	11.330000
370	-160.060076	0.389000	11.570000
371	-160.050076	0.391000	11.360000
372	-160.040076	0.393000	11.470000
373	-159.860076	0.393000	11.290000
374	-159.790076	0.395000	11.280000
375	-159.740076	0.395000	11.270000
376	-159.680076	0.396000	11.300000
377	-159.500076	0.396000	11.380000
378	-159.490076	0.398000	11.300000
379	-159.450076	0.398000	11.300000
380	-159.450076	0.400000	11.330000
381	-159.390076	0.400000	11.200000
382	-159.350076	0.402000	11.540000
383	-159.290076	0.402000	11.250000
384	-159.240076	0.404000	11.360000
385	-159.200076	0.404000	11.410000
386	-159.160076	0.404000	11.300000
387	-159.130076	0.406000	11.410000
388	-159.050076	0.408000	11.270000
389	-159.010076	0.408000	11.350000
390	-158.950076	0.408000	11.220000
391	-158.850076	0.410000	11.640000
392	-158.830076	0.412000	11.310000
393	-158.720076	0.412000	11.380000
394	-158.680076	0.412000	11.530000
395	-158.640076	0.414000	11.400000
396	-158.250076	0.416000	11.320000
397	-158.140076	0.416000	11.410000
398	-158.080076	0.418000	11.400000
399	-157.810076	0.418000	11.510000
400	-157.770076	0.420000	11.640000
401	-157.730076	0.420000	11.520000
402	-157.670076	0.422000	11.390000
403	-157.640076	0.424000	11.470000
404	-157.570076	0.424000	11.560000
405	-157.550076	0.426000	11.490000
406	-157.470076	0.426000	11.580000
407	-157.450076	0.428000	11.450000
408	-157.430076	0.428000	11.520000
409	-157.410076	0.430000	11.640000
410	-157.350076	0.430000	11.490000
411	-157.350076	0.434000	11.430000
412	-157.280076	0.434000	11.670000
413	-157.260076	0.434000	11.580000
414	-157.250076	0.436000	11.420000
415	-157.170076	0.436000	11.570000
416	-156.980076	0.438000	11.500000
417	-156.940076	0.438000	11.570000
418	-156.770076	0.438000	11.770000
419	-156.760076	0.438000	11.670000
420	-156.480076	0.441000	11.680000
421	-156.450076	0.441000	11.290000
422	-156.360076	0.443000	11.600000
423	-156.280076	0.443000	11.740000
424	-156.260076	0.443000	11.630000
425	-156.190076	0.445000	11.480000
426	-156.180076	0.447000	11.550000
427	-155.980076	0.447000	11.520000
428	-155.930076	0.449000	11.670000
429	-155.840076	0.449000	11.710000
430	-155.700076	0.451000	11.710000
431	-155.670076	0.451000	11.820000
432	-155.650076	0.453000	11.600000
433	-155.550076	0.455000	11.750000
434	-155.470076	0.455000	11.710000
435	-155.300076	0.457000	11.640000
436	-155.110076	0.457000	11.690000
437	-155.110076	0.461000	11.760000
438	-155.080076	0.461000	11.750000
439	-155.000076	0.463000	11.810000
440	-154.860076	0.463000	11.720000
441	-154.760076	0.465000	11.710000
442	-154.720076	0.467000	11.540000
443	-154.720076	0.467000	11.700000
444	-154.640076	0.469000	11.390000
445	-154.510076	0.469000	11.730000
446	-154.300076	0.471000	11.740000
447	-154.290076	0.471000	11.540000
448	-154.270076	0.473000	11.750000
449	-154.220076	0.473000	11.640000
450	-154.090076	0.473000	11.690000
451	-154.090076	0.475000	11.810000
452	-154.070076	0.477000	11.610000
453	-154.030076	0.477000	11.840000
454	-153.990076	0.479000	12.060000
455	-153.850076	0.479000	11.820000
456	-153.830076	0.480000	11.790000
457	-153.800076	0.480000	11.880000
458	-153.620076	0.482000	11.780000
459	-153.470076	0.482000	11.760000
460	-153.100076	0.484000	11.960000
461	-153.090076	0.484000	11.910000
462	-153.070076	0.486000	11.860000
463	-153.050076	0.488000	12.100000
464	-153.010076	0.488000	11.920000
465	-152.980076	0.490000	12.110000
466	-152.970076	0.490000	11.950000
467	-152.880076	0.492000	12.030000
468	-152.870076	0.492000	11.560000
469	-152.860076	0.494000	11.940000
470	-152.740076	0.496000	11.890000
471	-152.700076	0.496000	11.820000
472	-152.600076	0.498000	11.910000
473	-152.500076	0.498000	11.810000
474	-152.460076	0.500000	11.780000
475	-152.430076	0.500000	11.760000
476	-152.200076	0.502000	12.050000
477	-152.150076	0.502000	12.080000
478	-152.020076	0.504000	12.090000
479	-151.610076	0.504000	12.030000
480	-151.420076	0.506000	11.880000
481	-151.420076	0.508000	11.970000
482	-151.390076	0.508000	12.110000
483	-151.230076	0.510000	11.970000
484	-151.180076	0.510000	11.900000
485	-151.170076	0.512000	11.910000
486	-151.080076	0.512000	12.100000
487	-151.010076	0.514000	12.070000
488	-150.980076	0.514000	12.050000
489	-150.930076	0.516000	12.070000
490	-150.910076	0.516000	11.810000
491	-150.890076	0.518000	12.050000
492	-150.870076	0.518000	12.040000
493	-150.860076	0.520000	11.970000
494	-150.860076	0.520000	11.980000
495	-150.740076	0.522000	12.020000
496	-150.660076	0.522000	12.000000
497	-150.520076	0.523000	12.070000
498	-150.500076	0.523000	12.110000
499	-150.400076	0.525000	11.980000
500	-150.340076	0.525000	11.960000
501	-150.150076	0.527000	11.970000
502	-150.070076	0.527000	12.130000
503	-149.970076	0.529000	12.180000
504	-149.930076	0.529000	12.020000
505	-149.920076	0.531000	12.170000
506	-149.910076	0.531000	12.060000
507	-149.670076	0.533000	12.190000
508	-149.660076	0.533000	12.070000
509	-149.560076	0.535000	12.160000
510	-149.540076	0.535000	12.070000
511	-149.370076	0.537000	12.280000
512	-149.350076	0.537000	12.120000
513	-149.260076	0.539000	12.170000
514	-149.250076	0.539000	12.100000
515	-149.190076	0.543000	12.150000
516	-149.160076	0.543000	12.210000
517	-149.090076	0.545000	12.130000
518	-148.990076	0.545000	12.110000
519	-148.990076	0.547000	11.950000
520	-148.960076	0.547000	12.080000
521	-148.940076	0.547000	12.110000
522	-148.750076	0.549000	12.130000
523	-148.720076	0.551000	11.970000
524	-148.710076	0.551000	12.190000
525	-148.680076	0.553000	12.270000
526	-148.360076	0.553000	12.100000
527	-148.340076	0.553000	12.120000
528	-148.330076	0.555000	12.140000
529	-148.290076	0.557000	12.230000
530	-148.280076	0.557000	12.370000
531	-148.260076	0.557000	12.190000
532	-148.030076	0.559000	12.080000
533	-148.010076	0.561000	12.120000
534	-147.960076	0.561000	12.170000
535	-147.660076	0.561000	12.000000
536	-147.440076	0.563000	12.120000
537	-147.250076	0.564000	12.350000
538	-147.230076	0.564000	11.970000
539	-147.160076	0.566000	12.320000
540	-147.120076	0.566000	12.390000
541	-147.030076	0.568000	12.360000
542	-147.020076	0.568000	12.110000
543	-146.920076	0.568000	12.310000
544	-146.910076	0.570000	12.450000
545	-146.840076	0.572000	12.330000
546	-146.650076	0.572000	12.310000
547	-146.520076	0.574000	12.370000
548	-146.400076	0.574000	12.370000
549	-146.340076	0.576000	12.330000
550	-146.280076	0.576000	12.250000
551	-146.160076	0.576000	12.300000
552	-146.140076	0.578000	12.360000
553	-146.050076	0.580000	12.320000
554	-145.960076	0.582000	12.300000
555	-145.870076	0.582000	12.260000
556	-145.780076	0.584000	12.280000
557	-145.650076	0.584000	12.200000
558	-145.640076	0.584000	12.230000
559	-145.520076	0.586000	12.220000
560	-145.410076	0.588000	12.350000
561	-145.400076	0.588000	12.400000
562	-145.280076	0.590000	12.120000
563	-145.270076	0.590000	12.230000
564	-145.050076	0.592000	12.390000
565	-145.040076	0.592000	12.490000
566	-145.030076	0.592000	12.520000
567	-144.840076	0.594000	12.090000
568	-144.690076	0.596000	12.380000
569	-144.680076	0.596000	12.560000
570	-144.660076	0.598000	12.350000
571	-144.520076	0.598000	12.360000
572	-144.510076	0.600000	12.370000
573	-144.460076	0.600000	12.550000
574	-144.360076	0.600000	12.330000
575	-144.340076	0.602000	12.510000
576	-144.320076	0.604000	12.510000
577	-144.080076	0.604000	12.570000
578	-144.040076	0.605000	12.530000
579	-144.020076	0.605000	12.530000
580	-143.990076	0.607000	12.590000
581	-143.910076	0.607000	12.630000
582	-143.800076	0.609000	12.470000
583	-143.780076	0.611000	12.380000
584	-143.540076	0.611000	12.500000
585	-143.500076	0.613000	12.450000
586	-143.440076	0.613000	12.470000
587	-143.430076	0.615000	12.500000
588	-143.050076	0.615000	12.630000
589	-142.930076	0.615000	12.600000
590	-142.930076	0.617000	12.550000
591	-142.880076	0.619000	12.670000
592	-142.830076	0.621000	12.510000
593	-142.780076	0.621000	12.490000
594	-142.710076	0.623000	12.450000
595	-142.700076	0.623000	12.530000
596	-142.650076	0.627000	12.610000
597	-142.620076	0.627000	12.570000
598	-142.480076	0.629000	12.450000
599	-142.440076	0.629000	12.550000
600	-142.370076	0.631000	12.370000
601	-142.290076	0.633000	12.510000
602	-142.280076	0.633000	12.520000
603	-142.280076	0.635000	12.440000
604	-142.280076	0.635000	12.570000
605	-142.280076	0.637000	12.550000
606	-142.250076	0.637000	12.660000
607	-142.250076	0.639000	12.750000
608	-142.220076	0.639000	12.470000
609	-142.190076	0.641000	12.530000
610	-142.040076	0.641000	12.550000
611	-142.020076	0.643000	12.570000
612	-141.860076	0.643000	12.440000
613	-141.850076	0.645000	12.600000
614	-141.530076	0.645000	12.410000
615	-141.400076	0.646000	12.600000
616	-141.300076	0.646000	12.880000
617	-141.080076	0.648000	12.420000
618	-141.020076	0.648000	12.750000
619	-140.870076	0.650000	12.620000
620	-140.780076	0.652000	12.530000
621	-140.630076	0.652000	12.890000
622	-140.630076	0.654000	12.900000
623	-140.600076	0.654000	12.530000
624	-140.550076	0.656000	12.520000
625	-140.520076	0.656000	12.620000
626	-140.510076	0.658000	12.590000
627	-140.500076	0.658000	12.760000
628	-140.350076	0.660000	12.660000
629	-140.340076	0.660000	12.870000
630	-140.210076	0.662000	12.650000
631	-140.040076	0.662000	12.640000
632	-139.950076	0.664000	12.710000
633	-139.910076	0.664000	12.750000
634	-139.810076	0.666000	12.760000
635	-139.710076	0.666000	12.900000
636	-139.690076	0.668000	12.650000
637	-139.650076	0.668000	12.760000
638	-139.450076	0.670000	12.770000
639	-139.420076	0.670000	12.700000
640	-139.180076	0.672000	12.650000
641	-139.170076	0.674000	12.550000
642	-139.170076	0.674000	12.760000
643	-139.160076	0.676000	12.830000
644	-139.070076	0.676000	12.560000
645	-138.740076	0.678000	12.830000
646	-138.710076	0.678000	12.840000
647	-138.560076	0.680000	12.740000
648	-138.510076	0.680000	12.900000
649	-138.460076	0.684000	12.810000
650	-138.410076	0.682000	12.740000
651	-138.140076	0.684000	12.890000
652	-138.100076	0.686000	12.880000
653	-138.080076	0.686000	12.860000
654	-138.000076	0.688000	12.800000
655	-137.930076	0.688000	12.790000
656	-137.890076	0.689000	12.770000
657	-137.790076	0.689000	12.730000
658	-137.780076	0.691000	12.920000
659	-137.690076	0.691000	12.870000
660	-137.650076	0.691000	12.840000
661	-137.610076	0.693000	12.960000
662	-137.600076	0.695000	12.930000
663	-137.580076	0.695000	12.820000
664	-137.420076	0.697000	12.770000
665	-137.420076	0.697000	12.940000
666	-137.410076	0.699000	12.850000
667	-137.400076	0.699000	12.860000
668	-137.390076	0.701000	12.780000
669	-137.360076	0.701000	12.730000
670	-137.320076	0.703000	13.050000
671	-137.200076	0.703000	12.910000
672	-137.010076	0.703000	13.130000
673	-136.890076	0.705000	12.880000
674	-136.500076	0.707000	12.920000
675	-136.320076	0.707000	12.930000
676	-136.250076	0.709000	13.060000
677	-136.250076	0.711000	13.030000
678	-136.170076	0.713000	13.040000
679	-136.000076	0.713000	13.090000
680	-135.990076	0.715000	13.030000
681	-135.980076	0.715000	13.050000
682	-135.900076	0.717000	12.880000
683	-135.840076	0.717000	12.890000
684	-135.810076	0.717000	13.020000
685	-135.660076	0.719000	12.980000
686	-135.640076	0.721000	12.950000
687	-135.570076	0.721000	12.990000
688	-135.480076	0.723000	12.910000
689	-135.450076	0.723000	13.040000
690	-135.410076	0.725000	13.040000
691	-135.400076	0.725000	13.110000
692	-135.400076	0.727000	13.090000
693	-135.310076	0.727000	13.050000
694	-135.300076	0.729000	13.110000
695	-135.260076	0.729000	13.090000
696	-135.210076	0.730000	13.190000
697	-135.150076	0.730000	13.020000
698	-135.100076	0.732000	13.000000
699	-135.010076	0.732000	13.110000
700	-135.000076	0.734000	12.880000
701	-134.990076	0.734000	13.310000
702	-134.870076	0.736000	13.050000
703	-134.820076	0.734000	13.060000
704	-134.790076	0.738000	13.110000
705	-134.780076	0.738000	13.120000
706	-134.760076	0.740000	13.190000
707	-134.760076	0.740000	13.190000
708	-134.730076	0.740000	13.210000
709	-134.670076	0.742000	13.080000
710	-134.620076	0.744000	13.070000
711	-134.210076	0.744000	13.070000
712	-134.090076	0.744000	13.110000
713	-134.080076	0.746000	13.130000
714	-133.940076	0.748000	12.940000
715	-133.830076	0.748000	13.080000
716	-133.720076	0.748000	13.110000
717	-133.540076	0.750000	13.050000
718	-133.540076	0.752000	13.260000
719	-133.520076	0.752000	13.130000
720	-133.410076	0.754000	12.980000
721	-133.190076	0.754000	13.480000
722	-133.190076	0.756000	12.940000
723	-133.100076	0.758000	13.050000
724	-133.060076	0.758000	12.970000
725	-132.870076	0.760000	13.230000
726	-132.800076	0.760000	13.230000
727	-132.650076	0.762000	13.280000
728	-132.610076	0.762000	13.400000
729	-132.510076	0.764000	13.510000
730	-132.440076	0.764000	13.250000
731	-132.400076	0.766000	13.340000
732	-132.400076	0.766000	13.160000
733	-132.300076	0.766000	13.490000
734	-132.210076	0.770000	13.310000
735	-132.200076	0.770000	13.380000
736	-132.060076	0.772000	13.410000
737	-132.040076	0.772000	13.330000
738	-132.030076	0.772000	13.350000
739	-132.020076	0.773000	13.380000
740	-132.010076	0.775000	13.470000
741	-131.880076	0.775000	13.720000
742	-131.880076	0.777000	13.440000
743	-131.810076	0.779000	13.440000
744	-131.750076	0.779000	13.310000
745	-131.690076	0.779000	13.480000
746	-131.630076	0.781000	13.380000
747	-131.610076	0.781000	13.290000
748	-131.450076	0.781000	13.420000
749	-131.450076	0.785000	13.100000
750	-131.350076	0.785000	13.440000
751	-131.200076	0.787000	13.500000
752	-131.130076	0.787000	13.430000
753	-131.120076	0.789000	13.250000
754	-130.900076	0.791000	13.450000
755	-130.770076	0.791000	13.540000
756	-130.770076	0.793000	13.280000
757	-130.690076	0.795000	13.470000
758	-130.460076	0.797000	13.460000
759	-130.370076	0.797000	13.280000
760	-130.290076	0.799000	13.520000
761	-130.190076	0.801000	13.600000
762	-130.160076	0.801000	13.530000
763	-129.880076	0.803000	13.530000
764	-129.640076	0.803000	13.730000
765	-129.620076	0.805000	13.620000
766	-129.580076	0.805000	13.540000
767	-129.560076	0.807000	13.520000
768	-129.550076	0.807000	13.580000
769	-129.490076	0.809000	13.780000
770	-129.450076	0.809000	13.440000
771	-129.440076	0.811000	13.500000
772	-129.280076	0.811000	13.550000
773	-129.190076	0.813000	13.680000
774	-129.050076	0.813000	13.580000
775	-128.990076	0.814000	13.570000
776	-128.920076	0.814000	13.560000
777	-128.910076	0.816000	13.540000
778	-128.900076	0.816000	13.480000
779	-128.860076	0.818000	13.500000
780	-128.860076	0.818000	13.600000
781	-128.810076	0.820000	13.670000
782	-128.630076	0.820000	13.560000
783	-128.590076	0.822000	13.580000
784	-128.550076	0.822000	13.680000
785	-128.260076	0.824000	13.540000
786	-127.960076	0.824000	13.760000
787	-127.940076	0.826000	13.680000
788	-127.870076	0.826000	13.900000
789	-127.790076	0.828000	13.740000
790	-127.680076	0.828000	13.570000
791	-127.640076	0.830000	13.640000
792	-127.520076	0.832000	13.770000
793	-127.480076	0.832000	13.740000
794	-127.430076	0.834000	13.650000
795	-127.400076	0.834000	13.660000
796	-127.370076	0.836000	13.680000
797	-127.360076	0.836000	13.680000
798	-127.290076	0.840000	13.600000
799	-127.150076	0.840000	13.620000
800	-127.040076	0.840000	13.670000
801	-126.970076	0.840000	13.750000
802	-126.950076	0.842000	13.700000
803	-126.910076	0.842000	13.680000
804	-126.890076	0.844000	13.760000
805	-126.880076	0.844000	13.860000
806	-126.860076	0.846000	13.700000
807	-126.830076	0.846000	13.650000
808	-126.730076	0.848000	13.680000
809	-126.550076	0.848000	13.680000
810	-126.440076	0.850000	13.890000
811	-126.280076	0.850000	13.830000
812	-126.260076	0.852000	14.190000
813	-126.080076	0.852000	13.810000
814	-126.080076	0.854000	13.680000
815	-126.070076	0.854000	13.870000
816	-125.980076	0.855000	13.840000
817	-125.940076	0.855000	13.870000
818	-125.910076	0.857000	13.870000
819	-125.900076	0.857000	13.780000
820	-125.770076	0.859000	13.730000
821	-125.760076	0.859000	13.820000
822	-125.730076	0.859000	13.870000
823	-125.620076	0.863000	13.900000
824	-125.450076	0.863000	13.860000
825	-125.230076	0.865000	13.890000
826	-125.050076	0.865000	13.740000
827	-124.950076	0.867000	14.000000
828	-124.930076	0.867000	13.980000
829	-124.620076	0.869000	13.830000
830	-124.610076	0.871000	13.920000
831	-124.570076	0.871000	13.820000
832	-124.370076	0.871000	14.000000
833	-124.370076	0.873000	13.910000
834	-124.290076	0.873000	14.040000
835	-124.220076	0.877000	13.890000
836	-124.090076	0.877000	13.850000
837	-124.030076	0.879000	13.830000
838	-124.020076	0.879000	13.790000
839	-123.970076	0.881000	14.000000
840	-123.830076	0.881000	13.960000
841	-123.500076	0.881000	13.810000
842	-123.420076	0.887000	14.050000
843	-123.350076	0.885000	14.040000
844	-123.320076	0.887000	14.010000
845	-123.230076	0.887000	13.910000
846	-123.220076	0.889000	14.000000
847	-123.170076	0.889000	14.110000
848	-123.110076	0.889000	14.080000
849	-123.110076	0.891000	13.980000
850	-123.100076	0.891000	14.060000
851	-123.080076	0.893000	14.310000
852	-123.070076	0.895000	14.140000
853	-123.060076	0.895000	14.030000
854	-123.020076	0.896000	13.990000
855	-123.010076	0.896000	13.930000
856	-122.950076	0.896000	13.940000
857	-122.890076	0.898000	14.110000
858	-122.860076	0.900000	13.960000
859	-122.740076	0.900000	13.880000
860	-122.720076	0.902000	14.200000
861	-122.620076	0.902000	13.950000
862	-122.620076	0.904000	13.970000
863	-122.570076	0.904000	13.980000
864	-122.560076	0.906000	14.110000
865	-121.970076	0.908000	14.100000
866	-121.900076	0.908000	14.100000
867	-121.540076	0.910000	14.250000
868	-121.370076	0.910000	14.240000
869	-121.250076	0.912000	14.120000
870	-121.240076	0.912000	14.010000
871	-121.200076	0.912000	14.060000
872	-121.200076	0.914000	14.120000
873	-121.160076	0.916000	14.040000
874	-121.130076	0.916000	13.970000
875	-121.030076	0.918000	14.160000
876	-121.010076	0.918000	14.040000
877	-121.000076	0.920000	14.100000
878	-120.950076	0.920000	13.840000
879	-120.870076	0.920000	14.180000
880	-120.780076	0.922000	14.280000
881	-120.720076	0.924000	14.040000
882	-120.700076	0.924000	14.160000
883	-120.680076	0.926000	14.100000
884	-120.650076	0.926000	14.060000
885	-120.640076	0.928000	14.200000
886	-120.570076	0.928000	14.380000
887	-120.260076	0.928000	14.180000
888	-119.930076	0.930000	14.230000
889	-119.840076	0.932000	14.210000
890	-119.840076	0.932000	14.420000
891	-119.800076	0.934000	14.190000
892	-119.760076	0.936000	14.380000
893	-119.750076	0.936000	14.280000
894	-119.720076	0.936000	14.430000
895	-119.690076	0.938000	14.260000
896	-119.610076	0.939000	14.200000
897	-119.570076	0.939000	14.220000
898	-119.550076	0.941000	14.340000
899	-119.420076	0.941000	14.480000
900	-119.390076	0.943000	14.300000
901	-119.290076	0.943000	14.170000
902	-119.270076	0.945000	14.300000
903	-119.210076	0.947000	14.310000
904	-119.060076	0.947000	14.350000
905	-119.060076	0.949000	14.400000
906	-119.040076	0.949000	14.090000
907	-119.030076	0.951000	14.280000
908	-118.990076	0.951000	14.390000
909	-118.900076	0.951000	14.230000
910	-118.890076	0.953000	14.320000
911	-118.840076	0.955000	14.270000
912	-118.800076	0.955000	14.350000
913	-118.750076	0.957000	14.250000
914	-118.740076	0.957000	14.330000
915	-118.590076	0.961000	14.190000
916	-118.440076	0.961000	14.400000
917	-118.370076	0.963000	14.340000
918	-118.270076	0.963000	14.500000
919	-118.200076	0.965000	14.480000
920	-118.130076	0.965000	14.290000
921	-118.060076	0.967000	14.260000
922	-117.990076	0.967000	14.290000
923	-117.880076	0.969000	14.510000
924	-117.670076	0.969000	14.250000
925	-117.600076	0.971000	14.450000
926	-117.530076	0.971000	14.300000
927	-117.370076	0.973000	14.440000
928	-117.210076	0.973000	14.510000
929	-117.020076	0.975000	14.570000
930	-116.770076	0.975000	14.510000
931	-116.640076	0.977000	14.550000
932	-116.610076	0.980000	14.560000
933	-116.590076	0.979000	14.560000
934	-116.240076	0.980000	14.700000
935	-116.230076	0.980000	14.550000
936	-116.120076	0.982000	14.570000
937	-116.020076	0.982000	14.300000
938	-115.980076	0.984000	14.420000
939	-115.920076	0.984000	14.360000
940	-115.840076	0.986000	14.680000
941	-115.790076	0.986000	14.430000
942	-115.780076	0.988000	14.650000
943	-115.730076	0.990000	14.610000
944	-115.730076	0.990000	14.370000
945	-115.690076	0.992000	14.420000
946	-115.630076	0.992000	14.520000
947	-115.560076	0.994000	14.490000
948	-115.550076	0.994000	14.590000
949	-115.490076	0.996000	14.610000
950	-115.090076	0.996000	14.380000
951	-115.060076	0.998000	14.460000
952	-114.970076	1.000000	14.610000
953	-114.970076	1.000000	14.520000
954	-114.940076	1.000000	14.450000
955	-114.920076	1.000000	14.580000
956	-114.880076	1.004000	14.580000
957	-114.780076	1.004000	14.570000
958	-114.760076	1.006000	14.670000
959	-114.750076	1.006000	14.720000
960	-114.750076	1.008000	14.620000
961	-114.620076	1.008000	14.560000
962	-114.610076	1.010000	14.720000
963	-114.590076	1.010000	14.540000
964	-114.550076	1.012000	14.550000
965	-114.530076	1.012000	14.540000
966	-114.420076	1.014000	14.500000
967	-114.420076	1.014000	14.600000
968	-114.340076	1.016000	14.750000
969	-114.340076	1.016000	14.500000
970	-114.320076	1.018000	14.750000
971	-114.280076	1.020000	14.730000
972	-114.280076	1.020000	14.700000
973	-114.210076	1.022000	14.720000
974	-114.170076	1.022000	14.650000
975	-114.170076	1.023000	14.690000
976	-114.050076	1.023000	14.640000
977	-113.960076	1.027000	14.380000
978	-113.940076	1.025000	14.630000
979	-113.550076	1.027000	14.730000
980	-113.360076	1.027000	14.690000
981	-113.300076	1.029000	14.630000
982	-113.060076	1.029000	14.680000
983	-112.930076	1.031000	14.610000
984	-112.890076	1.031000	14.770000
985	-112.840076	1.033000	14.700000
986	-112.810076	1.033000	14.880000
987	-112.750076	1.035000	14.710000
988	-112.710076	1.035000	14.670000
989	-112.640076	1.037000	14.750000
990	-112.520076	1.037000	14.680000
991	-112.500076	1.039000	14.710000
992	-112.440076	1.041000	14.550000
993	-112.210076	1.041000	14.740000
994	-111.970076	1.045000	14.770000
995	-111.950076	1.045000	14.780000
996	-111.920076	1.045000	14.690000
997	-111.850076	1.047000	14.640000
998	-111.840076	1.049000	14.830000
999	-111.730076	1.049000	14.730000
1000	-111.680076	1.049000	14.600000
1001	-111.660076	1.053000	14.800000
1002	-111.590076	1.053000	14.670000
1003	-111.520076	1.053000	14.930000
1004	-111.300076	1.055000	14.720000
1005	-111.270076	1.057000	14.840000
1006	-111.250076	1.057000	14.850000
1007	-111.220076	1.059000	14.820000
1008	-111.210076	1.059000	14.640000
1009	-111.190076	1.061000	14.850000
1010	-111.110076	1.061000	14.740000
1011	-111.070076	1.063000	14.670000
1012	-111.060076	1.063000	14.900000
1013	-110.860076	1.064000	14.780000
1014	-110.840076	1.064000	14.880000
1015	-110.740076	1.066000	14.880000
1016	-110.700076	1.066000	14.850000
1017	-110.690076	1.068000	14.850000
1018	-110.520076	1.068000	14.840000
1019	-110.460076	1.068000	14.940000
1020	-110.410076	1.070000	14.970000
1021	-110.380076	1.072000	14.920000
1022	-110.370076	1.074000	15.000000
1023	-110.270076	1.074000	14.950000
1024	-110.210076	1.076000	15.110000
1025	-110.170076	1.076000	14.760000
1026	-110.100076	1.076000	14.840000
1027	-110.070076	1.078000	15.120000
1028	-109.940076	1.080000	14.850000
1029	-109.650076	1.078000	14.850000
1030	-109.640076	1.080000	14.990000
1031	-109.310076	1.082000	13.740000
1032	-109.260076	1.084000	15.100000
1033	-109.250076	1.084000	13.660000
1034	-109.200076	1.084000	14.900000
1035	-109.190076	1.086000	13.960000
1036	-109.180076	1.088000	15.100000
1037	-109.150076	1.088000	13.730000
1038	-109.040076	1.090000	13.690000
1039	-108.930076	1.090000	15.080000
1040	-108.870076	1.092000	13.740000
1041	-108.860076	1.092000	13.860000
1042	-108.770076	1.094000	13.870000
1043	-108.710076	1.094000	13.800000
1044	-108.680076	1.096000	13.900000
1045	-108.620076	1.096000	13.670000
1046	-108.600076	1.098000	13.780000
1047	-108.480076	1.098000	13.820000
1048	-108.410076	1.100000	15.090000
1049	-108.360076	1.100000	13.990000
1050	-108.320076	1.100000	13.770000
1051	-108.280076	1.102000	14.050000
1052	-108.280076	1.104000	13.890000
1053	-108.160076	1.104000	13.930000
1054	-108.120076	1.105000	13.970000
1055	-107.760076	1.105000	14.030000
1056	-107.480076	1.107000	13.960000
1057	-107.470076	1.107000	14.030000
1058	-107.410076	1.107000	13.820000
1059	-107.380076	1.109000	13.940000
1060	-107.370076	1.111000	13.890000
1061	-107.250076	1.111000	13.790000
1062	-107.120076	1.113000	13.790000
1063	-107.020076	1.113000	13.970000
1064	-106.890076	1.115000	13.960000
1065	-106.890076	1.115000	13.990000
1066	-106.860076	1.115000	13.890000
1067	-106.790076	1.117000	13.930000
1068	-106.470076	1.119000	14.020000
1069	-106.440076	1.119000	13.910000
1070	-106.410076	1.121000	13.780000
1071	-106.370076	1.121000	13.870000
1072	-106.370076	1.123000	14.100000
1073	-106.370076	1.123000	13.860000
1074	-106.310076	1.127000	13.880000
1075	-106.150076	1.127000	13.920000
1076	-105.950076	1.129000	13.910000
1077	-105.790076	1.129000	14.020000
1078	-105.760076	1.131000	13.930000
1079	-105.690076	1.131000	14.020000
1080	-105.600076	1.133000	14.010000
1081	-105.500076	1.133000	14.130000
1082	-105.240076	1.135000	13.930000
1083	-105.170076	1.137000	13.900000
1084	-104.980076	1.137000	13.920000
1085	-104.850076	1.139000	13.960000
1086	-104.750076	1.139000	13.870000
1087	-104.720076	1.141000	13.880000
1088	-104.690076	1.141000	14.040000
1089	-104.660076	1.143000	13.810000
1090	-104.590076	1.143000	13.970000
1091	-104.560076	1.145000	14.080000
1092	-104.560076	1.145000	13.920000
1093	-104.520076	1.146000	13.980000
1094	-104.460076	1.146000	14.120000
1095	-104.300076	1.148000	13.970000
1096	-104.300076	1.148000	13.900000
1097	-104.170076	1.150000	13.950000
1098	-104.130076	1.150000	14.160000
1099	-104.130076	1.152000	13.920000
1100	-104.010076	1.152000	13.970000
1101	-103.940076	1.154000	14.010000
1102	-103.910076	1.154000	14.160000
1103	-103.840076	1.156000	15.220000
1104	-103.810076	1.158000	15.160000
1105	-103.680076	1.158000	14.060000
1106	-103.660076	1.160000	15.300000
1107	-103.620076	1.160000	14.110000
1108	-103.550076	1.162000	15.410000
1109	-103.300076	1.162000	15.440000
1110	-103.240076	1.164000	13.960000
1111	-103.140076	1.164000	15.410000
1112	-103.030076	1.166000	15.610000
1113	-102.970076	1.166000	15.460000
1114	-102.940076	1.168000	15.450000
1115	-102.840076	1.168000	15.220000
1116	-102.770076	1.170000	14.840000
1117	-102.750076	1.170000	15.500000
1118	-102.670076	1.172000	15.350000
1119	-102.610076	1.172000	15.400000
1120	-102.580076	1.174000	15.390000
1121	-102.430076	1.174000	15.370000
1122	-102.360076	1.176000	15.480000
1123	-102.330076	1.178000	15.410000
1124	-102.320076	1.178000	15.300000
1125	-102.290076	1.180000	15.440000
1126	-102.260076	1.180000	15.450000
1127	-102.220076	1.182000	15.580000
1128	-102.110076	1.182000	15.320000
1129	-102.070076	1.184000	15.350000
1130	-101.930076	1.184000	15.420000
1131	-101.890076	1.186000	15.490000
1132	-101.730076	1.186000	15.410000
1133	-101.660076	1.188000	15.430000
1134	-101.650076	1.188000	15.380000
1135	-101.580076	1.189000	15.530000
1136	-101.580076	1.189000	15.300000
1137	-101.550076	1.191000	15.280000
1138	-101.470076	1.191000	15.270000
1139	-101.240076	1.193000	15.520000
1140	-101.170076	1.193000	15.550000
1141	-101.100076	1.195000	15.670000
1142	-101.000076	1.195000	15.520000
1143	-100.970076	1.197000	15.310000
1144	-100.820076	1.197000	15.580000
1145	-100.740076	1.199000	15.530000
1146	-100.680076	1.199000	15.660000
1147	-100.600076	1.201000	15.560000
1148	-100.540076	1.201000	15.580000
1149	-100.510076	1.203000	15.640000
1150	-100.410076	1.203000	15.680000
1151	-100.190076	1.205000	15.930000
1152	-100.110076	1.205000	15.690000
1153	-100.110076	1.207000	15.700000
1154	-99.950076	1.209000	15.580000
1155	-99.900076	1.211000	15.580000
1156	-99.610076	1.213000	15.700000
1157	-99.530076	1.213000	15.790000
1158	-99.470076	1.215000	15.790000
1159	-99.360076	1.215000	15.550000
1160	-99.160076	1.217000	15.790000
1161	-99.140076	1.217000	15.610000
1162	-99.130076	1.219000	15.720000
1163	-99.080076	1.219000	15.690000
1164	-99.010076	1.221000	15.770000
1165	-98.940076	1.221000	15.690000
1166	-98.900076	1.223000	15.680000
1167	-98.890076	1.223000	15.860000
1168	-98.880076	1.225000	15.870000
1169	-98.820076	1.225000	15.720000
1170	-98.700076	1.225000	15.800000
1171	-98.510076	1.227000	15.640000
1172	-98.490076	1.230000	15.590000
1173	-98.470076	1.229000	15.690000
1174	-98.450076	1.230000	15.570000
1175	-98.440076	1.230000	15.690000
1176	-98.430076	1.232000	15.730000
1177	-98.420076	1.232000	15.720000
1178	-98.380076	1.234000	15.650000
1179	-98.330076	1.234000	15.930000
1180	-98.100076	1.234000	15.660000
1181	-98.060076	1.234000	15.730000
1182	-98.030076	1.238000	15.780000
1183	-97.780076	1.238000	15.710000
1184	-97.740076	1.240000	15.910000
1185	-97.600076	1.240000	15.830000
1186	-97.580076	1.242000	15.680000
1187	-97.580076	1.244000	15.900000
1188	-97.580076	1.244000	15.770000
1189	-97.260076	1.246000	15.860000
1190	-97.180076	1.246000	15.870000
1191	-97.060076	1.248000	15.970000
1192	-96.730076	1.248000	15.800000
1193	-96.700076	1.250000	15.670000
1194	-96.570076	1.250000	15.730000
1195	-96.520076	1.252000	15.930000
1196	-96.420076	1.252000	15.760000
1197	-96.420076	1.254000	15.820000
1198	-96.420076	1.254000	15.780000
1199	-96.410076	1.256000	15.690000
1200	-96.310076	1.256000	15.950000
1201	-96.300076	1.256000	15.850000
1202	-96.280076	1.258000	15.910000
1203	-96.150076	1.260000	15.850000
1204	-96.120076	1.260000	15.810000
1205	-95.960076	1.262000	16.020000
1206	-95.880076	1.262000	15.850000
1207	-95.760076	1.264000	16.000000
1208	-95.690076	1.264000	15.960000
1209	-95.690076	1.264000	15.880000
1210	-95.600076	1.266000	15.860000
1211	-95.560076	1.268000	16.040000
1212	-95.380076	1.268000	16.400000
1213	-95.320076	1.270000	15.910000
1214	-95.180076	1.270000	16.000000
1215	-95.110076	1.272000	15.780000
1216	-95.080076	1.272000	16.000000
1217	-95.050076	1.272000	16.030000
1218	-95.040076	1.273000	15.810000
1219	-94.990076	1.275000	16.000000
1220	-94.920076	1.275000	16.000000
1221	-94.790076	1.277000	15.720000
1222	-94.740076	1.277000	15.900000
1223	-94.730076	1.279000	15.970000
1224	-94.660076	1.279000	15.930000
1225	-94.510076	1.281000	16.220000
1226	-94.460076	1.283000	16.060000
1227	-94.310076	1.283000	15.980000
1228	-94.270076	1.285000	16.090000
1229	-94.230076	1.285000	16.270000
1230	-94.230076	1.287000	16.090000
1231	-94.220076	1.287000	16.180000
1232	-94.010076	1.289000	16.180000
1233	-93.850076	1.289000	15.990000
1234	-93.760076	1.293000	15.960000
1235	-93.670076	1.293000	16.350000
1236	-93.660076	1.295000	16.160000
1237	-93.600076	1.297000	16.000000
1238	-93.590076	1.297000	16.240000
1239	-93.440076	1.297000	16.040000
1240	-93.410076	1.297000	16.050000
1241	-93.370076	1.301000	15.980000
1242	-93.260076	1.301000	16.070000
1243	-93.200076	1.303000	16.170000
1244	-93.170076	1.303000	16.180000
1245	-93.170076	1.305000	16.000000
1246	-93.040076	1.305000	16.260000
1247	-93.010076	1.307000	15.960000
1248	-92.890076	1.307000	16.300000
1249	-92.810076	1.309000	16.210000
1250	-92.590076	1.309000	16.280000
1251	-92.570076	1.311000	16.430000
1252	-92.470076	1.311000	16.170000
1253	-92.460076	1.313000	16.130000
1254	-92.390076	1.313000	16.140000
1255	-92.190076	1.314000	16.250000
1256	-92.100076	1.316000	16.240000
1257	-92.000076	1.316000	15.870000
1258	-91.820076	1.318000	16.320000
1259	-91.710076	1.318000	16.250000
1260	-91.670076	1.320000	16.280000
1261	-91.590076	1.320000	16.250000
1262	-91.540076	1.322000	16.150000
1263	-91.340076	1.322000	16.180000
1264	-91.340076	1.324000	16.220000
1265	-91.320076	1.324000	16.270000
1266	-91.290076	1.326000	16.260000
1267	-91.270076	1.326000	16.300000
1268	-91.170076	1.328000	16.390000
1269	-91.080076	1.328000	16.540000
1270	-91.030076	1.330000	16.240000
1271	-90.880076	1.330000	15.130000
1272	-90.840076	1.332000	16.260000
1273	-90.760076	1.332000	16.250000
1274	-90.750076	1.334000	15.080000
1275	-90.730076	1.334000	16.240000
1276	-90.610076	1.336000	16.340000
1277	-90.560076	1.336000	16.310000
1278	-90.520076	1.338000	16.300000
1279	-90.440076	1.338000	15.200000
1280	-90.430076	1.340000	15.150000
1281	-90.380076	1.340000	16.380000
1282	-90.270076	1.342000	15.100000
1283	-90.100076	1.342000	15.140000
1284	-89.900076	1.344000	15.100000
1285	-89.810076	1.344000	16.480000
1286	-89.770076	1.346000	15.160000
1287	-89.770076	1.346000	15.190000
1288	-89.770076	1.348000	16.280000
1289	-89.760076	1.348000	15.040000
1290	-89.690076	1.350000	15.140000
1291	-89.600076	1.350000	15.120000
1292	-89.590076	1.352000	16.290000
1293	-89.580076	1.352000	15.170000
1294	-89.500076	1.355000	16.220000
1295	-89.420076	1.354000	15.270000
1296	-89.360076	1.355000	14.990000
1297	-89.360076	1.355000	15.140000
1298	-89.070076	1.357000	15.220000
1299	-89.030076	1.357000	16.430000
1300	-88.930076	1.359000	16.450000
1301	-88.780076	1.359000	15.140000
1302	-88.770076	1.361000	15.150000
1303	-88.570076	1.361000	15.240000
1304	-88.430076	1.363000	15.250000
1305	-88.160076	1.363000	15.350000
1306	-88.150076	1.365000	15.330000
1307	-88.100076	1.367000	15.110000
1308	-88.090076	1.367000	15.370000
1309	-88.030076	1.369000	15.230000
1310	-87.970076	1.369000	15.240000
1311	-87.920076	1.371000	15.190000
1312	-87.900076	1.371000	15.290000
1313	-87.840076	1.373000	15.220000
1314	-87.780076	1.373000	15.250000
1315	-87.780076	1.377000	15.140000
1316	-87.700076	1.377000	15.220000
1317	-87.690076	1.379000	15.280000
1318	-87.640076	1.379000	15.070000
1319	-87.480076	1.381000	15.360000
1320	-87.480076	1.381000	15.320000
1321	-87.410076	1.381000	15.200000
1322	-87.400076	1.383000	15.260000
1323	-87.400076	1.385000	15.190000
1324	-87.240076	1.387000	15.300000
1325	-87.160076	1.385000	15.260000
1326	-87.060076	1.387000	15.210000
1327	-87.050076	1.389000	15.340000
1328	-86.970076	1.389000	15.390000
1329	-86.790076	1.389000	15.380000
1330	-86.590076	1.391000	15.220000
1331	-86.480076	1.393000	15.300000
1332	-86.420076	1.393000	15.490000
1333	-86.400076	1.395000	15.430000
1334	-86.270076	1.395000	15.410000
1335	-86.260076	1.396000	15.420000
1336	-86.220076	1.396000	15.310000
1337	-86.170076	1.398000	15.350000
1338	-86.080076	1.398000	15.370000
1339	-85.960076	1.400000	15.340000
1340	-85.920076	1.400000	15.280000
1341	-85.850076	1.402000	15.180000
1342	-85.690076	1.402000	15.340000
1343	-85.680076	1.404000	15.430000
1344	-85.670076	1.404000	15.370000
1345	-85.670076	1.404000	15.310000
1346	-85.610076	1.408000	15.280000
1347	-85.560076	1.408000	15.430000
1348	-85.500076	1.410000	15.320000
1349	-85.190076	1.410000	15.400000
1350	-85.130076	1.412000	15.570000
1351	-85.090076	1.412000	15.390000
1352	-85.060076	1.414000	15.330000
1353	-84.980076	1.414000	15.380000
1354	-84.670076	1.418000	15.470000
1355	-84.590076	1.416000	15.540000
1356	-84.520076	1.418000	15.420000
1357	-84.400076	1.418000	15.620000
1358	-84.360076	1.420000	15.480000
1359	-84.350076	1.420000	15.470000
1360	-84.340076	1.420000	15.350000
1361	-84.270076	1.422000	15.420000
1362	-84.220076	1.424000	15.450000
1363	-84.130076	1.424000	15.520000
1364	-83.990076	1.426000	15.560000
1365	-83.890076	1.426000	15.680000
1366	-83.800076	1.428000	15.450000
1367	-83.780076	1.428000	15.590000
1368	-83.750076	1.428000	15.520000
1369	-83.680076	1.430000	15.690000
1370	-83.670076	1.432000	15.420000
1371	-83.610076	1.432000	15.570000
1372	-83.560076	1.434000	15.750000
1373	-83.500076	1.434000	15.700000
1374	-83.460076	1.436000	15.600000
1375	-83.450076	1.436000	15.510000
1376	-83.430076	1.436000	15.360000
1377	-83.420076	1.438000	15.490000
1378	-83.230076	1.439000	15.510000
1379	-83.120076	1.439000	15.490000
1380	-83.090076	1.441000	15.620000
1381	-83.040076	1.441000	15.720000
1382	-83.040076	1.443000	15.540000
1383	-82.910076	1.443000	15.520000
1384	-82.860076	1.443000	15.660000
1385	-82.840076	1.445000	15.340000
1386	-82.670076	1.449000	15.500000
1387	-82.590076	1.449000	15.630000
1388	-82.280076	1.449000	15.560000
1389	-82.100076	1.451000	15.690000
1390	-81.890076	1.451000	15.590000
1391	-81.830076	1.451000	15.560000
1392	-81.660076	1.453000	15.530000
1393	-81.660076	1.455000	15.590000
1394	-81.580076	1.455000	15.800000
1395	-81.560076	1.457000	15.660000
1396	-81.490076	1.457000	15.780000
1397	-81.340076	1.461000	15.650000
1398	-81.140076	1.463000	15.570000
1399	-81.110076	1.463000	15.620000
1400	-81.030076	1.465000	15.640000
1401	-80.990076	1.465000	15.790000
1402	-80.850076	1.467000	15.740000
1403	-80.810076	1.467000	15.600000
1404	-80.720076	1.469000	15.510000
1405	-80.700076	1.469000	15.690000
1406	-80.700076	1.469000	15.590000
1407	-80.490076	1.471000	15.730000
1408	-80.480076	1.473000	15.610000
1409	-80.440076	1.473000	15.540000
1410	-80.410076	1.475000	15.690000
1411	-80.380076	1.475000	15.700000
1412	-80.270076	1.477000	15.830000
1413	-80.240076	1.477000	15.760000
1414	-80.200076	1.479000	15.680000
1415	-80.170076	1.479000	15.660000
1416	-80.140076	1.480000	15.520000
1417	-80.020076	1.480000	15.880000
1418	-79.830076	1.482000	15.550000
1419	-79.810076	1.482000	15.760000
1420	-79.690076	1.484000	15.840000
1421	-79.510076	1.484000	15.860000
1422	-79.450076	1.486000	15.740000
1423	-79.300076	1.486000	15.790000
1424	-79.200076	1.488000	15.730000
1425	-79.180076	1.488000	15.870000
1426	-79.130076	1.490000	15.670000
1427	-79.050076	1.490000	15.900000
1428	-79.020076	1.492000	15.960000
1429	-79.000076	1.494000	15.740000
1430	-78.970076	1.494000	15.720000
1431	-78.900076	1.496000	15.540000
1432	-78.840076	1.496000	15.690000
1433	-78.790076	1.498000	15.710000
1434	-78.720076	1.498000	15.840000
1435	-78.620076	1.500000	15.770000
1436	-78.590076	1.500000	15.900000
1437	-78.530076	1.500000	15.690000
1438	-78.430076	1.504000	15.730000
1439	-78.390076	1.504000	15.860000
1440	-78.230076	1.506000	15.880000
1441	-78.210076	1.506000	15.670000
1442	-78.030076	1.508000	15.790000
1443	-77.810076	1.508000	15.750000
1444	-77.730076	1.510000	15.820000
1445	-77.720076	1.510000	15.690000
1446	-77.660076	1.512000	15.660000
1447	-77.640076	1.512000	15.860000
1448	-77.610076	1.514000	15.920000
1449	-77.180076	1.514000	15.810000
1450	-76.980076	1.516000	15.780000
1451	-76.910076	1.516000	16.080000
1452	-76.910076	1.518000	15.950000
1453	-76.790076	1.518000	15.790000
1454	-76.720076	1.520000	15.940000
1455	-76.710076	1.520000	15.780000
1456	-76.680076	1.522000	15.930000
1457	-76.580076	1.522000	15.830000
1458	-76.570076	1.523000	15.930000
1459	-76.530076	1.523000	15.960000
1460	-76.440076	1.525000	15.910000
1461	-76.380076	1.525000	15.910000
1462	-76.330076	1.527000	16.030000
1463	-76.330076	1.527000	15.670000
1464	-76.270076	1.529000	16.140000
1465	-76.260076	1.529000	15.830000
1466	-76.130076	1.531000	15.920000
1467	-75.940076	1.531000	16.200000
1468	-75.790076	1.533000	16.170000
1469	-75.650076	1.533000	16.240000
1470	-75.630076	1.535000	16.010000
1471	-75.590076	1.535000	15.940000
1472	-75.530076	1.537000	16.370000
1473	-75.520076	1.537000	16.130000
1474	-75.480076	1.539000	16.180000
1475	-75.430076	1.539000	16.130000
1476	-75.350076	1.541000	16.150000
1477	-75.180076	1.541000	16.100000
1478	-74.950076	1.545000	16.080000
1479	-74.870076	1.545000	16.250000
1480	-74.870076	1.545000	16.080000
1481	-74.720076	1.547000	16.080000
1482	-74.600076	1.549000	16.160000
1483	-74.600076	1.549000	15.910000
1484	-74.530076	1.551000	16.050000
1485	-74.490076	1.551000	15.980000
1486	-74.450076	1.553000	16.010000
1487	-74.430076	1.553000	16.090000
1488	-74.330076	1.553000	16.090000
1489	-74.000076	1.555000	16.350000
1490	-73.990076	1.557000	16.320000
1491	-73.930076	1.557000	16.280000
1492	-73.810076	1.559000	16.210000
1493	-73.780076	1.559000	16.280000
1494	-73.650076	1.561000	16.000000
1495	-73.560076	1.561000	16.220000
1496	-73.550076	1.563000	16.130000
1497	-73.520076	1.563000	16.220000
1498	-73.400076	1.564000	16.170000
1499	-73.350076	1.566000	16.280000
1500	-73.340076	1.566000	16.190000
1501	-73.330076	1.568000	16.250000
1502	-73.190076	1.568000	16.250000
1503	-73.160076	1.568000	16.170000
1504	-73.140076	1.570000	16.200000
1505	-73.040076	1.572000	16.250000
1506	-73.040076	1.572000	16.170000
1507	-72.990076	1.574000	16.190000
1508	-72.980076	1.574000	16.270000
1509	-72.900076	1.576000	16.220000
1510	-72.860076	1.576000	16.140000
1511	-72.740076	1.576000	16.360000
1512	-72.640076	1.578000	16.260000
1513	-72.580076	1.580000	16.240000
1514	-72.570076	1.580000	16.280000
1515	-72.560076	1.582000	16.290000
1516	-72.540076	1.582000	16.100000
1517	-72.350076	1.584000	16.230000
1518	-72.250076	1.584000	16.390000
1519	-72.090076	1.586000	16.270000
1520	-72.080076	1.588000	16.330000
1521	-71.950076	1.588000	16.190000
1522	-71.940076	1.590000	16.150000
1523	-71.900076	1.590000	16.410000
1524	-71.880076	1.592000	16.210000
1525	-71.780076	1.592000	16.360000
1526	-71.640076	1.594000	16.190000
1527	-71.520076	1.594000	16.270000
1528	-71.270076	1.596000	16.250000
1529	-71.220076	1.596000	16.310000
1530	-71.120076	1.598000	16.440000
1531	-71.020076	1.598000	16.310000
1532	-71.010076	1.600000	16.320000
1533	-70.890076	1.600000	16.420000
1534	-70.860076	1.600000	16.340000
1535	-70.750076	1.602000	16.380000
1536	-70.610076	1.604000	16.310000
1537	-70.600076	1.604000	16.380000
1538	-70.560076	1.604000	16.260000
1539	-70.560076	1.605000	16.350000
1540	-70.550076	1.607000	16.480000
1541	-70.460076	1.607000	16.440000
1542	-70.420076	1.607000	16.360000
1543	-70.410076	1.609000	16.500000
1544	-70.400076	1.611000	16.400000
1545	-70.350076	1.611000	16.350000
1546	-70.260076	1.613000	16.510000
1547	-70.060076	1.613000	16.420000
1548	-70.040076	1.615000	16.500000
1549	-70.030076	1.615000	16.450000
1550	-69.930076	1.615000	16.360000
1551	-69.830076	1.617000	16.570000
1552	-69.570076	1.619000	16.510000
1553	-69.560076	1.619000	16.580000
1554	-69.480076	1.621000	16.740000
1555	-69.390076	1.621000	16.650000
1556	-69.380076	1.623000	16.540000
1557	-69.330076	1.623000	16.430000
1558	-69.280076	1.627000	16.530000
1559	-69.250076	1.627000	16.490000
1560	-69.100076	1.629000	16.480000
1561	-68.990076	1.631000	16.470000
1562	-68.980076	1.631000	16.630000
1563	-68.970076	1.633000	16.530000
1564	-68.940076	1.633000	16.420000
1565	-68.790076	1.635000	16.500000
1566	-68.700076	1.635000	16.450000
1567	-68.590076	1.637000	16.540000
1568	-68.530076	1.637000	16.390000
1569	-68.500076	1.639000	16.600000
1570	-68.470076	1.641000	16.500000
1571	-68.470076	1.641000	16.570000
1572	-68.400076	1.643000	16.580000
1573	-68.240076	1.643000	16.700000
1574	-68.240076	1.645000	16.590000
1575	-68.180076	1.645000	16.630000
1576	-68.170076	1.646000	16.530000
1577	-68.090076	1.646000	16.720000
1578	-68.040076	1.648000	16.530000
1579	-68.020076	1.652000	16.560000
1580	-67.950076	1.650000	16.580000
1581	-67.640076	1.652000	16.810000
1582	-67.610076	1.652000	16.710000
1583	-67.440076	1.654000	16.710000
1584	-67.370076	1.654000	16.690000
1585	-67.220076	1.656000	16.600000
1586	-67.100076	1.656000	16.660000
1587	-67.070076	1.658000	16.520000
1588	-67.000076	1.658000	16.760000
1589	-66.960076	1.660000	16.530000
1590	-66.950076	1.660000	16.630000
1591	-66.950076	1.662000	16.580000
1592	-66.500076	1.662000	16.610000
1593	-66.500076	1.664000	16.680000
1594	-66.480076	1.664000	16.570000
1595	-66.460076	1.666000	16.550000
1596	-66.370076	1.666000	16.650000
1597	-66.120076	1.668000	16.530000
1598	-65.960076	1.668000	16.590000
1599	-65.910076	1.670000	16.850000
1600	-65.850076	1.670000	16.650000
1601	-65.720076	1.672000	16.650000
1602	-65.700076	1.672000	16.600000
1603	-65.670076	1.674000	16.620000
1604	-65.590076	1.674000	16.750000
1605	-65.580076	1.676000	16.740000
1606	-65.540076	1.676000	16.640000
1607	-65.530076	1.678000	16.830000
1608	-65.480076	1.678000	16.580000
1609	-65.450076	1.680000	16.720000
1610	-65.240076	1.682000	16.860000
1611	-65.230076	1.682000	16.800000
1612	-65.130076	1.684000	16.930000
1613	-65.060076	1.684000	16.820000
1614	-65.010076	1.686000	16.860000
1615	-64.990076	1.686000	16.860000
1616	-64.820076	1.688000	16.760000
1617	-64.710076	1.688000	16.790000
1618	-64.690076	1.689000	16.820000
1619	-64.590076	1.688000	16.770000
1620	-64.570076	1.691000	16.870000
1621	-64.390076	1.691000	16.840000
1622	-64.380076	1.693000	16.880000
1623	-64.340076	1.693000	16.890000
1624	-64.300076	1.695000	16.670000
1625	-64.290076	1.695000	16.870000
1626	-64.270076	1.697000	16.770000
1627	-64.210076	1.699000	16.870000
1628	-64.210076	1.699000	16.850000
1629	-64.150076	1.701000	16.870000
1630	-64.130076	1.701000	16.810000
1631	-64.060076	1.703000	16.830000
1632	-63.910076	1.703000	16.770000
1633	-63.810076	1.705000	17.070000
1634	-63.800076	1.705000	16.960000
1635	-63.790076	1.707000	16.770000
1636	-63.230076	1.707000	16.840000
1637	-63.230076	1.709000	16.890000
1638	-63.180076	1.711000	16.780000
1639	-63.040076	1.713000	16.800000
1640	-62.960076	1.713000	16.860000
1641	-62.880076	1.715000	17.020000
1642	-62.850076	1.715000	16.970000
1643	-62.640076	1.717000	16.790000
1644	-62.570076	1.717000	16.980000
1645	-62.360076	1.717000	16.880000
1646	-62.340076	1.719000	16.920000
1647	-62.290076	1.721000	16.900000
1648	-62.140076	1.721000	16.930000
1649	-62.080076	1.723000	16.870000
1650	-61.950076	1.723000	17.030000
1651	-61.910076	1.725000	17.060000
1652	-61.910076	1.725000	16.850000
1653	-61.890076	1.725000	16.920000
1654	-61.860076	1.727000	17.020000
1655	-61.850076	1.729000	16.970000
1656	-61.840076	1.729000	17.120000
1657	-61.750076	1.730000	16.900000
1658	-61.530076	1.730000	17.190000
1659	-61.530076	1.732000	17.090000
1660	-61.510076	1.732000	17.130000
1661	-61.470076	1.732000	16.970000
1662	-61.360076	1.734000	17.140000
1663	-61.310076	1.736000	16.980000
1664	-61.240076	1.736000	17.080000
1665	-61.230076	1.738000	17.160000
1666	-61.030076	1.738000	17.290000
1667	-60.920076	1.740000	17.120000
1668	-60.750076	1.740000	17.090000
1669	-60.660076	1.740000	16.900000
1670	-60.570076	1.742000	17.160000
1671	-60.540076	1.744000	17.210000
1672	-60.480076	1.744000	17.070000
1673	-60.360076	1.746000	17.160000
1674	-60.320076	1.746000	17.340000
1675	-60.280076	1.748000	17.130000
1676	-60.280076	1.748000	17.170000
1677	-60.230076	1.748000	17.210000
1678	-60.200076	1.750000	17.330000
1679	-60.080076	1.752000	17.040000
1680	-60.040076	1.752000	17.050000
1681	-60.000076	1.754000	17.290000
1682	-59.980076	1.754000	16.990000
1683	-59.900076	1.756000	17.150000
1684	-59.590076	1.756000	17.350000
1685	-59.590076	1.756000	17.020000
1686	-59.560076	1.758000	17.130000
1687	-59.190076	1.762000	17.400000
1688	-59.090076	1.760000	17.270000
1689	-59.060076	1.762000	17.230000
1690	-59.030076	1.762000	17.460000
1691	-58.950076	1.764000	17.340000
1692	-58.710076	1.764000	17.260000
1693	-58.690076	1.766000	17.180000
1694	-58.620076	1.768000	17.190000
1695	-58.590076	1.768000	17.390000
1696	-58.570076	1.770000	17.330000
1697	-58.470076	1.770000	17.260000
1698	-58.460076	1.772000	17.090000
1699	-58.400076	1.772000	17.340000
1700	-58.380076	1.773000	17.440000
1701	-58.310076	1.773000	17.350000
1702	-58.250076	1.775000	17.190000
1703	-58.220076	1.775000	17.320000
1704	-58.160076	1.777000	17.110000
1705	-58.040076	1.777000	17.220000
1706	-58.000076	1.779000	17.260000
1707	-57.980076	1.779000	17.370000
1708	-57.890076	1.779000	17.330000
1709	-57.670076	1.781000	17.420000
1710	-57.590076	1.783000	17.360000
1711	-57.340076	1.785000	17.230000
1712	-57.260076	1.785000	17.230000
1713	-57.110076	1.787000	17.180000
1714	-57.110076	1.787000	17.350000
1715	-57.090076	1.787000	17.190000
1716	-57.060076	1.789000	17.290000
1717	-56.960076	1.791000	17.320000
1718	-56.930076	1.791000	17.290000
1719	-56.850076	1.793000	17.420000
1720	-56.790076	1.797000	17.470000
1721	-56.710076	1.797000	17.380000
1722	-56.690076	1.799000	17.280000
1723	-56.610076	1.799000	17.530000
1724	-56.330076	1.801000	17.430000
1725	-56.280076	1.801000	17.480000
1726	-56.270076	1.803000	17.410000
1727	-56.180076	1.803000	17.300000
1728	-56.150076	1.805000	17.260000
1729	-56.070076	1.805000	17.410000
1730	-56.030076	1.809000	17.230000
1731	-55.900076	1.809000	17.520000
1732	-55.880076	1.809000	17.310000
1733	-55.710076	1.811000	17.690000
1734	-55.690076	1.811000	17.420000
1735	-55.490076	1.813000	17.400000
1736	-55.350076	1.813000	17.390000
1737	-55.300076	1.814000	17.430000
1738	-55.180076	1.814000	17.510000
1739	-55.030076	1.816000	17.430000
1740	-55.010076	1.816000	17.580000
1741	-55.010076	1.818000	17.530000
1742	-55.000076	1.818000	17.350000
1743	-54.980076	1.820000	17.520000
1744	-54.870076	1.820000	17.480000
1745	-54.840076	1.822000	17.380000
1746	-54.830076	1.822000	17.530000
1747	-54.780076	1.824000	17.500000
1748	-54.720076	1.824000	17.540000
1749	-54.700076	1.826000	17.530000
1750	-54.650076	1.826000	17.420000
1751	-54.540076	1.828000	17.420000
1752	-54.510076	1.828000	17.530000
1753	-54.350076	1.830000	17.460000
1754	-54.300076	1.830000	17.380000
1755	-54.150076	1.832000	17.530000
1756	-54.030076	1.832000	17.540000
1757	-53.960076	1.834000	17.550000
1758	-53.770076	1.834000	17.470000
1759	-53.680076	1.836000	17.600000
1760	-53.650076	1.836000	17.680000
1761	-53.580076	1.838000	17.520000
1762	-53.510076	1.838000	17.700000
1763	-53.410076	1.840000	17.630000
1764	-53.350076	1.840000	17.430000
1765	-53.330076	1.842000	17.570000
1766	-53.240076	1.842000	17.530000
1767	-53.220076	1.844000	17.620000
1768	-53.190076	1.844000	17.360000
1769	-52.910076	1.846000	17.550000
1770	-52.850076	1.846000	17.660000
1771	-52.830076	1.848000	17.400000
1772	-52.820076	1.850000	17.520000
1773	-52.820076	1.850000	17.410000
1774	-52.670076	1.852000	17.570000
1775	-52.630076	1.852000	17.680000
1776	-52.610076	1.854000	17.730000
1777	-52.420076	1.854000	17.720000
1778	-52.410076	1.855000	17.540000
1779	-52.400076	1.855000	17.520000
1780	-52.390076	1.857000	17.580000
1781	-52.170076	1.859000	17.600000
1782	-52.170076	1.859000	17.630000
1783	-52.160076	1.861000	17.680000
1784	-52.110076	1.861000	17.630000
1785	-52.100076	1.863000	17.720000
1786	-52.060076	1.863000	17.750000
1787	-51.940076	1.865000	17.660000
1788	-51.920076	1.865000	17.600000
1789	-51.900076	1.867000	17.680000
1790	-51.770076	1.871000	17.660000
1791	-51.680076	1.869000	17.600000
1792	-51.530076	1.871000	17.610000
1793	-51.510076	1.871000	17.660000
1794	-51.200076	1.873000	17.720000
1795	-51.130076	1.873000	17.920000
1796	-51.070076	1.877000	17.800000
1797	-51.040076	1.877000	17.670000
1798	-50.250076	1.879000	17.870000
1799	-50.240076	1.879000	17.710000
1800	-50.120076	1.881000	17.830000
1801	-50.040076	1.881000	17.710000
1802	-50.030076	1.881000	17.650000
1803	-50.030076	1.883000	17.920000
1804	-50.000076	1.885000	17.760000
1805	-49.940076	1.885000	17.790000
1806	-49.930076	1.887000	17.780000
1807	-49.880076	1.887000	17.840000
1808	-49.790076	1.889000	17.790000
1809	-49.720076	1.889000	17.740000
1810	-49.710076	1.891000	17.740000
1811	-49.680076	1.891000	17.810000
1812	-49.680076	1.893000	17.880000
1813	-49.630076	1.893000	17.760000
1814	-49.610076	1.895000	17.850000
1815	-49.590076	1.895000	17.720000
1816	-49.510076	1.896000	17.840000
1817	-49.310076	1.896000	17.880000
1818	-49.280076	1.896000	17.690000
1819	-49.210076	1.898000	17.820000
1820	-49.170076	1.902000	17.870000
1821	-49.150076	1.902000	17.810000
1822	-48.730076	1.902000	18.010000
1823	-48.720076	1.904000	17.740000
1824	-48.610076	1.904000	17.810000
1825	-48.460076	1.904000	17.940000
1826	-48.250076	1.906000	18.000000
1827	-48.080076	1.908000	18.120000
1828	-48.030076	1.908000	17.940000
1829	-47.980076	1.908000	18.030000
1830	-47.950076	1.912000	17.970000
1831	-47.910076	1.912000	17.900000
1832	-47.850076	1.912000	17.900000
1833	-47.850076	1.914000	17.980000
1834	-47.660076	1.916000	18.090000
1835	-47.610076	1.916000	17.830000
1836	-47.600076	1.918000	17.810000
1837	-47.530076	1.918000	17.920000
1838	-47.520076	1.920000	17.920000
1839	-47.490076	1.920000	17.980000
1840	-47.410076	1.922000	17.890000
1841	-47.310076	1.922000	17.790000
1842	-47.280076	1.924000	18.040000
1843	-47.230076	1.924000	17.910000
1844	-47.180076	1.926000	17.920000
1845	-47.130076	1.926000	18.060000
1846	-47.090076	1.928000	18.090000
1847	-46.790076	1.928000	18.150000
1848	-46.570076	1.928000	17.960000
1849	-46.540076	1.930000	18.110000
1850	-46.440076	1.932000	18.170000
1851	-46.390076	1.932000	17.940000
1852	-46.390076	1.934000	18.140000
1853	-46.340076	1.934000	18.040000
1854	-46.330076	1.936000	18.060000
1855	-46.280076	1.936000	18.110000
1856	-46.220076	1.936000	18.020000
1857	-46.100076	1.938000	18.070000
1858	-46.050076	1.939000	18.110000
1859	-45.910076	1.938000	18.080000
1860	-45.850076	1.941000	18.000000
1861	-45.830076	1.941000	18.150000
1862	-45.810076	1.943000	18.010000
1863	-45.740076	1.943000	18.020000
1864	-45.740076	1.943000	18.040000
1865	-45.720076	1.945000	18.140000
1866	-45.680076	1.947000	18.110000
1867	-45.630076	1.947000	18.110000
1868	-45.610076	1.949000	18.190000
1869	-45.500076	1.949000	18.090000
1870	-45.460076	1.951000	18.090000
1871	-45.100076	1.951000	18.250000
1872	-45.020076	1.953000	18.120000
1873	-44.990076	1.955000	18.180000
1874	-44.930076	1.955000	18.140000
1875	-44.780076	1.957000	18.060000
1876	-44.680076	1.957000	18.360000
1877	-44.650076	1.961000	18.260000
1878	-44.560076	1.961000	18.150000
1879	-44.530076	1.963000	18.100000
1880	-44.260076	1.963000	18.200000
1881	-44.230076	1.965000	18.120000
1882	-44.210076	1.965000	18.310000
1883	-44.180076	1.967000	18.220000
1884	-44.120076	1.967000	18.220000
1885	-44.090076	1.969000	18.120000
1886	-44.080076	1.969000	18.370000
1887	-44.010076	1.969000	18.240000
1888	-43.970076	1.971000	18.450000
1889	-43.940076	1.973000	18.240000
1890	-43.920076	1.973000	18.370000
1891	-43.850076	1.975000	18.390000
1892	-43.690076	1.975000	18.340000
1893	-43.630076	1.977000	18.270000
1894	-43.620076	1.977000	18.400000
1895	-43.510076	1.979000	18.310000
1896	-43.460076	1.979000	18.270000
1897	-43.390076	1.980000	18.350000
1898	-43.280076	1.980000	18.190000
1899	-43.260076	1.982000	18.300000
1900	-43.200076	1.982000	18.280000
1901	-43.170076	1.984000	18.380000
1902	-43.120076	1.986000	18.140000
1903	-43.010076	1.986000	18.300000
1904	-42.980076	1.988000	18.230000
1905	-42.830076	1.988000	18.320000
1906	-42.630076	1.990000	18.370000
1907	-42.610076	1.990000	18.330000
1908	-42.040076	1.992000	18.370000
1909	-42.040076	1.992000	18.360000
1910	-41.990076	1.994000	18.640000
1911	-41.980076	1.994000	18.390000
1912	-41.980076	1.996000	18.300000
1913	-41.950076	1.996000	18.380000
1914	-41.860076	1.998000	18.410000
1915	-41.670076	1.998000	18.350000
1916	-41.620076	2.000000	18.450000
1917	-41.620076	2.000000	18.340000
1918	-41.530076	2.002000	18.480000
1919	-41.440076	2.002000	18.430000
1920	-41.390076	2.004000	18.360000
1921	-41.300076	2.006000	18.450000
1922	-41.290076	2.006000	18.420000
1923	-41.240076	2.008000	18.410000
1924	-40.970076	2.008000	18.410000
1925	-40.940076	2.010000	18.670000
1926	-40.930076	2.010000	18.400000
1927	-40.820076	2.012000	18.640000
1928	-40.630076	2.012000	18.550000
1929	-40.520076	2.014000	18.570000
1930	-40.460076	2.014000	18.600000
1931	-40.370076	2.016000	18.400000
1932	-40.180076	2.016000	18.570000
1933	-40.130076	2.018000	18.670000
1934	-40.060076	2.018000	18.420000
1935	-40.060076	2.020000	18.520000
1936	-39.990076	2.020000	18.600000
1937	-39.980076	2.022000	18.540000
1938	-39.950076	2.022000	18.530000
1939	-39.860076	2.023000	18.520000
1940	-39.840076	2.023000	18.570000
1941	-39.810076	2.025000	18.620000
1942	-39.810076	2.025000	18.420000
1943	-39.800076	2.027000	18.560000
1944	-39.670076	2.027000	18.460000
1945	-39.610076	2.029000	18.410000
1946	-39.600076	2.029000	18.670000
1947	-39.500076	2.031000	18.470000
1948	-39.420076	2.031000	18.720000
1949	-39.370076	2.033000	18.680000
1950	-39.370076	2.033000	18.600000
1951	-39.330076	2.035000	18.620000
1952	-39.220076	2.035000	18.660000
1953	-39.050076	2.037000	18.740000
1954	-39.010076	2.037000	18.580000
1955	-38.850076	2.039000	18.690000
1956	-38.820076	2.039000	18.580000
1957	-38.810076	2.041000	18.830000
1958	-38.740076	2.041000	18.650000
1959	-38.600076	2.045000	18.620000
1960	-38.580076	2.045000	18.770000
1961	-38.550076	2.045000	18.630000
1962	-38.500076	2.047000	18.790000
1963	-38.410076	2.049000	18.820000
1964	-38.390076	2.049000	18.800000
1965	-38.390076	2.051000	18.680000
1966	-38.290076	2.051000	18.830000
1967	-38.270076	2.053000	18.700000
1968	-38.270076	2.053000	18.900000
1969	-38.180076	2.053000	18.780000
1970	-38.000076	2.055000	18.800000
1971	-37.980076	2.057000	18.650000
1972	-37.820076	2.057000	18.720000
1973	-37.780076	2.059000	18.680000
1974	-37.600076	2.061000	18.880000
1975	-37.570076	2.061000	18.680000
1976	-37.520076	2.061000	18.670000
1977	-37.490076	2.063000	18.730000
1978	-37.400076	2.064000	18.690000
1979	-37.380076	2.064000	18.720000
1980	-37.230076	2.066000	18.790000
1981	-37.160076	2.066000	18.850000
1982	-37.080076	2.068000	18.780000
1983	-37.000076	2.068000	18.750000
1984	-36.680076	2.068000	18.790000
1985	-36.620076	2.070000	18.870000
1986	-36.470076	2.072000	18.840000
1987	-36.350076	2.072000	18.870000
1988	-36.270076	2.074000	18.770000
1989	-36.250076	2.074000	18.950000
1990	-36.220076	2.076000	18.860000
1991	-36.080076	2.076000	18.830000
1992	-36.010076	2.076000	18.870000
1993	-35.840076	2.078000	18.780000
1994	-35.810076	2.080000	18.970000
1995	-35.780076	2.080000	18.910000
1996	-35.760076	2.082000	18.960000
1997	-35.760076	2.082000	18.870000
1998	-35.740076	2.084000	18.880000
1999	-35.560076	2.084000	18.820000
2000	-35.560076	2.084000	18.860000
2001	-35.480076	2.086000	19.020000
2002	-35.310076	2.088000	18.730000
2003	-35.100076	2.088000	19.080000
2004	-35.090076	2.090000	18.970000
2005	-34.960076	2.090000	18.990000
2006	-34.820076	2.092000	18.900000
2007	-34.790076	2.092000	19.010000
2008	-34.780076	2.092000	19.060000
2009	-34.680076	2.094000	19.020000
2010	-34.650076	2.096000	19.070000
2011	-34.510076	2.096000	18.950000
2012	-34.370076	2.098000	19.090000
2013	-34.210076	2.098000	19.020000
2014	-34.210076	2.100000	18.960000
2015	-34.190076	2.100000	19.040000
2016	-34.190076	2.102000	18.960000
2017	-34.050076	2.104000	18.980000
2018	-34.020076	2.104000	18.990000
2019	-33.950076	2.105000	19.090000
2020	-33.920076	2.105000	18.940000
2021	-33.890076	2.107000	19.030000
2022	-33.860076	2.107000	18.950000
2023	-33.670076	2.109000	18.970000
2024	-33.610076	2.109000	19.060000
2025	-33.460076	2.111000	19.020000
2026	-33.320076	2.111000	19.070000
2027	-33.250076	2.113000	19.030000
2028	-33.210076	2.113000	19.000000
2029	-33.180076	2.115000	18.940000
2030	-33.110076	2.115000	19.160000
2031	-33.110076	2.117000	19.070000
2032	-33.030076	2.117000	19.240000
2033	-32.960076	2.119000	19.220000
2034	-32.940076	2.121000	18.950000
2035	-32.890076	2.121000	19.270000
2036	-32.870076	2.123000	19.120000
2037	-32.750076	2.123000	19.160000
2038	-32.730076	2.127000	19.110000
2039	-32.690076	2.127000	19.090000
2040	-32.600076	2.129000	18.930000
2041	-32.560076	2.129000	19.130000
2042	-32.520076	2.131000	19.020000
2043	-32.460076	2.131000	18.990000
2044	-32.400076	2.133000	19.140000
2045	-32.190076	2.133000	19.240000
2046	-31.860076	2.135000	19.260000
2047	-31.740076	2.135000	19.170000
2048	-31.600076	2.137000	19.200000
2049	-31.590076	2.137000	19.060000
2050	-31.550076	2.139000	19.280000
2051	-31.510076	2.139000	19.210000
2052	-31.510076	2.141000	19.240000
2053	-31.490076	2.141000	19.270000
2054	-31.490076	2.143000	19.230000
2055	-31.420076	2.143000	19.210000
2056	-31.380076	2.145000	19.430000
2057	-31.290076	2.145000	19.270000
2058	-31.250076	2.146000	19.210000
2059	-31.240076	2.146000	19.170000
2060	-31.150076	2.148000	19.250000
2061	-31.050076	2.148000	19.170000
2062	-31.040076	2.150000	19.150000
2063	-31.020076	2.152000	19.160000
2064	-31.010076	2.152000	19.360000
2065	-30.870076	2.154000	19.310000
2066	-30.840076	2.154000	19.250000
2067	-30.820076	2.156000	19.390000
2068	-30.430076	2.156000	19.250000
2069	-30.420076	2.158000	19.320000
2070	-30.330076	2.158000	19.060000
2071	-30.320076	2.160000	19.280000
2072	-30.140076	2.160000	19.150000
2073	-30.060076	2.162000	19.370000
2074	-30.060076	2.162000	19.300000
2075	-30.010076	2.164000	19.240000
2076	-30.000076	2.164000	19.180000
2077	-29.960076	2.166000	19.440000
2078	-29.930076	2.166000	19.130000
2079	-29.910076	2.168000	19.280000
2080	-29.890076	2.168000	19.220000
2081	-29.750076	2.170000	19.310000
2082	-29.550076	2.170000	19.280000
2083	-29.430076	2.172000	19.390000
2084	-29.420076	2.172000	19.390000
2085	-29.400076	2.174000	19.220000
2086	-29.390076	2.174000	19.220000
2087	-29.350076	2.176000	19.330000
2088	-29.330076	2.176000	19.290000
2089	-29.250076	2.178000	19.270000
2090	-29.200076	2.178000	19.360000
2091	-29.130076	2.180000	19.230000
2092	-29.040076	2.180000	19.450000
2093	-29.040076	2.182000	19.540000
2094	-29.030076	2.182000	19.310000
2095	-29.000076	2.184000	19.420000
2096	-28.950076	2.186000	19.390000
2097	-28.650076	2.186000	19.480000
2098	-28.400076	2.188000	19.590000
2099	-28.340076	2.188000	19.270000
2100	-28.290076	2.189000	19.500000
2101	-28.140076	2.189000	19.440000
2102	-28.130076	2.191000	19.520000
2103	-27.830076	2.191000	19.520000
2104	-27.530076	2.193000	19.430000
2105	-27.380076	2.193000	19.500000
2106	-27.360076	2.195000	19.440000
2107	-27.340076	2.195000	19.500000
2108	-27.130076	2.197000	19.440000
2109	-27.110076	2.197000	19.420000
2110	-27.000076	2.199000	19.420000
2111	-26.860076	2.199000	19.560000
2112	-26.730076	2.201000	19.600000
2113	-26.510076	2.201000	19.520000
2114	-26.500076	2.203000	19.470000
2115	-26.390076	2.203000	19.620000
2116	-26.100076	2.205000	19.570000
2117	-25.990076	2.207000	19.540000
2118	-25.980076	2.207000	19.470000
2119	-25.980076	2.209000	19.440000
2120	-25.970076	2.211000	19.390000
2121	-25.950076	2.213000	19.540000
2122	-25.870076	2.213000	19.380000
2123	-25.850076	2.215000	19.770000
2124	-25.710076	2.215000	19.580000
2125	-25.700076	2.217000	19.520000
2126	-25.680076	2.217000	19.430000
2127	-25.650076	2.217000	19.420000
2128	-25.590076	2.219000	19.520000
2129	-25.500076	2.221000	19.570000
2130	-25.490076	2.221000	19.400000
2131	-25.350076	2.223000	19.420000
2132	-25.180076	2.223000	19.370000
2133	-25.000076	2.225000	19.520000
2134	-24.920076	2.225000	19.630000
2135	-24.900076	2.227000	19.490000
2136	-24.850076	2.227000	19.560000
2137	-24.820076	2.229000	19.550000
2138	-24.750076	2.229000	19.590000
2139	-24.500076	2.230000	19.620000
2140	-24.460076	2.230000	19.700000
2141	-24.410076	2.232000	19.520000
2142	-24.110076	2.232000	19.530000
2143	-24.080076	2.234000	19.570000
2144	-24.080076	2.234000	19.650000
2145	-24.080076	2.234000	19.510000
2146	-24.050076	2.238000	19.470000
2147	-23.970076	2.238000	19.540000
2148	-23.910076	2.240000	19.600000
2149	-23.880076	2.240000	19.670000
2150	-23.870076	2.240000	19.620000
2151	-23.860076	2.242000	19.610000
2152	-23.720076	2.244000	19.640000
2153	-23.700076	2.244000	19.790000
2154	-23.700076	2.244000	19.610000
2155	-23.650076	2.246000	19.850000
2156	-23.620076	2.248000	19.610000
2157	-23.580076	2.248000	19.650000
2158	-23.510076	2.248000	19.550000
2159	-23.320076	2.250000	19.640000
2160	-23.280076	2.252000	19.560000
2161	-23.220076	2.252000	19.600000
2162	-23.130076	2.254000	19.670000
2163	-23.130076	2.254000	19.620000
2164	-23.110076	2.256000	19.650000
2165	-23.060076	2.256000	19.560000
2166	-23.000076	2.258000	19.660000
2167	-22.970076	2.258000	19.630000
2168	-22.870076	2.260000	19.670000
2169	-22.830076	2.260000	19.680000
2170	-22.810076	2.262000	19.730000
2171	-22.730076	2.262000	19.700000
2172	-22.510076	2.264000	19.920000
2173	-22.420076	2.264000	19.550000
2174	-22.200076	2.264000	19.820000
2175	-22.200076	2.266000	19.770000
2176	-22.120076	2.268000	19.800000
2177	-21.920076	2.268000	19.630000
2178	-21.830076	2.270000	19.800000
2179	-21.740076	2.270000	19.710000
2180	-21.710076	2.272000	19.760000
2181	-21.620076	2.272000	19.850000
2182	-21.600076	2.272000	19.850000
2183	-21.530076	2.273000	19.820000
2184	-21.430076	2.275000	19.700000
2185	-21.280076	2.275000	19.710000
2186	-21.230076	2.277000	19.940000
2187	-21.230076	2.277000	19.700000
2188	-21.220076	2.279000	19.740000
2189	-21.180076	2.279000	19.710000
2190	-21.030076	2.279000	19.660000
2191	-21.020076	2.281000	19.880000
2192	-20.970076	2.281000	19.890000
2193	-20.970076	2.281000	19.680000
2194	-20.900076	2.285000	19.610000
2195	-20.730076	2.285000	19.770000
2196	-20.670076	2.287000	19.880000
2197	-20.610076	2.287000	19.820000
2198	-20.610076	2.289000	19.930000
2199	-20.450076	2.291000	19.840000
2200	-20.340076	2.291000	19.840000
2201	-20.220076	2.293000	19.770000
2202	-20.130076	2.295000	19.780000
2203	-20.110076	2.297000	19.810000
2204	-20.080076	2.297000	19.820000
2205	-20.070076	2.299000	19.820000
2206	-20.010076	2.301000	19.990000
2207	-20.000076	2.301000	19.830000
2208	-19.990076	2.303000	19.810000
2209	-19.940076	2.303000	19.860000
2210	-19.930076	2.305000	19.920000
2211	-19.900076	2.305000	19.950000
2212	-19.820076	2.309000	19.950000
2213	-19.810076	2.307000	19.770000
2214	-19.790076	2.309000	19.860000
2215	-19.780076	2.309000	19.900000
2216	-19.780076	2.311000	19.950000
2217	-19.730076	2.311000	19.820000
2218	-19.720076	2.313000	19.840000
2219	-19.550076	2.313000	19.780000
2220	-19.520076	2.314000	20.020000
2221	-19.380076	2.314000	19.910000
2222	-19.310076	2.316000	19.890000
2223	-19.210076	2.316000	19.920000
2224	-19.010076	2.318000	19.900000
2225	-18.980076	2.318000	19.820000
2226	-18.770076	2.320000	19.950000
2227	-18.760076	2.322000	19.900000
2228	-18.580076	2.322000	20.130000
2229	-18.500076	2.324000	20.080000
2230	-18.470076	2.324000	20.070000
2231	-18.300076	2.326000	20.020000
2232	-18.300076	2.326000	19.940000
2233	-18.140076	2.328000	20.190000
2234	-18.070076	2.328000	20.060000
2235	-18.050076	2.330000	20.080000
2236	-17.880076	2.330000	20.010000
2237	-17.850076	2.332000	20.070000
2238	-17.780076	2.332000	20.300000
2239	-17.780076	2.334000	20.110000
2240	-17.770076	2.334000	20.010000
2241	-17.760076	2.336000	19.980000
2242	-17.740076	2.336000	19.970000
2243	-17.710076	2.338000	19.950000
2244	-17.700076	2.338000	19.920000
2245	-17.470076	2.340000	20.060000
2246	-17.360076	2.340000	19.950000
2247	-17.240076	2.342000	19.950000
2248	-17.220076	2.342000	19.950000
2249	-17.100076	2.344000	19.940000
2250	-17.010076	2.344000	20.090000
2251	-16.980076	2.346000	20.000000
2252	-16.950076	2.346000	20.110000
2253	-16.810076	2.348000	20.030000
2254	-16.740076	2.348000	20.050000
2255	-16.690076	2.350000	20.150000
2256	-16.550076	2.350000	19.990000
2257	-16.440076	2.352000	20.090000
2258	-16.430076	2.352000	20.250000
2259	-16.350076	2.354000	19.990000
2260	-16.240076	2.354000	20.030000
2261	-16.180076	2.355000	20.070000
2262	-16.080076	2.355000	20.150000
2263	-16.010076	2.357000	20.100000
2264	-15.960076	2.357000	20.250000
2265	-15.950076	2.359000	20.230000
2266	-15.870076	2.359000	20.180000
2267	-15.830076	2.361000	20.120000
2268	-15.820076	2.361000	20.130000
2269	-15.710076	2.363000	20.080000
2270	-15.490076	2.363000	20.010000
2271	-15.440076	2.365000	20.050000
2272	-15.370076	2.365000	20.170000
2273	-15.300076	2.367000	20.050000
2274	-15.300076	2.367000	20.190000
2275	-15.080076	2.369000	20.200000
2276	-15.050076	2.371000	20.130000
2277	-15.020076	2.371000	20.220000
2278	-14.790076	2.371000	20.090000
2279	-14.720076	2.373000	20.190000
2280	-14.680076	2.373000	20.170000
2281	-14.660076	2.377000	20.180000
2282	-14.610076	2.377000	20.110000
2283	-14.340076	2.379000	20.130000
2284	-14.230076	2.379000	20.120000
2285	-14.210076	2.381000	20.300000
2286	-14.210076	2.381000	20.160000
2287	-14.180076	2.381000	20.110000
2288	-14.110076	2.385000	20.310000
2289	-14.040076	2.385000	20.120000
2290	-13.980076	2.387000	20.380000
2291	-13.930076	2.387000	20.180000
2292	-13.910076	2.389000	20.100000
2293	-13.880076	2.389000	20.300000
2294	-13.820076	2.391000	20.270000
2295	-13.790076	2.391000	20.280000
2296	-13.760076	2.391000	20.360000
2297	-13.720076	2.393000	20.390000
2298	-13.710076	2.352000	20.070000
2299	-13.690076	2.354000	20.230000
2300	-13.690076	2.354000	20.160000
2301	-13.590076	2.355000	20.310000
2302	-13.590076	2.355000	20.210000
2303	-13.530076	2.355000	20.190000
2304	-13.490076	2.357000	20.200000
2305	-13.460076	2.359000	20.210000
2306	-13.410076	2.359000	20.290000
2307	-13.270076	2.359000	20.410000
2308	-13.150076	2.361000	20.380000
2309	-13.130076	2.363000	20.430000
2310	-13.120076	2.363000	20.350000
2311	-12.110076	2.363000	20.300000
2312	-12.070076	2.365000	20.520000
2313	-12.070076	2.365000	20.220000
2314	-12.050076	2.367000	20.270000
2315	-11.870076	2.369000	20.460000
2316	-11.800076	2.369000	20.350000
2317	-11.770076	2.369000	20.420000
2318	-11.600076	2.371000	20.480000
2319	-11.590076	2.373000	20.510000
2320	-11.560076	2.377000	20.430000
2321	-11.550076	2.377000	20.690000
2322	-11.430076	2.377000	20.380000
2323	-11.380076	2.379000	20.200000
2324	-11.140076	2.381000	20.510000
2325	-11.000076	2.381000	20.470000
2326	-10.980076	2.381000	20.530000
2327	-10.960076	2.383000	20.360000
2328	-10.920076	2.385000	20.430000
2329	-10.900076	2.385000	20.480000
2330	-10.870076	2.387000	20.580000
2331	-10.820076	2.387000	20.650000
2332	-10.680076	2.387000	20.520000
2333	-10.600076	2.389000	20.570000
2334	-10.440076	2.389000	20.490000
2335	-10.420076	2.391000	20.600000
2336	-10.310076	2.393000	20.520000
2337	-10.240076	2.393000	20.460000
2338	-10.230076	2.395000	20.420000
2339	-10.210076	2.396000	20.480000
2340	-10.210076	2.396000	20.510000
2341	-10.200076	2.396000	20.230000
2342	-10.180076	2.398000	20.380000
2343	-10.070076	2.400000	20.640000
2344	-9.950076	2.400000	20.590000
2345	-9.930076	2.400000	20.520000
2346	-9.870076	2.402000	20.560000
2347	-9.820076	2.404000	20.590000
2348	-9.740076	2.404000	20.670000
2349	-9.710076	2.404000	20.460000
2350	-9.700076	2.406000	20.580000
2351	-9.430076	2.408000	20.540000
2352	-9.380076	2.408000	20.570000
2353	-9.330076	2.408000	20.540000
2354	-9.320076	2.410000	20.590000
2355	-9.220076	2.412000	20.610000
2356	-9.130076	2.412000	20.470000
2357	-9.100076	2.412000	20.640000
2358	-9.080076	2.414000	20.570000
2359	-9.050076	2.416000	20.510000
2360	-8.900076	2.416000	20.550000
2361	-8.870076	2.418000	20.630000
2362	-8.700076	2.418000	20.630000
2363	-8.690076	2.418000	20.770000
2364	-8.550076	2.420000	20.580000
2365	-8.550076	2.420000	20.570000
2366	-8.500076	2.422000	20.610000
2367	-8.430076	2.424000	20.530000
2368	-8.230076	2.424000	20.750000
2369	-8.180076	2.424000	20.640000
2370	-7.970076	2.426000	20.640000
2371	-7.890076	2.428000	20.760000
2372	-7.880076	2.428000	20.570000
2373	-7.860076	2.428000	20.630000
2374	-7.850076	2.430000	20.740000
2375	-7.770076	2.432000	20.510000
2376	-7.740076	2.432000	20.650000
2377	-7.690076	2.434000	20.620000
2378	-7.680076	2.434000	20.800000
2379	-7.630076	2.436000	20.520000
2380	-7.510076	2.436000	20.630000
2381	-7.480076	2.436000	20.630000
2382	-7.460076	2.438000	20.680000
2383	-7.340076	2.439000	20.610000
2384	-7.070076	2.439000	20.680000
2385	-6.980076	2.439000	20.740000
2386	-6.850076	2.441000	20.700000
2387	-6.830076	2.443000	20.690000
2388	-6.730076	2.443000	20.620000
2389	-6.680076	2.443000	20.850000
2390	-6.640076	2.445000	20.590000
2391	-6.420076	2.447000	20.750000
2392	-6.400076	2.447000	20.800000
2393	-6.320076	2.449000	20.850000
2394	-6.300076	2.449000	20.820000
2395	-6.220076	2.449000	20.770000
2396	-6.130076	2.451000	20.950000
2397	-5.940076	2.451000	20.920000
2398	-5.900076	2.453000	21.080000
2399	-5.870076	2.453000	20.760000
2400	-5.800076	2.455000	20.790000
2401	-5.750076	2.455000	20.880000
2402	-5.730076	2.457000	20.810000
2403	-5.650076	2.459000	20.870000
2404	-5.600076	2.461000	20.810000
2405	-5.580076	2.463000	20.800000
2406	-5.420076	2.463000	20.810000
2407	-5.260076	2.465000	20.830000
2408	-5.200076	2.465000	20.920000
2409	-5.150076	2.465000	20.950000
2410	-5.100076	2.467000	20.770000
2411	-5.080076	2.469000	20.770000
2412	-5.080076	2.471000	20.960000
2413	-4.860076	2.471000	20.900000
2414	-4.840076	2.473000	20.780000
2415	-4.800076	2.473000	20.940000
2416	-4.710076	2.473000	20.900000
2417	-4.630076	2.475000	20.910000
2418	-4.590076	2.475000	20.880000
2419	-4.580076	2.477000	21.010000
2420	-4.550076	2.477000	20.970000
2421	-4.450076	2.479000	20.960000
2422	-4.400076	2.480000	20.800000
2423	-4.360076	2.480000	20.940000
2424	-4.230076	2.480000	21.080000
2425	-4.200076	2.482000	20.870000
2426	-4.110076	2.482000	20.880000
2427	-3.920076	2.484000	20.990000
2428	-3.910076	2.486000	21.000000
2429	-3.910076	2.486000	20.930000
2430	-3.880076	2.486000	20.900000
2431	-3.790076	2.488000	20.920000
2432	-3.750076	2.488000	20.860000
2433	-3.730076	2.490000	20.900000
2434	-3.630076	2.490000	20.960000
2435	-3.580076	2.492000	20.900000
2436	-3.520076	2.494000	21.010000
2437	-3.400076	2.494000	20.980000
2438	-3.380076	2.496000	21.160000
2439	-3.330076	2.496000	20.970000
2440	-3.300076	2.496000	20.850000
2441	-3.250076	2.498000	20.910000
2442	-3.200076	2.500000	21.020000
2443	-3.190076	2.502000	21.020000
2444	-3.180076	2.502000	21.000000
2445	-3.030076	2.504000	21.120000
2446	-2.930076	2.504000	20.950000
2447	-2.900076	2.504000	21.080000
2448	-2.780076	2.506000	20.990000
2449	-2.480076	2.506000	21.090000
2450	-2.360076	2.508000	21.040000
2451	-2.140076	2.510000	21.090000
2452	-1.960076	2.512000	21.040000
2453	-1.910076	2.512000	20.980000
2454	-1.730076	2.512000	21.080000
2455	-1.570076	2.514000	21.110000
2456	-1.510076	2.514000	21.030000
2457	-1.420076	2.516000	21.100000
2458	-1.390076	2.516000	21.070000
2459	-1.220076	2.518000	21.140000
2460	-1.120076	2.518000	21.070000
2461	-0.970076	2.520000	21.050000
2462	-0.910076	2.520000	21.050000
2463	-0.890076	2.522000	21.070000
2464	-0.820076	2.522000	21.190000
2465	-0.800076	2.523000	21.030000
2466	-0.780076	2.523000	21.030000
2467	-0.700076	2.527000	21.060000
2468	-0.640076	2.527000	21.150000
2469	-0.590076	2.527000	20.950000
2470	-0.560076	2.529000	21.020000
2471	-0.530076	2.529000	21.140000
2472	-0.390076	2.531000	21.110000
2473	-0.230076	2.533000	21.060000
2474	-0.090076	2.533000	21.190000
2475	-0.090076	2.535000	21.160000
2476	0.059924	2.535000	21.210000
2477	0.059924	2.535000	21.070000
2478	0.089924	2.537000	21.200000
2479	0.219924	2.537000	21.150000
2480	0.249924	2.539000	21.160000
2481	0.269924	2.541000	21.140000
2482	0.299924	2.543000	21.160000
2483	0.309924	2.545000	21.140000
2484	0.309924	2.545000	20.960000
2485	0.339924	2.547000	21.210000
2486	0.389924	2.549000	21.240000
2487	0.389924	2.549000	21.250000
2488	0.399924	2.549000	21.250000
2489	0.499924	2.553000	21.260000
2490	0.589924	2.553000	21.300000
2491	0.679924	2.553000	21.260000
2492	0.799924	2.555000	21.110000
2493	0.979924	2.557000	21.280000
2494	0.989924	2.557000	21.310000
2495	0.989924	2.559000	21.160000
2496	1.019924	2.559000	21.230000
2497	1.049924	2.561000	21.300000
2498	1.109924	2.561000	21.330000
2499	1.139924	2.561000	21.290000
2500	1.189924	2.563000	21.350000
2501	1.229924	2.564000	21.150000
2502	1.279924	2.564000	21.250000
2503	1.299924	2.564000	21.190000
2504	2.029924	2.566000	21.230000
2505	2.049924	2.568000	21.290000
2506	2.109924	2.568000	21.430000
2507	2.239924	2.568000	21.280000
2508	2.279924	2.570000	21.280000
2509	2.449924	2.572000	21.200000
2510	2.469924	2.572000	21.280000
2511	2.519924	2.574000	21.390000
2512	2.529924	2.574000	21.370000
2513	2.529924	2.574000	21.420000
2514	2.569924	2.576000	21.350000
2515	2.569924	2.576000	21.380000
2516	2.579924	2.578000	21.370000
2517	2.619924	2.580000	21.340000
2518	2.639924	2.578000	21.590000
2519	2.639924	2.580000	21.330000
2520	2.669924	2.582000	21.350000
2521	2.739924	2.584000	21.370000
2522	2.789924	2.584000	21.380000
2523	3.069924	2.584000	21.430000
2524	3.119924	2.586000	21.380000
2525	3.159924	2.588000	21.280000
2526	3.179924	2.588000	21.350000
2527	3.249924	2.590000	21.290000
2528	3.259924	2.590000	21.470000
2529	3.339924	2.590000	21.510000
2530	3.649924	2.592000	21.460000
2531	3.739924	2.594000	21.390000
2532	3.799924	2.596000	21.340000
2533	3.889924	2.596000	21.420000
2534	3.979924	2.596000	21.470000
2535	4.009924	2.598000	21.460000
2536	4.179924	2.600000	21.440000
2537	4.279924	2.600000	21.340000
2538	4.369924	2.600000	21.390000
