1	-186.713369	0.002000	9.250000
2	-186.643369	0.000000	9.450000
3	-186.563369	0.002000	9.180000
4	-186.053369	0.004000	9.500000
5	-185.903369	0.004000	9.660000
6	-185.603369	0.004000	9.320000
7	-185.563369	0.006000	9.680000
8	-185.293369	0.008000	9.380000
9	-185.283369	0.008000	9.460000
10	-185.093369	0.010000	9.640000
11	-184.873369	0.010000	9.570000
12	-184.773369	0.010000	9.600000
13	-184.763369	0.014000	9.680000
14	-184.563369	0.016000	9.710000
15	-184.533369	0.016000	9.620000
16	-184.513369	0.018000	9.510000
17	-184.453369	0.018000	9.610000
18	-184.373369	0.018000	9.520000
19	-184.333369	0.020000	9.510000
20	-184.293369	0.020000	9.780000
21	-184.213369	0.022000	9.830000
22	-184.113369	0.022000	9.850000
23	-184.093369	0.024000	9.470000
24	-184.053369	0.024000	9.520000
25	-184.003369	0.026000	9.990000
26	-183.843369	0.028000	9.750000
27	-183.773369	0.028000	9.570000
28	-183.763369	0.028000	9.660000
29	-183.733369	0.030000	9.460000
30	-183.653369	0.032000	9.560000
31	-183.573369	0.032000	9.800000
32	-183.473369	0.032000	9.480000
33	-183.373369	0.033000	9.740000
34	-183.133369	0.035000	9.580000
35	-183.103369	0.035000	9.750000
36	-183.073369	0.035000	9.690000
37	-182.983369	0.037000	9.920000
38	-182.833369	0.039000	9.580000
39	-182.833369	0.039000	9.700000
40	-182.833369	0.039000	9.770000
41	-182.703369	0.041000	9.590000
42	-182.563369	0.043000	9.800000
43	-182.563369	0.043000	9.870000
44	-182.523369	0.043000	9.430000
45	-182.393369	0.045000	9.830000
46	-182.223369	0.047000	9.590000
47	-182.173369	0.047000	9.930000
48	-181.923369	0.049000	9.990000
49	-181.823369	0.049000	9.630000
50	-181.633369	0.049000	9.790000
51	-181.563369	0.051000	10.160000
52	-181.413369	0.051000	9.650000
53	-181.393369	0.053000	9.910000
54	-181.373369	0.055000	9.840000
55	-181.193369	0.055000	9.870000
56	-181.153369	0.055000	9.780000
57	-181.053369	0.057000	10.370000
58	-180.953369	0.059000	9.700000
59	-180.953369	0.059000	9.650000
60	-180.953369	0.059000	9.710000
61	-180.923369	0.061000	10.290000
62	-180.823369	0.063000	10.340000
63	-180.733369	0.063000	9.780000
64	-180.663369	0.065000	9.540000
65	-180.563369	0.065000	9.760000
66	-180.463369	0.065000	10.240000
67	-180.433369	0.067000	9.960000
68	-180.393369	0.067000	9.910000
69	-180.323369	0.069000	10.440000
70	-180.213369	0.071000	9.920000
71	-179.993369	0.071000	10.140000
72	-179.873369	0.073000	9.920000
73	-179.713369	0.073000	10.220000
74	-179.613369	0.075000	9.890000
75	-179.523369	0.075000	10.270000
76	-179.423369	0.075000	9.950000
77	-179.243369	0.076000	9.800000
78	-179.213369	0.078000	9.990000
79	-179.073369	0.078000	10.110000
80	-178.903369	0.080000	10.160000
81	-178.843369	0.080000	9.960000
82	-178.793369	0.080000	10.050000
83	-178.773369	0.082000	10.040000
84	-178.753369	0.082000	10.230000
85	-178.613369	0.084000	10.110000
86	-178.563369	0.084000	10.150000
87	-178.543369	0.086000	10.030000
88	-178.483369	0.086000	10.060000
89	-178.433369	0.088000	10.180000
90	-178.363369	0.090000	9.950000
91	-178.263369	0.090000	9.930000
92	-178.223369	0.090000	10.130000
93	-178.223369	0.092000	10.130000
94	-178.003369	0.094000	10.350000
95	-177.893369	0.094000	10.100000
96	-177.853369	0.096000	10.060000
97	-177.823369	0.098000	10.020000
98	-177.783369	0.100000	10.120000
99	-177.693369	0.100000	9.940000
100	-177.543369	0.102000	10.120000
101	-177.543369	0.102000	9.980000
102	-177.483369	0.104000	10.060000
103	-177.423369	0.104000	9.850000
104	-177.413369	0.104000	10.200000
105	-177.393369	0.106000	10.040000
106	-177.253369	0.106000	10.380000
107	-177.163369	0.108000	10.220000
108	-177.073369	0.110000	10.030000
109	-177.053369	0.112000	10.200000
110	-176.953369	0.112000	10.170000
111	-176.923369	0.112000	10.350000
112	-176.813369	0.114000	10.200000
113	-176.803369	0.114000	10.290000
114	-176.493369	0.116000	10.450000
115	-176.333369	0.117000	10.320000
116	-176.293369	0.117000	10.390000
117	-176.203369	0.117000	10.030000
118	-176.083369	0.119000	10.270000
119	-176.043369	0.119000	10.080000
120	-175.943369	0.121000	10.280000
121	-175.883369	0.121000	10.260000
122	-175.813369	0.123000	10.310000
123	-175.803369	0.123000	10.230000
124	-175.743369	0.127000	10.130000
125	-175.583369	0.127000	10.160000
126	-175.573369	0.127000	10.270000
127	-175.533369	0.127000	10.110000
128	-175.513369	0.129000	10.180000
129	-175.513369	0.131000	10.180000
130	-175.323369	0.131000	10.270000
131	-175.203369	0.133000	10.260000
132	-174.983369	0.133000	10.370000
133	-174.943369	0.135000	10.070000
134	-174.923369	0.135000	10.310000
135	-174.853369	0.135000	10.260000
136	-174.793369	0.137000	10.350000
137	-174.733369	0.137000	10.260000
138	-174.503369	0.139000	10.270000
139	-174.483369	0.141000	10.060000
140	-174.453369	0.141000	10.340000
141	-174.403369	0.143000	10.370000
142	-174.373369	0.143000	10.170000
143	-174.313369	0.143000	10.690000
144	-174.293369	0.145000	10.190000
145	-173.913369	0.145000	10.290000
146	-173.813369	0.147000	10.400000
147	-173.503369	0.147000	10.440000
148	-173.423369	0.149000	10.220000
149	-173.413369	0.151000	10.180000
150	-173.333369	0.151000	10.430000
151	-173.213369	0.153000	10.140000
152	-173.063369	0.153000	10.370000
153	-172.983369	0.155000	10.180000
154	-172.913369	0.157000	10.310000
155	-172.843369	0.157000	10.230000
156	-172.803369	0.158000	10.310000
157	-172.803369	0.158000	10.400000
158	-172.403369	0.158000	10.470000
159	-172.393369	0.160000	10.490000
160	-172.313369	0.160000	10.220000
161	-172.223369	0.162000	10.300000
162	-172.153369	0.164000	10.510000
163	-172.143369	0.164000	10.310000
164	-172.053369	0.166000	10.280000
165	-171.963369	0.166000	10.530000
166	-171.913369	0.168000	10.260000
167	-171.853369	0.168000	10.450000
168	-171.853369	0.168000	10.310000
169	-171.793369	0.172000	10.510000
170	-171.773369	0.172000	10.480000
171	-171.773369	0.174000	10.400000
172	-171.763369	0.174000	10.350000
173	-171.723369	0.174000	10.430000
174	-171.503369	0.176000	10.370000
175	-171.453369	0.180000	10.300000
176	-171.433369	0.180000	10.630000
177	-171.153369	0.180000	10.550000
178	-171.043369	0.182000	10.580000
179	-170.933369	0.184000	10.510000
180	-170.823369	0.184000	10.380000
181	-170.623369	0.184000	10.480000
182	-170.583369	0.186000	10.630000
183	-170.573369	0.188000	10.570000
184	-170.413369	0.188000	10.500000
185	-170.283369	0.190000	10.650000
186	-170.253369	0.190000	10.590000
187	-170.083369	0.192000	10.710000
188	-170.033369	0.192000	10.620000
189	-169.863369	0.192000	10.740000
190	-169.863369	0.194000	10.450000
191	-169.853369	0.196000	10.470000
192	-169.823369	0.196000	10.640000
193	-169.683369	0.196000	10.770000
194	-169.603369	0.198000	10.720000
195	-169.513369	0.199000	10.580000
196	-169.403369	0.199000	10.850000
197	-169.213369	0.199000	10.500000
198	-169.153369	0.201000	10.870000
199	-169.123369	0.203000	10.910000
200	-169.113369	0.203000	10.710000
201	-169.113369	0.205000	10.660000
202	-169.103369	0.205000	11.010000
203	-169.033369	0.205000	10.870000
204	-169.023369	0.207000	10.610000
205	-168.983369	0.207000	10.630000
206	-168.943369	0.209000	10.570000
207	-168.933369	0.211000	10.550000
208	-168.793369	0.211000	10.580000
209	-168.743369	0.211000	10.870000
210	-168.743369	0.213000	10.660000
211	-168.623369	0.215000	10.820000
212	-168.433369	0.215000	10.670000
213	-168.413369	0.215000	10.740000
214	-168.173369	0.217000	10.830000
215	-168.093369	0.219000	10.670000
216	-168.093369	0.219000	10.940000
217	-168.053369	0.221000	10.790000
218	-167.963369	0.221000	10.630000
219	-167.953369	0.221000	10.750000
220	-167.933369	0.223000	10.760000
221	-167.873369	0.225000	10.660000
222	-167.873369	0.225000	10.790000
223	-167.833369	0.227000	10.700000
224	-167.283369	0.227000	10.660000
225	-167.113369	0.227000	10.680000
226	-166.963369	0.229000	10.740000
227	-166.933369	0.231000	10.760000
228	-166.793369	0.231000	10.770000
229	-166.753369	0.231000	10.680000
230	-166.753369	0.233000	10.580000
231	-166.743369	0.235000	10.810000
232	-166.543369	0.235000	10.760000
233	-166.393369	0.237000	10.740000
234	-166.323369	0.237000	10.660000
235	-166.193369	0.237000	10.980000
236	-166.003369	0.239000	10.780000
237	-165.883369	0.239000	10.930000
238	-165.653369	0.241000	10.930000
239	-165.593369	0.242000	10.870000
240	-165.533369	0.242000	11.210000
241	-165.383369	0.244000	11.010000
242	-165.173369	0.244000	10.770000
243	-165.143369	0.246000	10.900000
244	-165.103369	0.246000	11.000000
245	-165.083369	0.246000	11.250000
246	-165.083369	0.248000	10.860000
247	-165.073369	0.250000	11.120000
248	-165.043369	0.250000	10.800000
249	-165.013369	0.250000	11.000000
250	-164.813369	0.252000	11.060000
251	-164.813369	0.254000	10.860000
252	-164.783369	0.254000	10.990000
253	-164.733369	0.254000	11.230000
254	-164.583369	0.256000	10.940000
255	-164.533369	0.258000	10.950000
256	-164.533369	0.258000	11.030000
257	-164.503369	0.258000	11.020000
258	-164.493369	0.260000	10.930000
259	-164.463369	0.264000	10.940000
260	-164.443369	0.264000	11.070000
261	-164.423369	0.264000	10.920000
262	-164.413369	0.266000	10.940000
263	-164.393369	0.268000	10.970000
264	-164.383369	0.268000	10.900000
265	-164.303369	0.268000	11.000000
266	-164.213369	0.270000	10.940000
267	-164.203369	0.270000	11.110000
268	-164.113369	0.272000	10.790000
269	-163.963369	0.274000	10.930000
270	-163.903369	0.274000	10.840000
271	-163.793369	0.276000	10.800000
272	-163.743369	0.276000	11.000000
273	-163.653369	0.278000	11.110000
274	-163.603369	0.278000	10.890000
275	-163.533369	0.278000	10.990000
276	-163.443369	0.280000	11.200000
277	-163.443369	0.282000	10.960000
278	-163.423369	0.282000	10.980000
279	-163.423369	0.283000	10.950000
280	-163.303369	0.283000	11.160000
281	-163.103369	0.283000	10.860000
282	-162.953369	0.285000	11.050000
283	-162.723369	0.285000	11.310000
284	-162.523369	0.287000	11.250000
285	-162.513369	0.289000	11.060000
286	-162.223369	0.289000	11.280000
287	-162.083369	0.291000	11.130000
288	-162.053369	0.291000	11.310000
289	-161.973369	0.291000	11.460000
290	-161.943369	0.293000	11.290000
291	-161.933369	0.293000	11.510000
292	-161.893369	0.295000	11.160000
293	-161.803369	0.295000	11.480000
294	-161.783369	0.297000	11.280000
295	-161.753369	0.299000	11.270000
296	-161.723369	0.299000	11.270000
297	-161.603369	0.299000	11.100000
298	-161.293369	0.301000	11.260000
299	-161.213369	0.301000	11.190000
300	-161.183369	0.303000	11.490000
301	-161.043369	0.305000	11.290000
302	-160.883369	0.305000	11.220000
303	-160.873369	0.305000	11.280000
304	-160.713369	0.307000	11.170000
305	-160.503369	0.307000	11.340000
306	-160.433369	0.309000	11.240000
307	-160.413369	0.309000	11.220000
308	-160.383369	0.311000	11.530000
309	-160.323369	0.313000	11.460000
310	-160.323369	0.313000	11.170000
311	-160.303369	0.315000	11.400000
312	-160.253369	0.315000	11.390000
313	-160.253369	0.315000	11.350000
314	-160.213369	0.317000	11.470000
315	-160.203369	0.319000	11.190000
316	-160.153369	0.319000	11.230000
317	-160.123369	0.321000	11.310000
318	-160.033369	0.321000	11.330000
319	-159.913369	0.323000	11.430000
320	-159.883369	0.323000	11.330000
321	-159.793369	0.323000	11.330000
322	-159.723369	0.325000	11.160000
323	-159.613369	0.325000	11.120000
324	-159.583369	0.326000	11.550000
325	-159.563369	0.328000	11.240000
326	-159.523369	0.328000	11.350000
327	-159.513369	0.330000	11.390000
328	-159.463369	0.330000	11.460000
329	-159.393369	0.330000	11.520000
330	-159.333369	0.332000	11.430000
331	-159.323369	0.332000	11.550000
332	-159.283369	0.334000	11.250000
333	-159.253369	0.336000	11.320000
334	-159.193369	0.336000	11.400000
335	-159.103369	0.338000	11.260000
336	-159.033369	0.338000	11.390000
337	-158.983369	0.340000	11.380000
338	-158.903369	0.340000	11.260000
339	-158.813369	0.342000	11.370000
340	-158.503369	0.344000	11.460000
341	-158.473369	0.344000	11.300000
342	-158.323369	0.348000	11.350000
343	-158.303369	0.348000	11.250000
344	-158.293369	0.348000	11.560000
345	-158.193369	0.350000	11.270000
346	-158.183369	0.352000	11.410000
347	-158.183369	0.352000	11.550000
348	-158.103369	0.352000	11.400000
349	-158.083369	0.354000	11.340000
350	-158.063369	0.356000	11.400000
351	-157.933369	0.356000	11.400000
352	-157.753369	0.356000	11.390000
353	-157.743369	0.358000	11.440000
354	-157.503369	0.360000	11.420000
355	-157.413369	0.360000	11.500000
356	-157.413369	0.362000	11.420000
357	-157.123369	0.362000	11.570000
358	-157.083369	0.362000	11.420000
359	-156.883369	0.364000	11.610000
360	-156.843369	0.364000	11.430000
361	-156.773369	0.366000	11.540000
362	-156.733369	0.367000	11.680000
363	-156.653369	0.366000	11.630000
364	-156.653369	0.367000	11.550000
365	-156.613369	0.369000	11.330000
366	-156.523369	0.371000	11.310000
367	-156.373369	0.371000	11.610000
368	-156.313369	0.371000	11.410000
369	-156.293369	0.373000	11.520000
370	-156.153369	0.375000	11.650000
371	-155.953369	0.375000	11.630000
372	-155.723369	0.377000	11.530000
373	-155.693369	0.377000	11.620000
374	-155.683369	0.377000	11.470000
375	-155.273369	0.379000	11.630000
376	-154.743369	0.379000	11.650000
377	-154.713369	0.381000	12.130000
378	-154.273369	0.383000	11.780000
379	-154.233369	0.383000	11.780000
380	-154.193369	0.383000	11.960000
381	-154.163369	0.385000	11.810000
382	-154.113369	0.387000	11.640000
383	-154.063369	0.387000	11.610000
384	-154.043369	0.387000	12.100000
385	-154.033369	0.389000	11.950000
386	-154.013369	0.391000	11.740000
387	-153.963369	0.391000	11.650000
388	-153.893369	0.393000	11.700000
389	-153.843369	0.393000	11.830000
390	-153.733369	0.393000	11.810000
391	-153.633369	0.395000	11.680000
392	-153.563369	0.395000	11.700000
393	-153.543369	0.397000	11.880000
394	-153.523369	0.397000	11.860000
395	-153.503369	0.399000	11.780000
396	-153.463369	0.399000	11.860000
397	-153.423369	0.401000	11.570000
398	-153.343369	0.403000	11.610000
399	-153.303369	0.403000	11.820000
400	-153.293369	0.403000	11.590000
401	-153.263369	0.405000	11.800000
402	-153.233369	0.407000	11.750000
403	-153.143369	0.407000	11.910000
404	-153.103369	0.408000	11.690000
405	-153.053369	0.408000	11.840000
406	-153.043369	0.410000	11.900000
407	-153.013369	0.410000	11.770000
408	-152.993369	0.410000	11.820000
409	-152.983369	0.412000	11.600000
410	-152.783369	0.414000	11.560000
411	-152.763369	0.414000	11.760000
412	-152.763369	0.414000	11.750000
413	-152.753369	0.416000	11.840000
414	-152.583369	0.418000	11.790000
415	-152.533369	0.418000	11.700000
416	-152.463369	0.418000	11.910000
417	-152.273369	0.422000	11.940000
418	-152.043369	0.422000	11.840000
419	-152.013369	0.424000	11.740000
420	-151.923369	0.424000	11.670000
421	-151.883369	0.424000	11.960000
422	-151.863369	0.426000	12.060000
423	-151.823369	0.426000	11.810000
424	-151.813369	0.430000	11.780000
425	-151.633369	0.432000	12.220000
426	-151.593369	0.432000	12.080000
427	-151.493369	0.434000	11.720000
428	-151.263369	0.434000	11.910000
429	-151.203369	0.434000	12.060000
430	-151.203369	0.436000	12.060000
431	-151.103369	0.438000	11.900000
432	-151.033369	0.438000	12.020000
433	-150.853369	0.440000	11.910000
434	-150.723369	0.440000	12.060000
435	-150.713369	0.440000	11.950000
436	-150.693369	0.442000	12.100000
437	-150.683369	0.442000	12.040000
438	-150.553369	0.444000	12.150000
439	-150.483369	0.446000	12.100000
440	-150.473369	0.446000	12.080000
441	-150.393369	0.448000	12.060000
442	-150.163369	0.448000	12.070000
443	-150.123369	0.448000	11.960000
444	-150.043369	0.449000	12.150000
445	-150.043369	0.449000	12.190000
446	-149.873369	0.451000	12.000000
447	-149.853369	0.453000	12.250000
448	-149.703369	0.453000	11.960000
449	-149.603369	0.455000	12.210000
450	-149.573369	0.455000	12.100000
451	-149.453369	0.455000	12.110000
452	-149.363369	0.457000	12.080000
453	-149.233369	0.457000	11.860000
454	-149.193369	0.459000	12.290000
455	-149.173369	0.461000	12.060000
456	-149.093369	0.459000	12.460000
457	-149.033369	0.461000	12.070000
458	-148.993369	0.463000	12.080000
459	-148.983369	0.463000	12.140000
460	-148.953369	0.465000	12.120000
461	-148.943369	0.465000	12.040000
462	-148.943369	0.467000	12.220000
463	-148.903369	0.467000	12.000000
464	-148.733369	0.471000	12.180000
465	-148.643369	0.471000	12.240000
466	-148.633369	0.471000	12.170000
467	-148.633369	0.471000	12.190000
468	-148.523369	0.473000	12.440000
469	-148.513369	0.475000	12.160000
470	-148.293369	0.477000	12.030000
471	-148.203369	0.477000	12.080000
472	-148.053369	0.479000	12.200000
473	-147.943369	0.479000	12.110000
474	-147.703369	0.479000	12.040000
475	-147.613369	0.481000	12.340000
476	-147.433369	0.481000	12.170000
477	-147.423369	0.483000	12.240000
478	-147.393369	0.485000	12.170000
479	-147.383369	0.485000	11.850000
480	-147.153369	0.487000	12.330000
481	-147.103369	0.487000	12.190000
482	-147.053369	0.487000	12.330000
483	-147.043369	0.489000	12.280000
484	-146.903369	0.489000	12.320000
485	-146.863369	0.491000	12.170000
486	-146.723369	0.491000	12.270000
487	-146.663369	0.492000	12.240000
488	-146.613369	0.494000	12.350000
489	-146.553369	0.494000	12.480000
490	-146.533369	0.494000	12.360000
491	-146.423369	0.496000	12.410000
492	-146.383369	0.496000	12.240000
493	-146.323369	0.498000	12.220000
494	-146.273369	0.500000	12.420000
495	-146.153369	0.500000	12.250000
496	-146.133369	0.502000	12.400000
497	-146.123369	0.502000	12.420000
498	-146.083369	0.504000	12.450000
499	-146.023369	0.504000	12.210000
500	-146.013369	0.506000	12.240000
501	-145.873369	0.508000	12.360000
502	-145.803369	0.508000	12.190000
503	-145.683369	0.510000	12.260000
504	-145.633369	0.510000	12.360000
505	-145.463369	0.510000	12.470000
506	-145.293369	0.514000	12.260000
507	-145.253369	0.514000	12.350000
508	-145.103369	0.516000	12.460000
509	-145.013369	0.518000	12.340000
510	-144.833369	0.518000	12.260000
511	-144.793369	0.518000	12.450000
512	-144.773369	0.520000	12.260000
513	-144.733369	0.520000	12.310000
514	-144.393369	0.522000	12.370000
515	-144.363369	0.524000	12.400000
516	-144.353369	0.524000	12.560000
517	-144.273369	0.522000	12.550000
518	-144.183369	0.526000	12.460000
519	-144.153369	0.528000	12.420000
520	-144.133369	0.528000	12.510000
521	-144.093369	0.528000	12.550000
522	-143.773369	0.530000	12.290000
523	-143.733369	0.532000	12.380000
524	-143.703369	0.532000	12.540000
525	-143.683369	0.533000	12.380000
526	-143.533369	0.533000	12.410000
527	-143.523369	0.533000	12.140000
528	-143.463369	0.535000	12.520000
529	-143.453369	0.535000	12.690000
530	-143.413369	0.537000	12.620000
531	-143.363369	0.539000	12.630000
532	-143.253369	0.537000	12.520000
533	-143.223369	0.541000	12.560000
534	-143.143369	0.541000	12.450000
535	-143.043369	0.543000	12.580000
536	-142.943369	0.543000	12.470000
537	-142.943369	0.543000	12.480000
538	-142.923369	0.547000	12.370000
539	-142.873369	0.547000	12.560000
540	-142.843369	0.549000	12.550000
541	-142.803369	0.549000	12.590000
542	-142.773369	0.549000	12.480000
543	-142.763369	0.551000	12.510000
544	-142.743369	0.551000	12.570000
545	-142.583369	0.553000	12.650000
546	-142.533369	0.555000	12.420000
547	-142.413369	0.553000	12.780000
548	-142.253369	0.557000	12.450000
549	-142.233369	0.559000	12.610000
550	-142.223369	0.559000	12.620000
551	-142.213369	0.559000	12.560000
552	-142.093369	0.561000	12.700000
553	-142.083369	0.563000	12.610000
554	-142.003369	0.563000	12.580000
555	-141.903369	0.565000	12.610000
556	-141.893369	0.565000	12.700000
557	-141.583369	0.567000	12.590000
558	-141.503369	0.567000	12.780000
559	-141.423369	0.567000	12.640000
560	-141.203369	0.569000	12.710000
561	-141.093369	0.571000	12.660000
562	-141.053369	0.571000	12.680000
563	-140.963369	0.571000	12.540000
564	-140.943369	0.573000	12.950000
565	-140.713369	0.575000	12.580000
566	-140.693369	0.575000	12.690000
567	-140.523369	0.575000	12.710000
568	-140.503369	0.578000	12.810000
569	-140.483369	0.578000	12.780000
570	-140.453369	0.580000	12.830000
571	-140.293369	0.580000	12.920000
572	-140.283369	0.580000	12.980000
573	-140.233369	0.582000	12.420000
574	-140.193369	0.582000	12.650000
575	-140.153369	0.584000	12.540000
576	-139.953369	0.586000	12.760000
577	-139.923369	0.586000	12.740000
578	-139.923369	0.586000	12.700000
579	-139.873369	0.588000	12.780000
580	-139.813369	0.590000	12.660000
581	-139.763369	0.590000	12.900000
582	-139.623369	0.590000	12.820000
583	-139.423369	0.592000	12.780000
584	-139.413369	0.596000	12.830000
585	-139.413369	0.594000	12.780000
586	-139.383369	0.596000	12.750000
587	-139.233369	0.598000	12.770000
588	-139.223369	0.598000	12.860000
589	-139.213369	0.600000	12.720000
590	-139.103369	0.602000	12.850000
591	-139.063369	0.602000	12.680000
592	-139.053369	0.604000	12.630000
593	-139.023369	0.604000	12.630000
594	-138.973369	0.604000	12.760000
595	-138.893369	0.606000	12.910000
596	-138.823369	0.606000	12.650000
597	-138.803369	0.608000	12.930000
598	-138.653369	0.610000	13.010000
599	-138.633369	0.610000	12.920000
600	-138.523369	0.612000	12.890000
601	-138.363369	0.612000	12.800000
602	-138.313369	0.612000	12.860000
603	-138.283369	0.614000	13.000000
604	-138.093369	0.614000	12.970000
605	-137.813369	0.616000	12.930000
606	-137.723369	0.617000	12.860000
607	-137.303369	0.616000	12.890000
608	-137.193369	0.617000	12.900000
609	-137.183369	0.619000	13.060000
610	-137.173369	0.621000	13.110000
611	-137.153369	0.621000	13.070000
612	-137.093369	0.621000	12.870000
613	-136.873369	0.623000	13.090000
614	-136.873369	0.625000	12.930000
615	-136.813369	0.625000	12.930000
616	-136.593369	0.627000	13.270000
617	-136.553369	0.627000	13.060000
618	-136.473369	0.627000	13.070000
619	-136.463369	0.629000	13.010000
620	-136.383369	0.629000	13.050000
621	-136.363369	0.631000	12.930000
622	-136.363369	0.633000	12.860000
623	-136.353369	0.633000	13.100000
624	-136.323369	0.635000	13.090000
625	-136.323369	0.635000	12.950000
626	-136.283369	0.635000	13.090000
627	-136.223369	0.637000	13.040000
628	-136.163369	0.637000	13.010000
629	-136.103369	0.639000	13.170000
630	-136.103369	0.641000	12.960000
631	-136.073369	0.643000	13.000000
632	-135.793369	0.643000	12.930000
633	-135.673369	0.643000	12.980000
634	-135.563369	0.645000	13.030000
635	-135.483369	0.645000	13.000000
636	-135.483369	0.647000	12.990000
637	-135.463369	0.649000	13.090000
638	-135.433369	0.649000	13.160000
639	-135.093369	0.649000	13.210000
640	-134.933369	0.651000	13.130000
641	-134.763369	0.651000	13.380000
642	-134.673369	0.653000	13.090000
643	-134.613369	0.653000	13.330000
644	-134.543369	0.655000	13.080000
645	-134.513369	0.657000	13.160000
646	-134.463369	0.657000	13.040000
647	-134.373369	0.658000	13.140000
648	-134.203369	0.658000	13.200000
649	-134.163369	0.658000	13.270000
650	-134.123369	0.660000	13.070000
651	-134.093369	0.662000	12.980000
652	-134.073369	0.664000	13.270000
653	-134.033369	0.664000	13.190000
654	-134.023369	0.666000	13.270000
655	-134.013369	0.666000	13.210000
656	-133.903369	0.666000	13.370000
657	-133.833369	0.668000	13.050000
658	-133.793369	0.668000	13.170000
659	-133.743369	0.670000	13.480000
660	-133.743369	0.672000	13.400000
661	-133.743369	0.672000	13.150000
662	-133.693369	0.674000	13.170000
663	-133.663369	0.674000	13.010000
664	-133.543369	0.674000	13.170000
665	-133.483369	0.676000	13.350000
666	-133.353369	0.680000	13.120000
667	-133.343369	0.680000	13.250000
668	-133.253369	0.680000	13.400000
669	-133.213369	0.682000	13.140000
670	-133.173369	0.684000	13.270000
671	-133.123369	0.684000	13.010000
672	-132.903369	0.686000	13.160000
673	-132.903369	0.688000	13.220000
674	-132.723369	0.688000	13.230000
675	-132.643369	0.690000	13.220000
676	-132.513369	0.690000	13.080000
677	-132.503369	0.690000	13.060000
678	-132.313369	0.692000	13.380000
679	-132.223369	0.692000	13.330000
680	-132.103369	0.694000	13.170000
681	-132.083369	0.696000	13.320000
682	-131.833369	0.696000	13.280000
683	-131.803369	0.696000	13.320000
684	-131.703369	0.698000	13.450000
685	-131.633369	0.699000	13.310000
686	-131.453369	0.699000	13.340000
687	-131.273369	0.699000	13.350000
688	-131.253369	0.701000	13.430000
689	-131.243369	0.701000	13.290000
690	-131.143369	0.703000	13.430000
691	-131.023369	0.705000	13.200000
692	-130.993369	0.705000	13.330000
693	-130.893369	0.707000	13.420000
694	-130.713369	0.707000	13.530000
695	-130.673369	0.709000	13.330000
696	-130.613369	0.711000	13.390000
697	-130.503369	0.711000	13.460000
698	-130.473369	0.711000	13.460000
699	-130.383369	0.713000	13.450000
700	-130.343369	0.715000	13.310000
701	-130.283369	0.715000	13.440000
702	-130.233369	0.715000	13.570000
703	-130.113369	0.717000	13.460000
704	-130.033369	0.719000	13.540000
705	-129.773369	0.719000	13.470000
706	-129.773369	0.721000	13.420000
707	-129.723369	0.721000	13.500000
708	-129.723369	0.721000	13.550000
709	-129.473369	0.723000	13.360000
710	-129.443369	0.723000	13.540000
711	-129.343369	0.725000	13.460000
712	-129.343369	0.727000	13.360000
713	-129.073369	0.727000	13.540000
714	-128.963369	0.727000	13.470000
715	-128.953369	0.729000	13.590000
716	-128.923369	0.731000	13.720000
717	-128.923369	0.731000	13.510000
718	-128.893369	0.731000	13.420000
719	-128.823369	0.733000	13.400000
720	-128.613369	0.735000	13.500000
721	-128.573369	0.735000	13.640000
722	-128.573369	0.737000	13.670000
723	-128.483369	0.737000	13.540000
724	-128.473369	0.737000	13.540000
725	-128.243369	0.739000	13.740000
726	-128.203369	0.739000	13.570000
727	-128.153369	0.741000	13.630000
728	-128.153369	0.742000	13.490000
729	-128.123369	0.742000	13.610000
730	-128.113369	0.742000	13.590000
731	-128.103369	0.746000	13.630000
732	-128.043369	0.746000	13.600000
733	-128.003369	0.746000	13.800000
734	-127.853369	0.748000	13.540000
735	-127.843369	0.750000	13.630000
736	-127.803369	0.750000	13.950000
737	-127.793369	0.752000	13.680000
738	-127.783369	0.752000	13.540000
739	-127.673369	0.752000	13.670000
740	-127.523369	0.754000	13.700000
741	-127.293369	0.756000	13.640000
742	-127.243369	0.756000	13.840000
743	-127.213369	0.758000	13.720000
744	-127.133369	0.758000	13.920000
745	-126.793369	0.758000	13.670000
746	-126.683369	0.760000	13.790000
747	-126.633369	0.762000	13.640000
748	-126.613369	0.764000	13.650000
749	-126.543369	0.766000	13.630000
750	-126.503369	0.768000	13.650000
751	-126.433369	0.766000	13.730000
752	-126.413369	0.768000	13.780000
753	-126.243369	0.768000	13.680000
754	-126.033369	0.770000	13.930000
755	-126.023369	0.770000	13.760000
756	-125.963369	0.772000	13.840000
757	-125.953369	0.774000	13.720000
758	-125.903369	0.774000	13.750000
759	-125.893369	0.776000	13.550000
760	-125.733369	0.776000	13.750000
761	-125.643369	0.776000	13.820000
762	-125.593369	0.778000	13.650000
763	-125.523369	0.778000	13.570000
764	-125.473369	0.780000	13.610000
765	-125.313369	0.782000	13.670000
766	-125.213369	0.782000	13.760000
767	-125.213369	0.783000	13.620000
768	-124.823369	0.783000	13.600000
769	-124.533369	0.783000	13.710000
770	-124.473369	0.785000	13.720000
771	-124.403369	0.785000	13.870000
772	-124.383369	0.787000	13.750000
773	-124.373369	0.789000	13.750000
774	-124.233369	0.789000	13.830000
775	-124.213369	0.791000	13.660000
776	-124.183369	0.791000	13.800000
777	-124.003369	0.791000	13.830000
778	-123.953369	0.793000	13.760000
779	-123.943369	0.793000	13.830000
780	-123.883369	0.795000	13.880000
781	-123.823369	0.797000	13.750000
782	-123.803369	0.797000	13.680000
783	-123.793369	0.799000	13.540000
784	-123.673369	0.799000	13.690000
785	-123.563369	0.799000	13.760000
786	-123.343369	0.801000	13.670000
787	-123.213369	0.801000	13.860000
788	-122.983369	0.803000	13.810000
789	-122.863369	0.805000	13.700000
790	-122.823369	0.805000	13.970000
791	-122.723369	0.807000	13.940000
792	-122.723369	0.807000	13.760000
793	-122.623369	0.809000	14.000000
794	-122.623369	0.809000	13.930000
795	-122.593369	0.809000	13.900000
796	-122.583369	0.811000	13.980000
797	-122.493369	0.813000	13.990000
798	-122.473369	0.813000	13.980000
799	-122.433369	0.815000	14.060000
800	-122.303369	0.815000	14.030000
801	-122.243369	0.817000	13.930000
802	-122.213369	0.817000	14.000000
803	-122.113369	0.817000	13.970000
804	-122.083369	0.819000	13.810000
805	-121.993369	0.821000	13.850000
806	-121.743369	0.821000	14.070000
807	-121.703369	0.823000	13.930000
808	-121.513369	0.823000	14.040000
809	-121.463369	0.823000	14.020000
810	-121.443369	0.825000	13.910000
811	-121.373369	0.825000	14.000000
812	-121.273369	0.826000	13.950000
813	-121.263369	0.826000	13.900000
814	-121.213369	0.828000	13.750000
815	-121.203369	0.828000	13.850000
816	-121.193369	0.830000	13.980000
817	-121.133369	0.830000	13.900000
818	-121.123369	0.832000	14.110000
819	-121.043369	0.832000	14.050000
820	-120.903369	0.834000	14.020000
821	-120.893369	0.836000	14.040000
822	-120.813369	0.836000	14.220000
823	-120.723369	0.838000	14.110000
824	-120.723369	0.838000	13.990000
825	-120.623369	0.840000	14.190000
826	-120.393369	0.840000	14.080000
827	-120.393369	0.840000	13.920000
828	-120.273369	0.842000	14.150000
829	-120.233369	0.844000	14.080000
830	-120.193369	0.844000	13.950000
831	-120.113369	0.846000	14.130000
832	-120.103369	0.848000	14.020000
833	-120.083369	0.848000	14.040000
834	-120.063369	0.850000	14.050000
835	-119.833369	0.852000	13.960000
836	-119.793369	0.852000	14.050000
837	-119.783369	0.854000	14.250000
838	-119.773369	0.856000	14.290000
839	-119.713369	0.856000	14.200000
840	-119.493369	0.856000	14.020000
841	-119.453369	0.858000	14.130000
842	-119.423369	0.860000	14.290000
843	-119.353369	0.860000	14.010000
844	-119.293369	0.860000	14.240000
845	-119.293369	0.862000	14.160000
846	-119.183369	0.862000	14.180000
847	-119.093369	0.864000	14.090000
848	-119.023369	0.864000	14.350000
849	-118.873369	0.866000	14.160000
850	-118.833369	0.867000	14.180000
851	-118.813369	0.867000	14.150000
852	-118.643369	0.869000	14.340000
853	-118.443369	0.869000	14.160000
854	-118.253369	0.871000	14.320000
855	-118.183369	0.871000	14.100000
856	-118.153369	0.873000	14.280000
857	-118.123369	0.873000	14.240000
858	-118.093369	0.875000	14.290000
859	-118.083369	0.875000	14.170000
860	-118.053369	0.877000	14.240000
861	-118.033369	0.877000	14.230000
862	-117.953369	0.877000	14.320000
863	-117.803369	0.879000	14.410000
864	-117.803369	0.879000	14.320000
865	-117.613369	0.881000	14.410000
866	-117.613369	0.883000	14.180000
867	-117.543369	0.883000	14.160000
868	-117.433369	0.883000	14.280000
869	-117.413369	0.885000	14.120000
870	-117.383369	0.887000	14.190000
871	-117.383369	0.887000	14.310000
872	-117.183369	0.887000	14.160000
873	-117.153369	0.889000	14.160000
874	-117.123369	0.889000	14.200000
875	-117.123369	0.891000	14.200000
876	-117.063369	0.891000	14.210000
877	-116.963369	0.893000	14.270000
878	-116.833369	0.893000	14.320000
879	-116.743369	0.895000	14.270000
880	-116.673369	0.895000	14.520000
881	-116.543369	0.897000	14.460000
882	-116.443369	0.899000	14.500000
883	-116.443369	0.899000	14.430000
884	-116.413369	0.901000	14.340000
885	-116.313369	0.901000	14.350000
886	-116.253369	0.903000	14.550000
887	-116.253369	0.903000	14.280000
888	-116.213369	0.903000	14.290000
889	-116.183369	0.905000	14.400000
890	-116.023369	0.907000	14.360000
891	-115.973369	0.907000	14.450000
892	-115.923369	0.908000	14.460000
893	-115.843369	0.908000	14.140000
894	-115.603369	0.908000	14.320000
895	-115.543369	0.910000	14.620000
896	-115.473369	0.910000	14.570000
897	-115.443369	0.914000	14.430000
898	-115.413369	0.914000	14.630000
899	-115.363369	0.914000	14.550000
900	-115.213369	0.916000	14.510000
901	-115.183369	0.918000	14.540000
902	-115.153369	0.918000	14.310000
903	-115.023369	0.918000	14.380000
904	-114.993369	0.920000	14.510000
905	-114.993369	0.922000	14.550000
906	-114.923369	0.922000	14.310000
907	-114.893369	0.922000	14.640000
908	-114.763369	0.924000	14.540000
909	-114.633369	0.924000	14.470000
910	-114.503369	0.926000	14.380000
911	-114.383369	0.926000	14.570000
912	-114.383369	0.930000	14.570000
913	-114.243369	0.932000	14.480000
914	-114.083369	0.932000	14.520000
915	-113.953369	0.932000	14.710000
916	-113.923369	0.934000	14.550000
917	-113.733369	0.934000	14.630000
918	-113.603369	0.936000	14.590000
919	-113.503369	0.938000	14.480000
920	-113.373369	0.938000	14.700000
921	-113.273369	0.940000	14.610000
922	-113.213369	0.940000	14.400000
923	-113.183369	0.940000	14.300000
924	-113.183369	0.942000	14.650000
925	-113.183369	0.942000	14.780000
926	-113.173369	0.944000	14.530000
927	-113.123369	0.944000	14.590000
928	-113.053369	0.946000	14.720000
929	-113.023369	0.948000	14.710000
930	-112.983369	0.948000	14.680000
931	-112.893369	0.948000	14.430000
932	-112.823369	0.949000	14.660000
933	-112.773369	0.949000	14.650000
934	-112.743369	0.951000	14.560000
935	-112.693369	0.953000	14.300000
936	-112.653369	0.955000	14.410000
937	-112.543369	0.953000	14.740000
938	-112.463369	0.955000	14.530000
939	-112.243369	0.957000	14.430000
940	-112.183369	0.957000	14.770000
941	-112.173369	0.957000	14.520000
942	-112.153369	0.959000	14.850000
943	-112.053369	0.961000	14.680000
944	-111.983369	0.961000	14.800000
945	-111.893369	0.963000	14.610000
946	-111.773369	0.963000	14.810000
947	-111.723369	0.963000	14.680000
948	-111.663369	0.965000	14.780000
949	-111.603369	0.967000	14.690000
950	-111.493369	0.967000	14.700000
951	-111.313369	0.969000	14.740000
952	-111.273369	0.969000	14.540000
953	-111.183369	0.971000	14.830000
954	-111.143369	0.971000	14.780000
955	-111.083369	0.971000	14.630000
956	-110.933369	0.973000	14.730000
957	-110.883369	0.973000	14.680000
958	-110.763369	0.975000	14.720000
959	-110.513369	0.977000	14.950000
960	-110.463369	0.979000	14.790000
961	-110.463369	0.979000	14.620000
962	-110.443369	0.979000	14.680000
963	-110.423369	0.981000	14.750000
964	-110.263369	0.981000	14.740000
965	-110.253369	0.983000	14.640000
966	-110.173369	0.985000	14.780000
967	-109.993369	0.985000	14.880000
968	-109.983369	0.985000	14.920000
969	-109.973369	0.987000	14.720000
970	-109.923369	0.987000	14.660000
971	-109.853369	0.989000	14.770000
972	-109.723369	0.989000	14.770000
973	-109.643369	0.991000	14.750000
974	-109.473369	0.992000	14.750000
975	-109.413369	0.992000	14.820000
976	-109.323369	0.994000	14.700000
977	-109.283369	0.994000	14.870000
978	-109.263369	0.994000	14.760000
979	-109.173369	0.996000	14.860000
980	-109.163369	0.998000	14.860000
981	-109.123369	0.998000	14.740000
982	-109.033369	1.000000	15.090000
983	-108.973369	1.000000	14.760000
984	-108.783369	1.002000	14.820000
985	-108.663369	1.002000	14.730000
986	-108.633369	1.002000	14.780000
987	-108.543369	1.004000	14.840000
988	-108.483369	1.004000	14.940000
989	-108.453369	1.006000	14.890000
990	-108.383369	1.008000	14.850000
991	-108.303369	1.008000	15.200000
992	-107.893369	1.010000	14.930000
993	-107.833369	1.010000	14.890000
994	-107.673369	1.010000	15.330000
995	-107.563369	1.014000	15.080000
996	-107.413369	1.016000	14.830000
997	-107.343369	1.016000	14.980000
998	-107.253369	1.018000	14.970000
999	-107.223369	1.018000	15.000000
1000	-107.123369	1.020000	15.060000
1001	-107.073369	1.020000	15.110000
1002	-106.843369	1.020000	15.170000
1003	-106.803369	1.022000	14.950000
1004	-106.783369	1.024000	15.180000
1005	-106.733369	1.024000	15.090000
1006	-106.703369	1.024000	15.250000
1007	-106.673369	1.026000	14.930000
1008	-106.633369	1.028000	15.260000
1009	-106.613369	1.028000	15.310000
1010	-106.613369	1.028000	14.950000
1011	-106.443369	1.030000	15.040000
1012	-106.423369	1.033000	15.010000
1013	-106.383369	1.032000	15.020000
1014	-106.363369	1.033000	15.110000
1015	-106.263369	1.033000	15.110000
1016	-106.213369	1.033000	15.060000
1017	-106.103369	1.035000	15.080000
1018	-106.063369	1.035000	15.000000
1019	-105.863369	1.037000	15.240000
1020	-105.803369	1.037000	15.230000
1021	-105.803369	1.039000	15.150000
1022	-105.603369	1.039000	14.040000
1023	-105.473369	1.041000	14.200000
1024	-105.423369	1.043000	15.180000
1025	-105.413369	1.043000	15.080000
1026	-105.363369	1.043000	13.840000
1027	-105.243369	1.045000	15.350000
1028	-105.243369	1.047000	15.240000
1029	-104.833369	1.047000	15.170000
1030	-104.743369	1.049000	15.240000
1031	-104.733369	1.051000	14.010000
1032	-104.713369	1.051000	13.840000
1033	-104.703369	1.051000	13.920000
1034	-104.643369	1.053000	13.880000
1035	-104.573369	1.055000	15.300000
1036	-104.543369	1.055000	13.990000
1037	-104.543369	1.055000	15.040000
1038	-104.483369	1.057000	15.300000
1039	-104.353369	1.059000	14.500000
1040	-104.223369	1.059000	13.930000
1041	-104.113369	1.059000	15.200000
1042	-104.083369	1.061000	15.240000
1043	-104.023369	1.063000	14.030000
1044	-103.963369	1.063000	14.020000
1045	-103.933369	1.065000	15.070000
1046	-103.803369	1.065000	13.910000
1047	-103.733369	1.065000	13.860000
1048	-103.693369	1.067000	14.020000
1049	-103.663369	1.067000	13.940000
1050	-103.283369	1.069000	13.960000
1051	-103.233369	1.071000	14.090000
1052	-103.193369	1.071000	13.960000
1053	-103.183369	1.071000	13.890000
1054	-103.153369	1.073000	15.440000
1055	-103.133369	1.075000	14.060000
1056	-103.043369	1.075000	14.150000
1057	-102.973369	1.075000	13.940000
1058	-102.923369	1.076000	14.080000
1059	-102.863369	1.078000	13.990000
1060	-102.863369	1.078000	14.200000
1061	-102.803369	1.078000	14.100000
1062	-102.773369	1.080000	14.140000
1063	-102.713369	1.080000	14.070000
1064	-102.703369	1.082000	14.050000
1065	-102.683369	1.082000	14.000000
1066	-102.603369	1.084000	14.020000
1067	-102.513369	1.086000	14.080000
1068	-102.513369	1.086000	14.070000
1069	-102.083369	1.086000	13.910000
1070	-101.913369	1.088000	14.040000
1071	-101.813369	1.090000	14.120000
1072	-101.663369	1.090000	14.030000
1073	-101.663369	1.092000	13.900000
1074	-101.533369	1.094000	13.990000
1075	-101.483369	1.094000	14.210000
1076	-101.353369	1.096000	14.130000
1077	-101.293369	1.098000	14.190000
1078	-101.283369	1.098000	14.040000
1079	-101.183369	1.100000	14.220000
1080	-100.993369	1.102000	13.980000
1081	-100.823369	1.102000	14.180000
1082	-100.763369	1.102000	14.250000
1083	-100.753369	1.104000	14.100000
1084	-100.673369	1.104000	14.330000
1085	-100.663369	1.106000	14.220000
1086	-100.603369	1.106000	14.020000
1087	-100.593369	1.108000	14.250000
1088	-100.583369	1.110000	14.240000
1089	-100.543369	1.110000	14.110000
1090	-100.413369	1.112000	14.240000
1091	-100.393369	1.112000	14.130000
1092	-100.273369	1.112000	14.240000
1093	-100.173369	1.114000	14.090000
1094	-100.083369	1.114000	14.210000
1095	-100.053369	1.116000	14.210000
1096	-99.793369	1.117000	14.190000
1097	-99.753369	1.117000	14.020000
1098	-99.733369	1.119000	14.420000
1099	-99.663369	1.119000	14.050000
1100	-99.633369	1.119000	14.160000
1101	-99.533369	1.121000	14.240000
1102	-99.363369	1.121000	14.190000
1103	-99.243369	1.123000	14.220000
1104	-99.213369	1.125000	14.190000
1105	-99.073369	1.125000	14.370000
1106	-99.003369	1.127000	14.390000
1107	-98.983369	1.127000	14.410000
1108	-98.913369	1.127000	14.640000
1109	-98.723369	1.129000	14.400000
1110	-98.663369	1.129000	14.350000
1111	-98.603369	1.131000	14.340000
1112	-98.543369	1.133000	14.440000
1113	-98.533369	1.133000	14.330000
1114	-98.473369	1.135000	14.440000
1115	-98.473369	1.135000	14.410000
1116	-98.443369	1.135000	14.320000
1117	-98.443369	1.137000	14.460000
1118	-98.383369	1.137000	14.480000
1119	-98.323369	1.139000	14.360000
1120	-98.283369	1.139000	14.430000
1121	-98.263369	1.143000	14.290000
1122	-98.243369	1.143000	14.500000
1123	-98.183369	1.143000	14.380000
1124	-98.183369	1.145000	14.380000
1125	-97.873369	1.145000	14.730000
1126	-97.693369	1.145000	14.530000
1127	-97.513369	1.147000	14.450000
1128	-97.473369	1.147000	14.430000
1129	-97.463369	1.147000	14.320000
1130	-97.283369	1.151000	14.510000
1131	-97.113369	1.151000	14.400000
1132	-97.083369	1.153000	14.240000
1133	-96.993369	1.153000	14.380000
1134	-96.983369	1.153000	14.160000
1135	-96.963369	1.155000	14.720000
1136	-96.923369	1.157000	14.430000
1137	-96.893369	1.157000	14.450000
1138	-96.763369	1.158000	14.520000
1139	-96.713369	1.158000	14.530000
1140	-96.663369	1.158000	14.610000
1141	-96.663369	1.160000	14.390000
1142	-96.653369	1.160000	14.440000
1143	-96.513369	1.162000	14.680000
1144	-96.423369	1.162000	14.600000
1145	-96.403369	1.166000	14.520000
1146	-96.323369	1.166000	14.350000
1147	-96.263369	1.166000	14.420000
1148	-96.263369	1.168000	14.470000
1149	-96.173369	1.168000	14.540000
1150	-96.113369	1.170000	14.370000
1151	-96.053369	1.172000	14.660000
1152	-95.953369	1.172000	14.540000
1153	-95.953369	1.172000	14.670000
1154	-95.923369	1.174000	14.350000
1155	-95.843369	1.174000	14.470000
1156	-95.793369	1.176000	14.270000
1157	-95.323369	1.180000	14.670000
1158	-95.203369	1.180000	14.670000
1159	-95.163369	1.180000	14.670000
1160	-95.083369	1.182000	14.530000
1161	-94.993369	1.184000	14.570000
1162	-94.953369	1.184000	14.780000
1163	-94.903369	1.184000	14.660000
1164	-94.893369	1.188000	14.560000
1165	-94.823369	1.188000	14.480000
1166	-94.783369	1.190000	14.660000
1167	-94.763369	1.190000	14.630000
1168	-94.723369	1.190000	14.670000
1169	-94.683369	1.192000	14.480000
1170	-94.643369	1.192000	14.550000
1171	-94.623369	1.194000	14.640000
1172	-94.533369	1.194000	14.740000
1173	-94.493369	1.196000	14.490000
1174	-94.453369	1.196000	14.620000
1175	-94.443369	1.198000	14.550000
1176	-94.413369	1.199000	14.660000
1177	-94.343369	1.199000	14.700000
1178	-94.343369	1.199000	14.620000
1179	-94.183369	1.201000	14.630000
1180	-93.993369	1.203000	14.570000
1181	-93.953369	1.203000	14.490000
1182	-93.753369	1.205000	14.620000
1183	-93.713369	1.205000	14.640000
1184	-93.663369	1.207000	14.910000
1185	-93.613369	1.207000	14.860000
1186	-93.433369	1.207000	14.800000
1187	-93.403369	1.209000	14.820000
1188	-93.333369	1.211000	14.870000
1189	-93.223369	1.211000	14.570000
1190	-93.193369	1.211000	14.780000
1191	-93.153369	1.213000	14.900000
1192	-93.153369	1.215000	14.820000
1193	-93.063369	1.215000	14.790000
1194	-93.023369	1.215000	14.720000
1195	-92.973369	1.217000	14.990000
1196	-92.843369	1.219000	14.830000
1197	-92.803369	1.219000	14.920000
1198	-92.753369	1.221000	14.940000
1199	-92.643369	1.221000	14.800000
1200	-92.643369	1.221000	14.990000
1201	-92.623369	1.223000	14.960000
1202	-92.583369	1.225000	14.880000
1203	-92.523369	1.225000	14.760000
1204	-91.803369	1.227000	15.060000
1205	-91.783369	1.227000	14.790000
1206	-91.703369	1.229000	14.900000
1207	-91.513369	1.231000	15.000000
1208	-91.453369	1.231000	15.070000
1209	-91.453369	1.231000	14.970000
1210	-91.333369	1.233000	14.840000
1211	-91.323369	1.235000	14.800000
1212	-91.313369	1.235000	15.060000
1213	-91.283369	1.237000	14.860000
1214	-91.273369	1.237000	14.980000
1215	-91.103369	1.239000	14.980000
1216	-91.093369	1.239000	14.840000
1217	-91.073369	1.239000	15.040000
1218	-91.023369	1.241000	14.970000
1219	-90.953369	1.242000	14.910000
1220	-90.943369	1.242000	15.060000
1221	-90.863369	1.242000	15.170000
1222	-90.863369	1.244000	15.070000
1223	-90.863369	1.246000	14.850000
1224	-90.853369	1.246000	14.890000
1225	-90.833369	1.246000	14.810000
1226	-90.423369	1.248000	14.990000
1227	-90.353369	1.250000	15.020000
1228	-90.243369	1.250000	15.000000
1229	-90.223369	1.252000	15.080000
1230	-90.173369	1.252000	14.950000
1231	-90.113369	1.252000	15.040000
1232	-90.033369	1.254000	15.050000
1233	-89.963369	1.256000	14.970000
1234	-89.773369	1.256000	14.980000
1235	-89.773369	1.256000	15.030000
1236	-89.643369	1.258000	15.080000
1237	-89.643369	1.258000	14.990000
1238	-89.603369	1.260000	15.120000
1239	-89.373369	1.262000	15.080000
1240	-89.313369	1.264000	15.200000
1241	-89.293369	1.266000	15.000000
1242	-89.213369	1.268000	15.140000
1243	-89.213369	1.268000	15.080000
1244	-89.143369	1.268000	15.090000
1245	-89.103369	1.268000	15.230000
1246	-89.013369	1.270000	15.250000
1247	-88.853369	1.272000	15.170000
1248	-88.783369	1.272000	15.170000
1249	-88.773369	1.274000	15.000000
1250	-88.753369	1.274000	15.150000
1251	-88.713369	1.276000	15.210000
1252	-88.633369	1.276000	15.140000
1253	-88.603369	1.276000	14.910000
1254	-88.373369	1.278000	15.160000
1255	-88.223369	1.278000	15.110000
1256	-88.203369	1.280000	15.070000
1257	-88.183369	1.282000	15.000000
1258	-88.163369	1.282000	15.130000
1259	-88.133369	1.283000	15.320000
1260	-88.063369	1.283000	15.000000
1261	-87.793369	1.283000	15.150000
1262	-87.763369	1.285000	15.160000
1263	-87.703369	1.285000	15.150000
1264	-87.543369	1.287000	15.170000
1265	-87.473369	1.287000	15.070000
1266	-87.393369	1.289000	15.250000
1267	-87.373369	1.291000	15.230000
1268	-87.373369	1.291000	15.090000
1269	-87.343369	1.291000	15.110000
1270	-87.313369	1.293000	15.300000
1271	-87.233369	1.293000	15.130000
1272	-87.223369	1.295000	15.220000
1273	-87.013369	1.297000	15.130000
1274	-86.883369	1.297000	15.160000
1275	-86.883369	1.299000	14.880000
1276	-86.693369	1.299000	15.130000
1277	-86.573369	1.301000	15.050000
1278	-86.553369	1.301000	15.410000
1279	-86.533369	1.301000	15.170000
1280	-86.323369	1.303000	15.310000
1281	-86.273369	1.303000	15.330000
1282	-86.253369	1.303000	15.210000
1283	-86.233369	1.307000	15.160000
1284	-86.213369	1.307000	15.180000
1285	-86.193369	1.309000	15.240000
1286	-86.193369	1.309000	15.130000
1287	-86.183369	1.309000	15.180000
1288	-86.103369	1.311000	15.070000
1289	-86.043369	1.311000	15.050000
1290	-85.973369	1.313000	15.310000
1291	-85.913369	1.315000	15.040000
1292	-85.863369	1.315000	15.230000
1293	-85.813369	1.315000	15.160000
1294	-85.713369	1.317000	15.140000
1295	-85.603369	1.317000	15.220000
1296	-85.583369	1.319000	15.220000
1297	-85.563369	1.319000	15.080000
1298	-85.403369	1.321000	15.270000
1299	-85.153369	1.323000	15.560000
1300	-85.153369	1.323000	15.160000
1301	-85.133369	1.323000	15.410000
1302	-84.973369	1.325000	15.290000
1303	-84.863369	1.325000	15.190000
1304	-84.763369	1.326000	15.190000
1305	-84.693369	1.328000	15.180000
1306	-84.653369	1.328000	15.430000
1307	-84.643369	1.330000	15.090000
1308	-84.623369	1.330000	15.340000
1309	-84.583369	1.330000	15.460000
1310	-84.503369	1.332000	15.300000
1311	-84.483369	1.332000	15.340000
1312	-84.273369	1.334000	15.500000
1313	-84.073369	1.336000	15.720000
1314	-84.043369	1.336000	15.520000
1315	-83.993369	1.338000	15.190000
1316	-83.863369	1.338000	15.410000
1317	-83.763369	1.338000	15.310000
1318	-83.743369	1.340000	15.340000
1319	-83.603369	1.340000	15.240000
1320	-83.573369	1.342000	15.360000
1321	-83.533369	1.344000	15.310000
1322	-83.493369	1.344000	15.490000
1323	-83.483369	1.346000	15.380000
1324	-83.093369	1.348000	15.420000
1325	-82.913369	1.348000	15.500000
1326	-82.653369	1.350000	15.400000
1327	-82.633369	1.352000	15.390000
1328	-82.593369	1.352000	15.480000
1329	-82.423369	1.352000	15.540000
1330	-82.343369	1.356000	15.540000
1331	-82.323369	1.356000	15.420000
1332	-82.323369	1.356000	15.350000
1333	-82.073369	1.358000	15.520000
1334	-82.043369	1.360000	15.460000
1335	-82.033369	1.360000	15.420000
1336	-82.023369	1.362000	15.520000
1337	-81.993369	1.362000	15.510000
1338	-81.933369	1.364000	15.480000
1339	-81.893369	1.364000	15.530000
1340	-81.843369	1.364000	15.470000
1341	-81.823369	1.366000	15.580000
1342	-81.783369	1.367000	15.560000
1343	-81.683369	1.367000	15.630000
1344	-81.533369	1.367000	15.810000
1345	-81.523369	1.369000	15.640000
1346	-81.523369	1.371000	15.410000
1347	-81.513369	1.371000	15.860000
1348	-81.513369	1.371000	15.730000
1349	-81.243369	1.373000	15.480000
1350	-81.033369	1.375000	15.510000
1351	-80.913369	1.375000	15.530000
1352	-80.893369	1.377000	15.570000
1353	-80.853369	1.377000	15.620000
1354	-80.773369	1.377000	15.540000
1355	-80.733369	1.379000	15.570000
1356	-80.633369	1.379000	15.530000
1357	-80.533369	1.381000	15.410000
1358	-80.363369	1.383000	15.530000
1359	-80.343369	1.383000	15.540000
1360	-80.233369	1.383000	15.670000
1361	-80.133369	1.385000	15.770000
1362	-80.083369	1.387000	15.610000
1363	-79.813369	1.387000	15.600000
1364	-79.773369	1.387000	15.580000
1365	-79.713369	1.389000	15.740000
1366	-79.713369	1.393000	15.690000
1367	-79.613369	1.391000	15.820000
1368	-79.483369	1.393000	15.670000
1369	-79.463369	1.393000	15.680000
1370	-79.443369	1.395000	15.710000
1371	-79.393369	1.395000	15.730000
1372	-79.363369	1.397000	15.650000
1373	-79.313369	1.399000	15.620000
1374	-79.213369	1.399000	15.590000
1375	-79.153369	1.399000	15.730000
1376	-79.043369	1.401000	15.720000
1377	-78.983369	1.403000	15.630000
1378	-78.973369	1.403000	15.710000
1379	-78.853369	1.403000	15.680000
1380	-78.823369	1.405000	15.770000
1381	-78.803369	1.407000	15.580000
1382	-78.623369	1.407000	15.750000
1383	-78.613369	1.408000	15.560000
1384	-78.493369	1.408000	15.880000
1385	-78.463369	1.408000	15.670000
1386	-78.453369	1.410000	15.900000
1387	-78.313369	1.412000	15.780000
1388	-78.303369	1.412000	15.720000
1389	-78.243369	1.414000	15.750000
1390	-78.073369	1.414000	15.670000
1391	-77.903369	1.416000	15.810000
1392	-77.903369	1.418000	15.790000
1393	-77.823369	1.418000	15.740000
1394	-77.803369	1.418000	15.720000
1395	-77.603369	1.420000	15.780000
1396	-77.413369	1.422000	15.760000
1397	-77.333369	1.422000	15.810000
1398	-77.253369	1.424000	15.780000
1399	-77.183369	1.424000	15.890000
1400	-77.163369	1.426000	15.910000
1401	-76.963369	1.426000	15.890000
1402	-76.943369	1.426000	15.810000
1403	-76.893369	1.430000	15.820000
1404	-76.853369	1.432000	15.890000
1405	-76.713369	1.432000	15.840000
1406	-76.693369	1.432000	15.900000
1407	-76.603369	1.434000	15.900000
1408	-76.513369	1.434000	15.820000
1409	-76.513369	1.436000	15.740000
1410	-76.323369	1.438000	15.800000
1411	-76.283369	1.438000	15.870000
1412	-76.193369	1.440000	15.950000
1413	-76.183369	1.440000	15.970000
1414	-76.123369	1.440000	15.910000
1415	-76.123369	1.442000	15.930000
1416	-76.033369	1.442000	15.950000
1417	-75.823369	1.444000	16.030000
1418	-75.813369	1.446000	15.870000
1419	-75.693369	1.446000	15.910000
1420	-75.693369	1.446000	15.810000
1421	-75.623369	1.448000	15.940000
1422	-75.603369	1.448000	15.910000
1423	-75.593369	1.449000	15.840000
1424	-75.533369	1.449000	15.990000
1425	-75.483369	1.451000	16.120000
1426	-75.343369	1.451000	16.060000
1427	-75.193369	1.455000	15.980000
1428	-75.163369	1.455000	16.010000
1429	-75.143369	1.455000	16.020000
1430	-75.133369	1.455000	16.000000
1431	-75.113369	1.457000	15.960000
1432	-74.813369	1.457000	16.240000
1433	-74.773369	1.459000	15.940000
1434	-74.753369	1.461000	16.190000
1435	-74.643369	1.461000	15.940000
1436	-74.623369	1.463000	15.750000
1437	-74.603369	1.463000	15.730000
1438	-74.543369	1.463000	16.140000
1439	-74.523369	1.465000	16.300000
1440	-74.403369	1.465000	16.100000
1441	-74.333369	1.467000	15.890000
1442	-74.103369	1.469000	16.160000
1443	-74.063369	1.469000	16.030000
1444	-73.973369	1.471000	16.200000
1445	-73.723369	1.471000	16.310000
1446	-73.673369	1.471000	16.250000
1447	-73.633369	1.473000	16.170000
1448	-73.633369	1.473000	16.110000
1449	-73.613369	1.475000	16.170000
1450	-73.483369	1.475000	16.130000
1451	-73.353369	1.477000	16.360000
1452	-73.133369	1.479000	16.090000
1453	-73.073369	1.479000	16.190000
1454	-73.063369	1.481000	16.140000
1455	-73.063369	1.481000	16.070000
1456	-73.053369	1.483000	16.090000
1457	-73.013369	1.485000	16.000000
1458	-72.953369	1.485000	16.100000
1459	-72.933369	1.487000	16.160000
1460	-72.893369	1.487000	16.720000
1461	-72.763369	1.487000	16.590000
1462	-72.653369	1.489000	16.240000
1463	-72.463369	1.489000	16.350000
1464	-72.453369	1.491000	16.230000
1465	-72.423369	1.492000	16.150000
1466	-72.413369	1.492000	16.290000
1467	-72.063369	1.494000	16.020000
1468	-71.933369	1.494000	16.300000
1469	-71.933369	1.494000	16.350000
1470	-71.843369	1.496000	16.320000
1471	-71.823369	1.496000	16.250000
1472	-71.783369	1.500000	16.330000
1473	-71.713369	1.500000	16.340000
1474	-71.643369	1.502000	16.320000
1475	-71.623369	1.502000	16.220000
1476	-71.563369	1.502000	16.350000
1477	-71.503369	1.504000	16.400000
1478	-71.423369	1.504000	16.170000
1479	-71.423369	1.506000	16.310000
1480	-71.403369	1.508000	16.240000
1481	-71.353369	1.508000	16.420000
1482	-71.323369	1.510000	16.190000
1483	-71.313369	1.510000	16.260000
1484	-71.303369	1.510000	16.200000
1485	-71.293369	1.514000	16.280000
1486	-71.223369	1.516000	16.260000
1487	-71.093369	1.516000	16.340000
1488	-71.023369	1.518000	16.270000
1489	-70.973369	1.518000	16.260000
1490	-70.903369	1.518000	16.240000
1491	-70.763369	1.520000	16.400000
1492	-70.253369	1.520000	16.410000
1493	-70.193369	1.522000	16.240000
1494	-70.153369	1.524000	16.400000
1495	-70.093369	1.524000	16.450000
1496	-70.013369	1.524000	16.420000
1497	-69.863369	1.526000	16.490000
1498	-69.693369	1.528000	16.420000
1499	-69.683369	1.528000	16.560000
1500	-69.623369	1.530000	16.530000
1501	-69.583369	1.530000	16.500000
1502	-69.573369	1.530000	16.470000
1503	-69.533369	1.532000	16.350000
1504	-69.483369	1.533000	16.390000
1505	-69.443369	1.533000	16.560000
1506	-69.363369	1.533000	16.360000
1507	-69.333369	1.535000	16.400000
1508	-69.293369	1.535000	16.380000
1509	-69.283369	1.537000	16.400000
1510	-69.263369	1.539000	16.510000
1511	-69.163369	1.537000	16.400000
1512	-69.153369	1.539000	16.510000
1513	-69.133369	1.541000	16.450000
1514	-69.123369	1.543000	16.340000
1515	-69.123369	1.543000	16.530000
1516	-69.113369	1.543000	16.440000
1517	-68.903369	1.545000	16.380000
1518	-68.873369	1.547000	16.480000
1519	-68.823369	1.547000	16.440000
1520	-68.643369	1.549000	16.580000
1521	-68.573369	1.549000	16.450000
1522	-68.393369	1.549000	16.460000
1523	-67.983369	1.551000	16.590000
1524	-67.873369	1.553000	16.540000
1525	-67.823369	1.555000	16.470000
1526	-67.793369	1.555000	16.550000
1527	-67.583369	1.555000	16.610000
1528	-67.513369	1.557000	16.480000
1529	-67.513369	1.559000	16.510000
1530	-67.503369	1.559000	16.610000
1531	-67.483369	1.559000	16.490000
1532	-67.333369	1.561000	16.660000
1533	-67.323369	1.563000	16.710000
1534	-67.303369	1.563000	16.600000
1535	-67.233369	1.565000	16.560000
1536	-67.203369	1.565000	16.660000
1537	-67.183369	1.565000	16.670000
1538	-67.023369	1.567000	16.650000
1539	-66.993369	1.567000	16.610000
1540	-66.973369	1.569000	16.510000
1541	-66.963369	1.571000	16.520000
1542	-66.933369	1.571000	16.650000
1543	-66.933369	1.573000	16.610000
1544	-66.923369	1.575000	16.620000
1545	-66.843369	1.575000	16.560000
1546	-66.803369	1.575000	16.680000
1547	-66.753369	1.576000	16.710000
1548	-66.703369	1.578000	16.760000
1549	-66.603369	1.578000	16.670000
1550	-66.513369	1.580000	16.640000
1551	-66.483369	1.580000	16.700000
1552	-66.433369	1.580000	16.670000
1553	-66.043369	1.582000	16.580000
1554	-65.943369	1.582000	16.690000
1555	-65.903369	1.584000	16.560000
1556	-65.733369	1.586000	16.820000
1557	-65.683369	1.586000	16.800000
1558	-65.563369	1.586000	16.790000
1559	-65.493369	1.588000	16.920000
1560	-65.413369	1.590000	16.870000
1561	-65.383369	1.590000	16.820000
1562	-65.313369	1.590000	16.820000
1563	-65.193369	1.592000	16.820000
1564	-65.193369	1.596000	16.850000
1565	-65.133369	1.596000	16.920000
1566	-65.123369	1.598000	16.790000
1567	-65.113369	1.598000	16.940000
1568	-64.983369	1.600000	16.930000
1569	-64.933369	1.602000	16.730000
1570	-64.903369	1.602000	16.930000
1571	-64.903369	1.604000	17.010000
1572	-64.803369	1.604000	16.990000
1573	-64.463369	1.606000	16.720000
1574	-64.393369	1.606000	16.720000
1575	-64.363369	1.608000	16.980000
1576	-64.263369	1.610000	16.890000
1577	-64.213369	1.610000	16.890000
1578	-64.083369	1.612000	16.920000
1579	-63.973369	1.612000	16.900000
1580	-63.943369	1.614000	16.800000
1581	-63.943369	1.614000	16.800000
1582	-63.873369	1.614000	17.030000
1583	-63.843369	1.616000	16.840000
1584	-63.823369	1.617000	17.000000
1585	-63.823369	1.617000	16.800000
1586	-63.743369	1.619000	17.010000
1587	-63.623369	1.619000	16.720000
1588	-63.533369	1.619000	16.830000
1589	-63.323369	1.621000	16.680000
1590	-63.263369	1.621000	16.960000
1591	-63.233369	1.623000	16.990000
1592	-63.233369	1.623000	16.990000
1593	-63.203369	1.625000	16.980000
1594	-63.143369	1.625000	16.920000
1595	-63.013369	1.627000	16.900000
1596	-62.943369	1.627000	16.860000
1597	-62.883369	1.629000	16.930000
1598	-62.783369	1.629000	17.090000
1599	-62.703369	1.631000	16.890000
1600	-62.693369	1.633000	16.940000
1601	-62.543369	1.633000	16.840000
1602	-62.483369	1.635000	16.930000
1603	-62.433369	1.635000	16.970000
1604	-62.203369	1.637000	17.010000
1605	-62.183369	1.637000	16.990000
1606	-62.063369	1.637000	16.960000
1607	-61.993369	1.639000	16.890000
1608	-61.953369	1.641000	16.950000
1609	-61.853369	1.643000	17.170000
1610	-61.763369	1.643000	17.020000
1611	-61.653369	1.643000	16.960000
1612	-61.623369	1.643000	17.100000
1613	-61.473369	1.645000	16.950000
1614	-61.453369	1.647000	17.090000
1615	-61.403369	1.649000	17.070000
1616	-61.313369	1.649000	17.060000
1617	-61.223369	1.651000	17.000000
1618	-61.143369	1.651000	17.020000
1619	-61.133369	1.651000	16.950000
1620	-61.073369	1.653000	17.090000
1621	-61.073369	1.655000	17.160000
1622	-61.043369	1.655000	17.000000
1623	-60.903369	1.655000	16.920000
1624	-60.873369	1.657000	17.180000
1625	-60.743369	1.658000	17.040000
1626	-60.693369	1.658000	17.020000
1627	-60.653369	1.658000	17.180000
1628	-60.623369	1.660000	17.090000
1629	-60.623369	1.660000	16.990000
1630	-60.533369	1.662000	17.080000
1631	-60.533369	1.662000	17.110000
1632	-60.523369	1.662000	17.140000
1633	-60.433369	1.664000	17.020000
1634	-60.283369	1.666000	17.060000
1635	-60.233369	1.668000	17.160000
1636	-59.583369	1.668000	17.070000
1637	-59.553369	1.670000	16.990000
1638	-59.483369	1.672000	17.100000
1639	-59.443369	1.672000	17.260000
1640	-59.423369	1.674000	17.160000
1641	-59.363369	1.674000	17.150000
1642	-59.293369	1.674000	17.140000
1643	-59.113369	1.676000	17.000000
1644	-59.103369	1.680000	17.240000
1645	-58.893369	1.680000	17.240000
1646	-58.813369	1.680000	17.140000
1647	-58.783369	1.682000	17.190000
1648	-58.723369	1.684000	17.240000
1649	-58.693369	1.684000	17.340000
1650	-58.663369	1.684000	17.260000
1651	-58.553369	1.686000	17.400000
1652	-58.453369	1.688000	17.250000
1653	-58.453369	1.688000	17.300000
1654	-58.393369	1.688000	17.190000
1655	-58.323369	1.690000	17.330000
1656	-58.223369	1.690000	17.330000
1657	-58.203369	1.692000	17.440000
1658	-58.133369	1.692000	17.240000
1659	-58.043369	1.694000	17.400000
1660	-58.023369	1.696000	17.190000
1661	-57.993369	1.696000	17.230000
1662	-57.893369	1.698000	17.260000
1663	-57.683369	1.698000	17.190000
1664	-57.623369	1.699000	17.270000
1665	-57.543369	1.699000	17.230000
1666	-57.523369	1.699000	17.270000
1667	-57.513369	1.701000	17.270000
1668	-57.453369	1.703000	17.390000
1669	-57.433369	1.703000	17.260000
1670	-57.403369	1.705000	17.470000
1671	-57.223369	1.705000	17.170000
1672	-57.203369	1.705000	17.310000
1673	-57.193369	1.707000	17.310000
1674	-57.123369	1.707000	17.280000
1675	-57.093369	1.711000	17.280000
1676	-57.083369	1.711000	17.320000
1677	-57.063369	1.711000	17.370000
1678	-56.973369	1.713000	17.250000
1679	-56.883369	1.715000	17.580000
1680	-56.793369	1.715000	17.440000
1681	-56.723369	1.715000	17.400000
1682	-56.693369	1.717000	17.370000
1683	-56.643369	1.717000	17.310000
1684	-56.383369	1.719000	17.450000
1685	-55.963369	1.721000	17.440000
1686	-55.893369	1.721000	17.430000
1687	-55.863369	1.721000	17.440000
1688	-55.823369	1.723000	17.350000
1689	-55.783369	1.723000	17.370000
1690	-55.703369	1.725000	17.380000
1691	-55.683369	1.727000	17.500000
1692	-55.423369	1.727000	17.560000
1693	-55.343369	1.727000	17.640000
1694	-55.273369	1.729000	17.540000
1695	-55.253369	1.731000	17.450000
1696	-55.133369	1.731000	17.620000
1697	-55.113369	1.731000	17.550000
1698	-55.083369	1.733000	17.590000
1699	-55.053369	1.735000	17.600000
1700	-54.973369	1.735000	17.620000
1701	-54.933369	1.737000	17.600000
1702	-54.823369	1.737000	17.570000
1703	-54.773369	1.739000	17.510000
1704	-54.733369	1.739000	17.460000
1705	-54.713369	1.739000	17.480000
1706	-54.653369	1.741000	17.530000
1707	-54.653369	1.742000	17.510000
1708	-54.573369	1.742000	17.410000
1709	-54.503369	1.742000	17.580000
1710	-54.423369	1.744000	17.560000
1711	-54.403369	1.746000	17.510000
1712	-54.373369	1.746000	17.700000
1713	-54.343369	1.746000	17.550000
1714	-54.293369	1.748000	17.640000
1715	-54.283369	1.750000	17.570000
1716	-54.233369	1.750000	17.570000
1717	-54.233369	1.750000	17.470000
1718	-54.193369	1.752000	17.540000
1719	-53.873369	1.752000	17.560000
1720	-53.853369	1.754000	17.440000
1721	-53.833369	1.754000	17.680000
1722	-53.833369	1.756000	17.630000
1723	-53.723369	1.758000	17.550000
1724	-53.703369	1.758000	17.770000
1725	-53.683369	1.758000	17.600000
1726	-53.603369	1.760000	17.590000
1727	-53.393369	1.764000	17.580000
1728	-53.203369	1.766000	17.630000
1729	-53.143369	1.766000	17.710000
1730	-52.983369	1.768000	17.740000
1731	-52.953369	1.768000	17.500000
1732	-52.933369	1.768000	17.550000
1733	-52.893369	1.770000	17.920000
1734	-52.503369	1.770000	17.840000
1735	-52.483369	1.772000	17.770000
1736	-52.473369	1.774000	17.530000
1737	-52.453369	1.776000	17.770000
1738	-52.443369	1.776000	17.650000
1739	-52.423369	1.776000	17.560000
1740	-52.013369	1.778000	17.750000
1741	-51.933369	1.778000	17.800000
1742	-51.863369	1.780000	17.810000
1743	-51.693369	1.782000	17.760000
1744	-51.683369	1.782000	17.710000
1745	-51.663369	1.782000	17.850000
1746	-51.593369	1.783000	17.700000
1747	-51.483369	1.783000	17.810000
1748	-51.473369	1.785000	17.770000
1749	-51.463369	1.785000	17.750000
1750	-51.223369	1.787000	17.820000
1751	-51.223369	1.789000	17.570000
1752	-51.123369	1.787000	17.800000
1753	-51.093369	1.791000	17.780000
1754	-51.023369	1.791000	17.790000
1755	-51.003369	1.791000	17.990000
1756	-50.983369	1.793000	17.860000
1757	-50.973369	1.795000	17.760000
1758	-50.963369	1.797000	17.760000
1759	-50.753369	1.797000	17.910000
1760	-50.723369	1.799000	17.870000
1761	-50.633369	1.799000	17.900000
1762	-50.543369	1.799000	17.850000
1763	-50.493369	1.801000	17.950000
1764	-50.423369	1.801000	17.890000
1765	-50.333369	1.803000	17.730000
1766	-50.323369	1.805000	17.800000
1767	-50.243369	1.805000	17.910000
1768	-50.183369	1.807000	17.960000
1769	-50.133369	1.807000	17.850000
1770	-50.033369	1.809000	17.770000
1771	-49.953369	1.809000	17.700000
1772	-49.893369	1.809000	17.860000
1773	-49.863369	1.811000	17.790000
1774	-49.843369	1.811000	17.860000
1775	-49.753369	1.813000	17.880000
1776	-49.703369	1.815000	17.800000
1777	-49.683369	1.815000	17.930000
1778	-49.183369	1.817000	17.970000
1779	-49.033369	1.817000	18.020000
1780	-49.013369	1.819000	18.030000
1781	-49.003369	1.821000	17.950000
1782	-48.893369	1.821000	17.940000
1783	-48.883369	1.823000	17.850000
1784	-48.853369	1.823000	18.020000
1785	-48.843369	1.823000	17.940000
1786	-48.823369	1.825000	18.070000
1787	-48.733369	1.825000	17.950000
1788	-48.683369	1.826000	18.150000
1789	-48.653369	1.828000	17.830000
1790	-48.533369	1.828000	18.010000
1791	-48.483369	1.830000	17.820000
1792	-48.443369	1.830000	18.120000
1793	-48.413369	1.830000	17.860000
1794	-48.393369	1.832000	18.030000
1795	-48.383369	1.832000	18.030000
1796	-48.303369	1.834000	18.080000
1797	-48.223369	1.834000	17.880000
1798	-48.213369	1.836000	17.880000
1799	-48.113369	1.838000	17.920000
1800	-48.083369	1.838000	18.060000
1801	-48.073369	1.838000	17.940000
1802	-48.063369	1.840000	18.010000
1803	-47.873369	1.840000	18.050000
1804	-47.803369	1.842000	18.400000
1805	-47.423369	1.844000	18.170000
1806	-47.323369	1.846000	18.050000
1807	-47.323369	1.848000	18.030000
1808	-47.253369	1.848000	17.980000
1809	-47.233369	1.850000	18.000000
1810	-47.193369	1.852000	17.810000
1811	-47.183369	1.852000	18.070000
1812	-47.123369	1.852000	18.240000
1813	-46.883369	1.854000	18.060000
1814	-46.863369	1.856000	18.030000
1815	-46.863369	1.856000	17.960000
1816	-46.763369	1.856000	17.920000
1817	-46.683369	1.858000	18.050000
1818	-46.603369	1.860000	18.010000
1819	-46.493369	1.860000	18.080000
1820	-46.463369	1.862000	18.030000
1821	-46.403369	1.862000	18.030000
1822	-46.393369	1.862000	18.050000
1823	-46.333369	1.864000	18.050000
1824	-46.263369	1.864000	18.170000
1825	-46.103369	1.866000	18.120000
1826	-46.053369	1.867000	18.270000
1827	-45.983369	1.867000	18.070000
1828	-45.923369	1.869000	18.120000
1829	-45.863369	1.871000	18.160000
1830	-45.833369	1.871000	18.430000
1831	-45.783369	1.871000	18.150000
1832	-45.683369	1.873000	18.020000
1833	-45.603369	1.875000	18.050000
1834	-45.563369	1.875000	18.200000
1835	-45.503369	1.877000	18.250000
1836	-45.423369	1.879000	18.320000
1837	-45.273369	1.879000	18.230000
1838	-44.763369	1.879000	18.290000
1839	-44.663369	1.881000	18.270000
1840	-44.623369	1.883000	18.320000
1841	-44.613369	1.883000	18.290000
1842	-44.543369	1.883000	18.310000
1843	-44.483369	1.885000	18.240000
1844	-44.403369	1.887000	18.300000
1845	-44.313369	1.887000	18.190000
1846	-44.273369	1.889000	18.110000
1847	-44.263369	1.889000	18.260000
1848	-44.253369	1.891000	18.420000
1849	-44.223369	1.891000	18.250000
1850	-44.203369	1.893000	18.310000
1851	-44.113369	1.893000	18.190000
1852	-43.973369	1.893000	18.310000
1853	-43.943369	1.895000	18.330000
1854	-43.843369	1.895000	18.360000
1855	-43.743369	1.897000	18.180000
1856	-43.733369	1.899000	18.410000
1857	-43.713369	1.899000	18.290000
1858	-43.613369	1.899000	18.440000
1859	-43.563369	1.901000	18.450000
1860	-43.523369	1.903000	18.470000
1861	-43.453369	1.903000	18.530000
1862	-43.233369	1.903000	18.440000
1863	-43.093369	1.905000	18.470000
1864	-43.073369	1.907000	18.480000
1865	-43.043369	1.907000	18.330000
1866	-42.963369	1.908000	18.320000
1867	-42.823369	1.908000	18.310000
1868	-42.813369	1.910000	18.480000
1869	-42.753369	1.910000	18.340000
1870	-42.723369	1.912000	18.310000
1871	-42.613369	1.914000	18.320000
1872	-42.473369	1.914000	18.440000
1873	-42.403369	1.914000	18.450000
1874	-42.273369	1.916000	18.400000
1875	-42.153369	1.918000	18.440000
1876	-42.113369	1.918000	18.280000
1877	-42.013369	1.920000	18.450000
1878	-42.003369	1.922000	18.360000
1879	-41.783369	1.922000	18.330000
1880	-41.733369	1.924000	18.470000
1881	-41.653369	1.924000	18.480000
1882	-41.313369	1.924000	18.480000
1883	-41.223369	1.926000	18.470000
1884	-41.183369	1.926000	18.430000
1885	-40.993369	1.930000	18.580000
1886	-40.973369	1.930000	18.570000
1887	-40.933369	1.932000	18.680000
1888	-40.803369	1.932000	18.600000
1889	-40.683369	1.934000	18.610000
1890	-40.643369	1.934000	18.550000
1891	-40.583369	1.936000	18.500000
1892	-40.573369	1.938000	18.620000
1893	-40.543369	1.938000	18.560000
1894	-40.243369	1.940000	18.510000
1895	-40.213369	1.940000	18.560000
1896	-40.163369	1.940000	18.680000
1897	-40.153369	1.942000	18.580000
1898	-40.143369	1.942000	18.470000
1899	-40.073369	1.944000	18.550000
1900	-40.063369	1.946000	18.470000
1901	-39.993369	1.946000	18.670000
1902	-39.983369	1.948000	18.700000
1903	-39.973369	1.948000	18.620000
1904	-39.963369	1.948000	18.520000
1905	-39.713369	1.949000	18.520000
1906	-39.563369	1.949000	18.700000
1907	-39.423369	1.953000	18.670000
1908	-39.353369	1.953000	18.540000
1909	-39.293369	1.955000	18.410000
1910	-39.263369	1.955000	18.730000
1911	-39.143369	1.955000	18.460000
1912	-39.123369	1.957000	18.670000
1913	-39.093369	1.957000	18.600000
1914	-39.003369	1.959000	18.670000
1915	-38.993369	1.959000	18.700000
1916	-38.973369	1.961000	18.730000
1917	-38.773369	1.961000	18.610000
1918	-38.723369	1.963000	18.480000
1919	-38.683369	1.963000	18.550000
1920	-38.583369	1.965000	18.830000
1921	-38.543369	1.965000	18.760000
1922	-38.533369	1.967000	18.840000
1923	-38.523369	1.969000	18.780000
1924	-38.503369	1.969000	18.810000
1925	-38.433369	1.971000	18.620000
1926	-38.303369	1.973000	18.690000
1927	-38.173369	1.973000	18.660000
1928	-38.073369	1.973000	18.760000
1929	-38.013369	1.975000	18.720000
1930	-37.983369	1.977000	18.740000
1931	-37.953369	1.977000	18.620000
1932	-37.823369	1.979000	18.810000
1933	-37.803369	1.979000	18.740000
1934	-37.693369	1.979000	18.800000
1935	-37.533369	1.981000	18.720000
1936	-37.443369	1.983000	18.610000
1937	-37.163369	1.983000	18.660000
1938	-37.123369	1.985000	18.740000
1939	-37.023369	1.985000	18.710000
1940	-37.023369	1.987000	18.650000
1941	-36.983369	1.987000	18.730000
1942	-36.913369	1.987000	18.700000
1943	-36.833369	1.989000	18.750000
1944	-36.783369	1.991000	18.750000
1945	-36.643369	1.991000	18.720000
1946	-36.443369	1.992000	18.860000
1947	-36.433369	1.994000	18.640000
1948	-36.423369	1.994000	18.670000
1949	-36.313369	1.994000	18.860000
1950	-36.203369	1.996000	18.670000
1951	-36.133369	1.996000	18.900000
1952	-36.123369	1.998000	18.760000
1953	-36.073369	2.000000	18.810000
1954	-36.063369	2.000000	18.860000
1955	-36.043369	2.002000	18.790000
1956	-35.973369	2.004000	18.810000
1957	-35.973369	2.004000	18.880000
1958	-35.923369	2.004000	18.890000
1959	-35.863369	2.006000	18.830000
1960	-35.833369	2.008000	18.810000
1961	-35.793369	2.008000	18.820000
1962	-35.713369	2.010000	18.870000
1963	-35.703369	2.010000	19.000000
1964	-35.673369	2.010000	18.910000
1965	-35.623369	2.014000	18.850000
1966	-35.573369	2.016000	18.760000
1967	-35.113369	2.016000	19.090000
1968	-35.033369	2.018000	18.970000
1969	-34.863369	2.018000	19.160000
1970	-34.843369	2.018000	18.960000
1971	-34.843369	2.020000	18.990000
1972	-34.833369	2.020000	18.880000
1973	-34.733369	2.022000	19.070000
1974	-34.713369	2.024000	18.980000
1975	-34.703369	2.022000	18.960000
1976	-34.683369	2.024000	19.000000
1977	-34.513369	2.026000	18.980000
1978	-34.513369	2.028000	19.010000
1979	-34.493369	2.028000	18.900000
1980	-34.433369	2.028000	18.870000
1981	-34.363369	2.030000	19.080000
1982	-34.283369	2.032000	18.950000
1983	-34.273369	2.032000	19.060000
1984	-34.073369	2.033000	19.100000
1985	-34.033369	2.033000	18.900000
1986	-33.983369	2.033000	18.990000
1987	-33.753369	2.035000	19.010000
1988	-33.733369	2.035000	19.040000
1989	-33.693369	2.037000	18.950000
1990	-33.613369	2.039000	19.170000
1991	-33.603369	2.039000	19.130000
1992	-33.503369	2.039000	19.170000
1993	-33.313369	2.041000	19.150000
1994	-33.223369	2.043000	18.900000
1995	-33.163369	2.043000	19.050000
1996	-32.823369	2.043000	19.080000
1997	-32.803369	2.045000	19.170000
1998	-32.773369	2.047000	19.060000
1999	-32.753369	2.047000	19.170000
2000	-32.653369	2.049000	19.040000
2001	-32.563369	2.049000	19.280000
2002	-32.463369	2.049000	19.010000
2003	-32.403369	2.051000	19.160000
2004	-32.303369	2.051000	19.240000
2005	-32.283369	2.053000	19.190000
2006	-32.253369	2.055000	19.040000
2007	-32.203369	2.055000	19.170000
2008	-32.183369	2.057000	19.100000
2009	-32.043369	2.059000	19.130000
2010	-32.023369	2.059000	19.370000
2011	-32.023369	2.059000	19.030000
2012	-32.023369	2.061000	19.100000
2013	-32.013369	2.063000	19.270000
2014	-31.933369	2.063000	19.140000
2015	-31.933369	2.065000	19.070000
2016	-31.913369	2.065000	19.140000
2017	-31.683369	2.067000	19.250000
2018	-31.643369	2.067000	19.290000
2019	-31.453369	2.069000	18.970000
2020	-31.353369	2.071000	19.410000
2021	-31.343369	2.071000	19.210000
2022	-31.203369	2.071000	19.210000
2023	-31.093369	2.073000	19.230000
2024	-31.083369	2.075000	19.270000
2025	-30.963369	2.075000	19.080000
2026	-30.823369	2.075000	19.340000
2027	-30.723369	2.076000	19.240000
2028	-30.653369	2.078000	19.220000
2029	-30.593369	2.078000	19.400000
2030	-30.573369	2.080000	19.400000
2031	-30.523369	2.080000	19.360000
2032	-30.493369	2.082000	19.270000
2033	-30.363369	2.082000	19.220000
2034	-30.253369	2.082000	19.260000
2035	-30.173369	2.084000	19.170000
2036	-29.963369	2.086000	19.140000
2037	-29.893369	2.086000	19.300000
2038	-29.843369	2.086000	19.260000
2039	-29.783369	2.088000	19.250000
2040	-29.663369	2.090000	19.180000
2041	-29.593369	2.090000	19.200000
2042	-29.353369	2.090000	19.220000
2043	-29.043369	2.092000	19.250000
2044	-29.013369	2.094000	19.310000
2045	-28.913369	2.094000	19.260000
2046	-28.903369	2.096000	19.430000
2047	-28.893369	2.098000	19.270000
2048	-28.803369	2.100000	19.320000
2049	-28.803369	2.102000	19.340000
2050	-28.793369	2.102000	19.350000
2051	-28.793369	2.104000	19.330000
2052	-28.753369	2.104000	19.330000
2053	-28.683369	2.104000	19.420000
2054	-28.633369	2.106000	19.430000
2055	-28.623369	2.106000	19.400000
2056	-28.513369	2.108000	19.230000
2057	-28.393369	2.110000	19.430000
2058	-28.393369	2.112000	19.320000
2059	-28.363369	2.112000	19.290000
2060	-28.293369	2.112000	19.360000
2061	-28.113369	2.114000	19.490000
2062	-28.053369	2.114000	19.380000
2063	-28.013369	2.116000	19.560000
2064	-28.003369	2.117000	19.320000
2065	-28.003369	2.117000	19.460000
2066	-27.843369	2.117000	19.610000
2067	-27.843369	2.119000	19.290000
2068	-27.843369	2.119000	19.480000
2069	-27.813369	2.121000	19.390000
2070	-27.783369	2.121000	19.440000
2071	-27.653369	2.123000	19.340000
2072	-27.633369	2.125000	19.560000
2073	-27.623369	2.125000	19.360000
2074	-27.603369	2.127000	19.460000
2075	-27.383369	2.127000	19.520000
2076	-27.113369	2.127000	19.500000
2077	-27.003369	2.129000	19.420000
2078	-26.993369	2.131000	19.340000
2079	-26.753369	2.133000	19.520000
2080	-26.733369	2.133000	19.460000
2081	-26.703369	2.135000	19.410000
2082	-26.593369	2.135000	19.620000
2083	-26.583369	2.135000	19.400000
2084	-26.533369	2.137000	19.480000
2085	-26.483369	2.137000	19.490000
2086	-26.423369	2.139000	19.520000
2087	-26.343369	2.141000	19.450000
2088	-26.213369	2.141000	19.470000
2089	-26.213369	2.143000	19.690000
2090	-26.183369	2.143000	19.460000
2091	-26.113369	2.143000	19.590000
2092	-26.053369	2.145000	19.580000
2093	-26.053369	2.145000	19.540000
2094	-25.953369	2.147000	19.590000
2095	-25.913369	2.149000	19.570000
2096	-25.863369	2.147000	19.560000
2097	-25.833369	2.151000	19.580000
2098	-25.793369	2.151000	19.470000
2099	-25.653369	2.151000	19.600000
2100	-25.633369	2.153000	19.500000
2101	-25.533369	2.153000	19.580000
2102	-25.523369	2.155000	19.680000
2103	-25.403369	2.157000	19.580000
2104	-25.393369	2.157000	19.520000
2105	-25.213369	2.158000	19.760000
2106	-25.023369	2.158000	19.570000
2107	-24.823369	2.158000	19.720000
2108	-24.743369	2.160000	19.580000
2109	-24.563369	2.160000	19.730000
2110	-24.463369	2.162000	19.830000
2111	-24.453369	2.164000	19.650000
2112	-24.443369	2.164000	19.790000
2113	-24.213369	2.166000	19.700000
2114	-24.213369	2.166000	19.780000
2115	-24.203369	2.168000	19.710000
2116	-24.183369	2.168000	19.690000
2117	-24.163369	2.168000	19.660000
2118	-24.023369	2.170000	19.710000
2119	-24.023369	2.172000	19.720000
2120	-24.023369	2.172000	19.800000
2121	-23.973369	2.174000	19.650000
2122	-23.963369	2.174000	19.700000
2123	-23.743369	2.174000	19.680000
2124	-23.633369	2.176000	19.760000
2125	-23.563369	2.180000	19.920000
2126	-23.563369	2.180000	19.750000
2127	-23.553369	2.180000	19.760000
2128	-23.543369	2.182000	19.780000
2129	-23.423369	2.184000	19.830000
2130	-23.023369	2.184000	19.870000
2131	-22.963369	2.184000	19.830000
2132	-22.943369	2.186000	19.790000
2133	-22.943369	2.188000	19.860000
2134	-22.943369	2.188000	19.900000
2135	-22.873369	2.190000	19.730000
2136	-22.763369	2.190000	19.850000
2137	-22.763369	2.190000	19.940000
2138	-22.723369	2.192000	19.720000
2139	-22.603369	2.194000	19.830000
2140	-22.563369	2.196000	19.840000
2141	-22.523369	2.196000	19.840000
2142	-22.493369	2.196000	20.000000
2143	-22.433369	2.198000	19.960000
2144	-22.393369	2.199000	19.800000
2145	-22.223369	2.199000	19.730000
2146	-22.153369	2.199000	19.930000
2147	-22.153369	2.201000	19.770000
2148	-22.113369	2.201000	19.940000
2149	-21.953369	2.203000	19.860000
2150	-21.943369	2.205000	19.870000
2151	-21.883369	2.205000	19.800000
2152	-21.863369	2.205000	19.930000
2153	-21.763369	2.207000	19.810000
2154	-21.683369	2.207000	19.860000
2155	-21.683369	2.209000	19.720000
2156	-21.253369	2.211000	19.920000
2157	-21.173369	2.211000	19.810000
2158	-21.123369	2.209000	19.820000
2159	-20.993369	2.213000	19.790000
2160	-20.863369	2.215000	19.890000
2161	-20.713369	2.215000	19.940000
2162	-20.713369	2.215000	19.800000
2163	-20.703369	2.217000	19.880000
2164	-20.703369	2.219000	19.760000
2165	-20.613369	2.219000	19.960000
2166	-20.603369	2.221000	19.980000
2167	-20.503369	2.221000	20.010000
2168	-20.483369	2.221000	19.880000
2169	-20.463369	2.223000	20.050000
2170	-20.463369	2.225000	19.980000
2171	-20.343369	2.227000	19.950000
2172	-20.183369	2.227000	19.940000
2173	-20.063369	2.227000	19.880000
2174	-20.043369	2.229000	19.940000
2175	-20.043369	2.231000	19.930000
2176	-19.943369	2.231000	19.980000
2177	-19.893369	2.231000	20.020000
2178	-19.863369	2.233000	20.060000
2179	-19.843369	2.235000	20.130000
2180	-19.703369	2.237000	19.910000
2181	-19.673369	2.237000	19.900000
2182	-19.523369	2.237000	20.000000
2183	-19.523369	2.239000	20.010000
2184	-19.463369	2.239000	19.970000
2185	-19.403369	2.241000	19.960000
2186	-19.393369	2.242000	20.080000
2187	-19.323369	2.242000	20.050000
2188	-19.183369	2.242000	20.060000
2189	-19.113369	2.244000	20.180000
2190	-19.063369	2.246000	20.060000
2191	-19.003369	2.246000	19.950000
2192	-18.923369	2.246000	20.050000
2193	-18.873369	2.248000	20.050000
2194	-18.823369	2.250000	20.170000
2195	-18.743369	2.250000	19.930000
2196	-18.503369	2.252000	20.100000
2197	-18.453369	2.252000	20.190000
2198	-18.413369	2.252000	19.990000
2199	-18.103369	2.254000	20.000000
2200	-18.063369	2.254000	20.090000
2201	-18.053369	2.256000	20.070000
2202	-17.993369	2.258000	20.210000
2203	-17.883369	2.258000	20.230000
2204	-17.733369	2.258000	20.110000
2205	-17.643369	2.260000	20.090000
2206	-17.583369	2.262000	20.070000
2207	-17.533369	2.264000	20.170000
2208	-17.523369	2.266000	20.230000
2209	-17.483369	2.266000	20.170000
2210	-17.463369	2.266000	20.170000
2211	-17.393369	2.268000	20.140000
2212	-17.333369	2.268000	20.010000
2213	-17.313369	2.270000	20.190000
2214	-17.163369	2.270000	20.220000
2215	-17.163369	2.272000	20.160000
2216	-17.093369	2.274000	20.000000
2217	-16.963369	2.274000	20.210000
2218	-16.903369	2.276000	20.170000
2219	-16.803369	2.276000	20.190000
2220	-16.803369	2.276000	20.290000
2221	-16.763369	2.278000	20.360000
2222	-16.733369	2.278000	20.240000
2223	-16.623369	2.280000	20.200000
2224	-16.463369	2.282000	20.290000
2225	-16.403369	2.282000	20.260000
2226	-16.383369	2.283000	20.220000
2227	-16.383369	2.283000	20.170000
2228	-16.313369	2.283000	20.120000
2229	-16.223369	2.285000	20.160000
2230	-16.083369	2.285000	20.270000
2231	-16.073369	2.289000	20.170000
2232	-16.003369	2.289000	20.140000
2233	-15.903369	2.291000	20.300000
2234	-15.903369	2.291000	20.270000
2235	-15.743369	2.291000	20.230000
2236	-15.713369	2.293000	20.340000
2237	-15.523369	2.293000	20.590000
2238	-15.513369	2.295000	20.250000
2239	-15.463369	2.295000	20.340000
2240	-15.453369	2.297000	20.250000
2241	-15.423369	2.299000	20.240000
2242	-14.903369	2.299000	20.440000
2243	-14.843369	2.301000	20.240000
2244	-14.713369	2.301000	20.210000
2245	-14.413369	2.303000	20.310000
2246	-14.363369	2.305000	20.420000
2247	-14.083369	2.305000	20.450000
2248	-14.073369	2.307000	20.480000
2249	-13.933369	2.307000	20.550000
2250	-13.733369	2.309000	20.240000
2251	-13.683369	2.309000	20.410000
2252	-13.613369	2.309000	20.400000
2253	-13.613369	2.311000	20.270000
2254	-13.593369	2.313000	20.310000
2255	-13.563369	2.313000	20.450000
2256	-13.493369	2.315000	20.440000
2257	-13.463369	2.315000	20.320000
2258	-13.413369	2.315000	20.280000
2259	-13.273369	2.317000	20.490000
2260	-13.233369	2.319000	20.240000
2261	-13.223369	2.321000	20.440000
2262	-13.173369	2.321000	20.450000
2263	-13.153369	2.323000	20.430000
2264	-13.123369	2.323000	20.370000
2265	-13.083369	2.323000	20.440000
2266	-13.053369	2.325000	20.480000
2267	-13.023369	2.326000	20.420000
2268	-13.013369	2.326000	20.450000
2269	-13.003369	2.326000	20.420000
2270	-13.003369	2.328000	20.510000
2271	-13.003369	2.330000	20.440000
2272	-12.973369	2.330000	20.460000
2273	-12.913369	2.330000	20.390000
2274	-12.903369	2.332000	20.460000
2275	-12.883369	2.332000	20.650000
2276	-12.723369	2.334000	20.470000
2277	-12.723369	2.336000	20.440000
2278	-12.703369	2.336000	20.510000
2279	-12.703369	2.338000	20.510000
2280	-12.593369	2.340000	20.610000
2281	-12.553369	2.340000	20.450000
2282	-12.473369	2.340000	20.380000
2283	-12.463369	2.342000	20.440000
2284	-12.433369	2.344000	20.480000
2285	-12.403369	2.344000	20.680000
2286	-12.323369	2.346000	20.560000
2287	-12.323369	2.348000	20.490000
2288	-12.313369	2.348000	20.480000
2289	-12.253369	2.350000	20.350000
2290	-12.123369	2.352000	20.600000
2291	-12.073369	2.352000	20.300000
2292	-11.953369	2.354000	20.600000
2293	-11.953369	2.356000	20.390000
2294	-11.943369	2.356000	20.560000
2295	-11.933369	2.356000	20.520000
2296	-11.933369	2.358000	20.610000
2297	-11.933369	2.360000	20.510000
2298	-11.923369	2.360000	20.510000
2299	-11.923369	2.360000	20.400000
2300	-11.913369	2.362000	20.560000
2301	-11.753369	2.362000	20.380000
2302	-11.323369	2.364000	20.400000
2303	-11.313369	2.364000	20.620000
2304	-11.293369	2.366000	20.620000
2305	-11.123369	2.367000	20.700000
2306	-11.003369	2.367000	20.490000
2307	-10.903369	2.367000	20.670000
2308	-10.773369	2.369000	20.600000
2309	-10.543369	2.371000	20.690000
2310	-10.493369	2.371000	20.700000
2311	-10.453369	2.373000	20.680000
2312	-10.433369	2.375000	20.610000
2313	-10.393369	2.375000	20.670000
2314	-10.333369	2.377000	20.530000
2315	-10.243369	2.377000	20.590000
2316	-10.203369	2.377000	20.650000
2317	-10.193369	2.379000	20.740000
2318	-10.103369	2.379000	20.610000
2319	-10.063369	2.383000	20.570000
2320	-10.013369	2.383000	20.600000
2321	-9.943369	2.383000	20.740000
2322	-9.833369	2.385000	20.790000
2323	-9.773369	2.387000	20.770000
2324	-9.633369	2.387000	20.610000
2325	-9.593369	2.387000	20.580000
2326	-9.553369	2.389000	20.750000
2327	-9.533369	2.391000	20.650000
2328	-9.503369	2.391000	20.720000
2329	-9.433369	2.393000	20.720000
2330	-9.383369	2.393000	20.640000
2331	-9.033369	2.395000	20.670000
2332	-8.893369	2.395000	20.600000
2333	-8.863369	2.397000	20.820000
2334	-8.813369	2.399000	20.630000
2335	-8.793369	2.399000	20.780000
2336	-8.693369	2.399000	20.570000
2337	-8.653369	2.401000	20.780000
2338	-8.593369	2.403000	20.490000
2339	-8.553369	2.403000	20.740000
2340	-8.523369	2.403000	20.670000
2341	-8.423369	2.405000	20.800000
2342	-8.413369	2.407000	20.740000
2343	-8.353369	2.407000	20.660000
2344	-8.193369	2.408000	20.810000
2345	-8.093369	2.408000	20.730000
2346	-8.023369	2.410000	20.790000
2347	-7.933369	2.410000	20.760000
2348	-7.843369	2.412000	20.800000
2349	-7.723369	2.414000	20.750000
2350	-7.673369	2.414000	20.790000
2351	-7.613369	2.414000	20.740000
2352	-7.573369	2.416000	20.880000
2353	-7.533369	2.418000	20.990000
2354	-7.503369	2.418000	20.840000
2355	-7.443369	2.420000	20.740000
2356	-7.253369	2.420000	20.890000
2357	-6.903369	2.422000	21.000000
2358	-6.803369	2.424000	20.970000
2359	-6.673369	2.424000	20.840000
2360	-6.613369	2.424000	20.890000
2361	-6.553369	2.426000	20.950000
2362	-6.513369	2.426000	20.940000
2363	-6.503369	2.430000	20.800000
2364	-6.493369	2.432000	20.900000
2365	-6.463369	2.432000	20.860000
2366	-6.433369	2.432000	20.880000
2367	-6.343369	2.434000	20.900000
2368	-6.333369	2.434000	20.970000
2369	-6.273369	2.436000	21.040000
2370	-6.243369	2.438000	20.990000
2371	-6.243369	2.438000	20.990000
2372	-6.203369	2.440000	20.870000
2373	-6.193369	2.440000	21.020000
2374	-6.173369	2.440000	21.050000
2375	-6.133369	2.442000	20.870000
2376	-6.133369	2.442000	20.730000
2377	-6.053369	2.444000	20.930000
2378	-6.043369	2.444000	20.720000
2379	-6.013369	2.446000	20.970000
2380	-5.993369	2.448000	20.890000
2381	-5.833369	2.448000	21.050000
2382	-5.813369	2.448000	20.940000
2383	-5.693369	2.449000	20.970000
2384	-5.663369	2.449000	20.940000
2385	-5.613369	2.451000	20.880000
2386	-5.583369	2.453000	21.120000
2387	-5.573369	2.453000	20.930000
2388	-5.503369	2.455000	21.010000
2389	-5.473369	2.455000	20.820000
2390	-5.363369	2.457000	21.050000
2391	-5.273369	2.457000	20.940000
2392	-5.153369	2.459000	21.120000
2393	-5.143369	2.461000	21.010000
2394	-5.073369	2.461000	20.840000
2395	-4.993369	2.463000	20.920000
2396	-4.953369	2.463000	20.840000
2397	-4.943369	2.463000	20.930000
2398	-4.913369	2.465000	21.020000
2399	-4.873369	2.467000	20.900000
2400	-4.713369	2.469000	21.000000
2401	-4.693369	2.469000	21.080000
2402	-4.463369	2.471000	20.930000
2403	-4.263369	2.471000	21.030000
2404	-4.233369	2.473000	20.850000
2405	-4.213369	2.473000	20.920000
2406	-3.963369	2.473000	21.010000
2407	-3.843369	2.475000	20.980000
2408	-3.813369	2.477000	20.910000
2409	-3.803369	2.477000	20.880000
2410	-3.453369	2.479000	21.110000
2411	-3.343369	2.479000	21.100000
2412	-3.303369	2.479000	21.160000
2413	-3.213369	2.481000	21.040000
2414	-3.123369	2.481000	21.040000
2415	-3.103369	2.483000	21.130000
2416	-3.103369	2.483000	21.110000
2417	-3.043369	2.485000	21.010000
2418	-3.013369	2.487000	21.000000
2419	-2.923369	2.487000	20.970000
2420	-2.873369	2.489000	21.200000
2421	-2.813369	2.489000	21.070000
2422	-2.743369	2.491000	21.020000
2423	-2.743369	2.492000	21.040000
2424	-2.713369	2.492000	21.180000
2425	-2.693369	2.494000	21.000000
2426	-2.593369	2.494000	21.220000
2427	-2.573369	2.494000	21.010000
2428	-2.563369	2.496000	21.050000
2429	-2.513369	2.496000	21.150000
2430	-2.513369	2.498000	21.110000
2431	-2.483369	2.500000	21.190000
2432	-2.443369	2.500000	21.150000
2433	-2.393369	2.502000	21.200000
2434	-2.333369	2.502000	21.150000
2435	-2.323369	2.502000	21.260000
2436	-2.293369	2.504000	21.060000
2437	-1.913369	2.506000	21.120000
2438	-1.913369	2.508000	21.270000
2439	-1.853369	2.508000	21.410000
2440	-1.833369	2.510000	21.210000
2441	-1.623369	2.510000	21.300000
2442	-1.563369	2.510000	21.160000
2443	-1.543369	2.514000	21.190000
2444	-1.533369	2.516000	21.170000
2445	-1.423369	2.516000	21.270000
2446	-1.413369	2.516000	21.130000
2447	-1.203369	2.518000	21.220000
2448	-1.203369	2.520000	21.300000
2449	-1.113369	2.520000	21.200000
2450	-1.063369	2.522000	21.270000
2451	-1.033369	2.524000	21.220000
2452	-1.033369	2.524000	21.240000
2453	-0.973369	2.524000	21.240000
2454	-0.913369	2.526000	21.300000
2455	-0.823369	2.526000	21.250000
2456	-0.733369	2.528000	21.230000
2457	-0.733369	2.528000	21.200000
2458	-0.613369	2.530000	21.230000
2459	-0.383369	2.532000	21.380000
2460	-0.383369	2.532000	21.340000
2461	-0.053369	2.533000	21.300000
2462	0.036631	2.533000	21.400000
2463	0.126631	2.533000	21.300000
2464	0.206631	2.535000	21.200000
2465	0.236631	2.535000	21.230000
2466	0.386631	2.537000	21.140000
2467	0.386631	2.539000	21.180000
2468	0.506631	2.539000	21.300000
2469	0.506631	2.541000	21.290000
2470	0.566631	2.543000	21.310000
2471	0.566631	2.543000	21.300000
2472	0.626631	2.543000	21.150000
2473	0.656631	2.545000	21.250000
2474	0.686631	2.547000	21.300000
2475	0.716631	2.549000	21.440000
2476	0.716631	2.547000	21.250000
2477	0.716631	2.549000	21.360000
2478	0.746631	2.549000	21.260000
2479	0.926631	2.551000	21.310000
2480	1.036631	2.551000	21.310000
2481	1.216631	2.553000	21.380000
2482	1.276631	2.555000	21.620000
2483	1.276631	2.555000	21.320000
2484	1.396631	2.557000	21.280000
2485	1.426631	2.557000	21.340000
2486	1.566631	2.559000	21.390000
2487	1.576631	2.559000	21.340000
2488	1.716631	2.561000	21.300000
2489	1.716631	2.563000	21.320000
2490	1.776631	2.563000	21.310000
2491	1.876631	2.565000	21.390000
2492	2.016631	2.565000	21.400000
2493	2.026631	2.565000	21.270000
2494	2.076631	2.567000	21.330000
2495	2.096631	2.567000	21.320000
2496	2.156631	2.571000	21.280000
2497	2.156631	2.571000	21.310000
2498	2.156631	2.571000	21.370000
2499	2.216631	2.573000	21.350000
2500	2.286631	2.575000	21.480000
2501	2.466631	2.575000	21.450000
2502	2.576631	2.575000	21.350000
2503	2.806631	2.576000	21.420000
2504	3.136631	2.578000	21.480000
