1	-188.875724	0.000000	9.360000
2	-188.705724	0.002000	9.530000
3	-188.435724	0.002000	9.320000
4	-188.215724	0.004000	9.740000
5	-188.195724	0.004000	9.390000
6	-188.185724	0.006000	9.160000
7	-187.975724	0.008000	9.950000
8	-187.835724	0.008000	9.340000
9	-187.815724	0.010000	9.270000
10	-187.795724	0.012000	9.590000
11	-187.775724	0.012000	9.400000
12	-187.665724	0.014000	9.510000
13	-187.605724	0.014000	9.780000
14	-187.565724	0.016000	9.760000
15	-187.555724	0.016000	9.350000
16	-187.485724	0.018000	9.430000
17	-187.475724	0.018000	9.530000
18	-187.445724	0.020000	9.560000
19	-187.425724	0.020000	9.380000
20	-187.125724	0.022000	9.790000
21	-187.105724	0.024000	9.550000
22	-186.965724	0.024000	9.490000
23	-186.785724	0.026000	9.560000
24	-186.615724	0.026000	9.720000
25	-186.555724	0.028000	9.450000
26	-186.435724	0.028000	9.500000
27	-186.235724	0.030000	9.350000
28	-186.155724	0.031000	9.680000
29	-186.125724	0.031000	9.690000
30	-186.045724	0.033000	9.510000
31	-186.015724	0.033000	10.260000
32	-185.995724	0.033000	10.160000
33	-185.895724	0.035000	9.610000
34	-185.795724	0.035000	9.730000
35	-185.745724	0.037000	9.740000
36	-185.715724	0.039000	9.730000
37	-185.505724	0.039000	9.840000
38	-185.495724	0.041000	9.380000
39	-185.475724	0.041000	9.520000
40	-185.445724	0.041000	9.530000
41	-185.425724	0.043000	9.430000
42	-185.325724	0.045000	9.410000
43	-185.165724	0.045000	9.590000
44	-185.105724	0.047000	10.070000
45	-185.065724	0.047000	9.640000
46	-185.005724	0.049000	9.630000
47	-184.915724	0.049000	9.610000
48	-184.905724	0.049000	9.690000
49	-184.895724	0.051000	9.440000
50	-184.435724	0.051000	9.430000
51	-184.405724	0.053000	9.820000
52	-184.215724	0.055000	10.230000
53	-184.095724	0.055000	10.340000
54	-184.065724	0.055000	9.640000
55	-183.995724	0.057000	10.250000
56	-183.975724	0.059000	9.860000
57	-183.975724	0.059000	9.520000
58	-183.945724	0.061000	9.860000
59	-183.735724	0.063000	9.690000
60	-183.675724	0.063000	10.280000
61	-183.655724	0.065000	10.220000
62	-183.585724	0.065000	9.470000
63	-183.565724	0.065000	9.660000
64	-183.535724	0.067000	9.710000
65	-183.515724	0.069000	9.710000
66	-183.495724	0.069000	10.220000
67	-183.385724	0.071000	9.760000
68	-183.345724	0.071000	10.120000
69	-183.105724	0.072000	10.230000
70	-183.075724	0.072000	10.340000
71	-183.075724	0.072000	9.890000
72	-183.065724	0.074000	9.910000
73	-182.895724	0.074000	9.730000
74	-182.665724	0.076000	9.590000
75	-182.605724	0.076000	9.680000
76	-182.595724	0.080000	9.880000
77	-182.295724	0.080000	9.630000
78	-182.285724	0.080000	9.670000
79	-182.195724	0.082000	10.310000
80	-182.075724	0.082000	9.880000
81	-181.985724	0.084000	9.780000
82	-181.925724	0.086000	10.070000
83	-181.885724	0.088000	9.740000
84	-181.875724	0.086000	9.850000
85	-181.825724	0.088000	9.990000
86	-181.825724	0.088000	9.850000
87	-181.815724	0.090000	9.850000
88	-181.675724	0.094000	9.850000
89	-181.635724	0.094000	10.050000
90	-181.625724	0.094000	10.060000
91	-181.525724	0.096000	10.010000
92	-181.475724	0.098000	9.930000
93	-181.345724	0.098000	9.820000
94	-181.305724	0.098000	9.830000
95	-181.205724	0.100000	9.900000
96	-181.065724	0.102000	9.810000
97	-181.025724	0.102000	9.870000
98	-180.945724	0.104000	10.050000
99	-180.815724	0.104000	9.970000
100	-180.795724	0.104000	9.790000
101	-180.745724	0.106000	9.840000
102	-180.745724	0.106000	9.750000
103	-180.685724	0.108000	9.890000
104	-180.505724	0.108000	9.970000
105	-180.325724	0.112000	9.890000
106	-180.275724	0.112000	9.850000
107	-180.255724	0.113000	10.380000
108	-180.145724	0.113000	10.120000
109	-180.115724	0.113000	9.970000
110	-180.015724	0.115000	10.020000
111	-179.845724	0.117000	10.130000
112	-179.835724	0.117000	10.030000
113	-179.685724	0.119000	10.020000
114	-179.685724	0.119000	9.950000
115	-179.305724	0.119000	10.100000
116	-179.185724	0.121000	10.110000
117	-179.095724	0.121000	10.090000
118	-179.075724	0.123000	10.000000
119	-178.985724	0.125000	9.850000
120	-178.965724	0.125000	9.940000
121	-178.895724	0.125000	9.950000
122	-178.855724	0.127000	9.900000
123	-178.855724	0.129000	9.880000
124	-178.805724	0.129000	10.420000
125	-178.765724	0.129000	10.110000
126	-178.675724	0.131000	9.910000
127	-178.655724	0.133000	10.040000
128	-178.515724	0.133000	10.010000
129	-178.425724	0.135000	10.100000
130	-178.345724	0.135000	10.140000
131	-178.285724	0.137000	10.180000
132	-178.245724	0.137000	10.110000
133	-178.045724	0.137000	10.050000
134	-177.905724	0.139000	10.380000
135	-177.745724	0.139000	10.410000
136	-177.735724	0.141000	10.290000
137	-177.545724	0.141000	10.000000
138	-177.435724	0.143000	10.000000
139	-177.415724	0.145000	10.100000
140	-177.345724	0.145000	10.060000
141	-177.085724	0.145000	10.270000
142	-177.085724	0.147000	10.130000
143	-177.075724	0.149000	10.340000
144	-176.995724	0.149000	10.050000
145	-176.895724	0.151000	10.080000
146	-176.785724	0.151000	10.130000
147	-176.745724	0.153000	9.960000
148	-176.665724	0.153000	10.170000
149	-176.555724	0.153000	10.170000
150	-176.505724	0.155000	10.030000
151	-176.405724	0.156000	10.090000
152	-176.395724	0.156000	10.040000
153	-176.245724	0.156000	9.920000
154	-176.175724	0.158000	10.340000
155	-176.085724	0.160000	10.150000
156	-176.065724	0.160000	10.110000
157	-175.845724	0.160000	10.140000
158	-175.845724	0.162000	10.160000
159	-175.845724	0.164000	9.960000
160	-175.825724	0.164000	10.010000
161	-175.755724	0.166000	10.330000
162	-175.755724	0.166000	10.040000
163	-175.635724	0.166000	10.250000
164	-175.405724	0.168000	10.020000
165	-175.385724	0.168000	10.240000
166	-175.325724	0.170000	10.470000
167	-175.265724	0.170000	10.430000
168	-175.205724	0.172000	10.590000
169	-175.145724	0.174000	10.210000
170	-175.125724	0.176000	10.420000
171	-175.085724	0.178000	10.310000
172	-174.935724	0.180000	10.180000
173	-174.815724	0.180000	10.100000
174	-174.775724	0.182000	10.180000
175	-174.775724	0.182000	10.280000
176	-174.705724	0.182000	10.250000
177	-174.485724	0.184000	10.270000
178	-174.465724	0.186000	10.240000
179	-174.415724	0.186000	10.410000
180	-174.415724	0.188000	10.280000
181	-174.315724	0.188000	10.230000
182	-174.295724	0.190000	10.600000
183	-174.215724	0.190000	10.090000
184	-174.175724	0.190000	10.650000
185	-174.095724	0.192000	10.370000
186	-174.095724	0.192000	10.280000
187	-174.075724	0.194000	10.100000
188	-173.935724	0.194000	10.160000
189	-173.825724	0.196000	10.220000
190	-173.815724	0.197000	10.270000
191	-173.695724	0.197000	10.590000
192	-173.595724	0.197000	10.450000
193	-173.465724	0.199000	10.190000
194	-173.175724	0.199000	10.500000
195	-172.895724	0.201000	10.430000
196	-172.855724	0.203000	10.280000
197	-172.775724	0.203000	10.450000
198	-172.735724	0.203000	10.320000
199	-172.415724	0.205000	10.410000
200	-172.385724	0.205000	10.360000
201	-172.355724	0.207000	10.590000
202	-172.345724	0.207000	10.550000
203	-172.335724	0.209000	10.370000
204	-172.275724	0.211000	10.370000
205	-172.215724	0.211000	10.620000
206	-172.185724	0.213000	10.230000
207	-172.075724	0.213000	10.340000
208	-172.055724	0.215000	10.320000
209	-172.005724	0.215000	10.820000
210	-171.995724	0.217000	10.340000
211	-171.825724	0.219000	10.370000
212	-171.825724	0.219000	10.530000
213	-171.745724	0.221000	10.360000
214	-171.745724	0.221000	10.410000
215	-171.705724	0.223000	10.380000
216	-171.605724	0.223000	10.430000
217	-171.595724	0.223000	10.280000
218	-171.375724	0.225000	10.520000
219	-171.305724	0.227000	10.610000
220	-171.165724	0.229000	10.520000
221	-171.145724	0.229000	10.370000
222	-170.995724	0.229000	10.390000
223	-170.915724	0.231000	10.630000
224	-170.915724	0.231000	10.740000
225	-170.845724	0.233000	10.420000
226	-170.665724	0.235000	10.660000
227	-170.535724	0.235000	10.530000
228	-170.465724	0.237000	10.730000
229	-170.445724	0.237000	10.730000
230	-170.295724	0.237000	10.700000
231	-170.215724	0.239000	10.450000
232	-170.145724	0.239000	10.560000
233	-170.075724	0.240000	10.530000
234	-170.055724	0.242000	10.700000
235	-170.025724	0.242000	10.580000
236	-169.975724	0.244000	10.530000
237	-169.925724	0.244000	10.710000
238	-169.925724	0.246000	10.800000
239	-169.875724	0.246000	10.780000
240	-169.835724	0.248000	10.590000
241	-169.805724	0.250000	10.620000
242	-169.735724	0.250000	10.680000
243	-169.685724	0.252000	10.880000
244	-169.665724	0.252000	10.510000
245	-169.515724	0.254000	10.610000
246	-169.465724	0.254000	10.640000
247	-169.445724	0.254000	11.000000
248	-169.325724	0.256000	11.000000
249	-169.295724	0.258000	10.520000
250	-169.145724	0.258000	10.790000
251	-169.055724	0.260000	10.460000
252	-168.935724	0.262000	10.890000
253	-168.805724	0.262000	10.740000
254	-168.805724	0.264000	10.800000
255	-168.805724	0.266000	11.020000
256	-168.625724	0.264000	10.980000
257	-168.415724	0.266000	10.650000
258	-168.375724	0.268000	10.820000
259	-168.325724	0.270000	10.950000
260	-168.275724	0.270000	10.940000
261	-168.095724	0.270000	10.980000
262	-167.935724	0.272000	10.700000
263	-167.935724	0.274000	10.660000
264	-167.915724	0.274000	10.880000
265	-167.885724	0.276000	10.720000
266	-167.755724	0.276000	10.810000
267	-167.705724	0.276000	10.720000
268	-167.675724	0.278000	10.640000
269	-167.595724	0.280000	10.670000
270	-167.475724	0.281000	10.800000
271	-167.325724	0.281000	10.920000
272	-167.265724	0.281000	10.900000
273	-167.185724	0.283000	11.030000
274	-167.175724	0.285000	10.940000
275	-167.075724	0.285000	10.710000
276	-167.045724	0.285000	10.990000
277	-166.895724	0.287000	10.900000
278	-166.885724	0.289000	10.780000
279	-166.855724	0.289000	10.840000
280	-166.665724	0.291000	10.810000
281	-166.585724	0.291000	10.910000
282	-166.435724	0.291000	10.900000
283	-166.365724	0.293000	10.930000
284	-166.355724	0.293000	10.780000
285	-166.305724	0.295000	10.740000
286	-166.235724	0.295000	10.860000
287	-166.205724	0.297000	10.690000
288	-166.135724	0.299000	10.940000
289	-166.095724	0.299000	10.980000
290	-165.975724	0.301000	11.120000
291	-165.865724	0.301000	10.760000
292	-165.735724	0.301000	11.140000
293	-165.535724	0.303000	10.950000
294	-165.515724	0.305000	10.910000
295	-165.505724	0.305000	11.090000
296	-165.485724	0.307000	11.190000
297	-165.465724	0.307000	11.000000
298	-165.445724	0.309000	11.370000
299	-165.415724	0.309000	11.180000
300	-165.215724	0.311000	10.940000
301	-165.005724	0.313000	11.120000
302	-164.895724	0.313000	10.940000
303	-164.785724	0.315000	10.890000
304	-164.415724	0.315000	10.890000
305	-164.325724	0.317000	10.840000
306	-164.305724	0.317000	11.150000
307	-164.305724	0.317000	10.960000
308	-163.905724	0.319000	11.210000
309	-163.805724	0.321000	11.130000
310	-163.805724	0.321000	11.070000
311	-163.805724	0.322000	10.870000
312	-163.565724	0.322000	10.950000
313	-163.425724	0.322000	10.840000
314	-163.395724	0.324000	11.100000
315	-163.375724	0.324000	10.930000
316	-163.365724	0.326000	11.140000
317	-163.335724	0.326000	11.040000
318	-163.295724	0.328000	11.050000
319	-163.265724	0.328000	11.120000
320	-163.175724	0.330000	10.880000
321	-163.105724	0.332000	11.190000
322	-163.085724	0.332000	11.020000
323	-163.015724	0.332000	11.290000
324	-163.005724	0.334000	11.080000
325	-162.815724	0.336000	11.080000
326	-162.785724	0.336000	11.250000
327	-162.715724	0.338000	10.970000
328	-162.665724	0.338000	11.030000
329	-162.655724	0.340000	11.050000
330	-162.475724	0.340000	11.100000
331	-162.465724	0.340000	11.220000
332	-162.465724	0.344000	11.340000
333	-162.455724	0.346000	10.960000
334	-162.445724	0.346000	11.060000
335	-162.385724	0.346000	11.170000
336	-162.345724	0.348000	11.220000
337	-162.235724	0.348000	11.310000
338	-162.225724	0.350000	11.330000
339	-162.215724	0.350000	11.150000
340	-162.045724	0.352000	11.160000
341	-162.015724	0.354000	11.300000
342	-162.005724	0.354000	11.240000
343	-161.975724	0.354000	11.070000
344	-161.875724	0.356000	11.240000
345	-161.705724	0.356000	11.160000
346	-161.575724	0.358000	11.180000
347	-161.465724	0.360000	11.130000
348	-161.295724	0.358000	11.240000
349	-161.295724	0.360000	11.160000
350	-161.185724	0.362000	11.280000
351	-161.115724	0.362000	11.260000
352	-160.825724	0.363000	11.320000
353	-160.775724	0.363000	11.370000
354	-160.715724	0.365000	11.160000
355	-160.435724	0.367000	11.270000
356	-160.415724	0.367000	11.300000
357	-160.385724	0.369000	11.200000
358	-160.375724	0.369000	11.340000
359	-160.355724	0.369000	11.630000
360	-160.245724	0.371000	11.220000
361	-160.055724	0.373000	11.290000
362	-160.025724	0.375000	11.440000
363	-160.015724	0.375000	11.440000
364	-159.885724	0.377000	11.370000
365	-159.825724	0.377000	11.250000
366	-159.765724	0.377000	11.330000
367	-159.745724	0.379000	11.340000
368	-159.725724	0.379000	11.350000
369	-159.685724	0.381000	11.390000
370	-159.665724	0.383000	11.180000
371	-159.645724	0.383000	11.380000
372	-159.415724	0.385000	11.310000
373	-159.405724	0.385000	11.270000
374	-159.375724	0.385000	11.440000
375	-159.375724	0.387000	11.360000
376	-159.355724	0.387000	11.290000
377	-159.125724	0.389000	11.560000
378	-159.075724	0.391000	11.360000
379	-159.065724	0.391000	11.320000
380	-158.895724	0.391000	11.320000
381	-158.815724	0.393000	11.520000
382	-158.765724	0.393000	11.510000
383	-158.715724	0.395000	11.360000
384	-158.685724	0.395000	11.710000
385	-158.545724	0.397000	11.270000
386	-158.075724	0.399000	11.560000
387	-157.985724	0.399000	11.390000
388	-157.895724	0.401000	11.360000
389	-157.855724	0.401000	11.580000
390	-157.825724	0.403000	11.400000
391	-157.785724	0.403000	11.530000
392	-157.615724	0.405000	11.430000
393	-157.545724	0.406000	11.500000
394	-157.335724	0.406000	11.430000
395	-157.265724	0.408000	11.530000
396	-157.265724	0.408000	11.540000
397	-157.175724	0.410000	11.550000
398	-157.165724	0.410000	11.530000
399	-157.155724	0.410000	11.470000
400	-157.105724	0.412000	11.570000
401	-157.085724	0.414000	11.510000
402	-157.035724	0.416000	11.530000
403	-156.995724	0.416000	11.480000
404	-156.865724	0.416000	11.430000
405	-156.805724	0.418000	11.150000
406	-156.725724	0.418000	11.710000
407	-156.525724	0.420000	11.460000
408	-156.445724	0.422000	11.490000
409	-156.415724	0.422000	11.610000
410	-156.375724	0.422000	11.670000
411	-156.345724	0.424000	11.620000
412	-156.295724	0.424000	11.420000
413	-156.145724	0.428000	11.750000
414	-156.125724	0.430000	11.660000
415	-156.095724	0.430000	11.570000
416	-156.025724	0.432000	11.630000
417	-156.015724	0.432000	11.860000
418	-156.015724	0.432000	11.790000
419	-155.705724	0.434000	11.560000
420	-155.635724	0.434000	11.620000
421	-155.355724	0.436000	11.600000
422	-155.335724	0.438000	11.690000
423	-155.065724	0.438000	11.740000
424	-155.015724	0.438000	11.540000
425	-154.895724	0.440000	11.660000
426	-154.875724	0.442000	11.800000
427	-154.855724	0.442000	11.600000
428	-154.855724	0.442000	11.620000
429	-154.835724	0.444000	11.560000
430	-154.785724	0.447000	11.680000
431	-154.785724	0.447000	11.530000
432	-154.675724	0.447000	11.680000
433	-154.595724	0.447000	11.730000
434	-154.485724	0.449000	12.000000
435	-154.475724	0.449000	11.750000
436	-154.415724	0.451000	11.740000
437	-154.405724	0.453000	11.690000
438	-154.365724	0.453000	11.500000
439	-154.355724	0.453000	11.780000
440	-154.305724	0.457000	11.650000
441	-154.285724	0.457000	11.910000
442	-154.175724	0.457000	11.760000
443	-154.055724	0.459000	11.920000
444	-153.855724	0.461000	11.720000
445	-153.805724	0.461000	11.740000
446	-153.785724	0.463000	11.850000
447	-153.765724	0.463000	11.610000
448	-153.745724	0.463000	11.600000
449	-153.725724	0.465000	11.860000
450	-153.705724	0.465000	11.710000
451	-153.645724	0.467000	11.820000
452	-153.575724	0.469000	11.840000
453	-153.465724	0.469000	11.730000
454	-153.445724	0.469000	11.890000
455	-153.385724	0.471000	11.650000
456	-153.365724	0.473000	11.730000
457	-153.365724	0.473000	11.740000
458	-153.085724	0.473000	11.680000
459	-152.935724	0.475000	11.770000
460	-152.935724	0.477000	11.770000
461	-152.915724	0.479000	11.630000
462	-152.885724	0.479000	11.830000
463	-152.855724	0.479000	11.530000
464	-152.815724	0.479000	11.680000
465	-152.725724	0.481000	11.560000
466	-152.675724	0.481000	11.840000
467	-152.635724	0.483000	11.800000
468	-152.605724	0.483000	11.780000
469	-152.565724	0.483000	12.060000
470	-152.535724	0.485000	11.760000
471	-152.005724	0.487000	11.880000
472	-151.995724	0.489000	12.040000
473	-151.565724	0.489000	12.040000
474	-151.555724	0.489000	11.980000
475	-151.545724	0.490000	11.880000
476	-151.455724	0.492000	11.960000
477	-151.385724	0.492000	12.100000
478	-151.365724	0.494000	11.890000
479	-151.345724	0.494000	11.760000
480	-151.175724	0.494000	12.020000
481	-151.145724	0.496000	11.910000
482	-151.145724	0.498000	11.990000
483	-151.145724	0.500000	11.960000
484	-151.025724	0.500000	12.100000
485	-151.025724	0.500000	11.970000
486	-151.005724	0.502000	12.090000
487	-150.975724	0.504000	12.070000
488	-150.885724	0.504000	12.320000
489	-150.875724	0.504000	12.400000
490	-150.735724	0.506000	11.820000
491	-150.635724	0.510000	11.740000
492	-150.605724	0.508000	11.810000
493	-150.565724	0.510000	12.040000
494	-150.545724	0.512000	11.840000
495	-150.535724	0.512000	12.070000
496	-150.495724	0.514000	12.070000
497	-150.255724	0.516000	12.040000
498	-149.955724	0.516000	11.930000
499	-149.895724	0.518000	12.040000
500	-149.815724	0.518000	11.970000
501	-149.785724	0.518000	11.900000
502	-149.495724	0.520000	12.210000
503	-149.485724	0.520000	12.080000
504	-149.465724	0.522000	11.900000
505	-149.225724	0.524000	12.110000
506	-149.165724	0.524000	12.080000
507	-149.075724	0.526000	12.040000
508	-149.055724	0.526000	12.060000
509	-149.015724	0.526000	11.940000
510	-148.975724	0.528000	12.050000
511	-148.855724	0.528000	12.440000
512	-148.795724	0.530000	12.300000
513	-148.785724	0.530000	12.110000
514	-148.765724	0.530000	11.810000
515	-148.765724	0.533000	11.890000
516	-148.695724	0.533000	11.990000
517	-148.675724	0.533000	12.060000
518	-148.595724	0.535000	11.970000
519	-148.575724	0.535000	12.160000
520	-148.435724	0.537000	11.940000
521	-148.365724	0.537000	12.210000
522	-148.315724	0.539000	12.430000
523	-148.305724	0.541000	12.060000
524	-148.185724	0.541000	12.110000
525	-147.975724	0.541000	12.130000
526	-147.915724	0.543000	12.490000
527	-147.895724	0.543000	12.320000
528	-147.665724	0.545000	12.250000
529	-147.655724	0.545000	12.140000
530	-147.595724	0.545000	12.240000
531	-147.575724	0.549000	12.320000
532	-147.535724	0.549000	12.160000
533	-147.515724	0.551000	12.000000
534	-147.495724	0.551000	12.140000
535	-147.475724	0.551000	12.300000
536	-147.415724	0.553000	12.250000
537	-147.395724	0.555000	12.320000
538	-147.265724	0.555000	12.350000
539	-147.265724	0.557000	12.220000
540	-147.135724	0.557000	12.320000
541	-147.105724	0.557000	12.220000
542	-146.975724	0.559000	12.040000
543	-146.805724	0.561000	12.260000
544	-146.645724	0.563000	12.320000
545	-146.485724	0.563000	12.150000
546	-146.335724	0.565000	12.370000
547	-146.335724	0.565000	12.530000
548	-146.255724	0.565000	12.400000
549	-146.225724	0.567000	12.170000
550	-146.215724	0.567000	12.180000
551	-146.175724	0.569000	12.180000
552	-146.135724	0.572000	12.300000
553	-145.815724	0.572000	12.400000
554	-145.735724	0.572000	12.370000
555	-145.735724	0.572000	12.300000
556	-145.615724	0.574000	12.420000
557	-145.565724	0.574000	12.370000
558	-145.445724	0.576000	12.290000
559	-145.335724	0.576000	12.340000
560	-144.955724	0.576000	12.560000
561	-144.955724	0.578000	12.310000
562	-144.945724	0.582000	12.310000
563	-144.805724	0.582000	12.510000
564	-144.765724	0.582000	12.450000
565	-144.665724	0.584000	12.400000
566	-144.635724	0.586000	12.450000
567	-144.505724	0.586000	12.660000
568	-144.505724	0.588000	12.570000
569	-144.455724	0.588000	12.650000
570	-144.355724	0.588000	12.420000
571	-144.345724	0.590000	12.370000
572	-144.295724	0.592000	12.470000
573	-144.255724	0.594000	12.440000
574	-144.245724	0.594000	12.530000
575	-144.125724	0.596000	12.480000
576	-144.095724	0.598000	12.290000
577	-144.045724	0.598000	12.590000
578	-143.975724	0.598000	12.440000
579	-143.925724	0.600000	12.480000
580	-143.865724	0.602000	12.440000
581	-143.835724	0.602000	12.410000
582	-143.785724	0.604000	12.540000
583	-143.705724	0.604000	12.430000
584	-143.455724	0.606000	12.570000
585	-143.035724	0.606000	12.500000
586	-142.975724	0.608000	12.450000
587	-142.795724	0.610000	12.670000
588	-142.795724	0.610000	12.750000
589	-142.755724	0.610000	12.590000
590	-142.715724	0.612000	12.550000
591	-142.635724	0.613000	12.540000
592	-142.555724	0.613000	12.660000
593	-142.475724	0.615000	12.590000
594	-142.445724	0.619000	12.540000
595	-142.395724	0.619000	12.550000
596	-142.155724	0.619000	12.480000
597	-142.135724	0.619000	12.790000
598	-142.075724	0.621000	12.690000
599	-141.935724	0.621000	12.450000
600	-141.935724	0.621000	12.470000
601	-141.865724	0.623000	12.540000
602	-141.815724	0.625000	12.570000
603	-141.745724	0.625000	12.650000
604	-141.695724	0.625000	12.580000
605	-141.615724	0.627000	12.760000
606	-141.535724	0.629000	12.440000
607	-141.185724	0.629000	12.800000
608	-141.065724	0.629000	12.470000
609	-140.985724	0.631000	12.540000
610	-140.895724	0.633000	12.570000
611	-140.735724	0.633000	12.950000
612	-140.725724	0.633000	12.460000
613	-140.645724	0.635000	12.840000
614	-140.595724	0.635000	12.520000
615	-140.575724	0.637000	12.840000
616	-140.455724	0.637000	12.790000
617	-140.435724	0.639000	12.700000
618	-140.365724	0.641000	12.680000
619	-140.355724	0.641000	12.860000
620	-140.345724	0.641000	12.710000
621	-140.215724	0.643000	12.640000
622	-140.115724	0.645000	12.680000
623	-139.945724	0.645000	12.860000
624	-139.935724	0.645000	12.930000
625	-139.905724	0.647000	12.890000
626	-139.875724	0.649000	12.690000
627	-139.815724	0.649000	13.000000
628	-139.765724	0.651000	12.780000
629	-139.655724	0.651000	12.920000
630	-139.655724	0.653000	12.740000
631	-139.645724	0.653000	12.790000
632	-139.635724	0.655000	12.680000
633	-139.555724	0.656000	12.760000
634	-139.395724	0.656000	12.870000
635	-139.145724	0.656000	13.030000
636	-139.145724	0.658000	12.800000
637	-139.055724	0.660000	13.000000
638	-139.015724	0.660000	12.920000
639	-139.015724	0.660000	12.790000
640	-138.905724	0.662000	12.790000
641	-138.875724	0.662000	12.950000
642	-138.845724	0.664000	12.970000
643	-138.665724	0.664000	12.810000
644	-138.645724	0.666000	12.930000
645	-138.625724	0.666000	12.810000
646	-138.605724	0.668000	13.030000
647	-138.585724	0.668000	13.010000
648	-138.445724	0.670000	12.920000
649	-138.185724	0.672000	12.760000
650	-138.105724	0.672000	12.870000
651	-138.075724	0.670000	12.820000
652	-137.975724	0.676000	12.830000
653	-137.875724	0.678000	12.830000
654	-137.875724	0.680000	13.010000
655	-137.805724	0.680000	12.860000
656	-137.615724	0.682000	13.070000
657	-137.605724	0.682000	12.820000
658	-137.515724	0.682000	12.950000
659	-137.465724	0.684000	12.900000
660	-137.445724	0.684000	12.870000
661	-137.395724	0.686000	12.940000
662	-137.355724	0.688000	12.930000
663	-137.335724	0.688000	13.050000
664	-137.285724	0.690000	12.860000
665	-137.175724	0.690000	13.050000
666	-137.165724	0.690000	12.880000
667	-137.045724	0.692000	13.010000
668	-136.915724	0.692000	12.970000
669	-136.685724	0.694000	13.150000
670	-136.585724	0.696000	12.990000
671	-136.535724	0.696000	13.130000
672	-136.515724	0.696000	13.020000
673	-136.235724	0.697000	12.940000
674	-136.105724	0.697000	12.960000
675	-136.095724	0.699000	13.080000
676	-136.075724	0.699000	12.940000
677	-136.055724	0.701000	12.910000
678	-136.045724	0.703000	13.000000
679	-135.965724	0.703000	12.930000
680	-135.795724	0.705000	13.010000
681	-135.725724	0.705000	12.950000
682	-135.725724	0.705000	13.070000
683	-135.665724	0.707000	13.040000
684	-135.625724	0.709000	13.150000
685	-135.585724	0.711000	12.990000
686	-135.575724	0.711000	13.150000
687	-135.565724	0.713000	13.140000
688	-135.465724	0.713000	13.080000
689	-135.385724	0.713000	13.060000
690	-135.305724	0.715000	13.110000
691	-135.255724	0.715000	13.040000
692	-135.155724	0.717000	13.170000
693	-135.095724	0.719000	12.930000
694	-135.065724	0.719000	13.120000
695	-135.005724	0.721000	13.250000
696	-134.745724	0.721000	13.110000
697	-134.505724	0.721000	13.070000
698	-134.425724	0.723000	13.300000
699	-134.415724	0.723000	13.270000
700	-134.295724	0.725000	13.130000
701	-134.245724	0.727000	13.280000
702	-134.115724	0.727000	13.150000
703	-134.115724	0.727000	13.050000
704	-134.055724	0.729000	13.100000
705	-133.905724	0.729000	13.320000
706	-133.905724	0.731000	13.170000
707	-133.835724	0.731000	13.250000
708	-133.645724	0.733000	13.340000
709	-133.555724	0.735000	13.230000
710	-133.505724	0.735000	13.280000
711	-133.485724	0.737000	13.300000
712	-133.425724	0.737000	13.300000
713	-133.355724	0.739000	13.110000
714	-133.315724	0.739000	13.060000
715	-133.245724	0.739000	13.390000
716	-133.245724	0.740000	13.430000
717	-133.215724	0.742000	13.550000
718	-133.195724	0.742000	13.180000
719	-133.085724	0.744000	13.170000
720	-132.955724	0.744000	13.400000
721	-132.955724	0.744000	13.190000
722	-132.585724	0.746000	13.400000
723	-132.565724	0.746000	13.420000
724	-132.555724	0.748000	13.090000
725	-132.525724	0.750000	13.530000
726	-132.475724	0.750000	13.410000
727	-132.375724	0.752000	13.230000
728	-132.355724	0.752000	13.480000
729	-132.235724	0.752000	13.510000
730	-132.185724	0.754000	13.430000
731	-132.185724	0.754000	13.480000
732	-132.165724	0.756000	13.320000
733	-132.115724	0.758000	13.410000
734	-132.025724	0.758000	13.460000
735	-131.995724	0.760000	13.320000
736	-131.915724	0.762000	13.490000
737	-131.915724	0.762000	13.400000
738	-131.875724	0.764000	13.530000
739	-131.745724	0.766000	13.320000
740	-131.665724	0.766000	13.380000
741	-131.665724	0.766000	13.330000
742	-131.555724	0.768000	13.540000
743	-131.455724	0.770000	13.530000
744	-131.335724	0.770000	13.410000
745	-131.325724	0.770000	13.410000
746	-131.165724	0.772000	13.560000
747	-131.135724	0.774000	13.500000
748	-131.135724	0.774000	13.260000
749	-131.055724	0.776000	13.610000
750	-130.955724	0.776000	13.480000
751	-130.945724	0.776000	13.440000
752	-130.875724	0.778000	13.640000
753	-130.865724	0.778000	13.640000
754	-130.785724	0.780000	13.470000
755	-130.635724	0.780000	13.340000
756	-130.595724	0.781000	13.520000
757	-130.565724	0.783000	13.460000
758	-130.395724	0.785000	13.520000
759	-130.345724	0.785000	13.420000
760	-130.285724	0.785000	13.490000
761	-130.245724	0.787000	13.550000
762	-130.075724	0.789000	13.680000
763	-130.065724	0.789000	13.570000
764	-130.055724	0.789000	13.560000
765	-130.025724	0.791000	13.720000
766	-130.025724	0.793000	13.380000
767	-129.965724	0.793000	13.830000
768	-129.845724	0.793000	13.650000
769	-129.755724	0.795000	13.540000
770	-129.695724	0.797000	13.550000
771	-129.625724	0.797000	13.620000
772	-129.475724	0.797000	13.590000
773	-129.415724	0.799000	13.650000
774	-129.415724	0.801000	13.550000
775	-129.245724	0.801000	13.550000
776	-129.145724	0.803000	13.700000
777	-129.145724	0.805000	13.520000
778	-129.095724	0.805000	13.590000
779	-129.035724	0.807000	13.500000
780	-128.905724	0.807000	13.560000
781	-128.715724	0.807000	13.780000
782	-128.615724	0.809000	13.720000
783	-128.585724	0.809000	13.720000
784	-128.525724	0.811000	13.860000
785	-128.445724	0.811000	13.760000
786	-128.345724	0.813000	13.910000
787	-128.255724	0.815000	13.730000
788	-128.205724	0.817000	13.660000
789	-128.175724	0.817000	13.550000
790	-128.155724	0.817000	13.620000
791	-127.905724	0.819000	13.830000
792	-127.885724	0.821000	13.710000
793	-127.885724	0.821000	13.620000
794	-127.755724	0.821000	13.690000
795	-127.635724	0.822000	13.610000
796	-127.625724	0.822000	13.790000
797	-127.625724	0.824000	13.680000
798	-127.365724	0.824000	13.790000
799	-127.315724	0.826000	13.820000
800	-127.225724	0.828000	13.620000
801	-127.175724	0.828000	13.910000
802	-127.105724	0.828000	13.670000
803	-127.095724	0.830000	13.710000
804	-126.945724	0.832000	13.690000
805	-126.925724	0.832000	13.730000
806	-126.705724	0.834000	13.760000
807	-126.575724	0.836000	13.910000
808	-126.475724	0.836000	13.610000
809	-126.285724	0.838000	13.660000
810	-126.215724	0.838000	13.820000
811	-126.135724	0.840000	13.940000
812	-126.105724	0.840000	13.800000
813	-126.065724	0.840000	13.810000
814	-125.975724	0.846000	13.690000
815	-125.925724	0.846000	13.980000
816	-125.755724	0.846000	13.800000
817	-125.715724	0.848000	13.750000
818	-125.675724	0.848000	13.800000
819	-125.645724	0.850000	13.870000
820	-125.595724	0.852000	13.740000
821	-125.505724	0.852000	13.810000
822	-125.475724	0.854000	13.640000
823	-125.415724	0.854000	13.720000
824	-125.345724	0.856000	13.840000
825	-125.295724	0.856000	13.620000
826	-125.295724	0.856000	13.980000
827	-125.225724	0.858000	13.990000
828	-125.125724	0.860000	13.890000
829	-124.945724	0.860000	13.930000
830	-124.905724	0.862000	13.740000
831	-124.885724	0.862000	13.690000
832	-124.855724	0.862000	13.690000
833	-124.705724	0.863000	14.050000
834	-124.635724	0.863000	13.880000
835	-124.545724	0.865000	13.810000
836	-124.525724	0.867000	13.940000
837	-124.515724	0.867000	13.860000
838	-124.305724	0.869000	13.910000
839	-124.275724	0.869000	14.180000
840	-124.255724	0.869000	14.150000
841	-124.245724	0.871000	13.900000
842	-124.225724	0.873000	13.870000
843	-124.215724	0.873000	13.920000
844	-124.205724	0.873000	14.050000
845	-124.045724	0.877000	14.020000
846	-124.015724	0.877000	13.830000
847	-123.935724	0.877000	13.850000
848	-123.865724	0.879000	13.930000
849	-123.865724	0.879000	14.130000
850	-123.835724	0.881000	13.750000
851	-123.815724	0.883000	14.060000
852	-123.615724	0.883000	13.920000
853	-123.515724	0.883000	14.090000
854	-123.395724	0.885000	13.940000
855	-123.345724	0.887000	13.890000
856	-123.285724	0.887000	14.080000
857	-123.235724	0.889000	13.880000
858	-122.875724	0.891000	13.870000
859	-122.865724	0.891000	13.820000
860	-122.655724	0.893000	14.260000
861	-122.635724	0.893000	14.170000
862	-122.475724	0.893000	14.280000
863	-122.105724	0.895000	14.220000
864	-122.035724	0.897000	14.200000
865	-121.855724	0.897000	14.070000
866	-121.855724	0.901000	14.350000
867	-121.855724	0.901000	14.180000
868	-121.855724	0.901000	14.040000
869	-121.675724	0.901000	14.270000
870	-121.585724	0.903000	14.260000
871	-121.575724	0.903000	14.030000
872	-121.575724	0.905000	14.210000
873	-121.555724	0.906000	14.150000
874	-121.435724	0.906000	14.320000
875	-121.425724	0.908000	14.180000
876	-121.385724	0.908000	14.260000
877	-121.295724	0.908000	14.110000
878	-121.295724	0.910000	14.180000
879	-121.275724	0.910000	13.960000
880	-121.155724	0.912000	14.140000
881	-121.145724	0.914000	14.200000
882	-121.085724	0.916000	14.210000
883	-121.005724	0.914000	14.220000
884	-120.885724	0.916000	14.210000
885	-120.845724	0.916000	14.210000
886	-120.635724	0.918000	14.130000
887	-120.555724	0.918000	14.120000
888	-120.535724	0.920000	14.330000
889	-120.375724	0.922000	14.260000
890	-120.145724	0.922000	14.220000
891	-120.145724	0.924000	14.190000
892	-120.135724	0.924000	14.280000
893	-120.115724	0.924000	13.950000
894	-120.095724	0.932000	14.130000
895	-120.025724	0.930000	14.300000
896	-120.015724	0.932000	14.150000
897	-119.885724	0.932000	14.040000
898	-119.885724	0.932000	14.090000
899	-119.835724	0.934000	14.200000
900	-119.735724	0.934000	14.510000
901	-119.735724	0.936000	14.200000
902	-119.385724	0.938000	14.010000
903	-119.305724	0.940000	14.200000
904	-119.235724	0.940000	14.340000
905	-119.215724	0.942000	14.370000
906	-119.175724	0.942000	14.170000
907	-119.145724	0.942000	14.380000
908	-119.125724	0.944000	14.430000
909	-118.915724	0.947000	14.320000
910	-118.755724	0.947000	14.350000
911	-118.715724	0.947000	14.690000
912	-118.605724	0.947000	14.350000
913	-118.555724	0.949000	14.410000
914	-118.325724	0.949000	14.320000
915	-118.315724	0.951000	14.210000
916	-118.155724	0.953000	14.240000
917	-118.095724	0.953000	14.370000
918	-118.055724	0.953000	14.470000
919	-118.045724	0.955000	14.330000
920	-117.825724	0.957000	14.520000
921	-117.765724	0.957000	14.580000
922	-117.685724	0.959000	14.420000
923	-117.625724	0.961000	14.470000
924	-117.385724	0.961000	14.260000
925	-117.325724	0.963000	14.330000
926	-117.275724	0.963000	14.270000
927	-117.265724	0.965000	14.490000
928	-117.145724	0.965000	14.420000
929	-117.135724	0.965000	14.420000
930	-117.045724	0.967000	14.610000
931	-117.045724	0.967000	14.710000
932	-116.945724	0.971000	14.420000
933	-116.825724	0.971000	14.430000
934	-116.765724	0.973000	14.440000
935	-116.765724	0.973000	14.680000
936	-116.695724	0.973000	14.420000
937	-116.675724	0.975000	14.510000
938	-116.465724	0.977000	14.530000
939	-116.425724	0.977000	14.420000
940	-116.365724	0.979000	14.690000
941	-116.265724	0.979000	14.540000
942	-116.255724	0.981000	14.500000
943	-116.225724	0.981000	14.370000
944	-116.225724	0.981000	14.430000
945	-115.955724	0.983000	14.530000
946	-115.895724	0.985000	14.410000
947	-115.845724	0.985000	14.460000
948	-115.835724	0.985000	14.490000
949	-115.565724	0.987000	14.470000
950	-115.315724	0.989000	14.550000
951	-115.295724	0.989000	14.500000
952	-115.195724	0.990000	14.820000
953	-115.135724	0.992000	14.740000
954	-115.045724	0.992000	14.630000
955	-114.895724	0.994000	14.740000
956	-114.895724	0.994000	14.550000
957	-114.885724	0.994000	14.550000
958	-114.885724	0.996000	14.520000
959	-114.775724	0.996000	14.400000
960	-114.675724	0.998000	14.680000
961	-114.675724	0.998000	14.490000
962	-114.615724	1.000000	14.520000
963	-114.355724	1.000000	14.540000
964	-114.265724	1.002000	14.560000
965	-114.195724	1.004000	14.650000
966	-114.185724	1.004000	14.470000
967	-114.185724	1.004000	14.430000
968	-114.155724	1.006000	14.590000
969	-114.085724	1.008000	14.720000
970	-113.875724	1.010000	14.580000
971	-113.825724	1.008000	14.620000
972	-113.605724	1.012000	14.610000
973	-113.485724	1.012000	14.690000
974	-113.415724	1.014000	14.570000
975	-113.405724	1.016000	14.340000
976	-113.395724	1.016000	14.560000
977	-113.285724	1.018000	14.870000
978	-113.285724	1.018000	14.630000
979	-113.245724	1.018000	14.820000
980	-113.225724	1.020000	14.640000
981	-113.025724	1.020000	14.760000
982	-112.825724	1.022000	14.760000
983	-112.795724	1.024000	14.840000
984	-112.785724	1.024000	14.670000
985	-112.695724	1.026000	14.570000
986	-112.695724	1.026000	14.580000
987	-112.565724	1.026000	14.760000
988	-112.565724	1.028000	14.750000
989	-112.555724	1.028000	14.700000
990	-112.475724	1.030000	14.740000
991	-112.335724	1.031000	14.920000
992	-112.305724	1.031000	14.600000
993	-112.305724	1.031000	14.520000
994	-112.295724	1.033000	14.890000
995	-112.245724	1.033000	14.720000
996	-112.245724	1.035000	14.680000
997	-112.225724	1.035000	14.760000
998	-112.215724	1.037000	14.670000
999	-111.925724	1.039000	14.800000
1000	-111.845724	1.039000	14.770000
1001	-111.805724	1.041000	14.770000
1002	-111.725724	1.041000	14.760000
1003	-111.725724	1.043000	14.800000
1004	-111.635724	1.043000	14.860000
1005	-111.595724	1.045000	14.850000
1006	-111.445724	1.047000	15.020000
1007	-111.285724	1.047000	14.700000
1008	-110.875724	1.049000	14.880000
1009	-110.865724	1.049000	14.870000
1010	-110.815724	1.051000	14.950000
1011	-110.755724	1.051000	14.740000
1012	-110.645724	1.051000	14.890000
1013	-110.625724	1.053000	14.820000
1014	-110.615724	1.055000	14.790000
1015	-110.535724	1.055000	14.790000
1016	-110.495724	1.057000	14.920000
1017	-110.365724	1.057000	14.860000
1018	-110.315724	1.057000	14.760000
1019	-110.315724	1.059000	15.000000
1020	-110.225724	1.059000	14.990000
1021	-110.065724	1.061000	14.950000
1022	-110.015724	1.061000	15.040000
1023	-109.845724	1.065000	14.850000
1024	-109.625724	1.065000	14.940000
1025	-109.435724	1.065000	14.750000
1026	-109.315724	1.067000	15.020000
1027	-109.315724	1.067000	15.180000
1028	-109.285724	1.069000	14.940000
1029	-109.245724	1.071000	14.880000
1030	-109.235724	1.071000	14.950000
1031	-109.195724	1.072000	14.930000
1032	-109.175724	1.072000	15.030000
1033	-109.115724	1.074000	14.910000
1034	-109.115724	1.074000	15.040000
1035	-109.115724	1.074000	14.930000
1036	-109.055724	1.076000	15.020000
1037	-109.045724	1.078000	15.160000
1038	-108.995724	1.078000	15.020000
1039	-108.975724	1.080000	15.140000
1040	-108.965724	1.080000	14.990000
1041	-108.775724	1.080000	15.080000
1042	-108.725724	1.082000	15.020000
1043	-108.645724	1.082000	14.960000
1044	-108.625724	1.084000	15.000000
1045	-108.565724	1.086000	15.110000
1046	-108.475724	1.086000	15.030000
1047	-108.375724	1.088000	15.110000
1048	-108.375724	1.088000	15.030000
1049	-108.315724	1.088000	15.020000
1050	-107.955724	1.090000	14.990000
1051	-107.635724	1.094000	15.100000
1052	-107.605724	1.092000	14.870000
1053	-107.565724	1.096000	14.900000
1054	-107.555724	1.098000	15.200000
1055	-107.505724	1.098000	15.150000
1056	-107.495724	1.098000	15.180000
1057	-107.495724	1.100000	15.080000
1058	-107.475724	1.102000	15.150000
1059	-107.455724	1.102000	15.010000
1060	-107.425724	1.104000	15.080000
1061	-107.065724	1.104000	15.150000
1062	-107.045724	1.104000	14.960000
1063	-106.915724	1.106000	14.820000
1064	-106.915724	1.108000	15.180000
1065	-106.785724	1.110000	15.070000
1066	-106.775724	1.110000	15.010000
1067	-106.655724	1.110000	15.190000
1068	-106.645724	1.112000	15.100000
1069	-106.425724	1.113000	15.170000
1070	-105.585724	1.113000	15.250000
1071	-105.455724	1.113000	14.150000
1072	-105.455724	1.115000	15.310000
1073	-105.395724	1.117000	15.250000
1074	-105.385724	1.117000	14.100000
1075	-105.365724	1.119000	15.350000
1076	-105.325724	1.119000	15.160000
1077	-105.265724	1.119000	15.200000
1078	-105.235724	1.121000	15.240000
1079	-105.225724	1.121000	15.160000
1080	-105.035724	1.123000	13.990000
1081	-105.005724	1.125000	13.960000
1082	-104.965724	1.125000	13.940000
1083	-104.935724	1.127000	15.100000
1084	-104.835724	1.129000	13.890000
1085	-104.835724	1.129000	15.360000
1086	-104.805724	1.129000	14.070000
1087	-104.705724	1.131000	14.140000
1088	-104.645724	1.133000	15.220000
1089	-104.385724	1.133000	15.010000
1090	-104.365724	1.133000	14.280000
1091	-104.285724	1.135000	13.920000
1092	-104.235724	1.137000	14.250000
1093	-104.225724	1.137000	14.300000
1094	-104.195724	1.139000	14.120000
1095	-104.195724	1.141000	13.930000
1096	-104.165724	1.139000	15.240000
1097	-104.095724	1.143000	13.940000
1098	-104.025724	1.143000	14.000000
1099	-103.935724	1.145000	14.280000
1100	-103.835724	1.145000	14.210000
1101	-103.835724	1.147000	14.250000
1102	-103.775724	1.149000	14.000000
1103	-103.705724	1.149000	14.030000
1104	-103.675724	1.151000	14.220000
1105	-103.675724	1.151000	14.010000
1106	-103.415724	1.151000	14.140000
1107	-103.385724	1.153000	14.220000
1108	-103.345724	1.153000	14.120000
1109	-103.285724	1.155000	13.970000
1110	-103.285724	1.155000	14.100000
1111	-103.215724	1.156000	14.220000
1112	-103.185724	1.156000	14.290000
1113	-103.085724	1.158000	14.200000
1114	-103.085724	1.160000	14.230000
1115	-103.055724	1.160000	14.290000
1116	-103.025724	1.160000	14.150000
1117	-102.895724	1.162000	14.020000
1118	-102.565724	1.164000	13.930000
1119	-102.505724	1.164000	14.030000
1120	-102.375724	1.166000	14.050000
1121	-102.315724	1.166000	14.150000
1122	-102.285724	1.168000	14.220000
1123	-102.255724	1.168000	14.220000
1124	-102.245724	1.168000	14.210000
1125	-102.025724	1.170000	14.190000
1126	-101.955724	1.172000	14.140000
1127	-101.825724	1.172000	14.180000
1128	-101.795724	1.172000	14.110000
1129	-101.785724	1.174000	14.350000
1130	-101.665724	1.176000	14.220000
1131	-101.465724	1.178000	14.410000
1132	-101.365724	1.182000	14.280000
1133	-101.345724	1.182000	14.170000
1134	-101.275724	1.182000	14.140000
1135	-101.055724	1.182000	14.340000
1136	-101.015724	1.184000	14.280000
1137	-100.955724	1.184000	14.250000
1138	-100.955724	1.186000	14.260000
1139	-100.845724	1.188000	14.240000
1140	-100.825724	1.188000	14.200000
1141	-100.815724	1.188000	14.210000
1142	-100.785724	1.190000	14.190000
1143	-100.785724	1.190000	14.200000
1144	-100.685724	1.192000	14.140000
1145	-100.625724	1.192000	14.300000
1146	-100.595724	1.194000	14.290000
1147	-100.565724	1.196000	14.180000
1148	-100.455724	1.196000	14.270000
1149	-100.425724	1.197000	14.330000
1150	-100.295724	1.197000	14.340000
1151	-100.235724	1.197000	14.250000
1152	-100.115724	1.199000	14.100000
1153	-99.975724	1.201000	14.260000
1154	-99.925724	1.201000	14.280000
1155	-99.915724	1.203000	14.290000
1156	-99.715724	1.203000	14.460000
1157	-99.555724	1.205000	14.290000
1158	-99.535724	1.205000	14.230000
1159	-99.355724	1.205000	14.250000
1160	-99.325724	1.207000	14.470000
1161	-99.145724	1.207000	14.390000
1162	-99.105724	1.211000	14.290000
1163	-99.045724	1.211000	14.570000
1164	-98.875724	1.213000	14.280000
1165	-98.825724	1.213000	14.280000
1166	-98.765724	1.213000	14.560000
1167	-98.675724	1.215000	14.530000
1168	-98.615724	1.215000	14.500000
1169	-98.485724	1.217000	14.510000
1170	-98.465724	1.219000	14.440000
1171	-98.405724	1.219000	14.400000
1172	-98.285724	1.219000	14.480000
1173	-98.135724	1.221000	14.510000
1174	-98.105724	1.221000	14.450000
1175	-98.055724	1.223000	14.450000
1176	-98.025724	1.223000	14.470000
1177	-97.825724	1.225000	14.480000
1178	-97.775724	1.227000	14.290000
1179	-97.765724	1.227000	14.560000
1180	-97.725724	1.229000	14.320000
1181	-97.625724	1.229000	14.550000
1182	-97.585724	1.231000	14.800000
1183	-97.475724	1.231000	14.390000
1184	-97.465724	1.233000	14.500000
1185	-97.455724	1.233000	14.800000
1186	-97.375724	1.233000	14.530000
1187	-97.265724	1.237000	14.620000
1188	-97.185724	1.237000	14.710000
1189	-96.915724	1.239000	14.680000
1190	-96.885724	1.239000	14.670000
1191	-96.855724	1.239000	14.680000
1192	-96.675724	1.240000	14.630000
1193	-96.665724	1.242000	14.610000
1194	-96.605724	1.242000	14.460000
1195	-96.535724	1.244000	14.410000
1196	-96.395724	1.244000	14.490000
1197	-96.335724	1.244000	14.420000
1198	-96.325724	1.246000	14.540000
1199	-96.325724	1.246000	14.380000
1200	-96.305724	1.248000	14.520000
1201	-96.295724	1.248000	14.630000
1202	-96.125724	1.250000	14.580000
1203	-96.075724	1.252000	14.620000
1204	-96.005724	1.252000	14.520000
1205	-95.955724	1.252000	14.560000
1206	-95.915724	1.254000	14.640000
1207	-95.885724	1.254000	14.750000
1208	-95.815724	1.256000	14.760000
1209	-95.775724	1.258000	14.780000
1210	-95.775724	1.258000	14.620000
1211	-95.715724	1.260000	14.590000
1212	-95.665724	1.262000	14.660000
1213	-95.385724	1.262000	14.560000
1214	-95.325724	1.264000	14.700000
1215	-95.145724	1.266000	14.670000
1216	-95.115724	1.266000	14.640000
1217	-95.035724	1.266000	14.580000
1218	-95.035724	1.268000	14.780000
1219	-94.675724	1.270000	14.880000
1220	-94.585724	1.270000	14.770000
1221	-94.365724	1.270000	14.830000
1222	-94.225724	1.272000	14.760000
1223	-94.195724	1.274000	14.660000
1224	-94.145724	1.274000	14.690000
1225	-94.125724	1.276000	14.690000
1226	-94.095724	1.276000	14.830000
1227	-94.095724	1.276000	14.670000
1228	-94.085724	1.278000	14.660000
1229	-94.065724	1.278000	14.610000
1230	-93.965724	1.280000	14.870000
1231	-93.685724	1.281000	14.720000
1232	-93.565724	1.281000	14.800000
1233	-93.425724	1.281000	14.580000
1234	-93.185724	1.285000	14.890000
1235	-93.145724	1.285000	14.800000
1236	-93.095724	1.285000	14.650000
1237	-93.035724	1.287000	14.820000
1238	-93.025724	1.289000	14.710000
1239	-92.985724	1.289000	14.820000
1240	-92.965724	1.291000	14.730000
1241	-92.895724	1.291000	14.820000
1242	-92.835724	1.291000	14.790000
1243	-92.715724	1.293000	14.900000
1244	-92.645724	1.293000	14.750000
1245	-92.575724	1.295000	14.910000
1246	-92.405724	1.297000	14.920000
1247	-92.355724	1.297000	14.910000
1248	-92.215724	1.297000	14.710000
1249	-92.175724	1.299000	14.780000
1250	-92.055724	1.301000	14.800000
1251	-92.025724	1.301000	14.950000
1252	-92.025724	1.301000	14.710000
1253	-91.985724	1.303000	14.750000
1254	-91.895724	1.303000	14.680000
1255	-91.855724	1.305000	14.870000
1256	-91.765724	1.307000	14.720000
1257	-91.695724	1.307000	14.950000
1258	-91.665724	1.307000	14.780000
1259	-91.665724	1.309000	14.870000
1260	-91.645724	1.309000	14.790000
1261	-91.595724	1.311000	14.730000
1262	-91.505724	1.313000	15.080000
1263	-91.505724	1.313000	14.810000
1264	-91.345724	1.315000	15.040000
1265	-91.255724	1.317000	14.990000
1266	-91.235724	1.317000	14.890000
1267	-91.185724	1.317000	14.910000
1268	-91.155724	1.319000	14.860000
1269	-91.115724	1.322000	14.930000
1270	-91.025724	1.322000	15.060000
1271	-90.815724	1.321000	14.950000
1272	-90.745724	1.322000	15.080000
1273	-90.715724	1.322000	14.840000
1274	-90.685724	1.324000	15.140000
1275	-90.685724	1.326000	14.980000
1276	-90.435724	1.328000	14.910000
1277	-90.375724	1.328000	14.800000
1278	-90.245724	1.328000	15.120000
1279	-90.125724	1.330000	14.940000
1280	-90.105724	1.332000	15.000000
1281	-90.075724	1.332000	15.050000
1282	-90.055724	1.332000	15.060000
1283	-90.055724	1.334000	14.910000
1284	-90.045724	1.336000	14.780000
1285	-89.965724	1.336000	14.980000
1286	-89.845724	1.338000	14.850000
1287	-89.765724	1.338000	15.030000
1288	-89.755724	1.338000	14.870000
1289	-89.695724	1.340000	15.010000
1290	-89.475724	1.340000	15.070000
1291	-89.445724	1.344000	14.920000
1292	-89.355724	1.346000	15.040000
1293	-89.225724	1.346000	15.140000
1294	-89.215724	1.346000	15.040000
1295	-89.215724	1.348000	15.090000
1296	-89.175724	1.348000	15.440000
1297	-89.135724	1.350000	14.880000
1298	-89.105724	1.352000	14.990000
1299	-88.715724	1.352000	15.180000
1300	-88.565724	1.354000	15.050000
1301	-88.395724	1.354000	15.210000
1302	-88.375724	1.356000	15.280000
1303	-88.355724	1.356000	15.340000
1304	-88.355724	1.356000	15.260000
1305	-88.325724	1.358000	15.040000
1306	-88.295724	1.360000	14.970000
1307	-88.085724	1.360000	15.250000
1308	-87.965724	1.362000	15.200000
1309	-87.955724	1.362000	15.160000
1310	-87.755724	1.362000	15.410000
1311	-87.735724	1.363000	15.240000
1312	-87.665724	1.363000	15.340000
1313	-87.645724	1.365000	15.100000
1314	-87.625724	1.365000	15.310000
1315	-87.395724	1.367000	15.140000
1316	-87.295724	1.369000	15.210000
1317	-87.265724	1.369000	15.110000
1318	-87.095724	1.369000	15.350000
1319	-87.035724	1.371000	15.190000
1320	-86.975724	1.371000	15.200000
1321	-86.895724	1.373000	15.230000
1322	-86.755724	1.375000	15.150000
1323	-86.615724	1.375000	15.170000
1324	-86.605724	1.377000	15.170000
1325	-86.395724	1.379000	15.210000
1326	-86.335724	1.379000	15.380000
1327	-86.335724	1.379000	15.340000
1328	-86.185724	1.381000	15.410000
1329	-86.115724	1.381000	15.360000
1330	-86.105724	1.383000	15.250000
1331	-86.065724	1.385000	15.160000
1332	-85.965724	1.385000	15.410000
1333	-85.965724	1.385000	15.420000
1334	-85.935724	1.387000	15.390000
1335	-85.925724	1.387000	15.240000
1336	-85.815724	1.389000	15.360000
1337	-85.765724	1.391000	15.150000
1338	-85.725724	1.391000	15.280000
1339	-85.685724	1.393000	15.250000
1340	-85.635724	1.393000	15.330000
1341	-85.575724	1.393000	15.480000
1342	-85.435724	1.395000	15.180000
1343	-85.425724	1.397000	15.250000
1344	-85.385724	1.397000	15.470000
1345	-85.375724	1.399000	15.250000
1346	-85.225724	1.399000	15.270000
1347	-85.075724	1.401000	15.270000
1348	-84.965724	1.401000	15.200000
1349	-84.945724	1.401000	15.540000
1350	-84.845724	1.403000	15.320000
1351	-84.735724	1.403000	15.730000
1352	-84.695724	1.405000	15.560000
1353	-84.645724	1.406000	15.410000
1354	-84.515724	1.406000	15.370000
1355	-84.365724	1.406000	15.640000
1356	-84.285724	1.410000	15.590000
1357	-84.135724	1.410000	15.340000
1358	-84.115724	1.410000	15.400000
1359	-83.925724	1.412000	15.540000
1360	-83.795724	1.414000	15.590000
1361	-83.765724	1.414000	15.460000
1362	-83.635724	1.416000	15.410000
1363	-83.605724	1.416000	15.600000
1364	-83.515724	1.416000	15.550000
1365	-83.505724	1.418000	15.370000
1366	-83.435724	1.420000	15.490000
1367	-83.425724	1.422000	15.400000
1368	-83.365724	1.422000	15.470000
1369	-83.325724	1.424000	15.660000
1370	-83.265724	1.424000	15.410000
1371	-83.265724	1.424000	15.540000
1372	-83.225724	1.428000	15.580000
1373	-83.175724	1.432000	15.630000
1374	-83.145724	1.430000	15.470000
1375	-83.135724	1.432000	15.730000
1376	-83.025724	1.432000	15.510000
1377	-82.905724	1.434000	15.690000
1378	-82.815724	1.434000	15.550000
1379	-82.775724	1.436000	15.360000
1380	-82.765724	1.438000	15.500000
1381	-82.705724	1.438000	15.550000
1382	-82.655724	1.438000	15.380000
1383	-82.515724	1.440000	15.420000
1384	-82.505724	1.442000	15.500000
1385	-82.205724	1.442000	15.450000
1386	-82.195724	1.442000	15.450000
1387	-81.995724	1.444000	15.520000
1388	-81.965724	1.446000	15.480000
1389	-81.965724	1.446000	15.460000
1390	-81.915724	1.447000	15.700000
1391	-81.855724	1.447000	15.510000
1392	-81.685724	1.449000	15.490000
1393	-81.675724	1.449000	15.420000
1394	-81.675724	1.449000	15.490000
1395	-81.525724	1.451000	15.610000
1396	-81.515724	1.453000	15.440000
1397	-81.425724	1.453000	15.630000
1398	-81.185724	1.453000	15.520000
1399	-81.165724	1.455000	15.530000
1400	-81.155724	1.457000	15.600000
1401	-80.755724	1.457000	15.730000
1402	-80.465724	1.457000	15.780000
1403	-80.445724	1.459000	15.730000
1404	-80.385724	1.461000	15.670000
1405	-80.245724	1.461000	15.670000
1406	-80.135724	1.461000	15.660000
1407	-80.115724	1.463000	15.780000
1408	-80.065724	1.463000	15.710000
1409	-80.055724	1.465000	15.830000
1410	-80.035724	1.465000	15.690000
1411	-80.025724	1.467000	15.830000
1412	-80.005724	1.469000	15.940000
1413	-79.915724	1.469000	15.800000
1414	-79.875724	1.469000	15.750000
1415	-79.825724	1.471000	15.910000
1416	-79.715724	1.473000	15.890000
1417	-79.615724	1.473000	15.750000
1418	-79.475724	1.473000	15.580000
1419	-79.455724	1.475000	15.810000
1420	-79.405724	1.477000	15.800000
1421	-79.335724	1.477000	15.660000
1422	-79.335724	1.479000	15.840000
1423	-79.215724	1.479000	15.870000
1424	-79.175724	1.481000	15.650000
1425	-79.015724	1.481000	15.750000
1426	-79.005724	1.481000	15.810000
1427	-78.945724	1.483000	15.790000
1428	-78.935724	1.485000	15.770000
1429	-78.895724	1.485000	15.770000
1430	-78.895724	1.485000	15.680000
1431	-78.885724	1.487000	15.980000
1432	-78.845724	1.489000	15.800000
1433	-78.725724	1.489000	15.710000
1434	-78.545724	1.489000	15.920000
1435	-78.315724	1.490000	15.870000
1436	-78.285724	1.490000	15.710000
1437	-78.245724	1.492000	15.870000
1438	-78.205724	1.492000	15.810000
1439	-78.095724	1.494000	15.840000
1440	-77.985724	1.494000	15.770000
1441	-77.945724	1.496000	15.910000
1442	-77.815724	1.496000	15.790000
1443	-77.785724	1.498000	15.910000
1444	-77.775724	1.500000	15.720000
1445	-77.525724	1.500000	15.880000
1446	-77.515724	1.500000	15.770000
1447	-77.435724	1.502000	15.870000
1448	-77.325724	1.504000	16.030000
1449	-77.315724	1.504000	15.980000
1450	-77.245724	1.504000	16.010000
1451	-77.235724	1.506000	15.890000
1452	-77.135724	1.508000	15.870000
1453	-76.865724	1.508000	16.070000
1454	-76.765724	1.510000	15.950000
1455	-76.765724	1.512000	16.030000
1456	-76.695724	1.512000	16.030000
1457	-76.225724	1.514000	15.980000
1458	-76.215724	1.514000	16.050000
1459	-76.205724	1.518000	15.980000
1460	-76.175724	1.518000	16.010000
1461	-76.165724	1.518000	15.960000
1462	-76.115724	1.520000	16.030000
1463	-76.105724	1.520000	16.070000
1464	-76.055724	1.522000	15.930000
1465	-76.035724	1.524000	15.920000
1466	-75.925724	1.524000	16.060000
1467	-75.905724	1.526000	16.080000
1468	-75.905724	1.526000	16.070000
1469	-75.875724	1.528000	16.110000
1470	-75.855724	1.528000	15.920000
1471	-75.615724	1.530000	16.080000
1472	-75.585724	1.531000	16.010000
1473	-75.375724	1.531000	16.000000
1474	-75.335724	1.533000	15.910000
1475	-75.055724	1.533000	15.830000
1476	-74.905724	1.533000	16.140000
1477	-74.865724	1.535000	16.100000
1478	-74.805724	1.537000	15.990000
1479	-74.735724	1.539000	16.020000
1480	-74.725724	1.539000	16.270000
1481	-74.725724	1.541000	16.140000
1482	-74.705724	1.541000	16.100000
1483	-74.575724	1.541000	15.960000
1484	-74.515724	1.543000	16.030000
1485	-74.435724	1.543000	16.070000
1486	-74.415724	1.545000	16.090000
1487	-74.365724	1.547000	16.120000
1488	-74.215724	1.547000	16.000000
1489	-74.185724	1.549000	16.050000
1490	-74.165724	1.549000	16.000000
1491	-74.005724	1.549000	16.190000
1492	-73.835724	1.551000	16.070000
1493	-73.485724	1.551000	16.200000
1494	-73.335724	1.553000	16.170000
1495	-73.215724	1.555000	16.080000
1496	-73.165724	1.555000	15.970000
1497	-73.035724	1.555000	16.140000
1498	-73.005724	1.557000	16.160000
1499	-72.975724	1.557000	16.120000
1500	-72.965724	1.559000	16.230000
1501	-72.925724	1.559000	16.160000
1502	-72.915724	1.561000	16.120000
1503	-72.895724	1.563000	16.040000
1504	-72.895724	1.563000	16.200000
1505	-72.895724	1.565000	16.270000
1506	-72.715724	1.565000	16.150000
1507	-72.575724	1.567000	16.110000
1508	-72.535724	1.567000	16.110000
1509	-72.465724	1.569000	16.150000
1510	-72.145724	1.571000	16.210000
1511	-72.135724	1.571000	16.210000
1512	-72.115724	1.572000	16.160000
1513	-72.055724	1.572000	16.200000
1514	-71.995724	1.574000	16.360000
1515	-71.955724	1.574000	16.250000
1516	-71.755724	1.574000	16.390000
1517	-71.695724	1.576000	16.320000
1518	-71.645724	1.578000	16.320000
1519	-71.535724	1.578000	16.330000
1520	-71.305724	1.580000	16.330000
1521	-71.245724	1.580000	16.360000
1522	-71.235724	1.580000	16.320000
1523	-71.205724	1.582000	16.230000
1524	-71.025724	1.582000	16.400000
1525	-71.025724	1.584000	16.090000
1526	-71.005724	1.586000	16.400000
1527	-70.955724	1.586000	16.330000
1528	-70.905724	1.588000	16.200000
1529	-70.895724	1.588000	16.290000
1530	-70.885724	1.588000	16.510000
1531	-70.885724	1.590000	16.500000
1532	-70.775724	1.594000	16.330000
1533	-70.745724	1.594000	16.470000
1534	-70.725724	1.594000	16.390000
1535	-70.715724	1.596000	16.350000
1536	-70.655724	1.598000	16.580000
1537	-70.445724	1.598000	16.560000
1538	-70.325724	1.598000	16.420000
1539	-70.265724	1.600000	16.430000
1540	-70.205724	1.602000	16.370000
1541	-70.135724	1.602000	16.470000
1542	-70.015724	1.604000	16.420000
1543	-69.785724	1.604000	16.540000
1544	-69.695724	1.604000	16.480000
1545	-69.585724	1.606000	16.290000
1546	-69.425724	1.606000	16.490000
1547	-69.335724	1.608000	16.570000
1548	-69.315724	1.608000	16.460000
1549	-69.285724	1.610000	16.490000
1550	-69.225724	1.612000	16.620000
1551	-69.165724	1.613000	16.480000
1552	-69.145724	1.613000	16.360000
1553	-69.005724	1.613000	16.400000
1554	-68.965724	1.615000	16.750000
1555	-68.965724	1.617000	16.520000
1556	-68.945724	1.617000	16.620000
1557	-68.885724	1.617000	16.420000
1558	-68.865724	1.621000	16.540000
1559	-68.855724	1.621000	16.650000
1560	-68.785724	1.621000	16.470000
1561	-68.775724	1.623000	16.520000
1562	-68.765724	1.625000	16.560000
1563	-68.645724	1.625000	16.500000
1564	-68.555724	1.625000	16.720000
1565	-68.555724	1.627000	16.440000
1566	-68.525724	1.629000	16.540000
1567	-68.415724	1.629000	16.530000
1568	-68.275724	1.631000	16.560000
1569	-68.255724	1.633000	16.660000
1570	-68.025724	1.633000	16.590000
1571	-67.955724	1.635000	16.650000
1572	-67.835724	1.635000	16.620000
1573	-67.735724	1.635000	16.560000
1574	-67.515724	1.637000	16.640000
1575	-67.285724	1.637000	16.700000
1576	-67.265724	1.639000	16.610000
1577	-67.145724	1.639000	16.710000
1578	-67.035724	1.641000	16.700000
1579	-66.965724	1.643000	16.710000
1580	-66.905724	1.645000	16.700000
1581	-66.665724	1.645000	16.740000
1582	-66.655724	1.645000	16.820000
1583	-66.565724	1.647000	16.500000
1584	-66.535724	1.649000	16.620000
1585	-66.435724	1.649000	16.680000
1586	-66.435724	1.649000	16.640000
1587	-66.415724	1.651000	16.690000
1588	-66.245724	1.651000	16.680000
1589	-66.125724	1.653000	16.670000
1590	-66.085724	1.653000	16.610000
1591	-66.005724	1.655000	16.680000
1592	-65.935724	1.656000	17.020000
1593	-65.835724	1.656000	16.820000
1594	-65.735724	1.658000	16.680000
1595	-65.715724	1.658000	16.860000
1596	-65.705724	1.660000	16.880000
1597	-65.675724	1.660000	16.870000
1598	-65.645724	1.662000	16.780000
1599	-65.635724	1.664000	16.820000
1600	-65.585724	1.664000	16.740000
1601	-65.435724	1.666000	16.750000
1602	-65.395724	1.666000	16.830000
1603	-65.365724	1.668000	16.820000
1604	-65.265724	1.668000	16.890000
1605	-65.245724	1.668000	16.800000
1606	-65.175724	1.670000	16.820000
1607	-65.045724	1.672000	16.670000
1608	-65.015724	1.672000	16.860000
1609	-65.005724	1.674000	16.890000
1610	-64.965724	1.676000	16.750000
1611	-64.825724	1.678000	16.740000
1612	-64.755724	1.680000	16.820000
1613	-64.755724	1.680000	16.750000
1614	-64.595724	1.682000	16.910000
1615	-64.555724	1.682000	16.740000
1616	-64.535724	1.684000	16.810000
1617	-64.525724	1.684000	16.830000
1618	-64.515724	1.686000	16.670000
1619	-64.375724	1.688000	16.890000
1620	-64.285724	1.686000	16.860000
1621	-63.955724	1.690000	16.780000
1622	-63.935724	1.690000	16.820000
1623	-63.915724	1.692000	16.850000
1624	-63.705724	1.692000	16.820000
1625	-63.635724	1.692000	17.020000
1626	-63.525724	1.694000	16.750000
1627	-63.445724	1.696000	16.890000
1628	-63.425724	1.696000	16.890000
1629	-63.415724	1.697000	16.980000
1630	-63.415724	1.697000	16.770000
1631	-63.395724	1.697000	16.960000
1632	-63.355724	1.699000	16.900000
1633	-63.315724	1.699000	16.980000
1634	-63.265724	1.701000	16.970000
1635	-63.245724	1.701000	16.880000
1636	-63.215724	1.705000	16.890000
1637	-63.165724	1.705000	16.880000
1638	-63.135724	1.705000	16.980000
1639	-62.915724	1.707000	16.960000
1640	-62.675724	1.707000	17.160000
1641	-62.655724	1.709000	16.950000
1642	-62.565724	1.711000	17.130000
1643	-62.245724	1.713000	17.080000
1644	-62.115724	1.711000	16.980000
1645	-62.115724	1.713000	16.920000
1646	-61.985724	1.715000	17.040000
1647	-61.945724	1.715000	17.210000
1648	-61.875724	1.717000	16.920000
1649	-61.795724	1.719000	16.980000
1650	-61.695724	1.719000	17.110000
1651	-61.575724	1.721000	17.190000
1652	-61.565724	1.721000	17.110000
1653	-61.535724	1.721000	17.220000
1654	-61.525724	1.723000	17.040000
1655	-61.455724	1.725000	17.070000
1656	-61.375724	1.725000	17.110000
1657	-61.355724	1.727000	17.240000
1658	-61.305724	1.727000	17.030000
1659	-61.265724	1.729000	16.970000
1660	-61.235724	1.729000	17.030000
1661	-61.105724	1.729000	17.110000
1662	-61.085724	1.731000	17.160000
1663	-61.065724	1.731000	16.950000
1664	-61.045724	1.733000	17.190000
1665	-60.935724	1.735000	17.010000
1666	-60.875724	1.735000	16.980000
1667	-60.845724	1.737000	17.100000
1668	-60.805724	1.737000	17.120000
1669	-60.725724	1.737000	17.170000
1670	-60.635724	1.739000	17.070000
1671	-60.625724	1.739000	17.250000
1672	-60.445724	1.740000	17.180000
1673	-60.335724	1.740000	17.250000
1674	-60.285724	1.744000	17.260000
1675	-60.015724	1.742000	17.260000
1676	-59.795724	1.744000	17.190000
1677	-59.745724	1.744000	17.060000
1678	-59.685724	1.746000	17.070000
1679	-59.575724	1.746000	17.450000
1680	-59.485724	1.748000	17.310000
1681	-59.265724	1.750000	17.350000
1682	-59.255724	1.750000	17.240000
1683	-59.205724	1.752000	17.320000
1684	-59.125724	1.752000	17.300000
1685	-59.005724	1.754000	17.140000
1686	-58.975724	1.754000	17.300000
1687	-58.935724	1.754000	17.270000
1688	-58.665724	1.756000	17.300000
1689	-58.605724	1.758000	17.290000
1690	-58.575724	1.758000	17.310000
1691	-58.495724	1.760000	17.480000
1692	-58.485724	1.762000	17.230000
1693	-58.455724	1.762000	17.280000
1694	-58.385724	1.764000	17.310000
1695	-58.375724	1.764000	17.300000
1696	-58.325724	1.768000	17.370000
1697	-58.215724	1.768000	17.200000
1698	-58.105724	1.770000	17.400000
1699	-58.005724	1.770000	17.240000
1700	-57.995724	1.770000	17.480000
1701	-57.805724	1.772000	17.290000
1702	-57.595724	1.774000	17.450000
1703	-57.585724	1.774000	17.380000
1704	-57.415724	1.776000	17.480000
1705	-57.285724	1.776000	17.500000
1706	-57.115724	1.778000	17.460000
1707	-57.065724	1.778000	17.360000
1708	-57.045724	1.778000	17.440000
1709	-57.015724	1.780000	17.450000
1710	-56.955724	1.781000	17.230000
1711	-56.945724	1.781000	17.430000
1712	-56.895724	1.781000	17.650000
1713	-56.875724	1.783000	17.410000
1714	-56.845724	1.785000	17.490000
1715	-56.765724	1.785000	17.420000
1716	-56.695724	1.787000	17.350000
1717	-56.645724	1.791000	17.420000
1718	-56.635724	1.791000	17.390000
1719	-56.315724	1.791000	17.390000
1720	-56.275724	1.791000	17.380000
1721	-56.075724	1.793000	17.400000
1722	-55.995724	1.793000	17.520000
1723	-55.655724	1.793000	17.520000
1724	-55.465724	1.795000	17.590000
1725	-55.315724	1.797000	17.600000
1726	-55.315724	1.797000	17.520000
1727	-55.305724	1.797000	17.630000
1728	-55.175724	1.799000	17.620000
1729	-55.145724	1.801000	17.450000
1730	-55.145724	1.801000	17.590000
1731	-55.085724	1.801000	17.650000
1732	-55.065724	1.803000	17.660000
1733	-54.955724	1.805000	17.620000
1734	-54.845724	1.807000	17.560000
1735	-54.835724	1.805000	17.580000
1736	-54.785724	1.807000	17.560000
1737	-54.755724	1.807000	17.460000
1738	-54.735724	1.809000	17.630000
1739	-54.725724	1.809000	17.640000
1740	-54.565724	1.811000	17.540000
1741	-54.545724	1.813000	17.540000
1742	-54.525724	1.813000	17.600000
1743	-54.455724	1.813000	17.620000
1744	-54.395724	1.815000	17.690000
1745	-54.295724	1.815000	17.510000
1746	-54.205724	1.817000	17.580000
1747	-54.165724	1.819000	17.580000
1748	-54.135724	1.821000	17.700000
1749	-54.115724	1.821000	17.590000
1750	-54.085724	1.822000	17.460000
1751	-54.075724	1.822000	17.580000
1752	-54.035724	1.822000	17.420000
1753	-53.965724	1.824000	17.590000
1754	-53.875724	1.824000	17.750000
1755	-53.825724	1.826000	17.830000
1756	-53.795724	1.828000	17.500000
1757	-53.615724	1.828000	17.560000
1758	-53.555724	1.828000	17.550000
1759	-53.435724	1.830000	17.730000
1760	-53.245724	1.832000	17.650000
1761	-52.845724	1.832000	17.830000
1762	-52.775724	1.832000	17.860000
1763	-52.695724	1.834000	17.790000
1764	-52.655724	1.836000	17.530000
1765	-52.625724	1.836000	17.870000
1766	-52.595724	1.836000	17.790000
1767	-52.465724	1.838000	17.760000
1768	-52.395724	1.838000	17.830000
1769	-52.395724	1.840000	17.690000
1770	-52.155724	1.840000	17.730000
1771	-52.025724	1.844000	17.640000
1772	-52.015724	1.846000	17.840000
1773	-52.005724	1.846000	17.860000
1774	-51.935724	1.848000	17.850000
1775	-51.915724	1.848000	17.860000
1776	-51.905724	1.848000	17.890000
1777	-51.835724	1.850000	17.870000
1778	-51.725724	1.852000	17.770000
1779	-51.505724	1.852000	17.760000
1780	-51.485724	1.854000	17.790000
1781	-51.405724	1.854000	17.700000
1782	-51.395724	1.854000	17.780000
1783	-51.395724	1.856000	17.810000
1784	-51.225724	1.856000	17.860000
1785	-51.055724	1.858000	17.520000
1786	-50.955724	1.858000	17.900000
1787	-50.865724	1.860000	17.830000
1788	-50.805724	1.862000	17.820000
1789	-50.705724	1.862000	17.740000
1790	-50.685724	1.862000	17.740000
1791	-50.635724	1.863000	17.690000
1792	-50.595724	1.863000	18.010000
1793	-50.595724	1.865000	17.790000
1794	-50.585724	1.867000	17.750000
1795	-50.555724	1.867000	17.740000
1796	-50.465724	1.869000	17.880000
1797	-50.385724	1.869000	17.920000
1798	-50.365724	1.871000	17.830000
1799	-50.305724	1.871000	17.850000
1800	-50.255724	1.871000	17.770000
1801	-50.205724	1.873000	17.880000
1802	-50.195724	1.875000	17.940000
1803	-50.075724	1.875000	17.960000
1804	-50.065724	1.877000	17.950000
1805	-50.035724	1.877000	17.820000
1806	-50.025724	1.877000	17.860000
1807	-49.925724	1.879000	17.920000
1808	-49.885724	1.879000	17.890000
1809	-49.845724	1.881000	17.730000
1810	-49.455724	1.883000	17.990000
1811	-49.155724	1.883000	17.960000
1812	-49.145724	1.885000	17.860000
1813	-49.075724	1.885000	17.940000
1814	-48.875724	1.885000	18.030000
1815	-48.825724	1.887000	17.880000
1816	-48.825724	1.887000	17.940000
1817	-48.745724	1.889000	17.920000
1818	-48.735724	1.889000	18.140000
1819	-48.585724	1.891000	18.030000
1820	-48.575724	1.893000	18.110000
1821	-48.535724	1.893000	17.930000
1822	-48.495724	1.893000	17.960000
1823	-48.495724	1.895000	17.940000
1824	-48.465724	1.895000	17.940000
1825	-48.395724	1.897000	17.920000
1826	-48.335724	1.899000	18.080000
1827	-48.285724	1.899000	18.080000
1828	-48.235724	1.899000	17.900000
1829	-48.225724	1.901000	17.940000
1830	-48.225724	1.903000	17.940000
1831	-48.195724	1.903000	18.040000
1832	-48.095724	1.903000	17.960000
1833	-48.015724	1.905000	18.120000
1834	-47.935724	1.906000	17.950000
1835	-47.815724	1.906000	17.970000
1836	-47.675724	1.908000	18.100000
1837	-47.605724	1.908000	18.150000
1838	-47.485724	1.908000	18.110000
1839	-47.415724	1.910000	17.990000
1840	-47.395724	1.912000	18.130000
1841	-47.165724	1.912000	18.210000
1842	-46.995724	1.914000	18.130000
1843	-46.975724	1.914000	18.200000
1844	-46.935724	1.916000	17.980000
1845	-46.895724	1.916000	17.990000
1846	-46.885724	1.916000	18.160000
1847	-46.875724	1.918000	18.060000
1848	-46.865724	1.918000	18.160000
1849	-46.865724	1.920000	18.170000
1850	-46.865724	1.922000	18.100000
1851	-46.855724	1.924000	18.030000
1852	-46.665724	1.924000	18.080000
1853	-46.505724	1.924000	18.180000
1854	-46.445724	1.928000	18.200000
1855	-46.445724	1.930000	18.200000
1856	-46.375724	1.930000	18.280000
1857	-46.115724	1.932000	18.020000
1858	-46.075724	1.932000	18.020000
1859	-45.975724	1.932000	18.010000
1860	-45.955724	1.934000	18.210000
1861	-45.915724	1.934000	18.170000
1862	-45.725724	1.936000	18.170000
1863	-45.635724	1.938000	18.070000
1864	-45.465724	1.938000	18.200000
1865	-45.385724	1.938000	18.090000
1866	-45.165724	1.940000	18.270000
1867	-45.085724	1.942000	18.080000
1868	-44.995724	1.942000	18.340000
1869	-44.885724	1.942000	18.370000
1870	-44.815724	1.944000	18.220000
1871	-44.795724	1.946000	18.210000
1872	-44.605724	1.946000	18.290000
1873	-44.575724	1.947000	18.290000
1874	-44.535724	1.947000	18.060000
1875	-44.465724	1.947000	18.340000
1876	-44.345724	1.949000	18.270000
1877	-44.345724	1.949000	18.200000
1878	-44.235724	1.951000	18.370000
1879	-44.095724	1.951000	18.140000
1880	-44.005724	1.953000	18.200000
1881	-43.975724	1.953000	18.270000
1882	-43.855724	1.955000	18.520000
1883	-43.815724	1.957000	18.270000
1884	-43.695724	1.957000	18.240000
1885	-43.665724	1.957000	18.380000
1886	-43.645724	1.959000	18.370000
1887	-43.475724	1.961000	18.300000
1888	-43.195724	1.961000	18.480000
1889	-43.185724	1.963000	18.290000
1890	-43.185724	1.963000	18.180000
1891	-43.165724	1.965000	18.220000
1892	-43.095724	1.965000	18.350000
1893	-43.045724	1.967000	18.380000
1894	-43.025724	1.969000	18.440000
1895	-42.955724	1.969000	18.410000
1896	-42.815724	1.969000	18.380000
1897	-42.795724	1.971000	18.230000
1898	-42.715724	1.973000	18.360000
1899	-42.705724	1.973000	18.370000
1900	-42.565724	1.973000	18.400000
1901	-42.565724	1.975000	18.350000
1902	-42.415724	1.977000	18.440000
1903	-42.375724	1.977000	18.310000
1904	-42.205724	1.979000	18.490000
1905	-42.175724	1.979000	18.490000
1906	-42.175724	1.979000	18.400000
1907	-42.165724	1.981000	18.420000
1908	-42.155724	1.981000	18.500000
1909	-42.145724	1.983000	18.460000
1910	-42.135724	1.983000	18.310000
1911	-42.065724	1.985000	18.460000
1912	-42.065724	1.985000	18.430000
1913	-42.055724	1.987000	18.340000
1914	-42.035724	1.989000	18.420000
1915	-41.945724	1.989000	18.380000
1916	-41.695724	1.989000	18.560000
1917	-41.605724	1.990000	18.490000
1918	-41.555724	1.992000	18.580000
1919	-41.425724	1.992000	18.610000
1920	-41.295724	1.994000	18.440000
1921	-41.185724	1.994000	18.360000
1922	-41.075724	1.996000	18.480000
1923	-40.905724	1.996000	18.440000
1924	-40.625724	1.996000	18.460000
1925	-40.525724	1.998000	18.850000
1926	-40.525724	2.000000	18.480000
1927	-40.495724	2.000000	18.420000
1928	-40.255724	2.000000	18.700000
1929	-40.215724	2.002000	18.450000
1930	-40.035724	2.004000	18.620000
1931	-40.015724	2.004000	18.500000
1932	-39.985724	2.004000	18.450000
1933	-39.875724	2.006000	18.720000
1934	-39.825724	2.008000	18.530000
1935	-39.825724	2.008000	18.480000
1936	-39.815724	2.010000	18.610000
1937	-39.775724	2.012000	18.510000
1938	-39.705724	2.012000	18.590000
1939	-39.675724	2.014000	18.670000
1940	-39.645724	2.016000	18.700000
1941	-39.615724	2.014000	18.440000
1942	-39.575724	2.016000	18.660000
1943	-39.455724	2.018000	18.560000
1944	-39.245724	2.018000	18.670000
1945	-39.165724	2.020000	18.740000
1946	-39.125724	2.020000	18.660000
1947	-39.095724	2.022000	18.640000
1948	-39.085724	2.024000	18.680000
1949	-39.055724	2.024000	18.570000
1950	-38.975724	2.026000	18.590000
1951	-38.885724	2.026000	18.570000
1952	-38.875724	2.026000	18.630000
1953	-38.725724	2.028000	18.690000
1954	-38.555724	2.030000	18.640000
1955	-38.475724	2.030000	18.790000
1956	-38.185724	2.031000	18.720000
1957	-38.175724	2.031000	18.780000
1958	-38.145724	2.033000	18.860000
1959	-38.025724	2.033000	18.670000
1960	-37.895724	2.033000	18.740000
1961	-37.805724	2.035000	18.770000
1962	-37.725724	2.035000	18.960000
1963	-37.725724	2.037000	18.790000
1964	-37.695724	2.039000	18.800000
1965	-37.685724	2.039000	18.870000
1966	-37.565724	2.041000	18.970000
1967	-37.395724	2.041000	18.720000
1968	-37.335724	2.041000	18.750000
1969	-37.305724	2.043000	18.650000
1970	-37.285724	2.043000	18.910000
1971	-37.275724	2.045000	18.800000
1972	-37.155724	2.047000	18.960000
1973	-37.135724	2.047000	18.580000
1974	-37.125724	2.049000	18.950000
1975	-37.075724	2.049000	18.800000
1976	-37.015724	2.051000	18.860000
1977	-37.005724	2.051000	18.790000
1978	-36.975724	2.053000	18.670000
1979	-36.865724	2.055000	18.970000
1980	-36.605724	2.055000	18.920000
1981	-36.505724	2.057000	18.910000
1982	-36.465724	2.057000	18.930000
1983	-36.385724	2.059000	18.930000
1984	-36.295724	2.059000	18.930000
1985	-36.205724	2.059000	18.710000
1986	-36.095724	2.061000	18.800000
1987	-36.065724	2.063000	18.990000
1988	-35.975724	2.063000	18.870000
1989	-35.965724	2.065000	18.870000
1990	-35.935724	2.065000	19.000000
1991	-35.915724	2.065000	18.870000
1992	-35.855724	2.067000	18.850000
1993	-35.835724	2.067000	18.770000
1994	-35.715724	2.071000	18.870000
1995	-35.545724	2.071000	19.090000
1996	-35.535724	2.072000	19.010000
1997	-35.495724	2.072000	18.930000
1998	-35.395724	2.072000	19.020000
1999	-35.395724	2.074000	18.940000
2000	-35.365724	2.074000	18.890000
2001	-35.285724	2.076000	19.010000
2002	-35.235724	2.076000	19.120000
2003	-35.235724	2.078000	19.030000
2004	-35.155724	2.080000	18.870000
2005	-35.035724	2.080000	18.730000
2006	-34.755724	2.080000	19.060000
2007	-34.755724	2.082000	19.050000
2008	-34.495724	2.082000	19.060000
2009	-34.425724	2.084000	18.940000
2010	-34.375724	2.086000	18.970000
2011	-34.275724	2.086000	19.030000
2012	-34.265724	2.088000	19.020000
2013	-34.245724	2.088000	19.100000
2014	-34.245724	2.088000	19.070000
2015	-34.105724	2.090000	19.040000
2016	-34.015724	2.094000	18.950000
2017	-33.995724	2.094000	19.080000
2018	-33.995724	2.094000	19.020000
2019	-33.935724	2.096000	19.060000
2020	-33.925724	2.098000	19.110000
2021	-33.775724	2.098000	18.940000
2022	-33.635724	2.098000	19.150000
2023	-33.585724	2.100000	19.130000
2024	-33.575724	2.102000	18.980000
2025	-33.545724	2.104000	19.080000
2026	-33.505724	2.104000	18.980000
2027	-33.365724	2.106000	18.960000
2028	-33.275724	2.106000	19.200000
2029	-33.275724	2.106000	19.080000
2030	-33.275724	2.108000	19.090000
2031	-33.265724	2.108000	19.180000
2032	-33.265724	2.108000	19.080000
2033	-33.165724	2.112000	19.150000
2034	-33.125724	2.113000	19.090000
2035	-33.115724	2.113000	18.860000
2036	-33.115724	2.113000	18.850000
2037	-33.025724	2.115000	18.850000
2038	-33.005724	2.117000	19.060000
2039	-32.875724	2.117000	19.190000
2040	-32.605724	2.119000	19.050000
2041	-32.515724	2.119000	19.140000
2042	-32.205724	2.119000	19.060000
2043	-32.125724	2.121000	18.980000
2044	-32.115724	2.121000	19.010000
2045	-31.725724	2.123000	19.220000
2046	-31.595724	2.125000	19.150000
2047	-31.445724	2.125000	19.460000
2048	-31.275724	2.125000	19.200000
2049	-31.245724	2.127000	19.220000
2050	-31.185724	2.129000	19.150000
2051	-31.175724	2.129000	19.430000
2052	-31.145724	2.129000	19.190000
2053	-31.125724	2.131000	19.240000
2054	-31.105724	2.133000	19.330000
2055	-30.985724	2.133000	19.210000
2056	-30.815724	2.135000	19.260000
2057	-30.685724	2.135000	19.230000
2058	-30.495724	2.135000	19.250000
2059	-30.465724	2.137000	19.310000
2060	-30.375724	2.137000	19.280000
2061	-30.175724	2.139000	19.180000
2062	-30.145724	2.141000	19.200000
2063	-29.985724	2.141000	19.200000
2064	-29.925724	2.141000	19.300000
2065	-29.915724	2.143000	19.320000
2066	-29.885724	2.145000	19.210000
2067	-29.775724	2.145000	19.260000
2068	-29.755724	2.145000	19.340000
2069	-29.735724	2.147000	19.250000
2070	-29.695724	2.149000	19.350000
2071	-29.625724	2.149000	19.460000
2072	-29.625724	2.149000	19.260000
2073	-29.555724	2.151000	19.230000
2074	-29.455724	2.153000	19.420000
2075	-29.425724	2.153000	19.270000
2076	-29.385724	2.153000	19.400000
2077	-29.355724	2.155000	19.230000
2078	-29.315724	2.156000	19.300000
2079	-29.295724	2.156000	19.260000
2080	-29.185724	2.156000	19.260000
2081	-29.165724	2.158000	19.320000
2082	-28.935724	2.160000	19.390000
2083	-28.745724	2.160000	19.350000
2084	-28.685724	2.160000	19.540000
2085	-28.635724	2.164000	19.470000
2086	-28.495724	2.164000	19.250000
2087	-28.475724	2.166000	19.410000
2088	-28.455724	2.166000	19.380000
2089	-28.425724	2.166000	19.340000
2090	-28.415724	2.168000	19.450000
2091	-28.385724	2.168000	19.500000
2092	-28.305724	2.170000	19.550000
2093	-28.235724	2.172000	19.510000
2094	-28.175724	2.172000	19.380000
2095	-28.085724	2.174000	19.570000
2096	-28.075724	2.174000	19.360000
2097	-27.975724	2.176000	19.460000
2098	-27.955724	2.178000	19.470000
2099	-27.895724	2.180000	19.350000
2100	-27.845724	2.180000	19.470000
2101	-27.815724	2.182000	19.420000
2102	-27.805724	2.182000	19.420000
2103	-27.765724	2.182000	19.360000
2104	-27.685724	2.184000	19.390000
2105	-27.665724	2.186000	19.420000
2106	-27.635724	2.188000	19.420000
2107	-27.325724	2.188000	19.440000
2108	-27.155724	2.190000	19.390000
2109	-27.085724	2.190000	19.400000
2110	-26.985724	2.190000	19.420000
2111	-26.945724	2.192000	19.450000
2112	-26.845724	2.192000	19.480000
2113	-26.585724	2.194000	19.640000
2114	-26.585724	2.194000	19.510000
2115	-26.255724	2.196000	19.640000
2116	-26.175724	2.197000	19.510000
2117	-26.125724	2.197000	19.590000
2118	-26.105724	2.197000	19.560000
2119	-26.025724	2.199000	19.540000
2120	-26.025724	2.199000	19.680000
2121	-26.005724	2.201000	19.560000
2122	-25.885724	2.203000	19.450000
2123	-25.825724	2.203000	19.650000
2124	-25.825724	2.203000	19.570000
2125	-25.745724	2.205000	19.600000
2126	-25.675724	2.207000	19.670000
2127	-25.495724	2.207000	19.480000
2128	-25.415724	2.207000	19.740000
2129	-25.335724	2.209000	19.510000
2130	-25.245724	2.211000	19.430000
2131	-25.235724	2.213000	19.500000
2132	-25.025724	2.213000	19.610000
2133	-24.985724	2.213000	19.620000
2134	-24.915724	2.213000	19.650000
2135	-24.905724	2.215000	19.710000
2136	-24.795724	2.215000	19.480000
2137	-24.785724	2.217000	19.640000
2138	-24.755724	2.219000	19.780000
2139	-24.745724	2.219000	19.780000
2140	-24.595724	2.221000	19.700000
2141	-24.575724	2.221000	19.690000
2142	-24.395724	2.221000	19.530000
2143	-24.375724	2.223000	19.730000
2144	-24.325724	2.223000	19.700000
2145	-24.315724	2.225000	19.790000
2146	-24.175724	2.225000	19.630000
2147	-24.135724	2.227000	19.670000
2148	-23.985724	2.229000	19.670000
2149	-23.815724	2.229000	19.660000
2150	-23.775724	2.229000	19.790000
2151	-23.645724	2.231000	19.720000
2152	-23.585724	2.231000	19.670000
2153	-23.545724	2.233000	19.760000
2154	-23.535724	2.235000	19.750000
2155	-23.495724	2.235000	19.780000
2156	-23.495724	2.235000	19.660000
2157	-23.485724	2.237000	19.620000
2158	-23.365724	2.237000	19.640000
2159	-23.355724	2.239000	19.670000
2160	-23.275724	2.239000	19.610000
2161	-22.995724	2.240000	19.690000
2162	-22.975724	2.242000	19.650000
2163	-22.955724	2.242000	19.650000
2164	-22.865724	2.244000	19.580000
2165	-22.595724	2.244000	19.860000
2166	-22.375724	2.244000	19.760000
2167	-22.315724	2.246000	19.880000
2168	-22.285724	2.248000	19.800000
2169	-22.275724	2.248000	19.910000
2170	-22.265724	2.250000	19.870000
2171	-22.095724	2.250000	19.820000
2172	-21.995724	2.252000	19.820000
2173	-21.935724	2.252000	19.860000
2174	-21.895724	2.252000	19.760000
2175	-21.855724	2.254000	19.860000
2176	-21.755724	2.254000	19.810000
2177	-21.585724	2.256000	19.800000
2178	-21.535724	2.258000	19.830000
2179	-21.525724	2.258000	19.930000
2180	-21.505724	2.260000	19.930000
2181	-21.485724	2.262000	19.910000
2182	-21.375724	2.262000	19.790000
2183	-21.325724	2.264000	19.900000
2184	-21.255724	2.266000	19.810000
2185	-21.245724	2.266000	19.940000
2186	-21.215724	2.266000	19.780000
2187	-21.205724	2.268000	19.820000
2188	-21.025724	2.270000	19.940000
2189	-20.995724	2.270000	19.900000
2190	-20.965724	2.272000	19.950000
2191	-20.825724	2.274000	19.970000
2192	-20.825724	2.274000	19.860000
2193	-20.805724	2.276000	19.960000
2194	-20.745724	2.276000	19.940000
2195	-20.535724	2.278000	19.960000
2196	-20.455724	2.278000	19.950000
2197	-20.365724	2.278000	19.880000
2198	-20.215724	2.280000	19.860000
2199	-20.135724	2.281000	19.950000
2200	-20.115724	2.281000	19.940000
2201	-20.115724	2.281000	19.930000
2202	-19.995724	2.283000	19.870000
2203	-19.985724	2.285000	19.850000
2204	-19.865724	2.285000	19.920000
2205	-19.865724	2.285000	19.920000
2206	-19.625724	2.287000	20.020000
2207	-19.565724	2.287000	19.860000
2208	-19.385724	2.289000	19.960000
2209	-19.345724	2.289000	19.970000
2210	-19.325724	2.291000	19.880000
2211	-19.315724	2.291000	19.970000
2212	-19.265724	2.293000	19.900000
2213	-19.205724	2.293000	19.900000
2214	-19.195724	2.295000	19.930000
2215	-19.195724	2.297000	19.790000
2216	-19.125724	2.297000	19.930000
2217	-18.885724	2.297000	20.010000
2218	-18.805724	2.299000	19.960000
2219	-18.755724	2.301000	19.950000
2220	-18.745724	2.301000	19.930000
2221	-18.555724	2.301000	19.840000
2222	-18.505724	2.303000	19.850000
2223	-18.255724	2.305000	20.080000
2224	-18.165724	2.305000	19.960000
2225	-17.995724	2.307000	20.000000
2226	-17.965724	2.307000	19.720000
2227	-17.815724	2.307000	20.030000
2228	-17.785724	2.309000	20.010000
2229	-17.785724	2.311000	20.100000
2230	-17.775724	2.313000	19.960000
2231	-17.715724	2.313000	20.010000
2232	-17.645724	2.313000	20.100000
2233	-17.645724	2.315000	20.070000
2234	-17.635724	2.317000	20.000000
2235	-17.615724	2.317000	20.000000
2236	-17.585724	2.317000	20.050000
2237	-17.515724	2.319000	20.160000
2238	-17.425724	2.321000	20.020000
2239	-17.405724	2.321000	20.110000
2240	-17.395724	2.322000	20.070000
2241	-17.325724	2.322000	19.930000
2242	-17.205724	2.322000	20.090000
2243	-17.115724	2.324000	19.980000
2244	-17.065724	2.324000	20.280000
2245	-16.925724	2.326000	19.980000
2246	-16.865724	2.328000	20.100000
2247	-16.765724	2.328000	20.150000
2248	-16.585724	2.328000	20.000000
2249	-16.545724	2.330000	20.110000
2250	-16.495724	2.332000	20.000000
2251	-16.435724	2.332000	20.120000
2252	-16.425724	2.332000	20.160000
2253	-16.335724	2.334000	20.200000
2254	-16.255724	2.336000	20.010000
2255	-16.185724	2.336000	20.160000
2256	-16.175724	2.338000	20.130000
2257	-16.125724	2.338000	19.870000
2258	-16.115724	2.338000	20.220000
2259	-16.065724	2.342000	20.180000
2260	-16.055724	2.344000	20.160000
2261	-16.035724	2.346000	20.040000
2262	-15.995724	2.346000	20.090000
2263	-15.995724	2.348000	19.990000
2264	-15.925724	2.348000	20.140000
2265	-15.915724	2.348000	20.220000
2266	-15.805724	2.350000	20.180000
2267	-15.745724	2.350000	20.230000
2268	-15.715724	2.352000	20.310000
2269	-15.715724	2.354000	20.220000
2270	-15.535724	2.354000	20.160000
2271	-15.515724	2.354000	20.170000
2272	-15.515724	2.356000	19.980000
2273	-15.355724	2.356000	20.230000
2274	-15.355724	2.358000	20.170000
2275	-15.355724	2.360000	20.090000
2276	-15.125724	2.360000	20.070000
2277	-15.065724	2.362000	20.300000
2278	-14.955724	2.362000	20.210000
2279	-14.715724	2.363000	20.360000
2280	-14.675724	2.363000	20.240000
2281	-14.645724	2.365000	20.270000
2282	-14.635724	2.367000	20.320000
2283	-14.405724	2.367000	20.200000
2284	-14.285724	2.369000	20.280000
2285	-14.205724	2.369000	20.270000
2286	-14.145724	2.369000	20.280000
2287	-14.065724	2.371000	20.440000
2288	-13.855724	2.371000	20.330000
2289	-13.845724	2.373000	20.300000
2290	-13.785724	2.375000	20.270000
2291	-13.675724	2.375000	20.250000
2292	-13.635724	2.377000	20.310000
2293	-13.625724	2.377000	20.520000
2294	-13.565724	2.377000	20.350000
2295	-13.545724	2.379000	20.450000
2296	-13.525724	2.379000	20.460000
2297	-13.475724	2.381000	20.320000
2298	-13.405724	2.381000	20.360000
2299	-13.375724	2.383000	20.350000
2300	-13.355724	2.385000	20.390000
2301	-13.255724	2.385000	20.320000
2302	-13.095724	2.387000	20.550000
2303	-13.015724	2.387000	20.330000
2304	-12.895724	2.389000	20.360000
2305	-12.765724	2.389000	20.520000
2306	-12.695724	2.389000	20.460000
2307	-12.605724	2.393000	20.520000
2308	-12.575724	2.393000	20.390000
2309	-12.495724	2.395000	20.280000
2310	-12.485724	2.395000	20.200000
2311	-12.115724	2.395000	20.490000
2312	-12.095724	2.397000	20.460000
2313	-12.005724	2.399000	20.420000
2314	-11.955724	2.399000	20.570000
2315	-11.865724	2.401000	20.410000
2316	-11.735724	2.401000	20.440000
2317	-11.685724	2.401000	20.370000
2318	-11.615724	2.403000	20.480000
2319	-11.455724	2.405000	20.520000
2320	-11.435724	2.406000	20.440000
2321	-11.415724	2.406000	20.540000
2322	-11.415724	2.408000	20.440000
2323	-11.355724	2.408000	20.540000
2324	-11.265724	2.408000	20.260000
2325	-11.225724	2.410000	20.690000
2326	-11.195724	2.412000	20.530000
2327	-11.165724	2.412000	20.490000
2328	-10.835724	2.412000	20.460000
2329	-10.695724	2.414000	20.560000
2330	-10.665724	2.416000	20.550000
2331	-10.535724	2.416000	20.280000
2332	-10.425724	2.416000	20.620000
2333	-10.405724	2.418000	20.610000
2334	-10.355724	2.418000	20.670000
2335	-10.315724	2.420000	20.640000
2336	-10.315724	2.422000	20.510000
2337	-10.305724	2.422000	20.590000
2338	-10.225724	2.422000	20.560000
2339	-10.175724	2.424000	20.410000
2340	-10.115724	2.428000	20.560000
2341	-10.035724	2.428000	20.560000
2342	-9.925724	2.430000	20.540000
2343	-9.815724	2.430000	20.590000
2344	-9.795724	2.432000	20.560000
2345	-9.775724	2.432000	20.700000
2346	-9.715724	2.432000	20.640000
2347	-9.665724	2.434000	20.530000
2348	-9.595724	2.434000	20.470000
2349	-9.585724	2.436000	20.610000
2350	-9.555724	2.438000	20.570000
2351	-9.525724	2.438000	20.660000
2352	-9.475724	2.438000	20.520000
2353	-9.355724	2.440000	20.560000
2354	-9.305724	2.442000	20.550000
2355	-9.215724	2.442000	20.640000
2356	-9.055724	2.442000	20.610000
2357	-8.915724	2.444000	20.600000
2358	-8.685724	2.444000	20.760000
2359	-8.625724	2.446000	20.630000
2360	-8.585724	2.446000	20.760000
2361	-8.365724	2.447000	20.820000
2362	-8.285724	2.447000	20.670000
2363	-8.245724	2.449000	20.700000
2364	-8.235724	2.449000	20.750000
2365	-8.165724	2.451000	20.730000
2366	-8.155724	2.453000	20.790000
2367	-8.115724	2.453000	20.790000
2368	-8.115724	2.451000	20.670000
2369	-8.025724	2.455000	20.730000
2370	-7.975724	2.457000	20.790000
2371	-7.865724	2.457000	20.680000
2372	-7.845724	2.457000	20.650000
2373	-7.785724	2.459000	20.640000
2374	-7.775724	2.461000	20.780000
2375	-7.735724	2.461000	20.680000
2376	-7.695724	2.463000	20.670000
2377	-7.665724	2.463000	20.750000
2378	-7.665724	2.463000	20.730000
2379	-7.515724	2.465000	20.810000
2380	-7.285724	2.465000	20.800000
2381	-7.275724	2.467000	20.690000
2382	-7.225724	2.469000	20.770000
2383	-7.225724	2.469000	20.810000
2384	-7.145724	2.469000	20.710000
2385	-7.105724	2.471000	20.680000
2386	-6.875724	2.473000	20.750000
2387	-6.735724	2.473000	20.770000
2388	-6.595724	2.473000	20.740000
2389	-6.515724	2.475000	20.610000
2390	-6.495724	2.477000	20.840000
2391	-6.275724	2.477000	20.730000
2392	-6.095724	2.479000	20.770000
2393	-6.085724	2.479000	20.820000
2394	-5.955724	2.479000	20.800000
2395	-5.935724	2.481000	20.970000
2396	-5.855724	2.481000	20.830000
2397	-5.625724	2.483000	20.780000
2398	-5.605724	2.485000	20.890000
2399	-5.595724	2.485000	20.740000
2400	-5.565724	2.485000	20.950000
2401	-5.555724	2.487000	20.900000
2402	-5.525724	2.489000	20.760000
2403	-5.495724	2.489000	20.850000
2404	-5.395724	2.489000	20.780000
2405	-5.385724	2.490000	20.840000
2406	-5.335724	2.492000	20.820000
2407	-5.325724	2.492000	20.870000
2408	-5.265724	2.494000	20.880000
2409	-5.245724	2.494000	20.930000
2410	-5.075724	2.496000	20.940000
2411	-4.975724	2.496000	20.800000
2412	-4.895724	2.496000	20.990000
2413	-4.875724	2.498000	21.020000
2414	-4.715724	2.500000	20.790000
2415	-4.705724	2.500000	20.910000
2416	-4.645724	2.500000	20.820000
2417	-4.625724	2.502000	20.870000
2418	-4.495724	2.504000	20.890000
2419	-4.485724	2.504000	20.720000
2420	-4.455724	2.504000	20.960000
2421	-4.425724	2.506000	20.970000
2422	-4.335724	2.506000	21.020000
2423	-4.315724	2.508000	20.970000
2424	-4.285724	2.512000	20.970000
2425	-4.055724	2.512000	21.110000
2426	-3.995724	2.512000	21.010000
2427	-3.955724	2.514000	20.980000
2428	-3.895724	2.516000	21.120000
2429	-3.895724	2.516000	20.850000
2430	-3.835724	2.518000	21.040000
2431	-3.675724	2.518000	21.110000
2432	-3.565724	2.518000	20.910000
2433	-3.545724	2.522000	21.040000
2434	-3.395724	2.522000	21.020000
2435	-3.375724	2.524000	20.990000
2436	-3.295724	2.524000	21.000000
2437	-3.265724	2.526000	21.020000
2438	-2.915724	2.526000	21.160000
2439	-2.885724	2.526000	21.140000
2440	-2.715724	2.528000	21.090000
2441	-2.705724	2.528000	21.230000
2442	-2.705724	2.530000	21.000000
2443	-2.695724	2.530000	21.010000
2444	-2.695724	2.531000	20.900000
2445	-2.655724	2.533000	21.140000
2446	-2.645724	2.533000	21.010000
2447	-2.595724	2.533000	21.090000
2448	-2.455724	2.535000	21.160000
2449	-2.425724	2.535000	21.120000
2450	-2.375724	2.537000	21.150000
2451	-2.335724	2.539000	20.930000
2452	-2.315724	2.539000	21.180000
2453	-2.225724	2.539000	21.160000
2454	-1.845724	2.541000	21.100000
2455	-1.785724	2.541000	21.130000
2456	-1.715724	2.543000	21.160000
2457	-1.635724	2.543000	21.120000
2458	-1.605724	2.545000	21.200000
2459	-1.595724	2.547000	21.090000
2460	-1.585724	2.547000	21.070000
2461	-1.565724	2.549000	21.150000
2462	-1.535724	2.549000	21.280000
2463	-1.375724	2.551000	21.220000
2464	-1.335724	2.551000	21.220000
2465	-1.265724	2.551000	21.110000
2466	-1.085724	2.553000	21.120000
2467	-0.995724	2.555000	21.230000
2468	-0.965724	2.555000	21.160000
2469	-0.795724	2.557000	21.150000
2470	-0.775724	2.557000	21.230000
2471	-0.685724	2.557000	21.310000
2472	-0.685724	2.559000	21.200000
2473	-0.665724	2.559000	21.310000
2474	-0.615724	2.561000	21.240000
2475	-0.595724	2.563000	21.120000
2476	-0.475724	2.563000	21.290000
2477	-0.395724	2.565000	21.210000
2478	-0.375724	2.565000	21.260000
2479	-0.375724	2.565000	21.290000
2480	-0.365724	2.567000	21.260000
2481	-0.245724	2.567000	21.350000
2482	-0.095724	2.569000	21.280000
2483	-0.075724	2.571000	21.270000
2484	-0.055724	2.571000	21.220000
2485	0.084276	2.571000	21.250000
2486	0.134276	2.572000	21.330000
2487	0.154276	2.572000	21.270000
2488	0.194276	2.574000	21.310000
2489	0.284276	2.574000	21.390000
2490	0.294276	2.576000	21.220000
2491	0.324276	2.578000	21.230000
2492	0.404276	2.578000	21.150000
2493	0.554276	2.580000	21.220000
2494	0.604276	2.580000	21.290000
2495	0.704276	2.582000	21.280000
2496	0.754276	2.582000	21.420000
2497	0.834276	2.582000	21.300000
2498	0.944276	2.584000	21.340000
2499	1.014276	2.586000	21.400000
2500	1.024276	2.586000	21.420000
2501	1.134276	2.588000	21.270000
2502	1.264276	2.588000	21.350000
2503	1.264276	2.588000	21.260000
2504	1.374276	2.590000	21.290000
2505	1.384276	2.590000	21.330000
2506	1.444276	2.594000	21.390000
2507	1.704276	2.594000	21.340000
2508	1.814276	2.596000	21.340000
2509	1.824276	2.598000	21.460000
2510	1.894276	2.598000	21.260000
2511	1.984276	2.598000	21.380000
2512	2.034276	2.600000	21.450000
2513	2.084276	2.602000	21.280000
2514	2.094276	2.602000	21.340000
2515	2.194276	2.602000	21.300000
2516	2.214276	2.606000	21.420000
2517	2.234276	2.606000	21.310000
2518	2.254276	2.606000	21.390000
2519	2.254276	2.608000	21.340000
2520	2.304276	2.610000	21.320000
2521	2.304276	2.610000	21.280000
2522	2.394276	2.610000	21.410000
2523	2.434276	2.612000	21.470000
2524	2.484276	2.613000	21.470000
2525	2.634276	2.613000	21.430000
2526	2.664276	2.615000	21.480000
2527	2.724276	2.615000	21.500000
2528	2.774276	2.617000	21.430000
2529	2.994276	2.617000	21.550000
2530	2.994276	2.619000	21.550000
2531	3.014276	2.619000	21.340000
2532	3.044276	2.619000	21.380000
2533	3.114276	2.621000	21.440000
2534	3.344276	2.621000	21.390000
2535	3.374276	2.623000	21.450000
2536	3.374276	2.623000	21.480000
2537	3.404276	2.625000	21.620000
2538	3.454276	2.625000	21.360000
2539	3.474276	2.627000	21.420000
2540	3.484276	2.629000	21.530000
2541	3.504276	2.629000	21.510000
2542	3.514276	2.629000	21.410000
2543	3.574276	2.631000	21.540000
2544	3.604276	2.633000	21.450000
2545	3.604276	2.633000	21.370000
2546	3.604276	2.633000	21.540000
2547	3.644276	2.635000	21.500000
2548	3.874276	2.635000	21.490000
2549	3.964276	2.637000	21.460000
2550	3.984276	2.637000	21.510000
2551	4.024276	2.639000	21.510000
2552	4.054276	2.641000	21.460000
2553	4.064276	2.641000	21.520000
2554	4.134276	2.643000	21.370000
2555	4.684276	2.643000	21.420000
