1	-185.535355	0.002000	9.740000
2	-185.415355	0.000000	10.010000
3	-185.385355	0.004000	9.880000
4	-185.375355	0.004000	9.640000
5	-185.365355	0.006000	9.910000
6	-185.365355	0.006000	9.690000
7	-185.295355	0.008000	9.730000
8	-185.165355	0.008000	9.790000
9	-185.125355	0.010000	9.500000
10	-185.105355	0.010000	9.490000
11	-184.935355	0.012000	9.500000
12	-184.925355	0.012000	9.690000
13	-184.855355	0.014000	9.880000
14	-184.815355	0.014000	9.760000
15	-184.615355	0.016000	9.740000
16	-184.335355	0.016000	9.750000
17	-184.325355	0.018000	10.180000
18	-184.305355	0.018000	9.630000
19	-184.285355	0.020000	9.690000
20	-184.115355	0.020000	9.700000
21	-183.995355	0.022000	10.100000
22	-183.915355	0.022000	9.870000
23	-183.855355	0.022000	9.580000
24	-183.685355	0.023000	9.620000
25	-183.625355	0.025000	9.660000
26	-183.565355	0.025000	9.460000
27	-183.535355	0.027000	9.950000
28	-183.535355	0.027000	9.720000
29	-183.475355	0.029000	9.710000
30	-183.425355	0.029000	9.850000
31	-183.405355	0.031000	9.680000
32	-183.345355	0.031000	10.060000
33	-183.135355	0.033000	9.890000
34	-183.125355	0.033000	9.760000
35	-182.995355	0.035000	9.770000
36	-182.985355	0.035000	9.800000
37	-182.975355	0.037000	9.780000
38	-182.965355	0.037000	9.730000
39	-182.895355	0.039000	9.630000
40	-182.865355	0.039000	9.980000
41	-182.805355	0.041000	9.760000
42	-182.745355	0.041000	9.620000
43	-182.745355	0.043000	9.710000
44	-182.725355	0.043000	10.020000
45	-182.715355	0.045000	9.830000
46	-182.645355	0.045000	9.650000
47	-182.525355	0.047000	9.860000
48	-182.395355	0.047000	9.840000
49	-182.185355	0.049000	9.770000
50	-181.795355	0.049000	9.790000
51	-181.575355	0.051000	9.820000
52	-181.545355	0.051000	9.930000
53	-181.535355	0.053000	9.810000
54	-181.405355	0.053000	9.820000
55	-181.405355	0.055000	9.940000
56	-181.275355	0.055000	9.950000
57	-181.275355	0.057000	10.060000
58	-181.235355	0.057000	9.940000
59	-181.215355	0.059000	9.870000
60	-181.075355	0.059000	10.170000
61	-181.055355	0.061000	9.690000
62	-180.975355	0.061000	9.960000
63	-180.905355	0.063000	10.470000
64	-180.865355	0.063000	9.830000
65	-180.755355	0.064000	9.780000
66	-180.685355	0.064000	9.860000
67	-180.365355	0.066000	9.910000
68	-179.895355	0.066000	10.090000
69	-179.835355	0.068000	9.920000
70	-179.735355	0.068000	10.090000
71	-179.715355	0.070000	10.000000
72	-179.665355	0.070000	10.060000
73	-179.585355	0.072000	10.030000
74	-179.455355	0.072000	10.790000
75	-179.375355	0.074000	9.810000
76	-179.315355	0.076000	10.000000
77	-179.275355	0.076000	9.860000
78	-179.265355	0.078000	9.800000
79	-179.225355	0.078000	9.870000
80	-179.195355	0.080000	9.950000
81	-179.155355	0.080000	9.940000
82	-179.105355	0.082000	10.110000
83	-178.935355	0.082000	10.030000
84	-178.935355	0.086000	9.890000
85	-178.905355	0.084000	10.140000
86	-178.845355	0.088000	9.820000
87	-178.795355	0.088000	10.250000
88	-178.695355	0.090000	9.910000
89	-178.635355	0.090000	10.660000
90	-178.545355	0.090000	10.170000
91	-178.505355	0.092000	10.200000
92	-178.465355	0.096000	10.460000
93	-178.425355	0.096000	10.020000
94	-178.405355	0.096000	10.030000
95	-178.345355	0.096000	9.860000
96	-178.285355	0.098000	10.120000
97	-178.265355	0.098000	10.080000
98	-178.155355	0.100000	10.330000
99	-177.795355	0.102000	10.240000
100	-177.765355	0.102000	10.070000
101	-177.515355	0.104000	10.370000
102	-177.405355	0.104000	10.030000
103	-177.325355	0.105000	10.340000
104	-177.275355	0.105000	10.270000
105	-177.135355	0.105000	10.300000
106	-176.805355	0.107000	10.370000
107	-176.725355	0.109000	10.130000
108	-176.655355	0.109000	10.100000
109	-176.545355	0.111000	10.310000
110	-176.495355	0.111000	10.180000
111	-176.485355	0.113000	10.340000
112	-176.415355	0.113000	10.190000
113	-176.375355	0.113000	10.300000
114	-176.345355	0.115000	10.100000
115	-176.325355	0.115000	10.270000
116	-176.315355	0.119000	10.330000
117	-176.195355	0.119000	10.290000
118	-176.145355	0.121000	10.020000
119	-175.785355	0.121000	10.040000
120	-175.775355	0.121000	10.050000
121	-175.765355	0.123000	10.330000
122	-175.755355	0.125000	10.460000
123	-175.735355	0.125000	10.090000
124	-175.675355	0.127000	10.530000
125	-175.615355	0.127000	10.270000
126	-175.455355	0.129000	10.390000
127	-175.205355	0.129000	10.220000
128	-175.015355	0.131000	10.480000
129	-174.935355	0.133000	10.280000
130	-174.885355	0.133000	10.470000
131	-174.835355	0.135000	10.290000
132	-174.785355	0.135000	10.480000
133	-174.705355	0.137000	10.150000
134	-174.685355	0.137000	10.320000
135	-174.635355	0.139000	10.240000
136	-174.615355	0.141000	10.340000
137	-174.595355	0.141000	10.400000
138	-174.565355	0.143000	10.410000
139	-174.495355	0.143000	10.300000
140	-174.435355	0.145000	10.330000
141	-174.295355	0.145000	10.440000
142	-174.155355	0.147000	10.230000
143	-174.085355	0.147000	10.170000
144	-174.055355	0.148000	10.210000
145	-173.985355	0.148000	10.260000
146	-173.975355	0.150000	10.260000
147	-173.885355	0.150000	10.630000
148	-173.765355	0.152000	10.280000
149	-173.695355	0.152000	10.570000
150	-173.695355	0.152000	10.420000
151	-173.685355	0.154000	10.360000
152	-173.315355	0.156000	10.180000
153	-173.215355	0.156000	10.430000
154	-173.085355	0.156000	10.350000
155	-173.055355	0.158000	10.520000
156	-173.025355	0.160000	10.240000
157	-172.975355	0.160000	10.230000
158	-172.905355	0.160000	10.430000
159	-172.905355	0.162000	10.140000
160	-172.845355	0.164000	10.390000
161	-172.795355	0.164000	10.570000
162	-172.765355	0.166000	10.500000
163	-172.705355	0.166000	10.260000
164	-172.675355	0.170000	10.400000
165	-172.665355	0.170000	10.290000
166	-172.565355	0.172000	10.280000
167	-172.475355	0.174000	10.470000
168	-172.345355	0.174000	10.380000
169	-172.305355	0.174000	10.410000
170	-172.105355	0.176000	10.480000
171	-172.005355	0.176000	10.610000
172	-171.975355	0.178000	10.350000
173	-171.905355	0.178000	10.500000
174	-171.745355	0.180000	10.380000
175	-171.685355	0.180000	10.510000
176	-171.495355	0.182000	10.670000
177	-171.355355	0.182000	10.850000
178	-171.265355	0.184000	10.550000
179	-170.985355	0.184000	10.760000
180	-170.855355	0.186000	10.650000
181	-170.835355	0.186000	10.750000
182	-170.775355	0.188000	10.760000
183	-170.755355	0.188000	10.580000
184	-170.735355	0.189000	10.750000
185	-170.705355	0.189000	10.560000
186	-170.695355	0.191000	10.750000
187	-170.615355	0.193000	10.570000
188	-170.595355	0.193000	10.730000
189	-170.595355	0.195000	10.610000
190	-170.495355	0.195000	10.610000
191	-170.485355	0.197000	10.510000
192	-170.425355	0.197000	10.620000
193	-170.395355	0.199000	10.510000
194	-170.375355	0.199000	10.510000
195	-170.325355	0.201000	10.710000
196	-170.295355	0.201000	10.610000
197	-170.255355	0.205000	10.620000
198	-170.225355	0.203000	10.470000
199	-170.195355	0.205000	10.770000
200	-170.125355	0.205000	10.540000
201	-170.125355	0.207000	10.480000
202	-170.005355	0.207000	10.680000
203	-169.885355	0.209000	10.770000
204	-169.745355	0.209000	10.700000
205	-169.735355	0.211000	10.730000
206	-169.645355	0.211000	10.600000
207	-169.615355	0.213000	10.660000
208	-169.545355	0.213000	10.720000
209	-169.525355	0.215000	10.700000
210	-169.085355	0.215000	10.810000
211	-168.605355	0.217000	10.700000
212	-168.595355	0.217000	10.840000
213	-168.575355	0.219000	10.870000
214	-168.505355	0.219000	10.850000
215	-168.445355	0.221000	10.920000
216	-168.115355	0.221000	10.750000
217	-168.115355	0.223000	11.060000
218	-168.045355	0.223000	10.850000
219	-167.965355	0.225000	10.810000
220	-167.925355	0.225000	11.140000
221	-167.885355	0.227000	10.740000
222	-167.815355	0.227000	10.770000
223	-167.805355	0.229000	10.740000
224	-167.795355	0.229000	10.930000
225	-167.765355	0.231000	10.860000
226	-167.725355	0.231000	10.670000
227	-167.655355	0.232000	10.840000
228	-167.635355	0.232000	10.790000
229	-167.365355	0.236000	10.660000
230	-167.335355	0.234000	10.890000
231	-167.275355	0.236000	10.840000
232	-167.245355	0.236000	10.810000
233	-167.215355	0.238000	10.850000
234	-167.065355	0.238000	10.840000
235	-166.995355	0.240000	10.880000
236	-166.955355	0.240000	10.910000
237	-166.925355	0.240000	10.800000
238	-166.865355	0.242000	10.900000
239	-166.755355	0.244000	10.690000
240	-166.575355	0.244000	10.750000
241	-166.565355	0.246000	10.830000
242	-166.415355	0.246000	10.950000
243	-166.395355	0.248000	10.840000
244	-166.275355	0.248000	10.810000
245	-166.075355	0.250000	10.950000
246	-165.885355	0.250000	10.920000
247	-165.815355	0.254000	10.940000
248	-165.815355	0.256000	10.840000
249	-165.755355	0.256000	10.920000
250	-165.735355	0.258000	10.960000
251	-165.695355	0.258000	11.000000
252	-165.655355	0.260000	10.760000
253	-165.545355	0.260000	10.770000
254	-165.465355	0.262000	10.860000
255	-165.405355	0.262000	10.850000
256	-165.375355	0.264000	10.960000
257	-165.325355	0.264000	10.790000
258	-165.155355	0.266000	11.030000
259	-164.995355	0.268000	11.040000
260	-164.725355	0.268000	11.070000
261	-164.715355	0.268000	10.970000
262	-164.605355	0.270000	10.710000
263	-164.565355	0.270000	10.950000
264	-164.545355	0.270000	11.150000
265	-164.475355	0.272000	10.970000
266	-164.475355	0.273000	10.940000
267	-164.475355	0.273000	10.940000
268	-164.405355	0.275000	11.230000
269	-164.335355	0.277000	10.980000
270	-164.145355	0.277000	11.080000
271	-164.105355	0.277000	11.020000
272	-163.945355	0.279000	10.960000
273	-163.915355	0.281000	11.020000
274	-163.815355	0.281000	11.130000
275	-163.775355	0.283000	11.090000
276	-163.765355	0.283000	11.110000
277	-163.735355	0.285000	11.020000
278	-163.645355	0.285000	11.360000
279	-163.575355	0.285000	11.080000
280	-163.575355	0.287000	11.140000
281	-163.565355	0.287000	11.160000
282	-163.505355	0.287000	11.060000
283	-163.455355	0.291000	11.210000
284	-163.445355	0.291000	11.050000
285	-163.365355	0.293000	11.130000
286	-163.155355	0.293000	11.140000
287	-163.015355	0.293000	11.250000
288	-162.745355	0.295000	11.100000
289	-162.715355	0.297000	11.220000
290	-162.715355	0.299000	11.080000
291	-162.555355	0.299000	11.280000
292	-162.525355	0.299000	11.250000
293	-162.445355	0.301000	11.210000
294	-162.335355	0.301000	11.030000
295	-162.275355	0.301000	11.180000
296	-162.205355	0.303000	11.290000
297	-162.065355	0.305000	11.210000
298	-161.985355	0.305000	11.010000
299	-161.885355	0.307000	11.330000
300	-161.845355	0.307000	11.210000
301	-161.845355	0.309000	10.880000
302	-161.835355	0.309000	11.340000
303	-161.615355	0.309000	11.150000
304	-161.585355	0.311000	11.270000
305	-161.485355	0.313000	11.290000
306	-161.455355	0.313000	10.970000
307	-161.455355	0.314000	11.230000
308	-161.405355	0.314000	11.140000
309	-161.395355	0.316000	11.310000
310	-161.265355	0.318000	11.450000
311	-161.155355	0.318000	11.190000
312	-161.065355	0.320000	11.430000
313	-161.045355	0.320000	11.180000
314	-161.035355	0.322000	11.170000
315	-161.015355	0.322000	11.310000
316	-160.585355	0.324000	11.270000
317	-160.535355	0.324000	11.130000
318	-160.285355	0.324000	11.310000
319	-160.255355	0.328000	11.300000
320	-159.955355	0.328000	11.480000
321	-159.755355	0.330000	11.360000
322	-159.665355	0.330000	11.410000
323	-159.645355	0.332000	11.350000
324	-159.555355	0.332000	11.460000
325	-159.535355	0.334000	11.420000
326	-159.505355	0.334000	11.500000
327	-159.495355	0.338000	11.350000
328	-159.275355	0.340000	11.640000
329	-159.205355	0.340000	11.480000
330	-159.185355	0.342000	11.560000
331	-159.155355	0.342000	11.420000
332	-159.155355	0.344000	11.350000
333	-159.145355	0.344000	11.360000
334	-159.065355	0.346000	11.310000
335	-158.995355	0.346000	11.580000
336	-158.935355	0.348000	11.440000
337	-158.895355	0.348000	11.400000
338	-158.835355	0.350000	11.390000
339	-158.825355	0.350000	11.470000
340	-158.795355	0.352000	11.430000
341	-158.685355	0.352000	11.500000
342	-158.635355	0.354000	11.560000
343	-158.395355	0.354000	11.370000
344	-158.355355	0.355000	11.480000
345	-158.195355	0.355000	11.400000
346	-158.025355	0.357000	11.270000
347	-158.005355	0.357000	11.390000
348	-157.955355	0.359000	11.710000
349	-157.835355	0.361000	11.930000
350	-157.765355	0.361000	11.570000
351	-157.625355	0.363000	11.410000
352	-157.585355	0.363000	11.550000
353	-157.545355	0.365000	11.210000
354	-157.485355	0.365000	11.400000
355	-157.475355	0.367000	11.590000
356	-157.445355	0.367000	11.510000
357	-157.355355	0.369000	11.570000
358	-157.275355	0.369000	11.350000
359	-157.225355	0.371000	11.530000
360	-157.205355	0.371000	11.360000
361	-157.195355	0.373000	11.470000
362	-157.115355	0.373000	11.580000
363	-156.975355	0.375000	11.450000
364	-156.965355	0.375000	11.510000
365	-156.835355	0.377000	11.500000
366	-156.775355	0.377000	11.700000
367	-156.605355	0.379000	11.410000
368	-156.595355	0.381000	11.420000
369	-156.535355	0.381000	11.580000
370	-156.375355	0.383000	11.490000
371	-156.325355	0.383000	11.680000
372	-156.315355	0.385000	11.450000
373	-156.235355	0.385000	11.720000
374	-156.175355	0.387000	11.630000
375	-156.115355	0.387000	11.480000
376	-156.045355	0.389000	11.510000
377	-156.045355	0.389000	11.700000
378	-156.025355	0.391000	11.450000
379	-155.905355	0.391000	11.740000
380	-155.805355	0.393000	11.670000
381	-155.735355	0.393000	11.530000
382	-155.655355	0.395000	11.670000
383	-155.635355	0.395000	11.450000
384	-155.595355	0.397000	11.620000
385	-155.545355	0.397000	11.510000
386	-155.285355	0.397000	11.680000
387	-155.095355	0.397000	11.850000
388	-155.005355	0.400000	11.610000
389	-154.935355	0.400000	11.710000
390	-154.865355	0.402000	11.700000
391	-154.835355	0.402000	11.560000
392	-154.805355	0.404000	11.480000
393	-154.665355	0.404000	11.680000
394	-154.565355	0.406000	11.570000
395	-154.485355	0.406000	11.720000
396	-154.315355	0.408000	11.580000
397	-154.185355	0.408000	11.760000
398	-154.145355	0.408000	11.780000
399	-153.955355	0.410000	11.770000
400	-153.915355	0.412000	11.740000
401	-153.885355	0.412000	11.610000
402	-153.795355	0.414000	11.890000
403	-153.735355	0.414000	11.850000
404	-153.705355	0.416000	11.950000
405	-153.485355	0.416000	11.780000
406	-153.335355	0.418000	11.850000
407	-153.275355	0.420000	11.750000
408	-153.245355	0.422000	11.790000
409	-153.175355	0.422000	11.830000
410	-153.155355	0.424000	11.800000
411	-153.125355	0.426000	11.870000
412	-152.905355	0.426000	11.750000
413	-152.905355	0.426000	11.830000
414	-152.875355	0.428000	11.840000
415	-152.785355	0.430000	11.740000
416	-152.785355	0.430000	12.030000
417	-152.595355	0.432000	11.900000
418	-152.585355	0.432000	11.790000
419	-152.505355	0.434000	11.800000
420	-152.265355	0.434000	12.050000
421	-152.145355	0.434000	12.010000
422	-152.135355	0.436000	11.800000
423	-152.135355	0.438000	11.720000
424	-151.995355	0.438000	11.850000
425	-151.945355	0.439000	11.840000
426	-151.935355	0.439000	11.830000
427	-151.925355	0.441000	12.140000
428	-151.905355	0.441000	12.100000
429	-151.825355	0.443000	11.880000
430	-151.795355	0.445000	12.000000
431	-151.765355	0.445000	11.930000
432	-151.755355	0.447000	11.890000
433	-151.625355	0.447000	11.740000
434	-151.525355	0.449000	11.840000
435	-151.425355	0.449000	11.800000
436	-151.335355	0.449000	11.800000
437	-151.295355	0.451000	11.930000
438	-151.215355	0.453000	12.050000
439	-151.185355	0.453000	11.880000
440	-151.175355	0.455000	12.030000
441	-151.115355	0.455000	11.980000
442	-151.105355	0.457000	11.880000
443	-151.015355	0.457000	11.850000
444	-150.845355	0.457000	12.000000
445	-150.835355	0.459000	12.310000
446	-150.205355	0.459000	11.900000
447	-150.095355	0.459000	11.970000
448	-150.055355	0.461000	11.960000
449	-149.945355	0.463000	11.930000
450	-149.925355	0.465000	12.030000
451	-149.805355	0.465000	12.030000
452	-149.765355	0.465000	12.220000
453	-149.745355	0.467000	12.060000
454	-149.675355	0.469000	12.010000
455	-149.625355	0.469000	12.090000
456	-149.595355	0.471000	11.890000
457	-149.555355	0.471000	12.150000
458	-149.405355	0.473000	12.050000
459	-149.265355	0.475000	12.120000
460	-149.165355	0.475000	12.100000
461	-148.935355	0.477000	12.320000
462	-148.885355	0.477000	11.820000
463	-148.865355	0.479000	12.110000
464	-148.855355	0.479000	12.180000
465	-148.835355	0.481000	12.070000
466	-148.765355	0.481000	12.160000
467	-148.745355	0.481000	12.110000
468	-148.635355	0.482000	12.190000
469	-148.615355	0.484000	12.230000
470	-148.505355	0.486000	12.300000
471	-148.495355	0.486000	12.130000
472	-148.495355	0.486000	12.160000
473	-148.425355	0.488000	12.120000
474	-148.365355	0.488000	11.950000
475	-148.225355	0.488000	12.130000
476	-148.095355	0.490000	12.340000
477	-148.055355	0.490000	12.120000
478	-147.895355	0.490000	12.270000
479	-147.885355	0.494000	12.210000
480	-147.825355	0.496000	12.240000
481	-147.595355	0.496000	12.290000
482	-147.575355	0.496000	12.040000
483	-147.455355	0.498000	12.200000
484	-147.445355	0.500000	12.080000
485	-147.395355	0.500000	12.330000
486	-147.355355	0.502000	12.350000
487	-147.355355	0.504000	12.240000
488	-147.325355	0.506000	12.290000
489	-147.305355	0.506000	12.020000
490	-147.075355	0.506000	12.350000
491	-147.075355	0.508000	12.320000
492	-147.045355	0.510000	12.260000
493	-147.015355	0.510000	12.120000
494	-146.915355	0.512000	12.220000
495	-146.895355	0.512000	12.440000
496	-146.465355	0.514000	12.170000
497	-146.455355	0.514000	12.320000
498	-146.415355	0.516000	12.110000
499	-146.395355	0.516000	12.250000
500	-146.245355	0.518000	12.100000
501	-146.065355	0.520000	12.360000
502	-145.965355	0.520000	12.320000
503	-145.895355	0.522000	12.430000
504	-145.825355	0.522000	12.300000
505	-145.815355	0.523000	12.320000
506	-145.735355	0.523000	12.490000
507	-145.595355	0.525000	12.230000
508	-145.435355	0.525000	12.430000
509	-145.425355	0.527000	12.460000
510	-145.385355	0.529000	12.380000
511	-145.365355	0.529000	12.440000
512	-145.155355	0.533000	12.490000
513	-145.155355	0.533000	12.270000
514	-145.125355	0.533000	12.390000
515	-145.115355	0.533000	12.280000
516	-145.035355	0.535000	12.470000
517	-145.005355	0.535000	12.230000
518	-144.925355	0.537000	12.310000
519	-144.885355	0.537000	12.410000
520	-144.865355	0.537000	12.420000
521	-144.825355	0.539000	12.260000
522	-144.455355	0.541000	12.490000
523	-144.385355	0.541000	12.370000
524	-144.325355	0.543000	12.330000
525	-144.325355	0.543000	12.360000
526	-144.275355	0.545000	12.500000
527	-144.225355	0.545000	12.420000
528	-144.115355	0.545000	12.400000
529	-144.105355	0.547000	12.480000
530	-144.095355	0.549000	12.440000
531	-144.055355	0.549000	12.680000
532	-144.045355	0.551000	12.390000
533	-143.855355	0.551000	12.520000
534	-143.785355	0.553000	12.540000
535	-143.705355	0.553000	12.480000
536	-143.635355	0.555000	12.430000
537	-143.565355	0.555000	12.540000
538	-143.305355	0.557000	12.450000
539	-143.255355	0.557000	12.380000
540	-143.175355	0.559000	12.470000
541	-143.155355	0.559000	12.520000
542	-143.155355	0.561000	12.580000
543	-143.045355	0.561000	12.590000
544	-142.815355	0.563000	12.470000
545	-142.815355	0.563000	12.600000
546	-142.785355	0.564000	12.730000
547	-142.735355	0.564000	12.490000
548	-142.735355	0.566000	12.470000
549	-142.705355	0.566000	12.620000
550	-142.605355	0.568000	12.340000
551	-142.605355	0.568000	12.590000
552	-142.395355	0.570000	12.480000
553	-142.345355	0.570000	12.530000
554	-142.315355	0.572000	12.590000
555	-142.275355	0.572000	12.640000
556	-142.255355	0.574000	12.630000
557	-142.195355	0.574000	12.410000
558	-142.085355	0.576000	12.530000
559	-142.035355	0.576000	12.440000
560	-141.945355	0.578000	12.830000
561	-141.505355	0.578000	12.560000
562	-141.375355	0.580000	12.800000
563	-141.375355	0.580000	12.620000
564	-141.025355	0.582000	12.910000
565	-141.005355	0.582000	12.730000
566	-140.945355	0.586000	12.820000
567	-140.935355	0.586000	12.750000
568	-140.915355	0.588000	12.640000
569	-140.825355	0.588000	12.760000
570	-140.815355	0.590000	12.820000
571	-140.805355	0.592000	12.760000
572	-140.795355	0.592000	12.850000
573	-140.765355	0.594000	12.630000
574	-140.575355	0.594000	12.640000
575	-140.445355	0.596000	12.680000
576	-140.345355	0.596000	12.550000
577	-140.295355	0.598000	12.580000
578	-140.255355	0.598000	12.730000
579	-140.155355	0.598000	12.610000
580	-140.095355	0.602000	12.670000
581	-139.935355	0.602000	12.860000
582	-139.755355	0.604000	12.760000
583	-139.725355	0.604000	12.860000
584	-139.675355	0.605000	12.930000
585	-139.595355	0.605000	12.450000
586	-139.495355	0.605000	12.760000
587	-139.485355	0.607000	12.830000
588	-139.315355	0.609000	12.640000
589	-139.305355	0.609000	12.670000
590	-139.125355	0.611000	12.900000
591	-139.115355	0.611000	12.960000
592	-139.025355	0.613000	12.910000
593	-138.875355	0.613000	12.990000
594	-138.855355	0.613000	12.860000
595	-138.815355	0.615000	12.670000
596	-138.675355	0.615000	13.110000
597	-138.315355	0.615000	12.910000
598	-138.155355	0.619000	12.900000
599	-138.155355	0.619000	12.730000
600	-138.085355	0.621000	12.990000
601	-137.765355	0.621000	13.090000
602	-137.735355	0.623000	12.830000
603	-137.655355	0.623000	12.960000
604	-137.645355	0.625000	12.970000
605	-137.615355	0.625000	12.970000
606	-137.595355	0.627000	12.980000
607	-137.585355	0.627000	13.170000
608	-137.465355	0.629000	13.040000
609	-137.295355	0.629000	13.000000
610	-137.265355	0.629000	12.970000
611	-137.215355	0.631000	13.200000
612	-137.085355	0.633000	12.960000
613	-137.075355	0.633000	13.240000
614	-136.985355	0.635000	13.060000
615	-136.875355	0.635000	12.960000
616	-136.875355	0.637000	13.000000
617	-136.845355	0.637000	12.980000
618	-136.775355	0.637000	13.110000
619	-136.745355	0.639000	13.050000
620	-136.675355	0.641000	13.010000
621	-136.665355	0.641000	12.850000
622	-136.605355	0.643000	13.180000
623	-136.605355	0.645000	13.030000
624	-136.455355	0.645000	13.000000
625	-136.445355	0.645000	12.960000
626	-136.245355	0.647000	12.890000
627	-136.185355	0.648000	13.060000
628	-136.165355	0.648000	12.810000
629	-136.055355	0.650000	13.100000
630	-136.055355	0.650000	13.020000
631	-136.045355	0.652000	12.980000
632	-135.975355	0.652000	12.830000
633	-135.925355	0.652000	13.060000
634	-135.805355	0.654000	13.090000
635	-135.625355	0.656000	13.050000
636	-135.595355	0.656000	12.990000
637	-135.585355	0.658000	12.850000
638	-135.485355	0.658000	13.110000
639	-135.395355	0.660000	12.980000
640	-135.385355	0.660000	13.040000
641	-135.215355	0.662000	13.280000
642	-135.205355	0.662000	12.920000
643	-134.995355	0.662000	13.140000
644	-134.925355	0.664000	13.280000
645	-134.915355	0.666000	13.390000
646	-134.885355	0.666000	12.920000
647	-134.825355	0.670000	13.210000
648	-134.715355	0.670000	13.160000
649	-134.695355	0.672000	13.360000
650	-134.665355	0.672000	13.530000
651	-134.505355	0.674000	13.300000
652	-134.395355	0.676000	13.010000
653	-134.315355	0.676000	13.140000
654	-134.265355	0.678000	13.360000
655	-134.225355	0.678000	13.340000
656	-134.215355	0.680000	13.320000
657	-134.175355	0.680000	13.380000
658	-134.145355	0.682000	13.430000
659	-134.115355	0.682000	13.230000
660	-134.095355	0.684000	13.250000
661	-134.095355	0.684000	13.210000
662	-134.065355	0.686000	13.260000
663	-134.005355	0.686000	13.220000
664	-133.845355	0.688000	13.170000
665	-133.195355	0.688000	13.180000
666	-133.175355	0.689000	13.260000
667	-133.005355	0.689000	13.380000
668	-132.945355	0.691000	13.340000
669	-132.935355	0.691000	13.300000
670	-132.915355	0.693000	13.260000
671	-132.655355	0.693000	13.380000
672	-132.645355	0.695000	13.410000
673	-132.645355	0.695000	13.360000
674	-132.415355	0.697000	13.310000
675	-132.395355	0.697000	13.320000
676	-132.385355	0.699000	13.230000
677	-132.295355	0.699000	13.420000
678	-132.155355	0.701000	13.570000
679	-132.145355	0.701000	13.270000
680	-132.115355	0.703000	13.400000
681	-132.075355	0.703000	13.230000
682	-132.075355	0.705000	13.460000
683	-132.045355	0.707000	13.350000
684	-132.025355	0.707000	13.250000
685	-132.015355	0.709000	13.410000
686	-132.015355	0.709000	13.280000
687	-132.015355	0.711000	13.290000
688	-131.775355	0.711000	13.470000
689	-131.735355	0.713000	13.430000
690	-131.725355	0.713000	13.360000
691	-131.715355	0.715000	13.300000
692	-131.665355	0.715000	13.430000
693	-131.645355	0.717000	13.420000
694	-131.545355	0.717000	13.470000
695	-131.505355	0.719000	13.480000
696	-131.345355	0.719000	13.500000
697	-131.285355	0.721000	13.360000
698	-131.155355	0.721000	13.410000
699	-131.105355	0.723000	13.330000
700	-130.985355	0.723000	13.470000
701	-130.775355	0.725000	13.190000
702	-130.735355	0.727000	13.470000
703	-130.485355	0.727000	13.490000
704	-130.405355	0.729000	13.260000
705	-130.335355	0.729000	13.470000
706	-130.285355	0.731000	13.530000
707	-130.225355	0.731000	13.520000
708	-130.155355	0.732000	13.450000
709	-130.145355	0.732000	13.630000
710	-130.135355	0.734000	13.540000
711	-130.065355	0.734000	13.360000
712	-129.945355	0.736000	13.400000
713	-129.935355	0.736000	13.460000
714	-129.875355	0.738000	13.480000
715	-129.825355	0.738000	13.430000
716	-129.455355	0.740000	13.520000
717	-129.435355	0.740000	13.600000
718	-129.425355	0.740000	13.450000
719	-129.375355	0.740000	13.720000
720	-129.315355	0.744000	13.620000
721	-129.315355	0.744000	13.500000
722	-129.185355	0.746000	13.640000
723	-129.095355	0.748000	13.640000
724	-129.035355	0.748000	13.500000
725	-128.905355	0.750000	13.400000
726	-128.785355	0.750000	13.500000
727	-128.705355	0.754000	13.590000
728	-128.695355	0.754000	13.450000
729	-128.615355	0.754000	13.500000
730	-128.585355	0.756000	13.430000
731	-128.565355	0.756000	13.410000
732	-128.505355	0.760000	13.500000
733	-128.455355	0.760000	13.470000
734	-127.995355	0.762000	13.790000
735	-127.925355	0.762000	13.690000
736	-127.855355	0.762000	13.650000
737	-127.675355	0.764000	13.590000
738	-127.555355	0.766000	13.810000
739	-127.515355	0.768000	13.920000
740	-127.505355	0.768000	13.850000
741	-127.475355	0.768000	13.810000
742	-127.325355	0.770000	13.800000
743	-127.295355	0.770000	13.800000
744	-127.245355	0.770000	13.620000
745	-127.225355	0.772000	13.630000
746	-127.215355	0.773000	13.730000
747	-127.205355	0.773000	13.670000
748	-127.055355	0.775000	13.780000
749	-126.895355	0.775000	13.720000
750	-126.875355	0.777000	13.620000
751	-126.815355	0.777000	13.790000
752	-126.805355	0.779000	13.850000
753	-126.715355	0.781000	13.720000
754	-126.705355	0.781000	13.900000
755	-126.675355	0.783000	13.700000
756	-126.495355	0.783000	13.860000
757	-126.325355	0.785000	13.970000
758	-126.325355	0.785000	13.530000
759	-126.265355	0.785000	13.850000
760	-126.175355	0.787000	13.720000
761	-126.045355	0.789000	13.750000
762	-126.045355	0.789000	13.740000
763	-125.835355	0.791000	13.760000
764	-125.815355	0.791000	13.840000
765	-125.785355	0.793000	13.740000
766	-125.665355	0.793000	13.730000
767	-125.655355	0.793000	13.720000
768	-125.605355	0.795000	13.840000
769	-125.585355	0.797000	13.790000
770	-125.525355	0.797000	13.870000
771	-125.395355	0.797000	13.850000
772	-125.395355	0.799000	13.790000
773	-125.235355	0.801000	13.790000
774	-125.205355	0.801000	13.770000
775	-124.775355	0.801000	13.670000
776	-124.595355	0.803000	13.820000
777	-124.585355	0.805000	13.860000
778	-124.565355	0.805000	14.050000
779	-124.445355	0.807000	13.790000
780	-124.275355	0.807000	14.020000
781	-124.105355	0.809000	13.770000
782	-124.095355	0.811000	13.880000
783	-123.885355	0.811000	13.940000
784	-123.855355	0.813000	13.840000
785	-123.845355	0.813000	14.080000
786	-123.805355	0.814000	13.790000
787	-123.665355	0.814000	13.790000
788	-123.635355	0.816000	13.860000
789	-123.635355	0.816000	13.970000
790	-123.635355	0.816000	14.000000
791	-123.625355	0.818000	13.790000
792	-123.515355	0.818000	14.070000
793	-123.375355	0.822000	14.010000
794	-123.195355	0.822000	13.890000
795	-123.195355	0.824000	13.860000
796	-123.145355	0.824000	13.930000
797	-122.985355	0.824000	13.930000
798	-122.925355	0.826000	14.180000
799	-122.885355	0.830000	14.060000
800	-122.765355	0.830000	14.100000
801	-122.725355	0.830000	13.840000
802	-122.565355	0.832000	13.970000
803	-122.515355	0.832000	13.870000
804	-122.495355	0.836000	14.000000
805	-122.445355	0.836000	14.030000
806	-122.445355	0.838000	13.870000
807	-122.435355	0.838000	13.990000
808	-122.335355	0.840000	13.800000
809	-122.175355	0.840000	13.960000
810	-122.165355	0.842000	14.000000
811	-122.115355	0.846000	14.040000
812	-122.075355	0.844000	14.070000
813	-121.895355	0.846000	14.190000
814	-121.895355	0.846000	14.010000
815	-121.845355	0.848000	13.990000
816	-121.815355	0.848000	13.930000
817	-121.765355	0.850000	13.940000
818	-121.755355	0.850000	14.120000
819	-121.725355	0.850000	13.960000
820	-121.655355	0.852000	14.040000
821	-121.425355	0.854000	14.090000
822	-121.365355	0.855000	14.120000
823	-121.325355	0.855000	14.120000
824	-121.215355	0.857000	14.220000
825	-121.145355	0.857000	14.160000
826	-121.115355	0.859000	14.170000
827	-121.105355	0.859000	14.040000
828	-121.105355	0.861000	14.110000
829	-121.045355	0.861000	14.270000
830	-120.945355	0.863000	14.150000
831	-120.665355	0.863000	14.180000
832	-120.605355	0.865000	14.250000
833	-120.495355	0.865000	14.340000
834	-120.325355	0.867000	14.160000
835	-120.265355	0.867000	14.210000
836	-120.205355	0.869000	14.120000
837	-120.185355	0.869000	14.350000
838	-120.165355	0.871000	14.250000
839	-120.145355	0.871000	14.290000
840	-120.095355	0.873000	14.170000
841	-119.945355	0.877000	14.190000
842	-119.875355	0.875000	14.390000
843	-119.805355	0.877000	14.400000
844	-119.775355	0.877000	14.090000
845	-119.725355	0.879000	14.180000
846	-119.615355	0.879000	14.270000
847	-119.575355	0.881000	14.130000
848	-119.505355	0.881000	14.130000
849	-119.445355	0.883000	14.240000
850	-119.355355	0.885000	14.450000
851	-119.195355	0.885000	14.140000
852	-119.095355	0.887000	14.180000
853	-119.005355	0.887000	14.270000
854	-118.865355	0.889000	14.270000
855	-118.585355	0.889000	14.150000
856	-118.535355	0.893000	14.230000
857	-118.505355	0.893000	14.210000
858	-118.365355	0.893000	14.270000
859	-118.325355	0.895000	14.420000
860	-118.155355	0.895000	14.230000
861	-118.105355	0.897000	14.380000
862	-117.995355	0.897000	14.460000
863	-117.895355	0.898000	14.390000
864	-117.765355	0.898000	14.370000
865	-117.565355	0.900000	14.360000
866	-117.505355	0.900000	14.180000
867	-117.485355	0.902000	14.350000
868	-117.355355	0.902000	14.410000
869	-117.345355	0.904000	14.320000
870	-117.335355	0.904000	14.320000
871	-117.315355	0.906000	14.470000
872	-117.185355	0.908000	14.400000
873	-117.145355	0.908000	14.350000
874	-117.125355	0.908000	14.360000
875	-117.055355	0.910000	14.310000
876	-117.025355	0.910000	14.470000
877	-116.915355	0.912000	14.380000
878	-116.735355	0.912000	14.380000
879	-116.695355	0.914000	14.260000
880	-116.695355	0.914000	14.290000
881	-116.645355	0.916000	14.630000
882	-116.545355	0.916000	14.640000
883	-116.435355	0.918000	14.650000
884	-116.405355	0.920000	14.610000
885	-116.405355	0.922000	14.180000
886	-116.295355	0.922000	14.790000
887	-116.285355	0.924000	14.350000
888	-116.265355	0.924000	14.550000
889	-116.235355	0.926000	14.510000
890	-116.215355	0.926000	14.530000
891	-116.095355	0.926000	14.600000
892	-116.015355	0.928000	14.530000
893	-115.965355	0.930000	14.520000
894	-115.915355	0.930000	14.310000
895	-115.885355	0.932000	14.520000
896	-115.815355	0.932000	14.450000
897	-115.675355	0.934000	14.680000
898	-115.625355	0.934000	14.490000
899	-115.455355	0.934000	14.590000
900	-115.435355	0.938000	14.450000
901	-115.265355	0.938000	14.430000
902	-115.165355	0.939000	14.600000
903	-115.105355	0.939000	14.720000
904	-115.105355	0.941000	14.630000
905	-115.045355	0.941000	14.600000
906	-114.925355	0.941000	14.670000
907	-114.895355	0.943000	14.440000
908	-114.745355	0.945000	14.460000
909	-114.715355	0.943000	14.520000
910	-114.675355	0.947000	14.460000
911	-114.665355	0.947000	14.490000
912	-114.575355	0.949000	14.370000
913	-114.555355	0.949000	14.510000
914	-114.355355	0.949000	14.500000
915	-114.205355	0.951000	14.490000
916	-114.135355	0.953000	14.500000
917	-114.055355	0.953000	14.670000
918	-113.845355	0.955000	14.520000
919	-113.765355	0.955000	14.780000
920	-113.685355	0.957000	14.540000
921	-113.645355	0.957000	14.890000
922	-113.385355	0.959000	14.760000
923	-113.355355	0.961000	14.620000
924	-113.135355	0.961000	14.700000
925	-113.065355	0.963000	14.700000
926	-113.025355	0.963000	14.760000
927	-112.975355	0.965000	14.680000
928	-112.975355	0.965000	14.920000
929	-112.975355	0.965000	14.710000
930	-112.945355	0.967000	14.790000
931	-112.775355	0.971000	14.600000
932	-112.715355	0.969000	14.800000
933	-112.675355	0.971000	14.600000
934	-112.665355	0.971000	14.570000
935	-112.555355	0.973000	14.680000
936	-112.525355	0.973000	14.770000
937	-112.375355	0.973000	14.640000
938	-112.255355	0.975000	14.520000
939	-112.215355	0.977000	13.520000
940	-111.995355	0.979000	14.860000
941	-111.865355	0.979000	14.790000
942	-111.835355	0.981000	13.450000
943	-111.665355	0.981000	13.560000
944	-111.615355	0.981000	14.920000
945	-111.515355	0.982000	13.580000
946	-111.505355	0.984000	13.530000
947	-111.375355	0.986000	13.530000
948	-111.295355	0.986000	13.430000
949	-111.245355	0.986000	13.570000
950	-111.225355	0.988000	13.510000
951	-111.125355	0.988000	14.310000
952	-111.085355	0.988000	13.420000
953	-111.065355	0.990000	13.380000
954	-111.055355	0.992000	13.400000
955	-111.005355	0.992000	13.420000
956	-110.945355	0.994000	13.440000
957	-110.905355	0.994000	13.460000
958	-110.885355	0.996000	13.660000
959	-110.855355	0.996000	13.490000
960	-110.795355	0.998000	13.490000
961	-110.675355	0.998000	13.450000
962	-110.615355	1.002000	13.540000
963	-110.545355	1.000000	13.470000
964	-110.405355	1.002000	13.480000
965	-110.365355	1.004000	13.560000
966	-110.255355	1.006000	13.870000
967	-110.075355	1.006000	13.760000
968	-110.015355	1.008000	13.710000
969	-109.985355	1.008000	13.630000
970	-109.925355	1.010000	13.480000
971	-109.915355	1.012000	13.620000
972	-109.915355	1.012000	13.490000
973	-109.755355	1.014000	13.480000
974	-109.635355	1.014000	13.560000
975	-109.625355	1.016000	13.630000
976	-109.365355	1.016000	13.620000
977	-109.345355	1.018000	13.640000
978	-109.315355	1.018000	13.610000
979	-109.265355	1.020000	13.850000
980	-109.225355	1.020000	13.820000
981	-109.155355	1.022000	13.580000
982	-109.025355	1.023000	13.690000
983	-109.005355	1.023000	13.770000
984	-108.845355	1.025000	13.810000
985	-108.825355	1.025000	13.540000
986	-108.815355	1.027000	13.580000
987	-108.635355	1.027000	13.510000
988	-108.635355	1.029000	13.600000
989	-108.615355	1.029000	13.790000
990	-108.545355	1.031000	13.720000
991	-108.355355	1.033000	13.650000
992	-108.245355	1.033000	13.810000
993	-108.205355	1.035000	13.710000
994	-108.165355	1.035000	13.810000
995	-108.155355	1.037000	13.820000
996	-108.115355	1.037000	13.550000
997	-107.985355	1.037000	13.770000
998	-107.985355	1.037000	13.710000
999	-107.865355	1.041000	13.850000
1000	-107.855355	1.043000	14.020000
1001	-107.825355	1.043000	13.700000
1002	-107.675355	1.045000	13.920000
1003	-107.645355	1.045000	13.930000
1004	-107.545355	1.047000	13.730000
1005	-107.525355	1.047000	13.710000
1006	-107.505355	1.049000	13.680000
1007	-107.475355	1.049000	13.760000
1008	-107.465355	1.051000	13.620000
1009	-107.445355	1.051000	13.770000
1010	-107.245355	1.053000	13.750000
1011	-107.205355	1.053000	13.680000
1012	-107.145355	1.055000	13.940000
1013	-107.085355	1.055000	13.680000
1014	-106.955355	1.057000	13.960000
1015	-106.945355	1.057000	13.660000
1016	-106.755355	1.059000	13.700000
1017	-106.635355	1.059000	13.870000
1018	-106.235355	1.061000	13.790000
1019	-105.975355	1.061000	14.010000
1020	-105.785355	1.064000	13.970000
1021	-105.755355	1.064000	13.980000
1022	-105.655355	1.064000	13.870000
1023	-105.655355	1.066000	13.880000
1024	-105.625355	1.066000	13.900000
1025	-105.535355	1.068000	14.190000
1026	-105.535355	1.068000	13.990000
1027	-105.455355	1.070000	13.880000
1028	-105.365355	1.068000	14.100000
1029	-105.095355	1.072000	14.020000
1030	-104.975355	1.072000	13.940000
1031	-104.875355	1.074000	14.070000
1032	-104.665355	1.074000	13.980000
1033	-104.625355	1.076000	14.040000
1034	-104.495355	1.076000	13.970000
1035	-104.485355	1.078000	13.960000
1036	-104.365355	1.078000	13.920000
1037	-104.295355	1.080000	13.970000
1038	-104.235355	1.080000	13.950000
1039	-103.975355	1.082000	13.770000
1040	-103.875355	1.082000	14.070000
1041	-103.845355	1.084000	14.520000
1042	-103.745355	1.086000	14.020000
1043	-103.645355	1.088000	14.080000
1044	-103.625355	1.088000	14.070000
1045	-103.515355	1.090000	14.080000
1046	-103.515355	1.090000	14.140000
1047	-103.495355	1.090000	14.140000
1048	-103.455355	1.092000	14.170000
1049	-103.355355	1.096000	13.980000
1050	-103.255355	1.096000	13.980000
1051	-103.225355	1.096000	14.380000
1052	-103.225355	1.098000	14.200000
1053	-103.195355	1.098000	14.060000
1054	-103.195355	1.098000	13.800000
1055	-103.095355	1.100000	14.110000
1056	-103.095355	1.102000	14.260000
1057	-102.995355	1.102000	14.240000
1058	-102.705355	1.104000	14.270000
1059	-102.675355	1.104000	14.180000
1060	-102.675355	1.105000	14.210000
1061	-102.645355	1.105000	14.270000
1062	-102.575355	1.107000	14.250000
1063	-102.515355	1.109000	14.030000
1064	-102.445355	1.109000	14.060000
1065	-102.365355	1.111000	14.250000
1066	-102.085355	1.111000	14.240000
1067	-101.995355	1.113000	14.330000
1068	-101.925355	1.113000	14.170000
1069	-101.895355	1.115000	14.140000
1070	-101.895355	1.117000	14.070000
1071	-101.765355	1.117000	14.200000
1072	-101.445355	1.119000	14.130000
1073	-101.385355	1.119000	14.270000
1074	-101.355355	1.121000	14.230000
1075	-101.285355	1.121000	14.180000
1076	-101.285355	1.121000	14.250000
1077	-101.255355	1.123000	14.280000
1078	-101.245355	1.125000	14.140000
1079	-101.225355	1.127000	14.240000
1080	-101.215355	1.127000	14.280000
1081	-101.205355	1.129000	14.110000
1082	-101.185355	1.129000	14.160000
1083	-101.185355	1.129000	14.090000
1084	-101.185355	1.131000	14.320000
1085	-101.095355	1.133000	14.110000
1086	-101.085355	1.133000	14.090000
1087	-101.075355	1.135000	14.180000
1088	-100.985355	1.135000	14.340000
1089	-100.815355	1.137000	14.190000
1090	-100.795355	1.137000	14.220000
1091	-100.695355	1.137000	14.030000
1092	-100.555355	1.139000	14.390000
1093	-100.465355	1.141000	14.200000
1094	-100.415355	1.141000	14.250000
1095	-100.135355	1.143000	14.370000
1096	-100.105355	1.143000	14.370000
1097	-100.055355	1.145000	14.430000
1098	-99.955355	1.145000	14.430000
1099	-99.765355	1.147000	14.160000
1100	-99.685355	1.148000	14.220000
1101	-99.565355	1.148000	14.340000
1102	-99.495355	1.150000	14.360000
1103	-99.395355	1.150000	14.270000
1104	-99.315355	1.152000	14.410000
1105	-99.285355	1.152000	14.350000
1106	-99.175355	1.152000	14.560000
1107	-99.165355	1.154000	14.390000
1108	-99.145355	1.156000	14.330000
1109	-98.955355	1.158000	14.380000
1110	-98.915355	1.158000	14.420000
1111	-98.875355	1.158000	14.370000
1112	-98.555355	1.160000	14.360000
1113	-98.525355	1.160000	14.550000
1114	-98.515355	1.160000	14.380000
1115	-98.455355	1.162000	14.330000
1116	-98.405355	1.164000	14.320000
1117	-98.395355	1.164000	14.330000
1118	-98.395355	1.166000	14.560000
1119	-98.385355	1.170000	14.300000
1120	-98.355355	1.170000	14.490000
1121	-98.345355	1.172000	14.540000
1122	-98.185355	1.172000	14.470000
1123	-98.095355	1.174000	14.510000
1124	-97.995355	1.174000	14.440000
1125	-97.955355	1.176000	14.710000
1126	-97.675355	1.176000	14.290000
1127	-97.495355	1.178000	14.420000
1128	-97.475355	1.180000	14.580000
1129	-97.305355	1.180000	14.480000
1130	-97.205355	1.182000	14.350000
1131	-97.175355	1.182000	14.720000
1132	-97.105355	1.184000	14.340000
1133	-96.935355	1.184000	14.560000
1134	-96.925355	1.186000	14.390000
1135	-96.845355	1.186000	14.320000
1136	-96.825355	1.189000	14.660000
1137	-96.685355	1.189000	14.490000
1138	-96.675355	1.189000	14.460000
1139	-96.625355	1.191000	14.700000
1140	-96.595355	1.191000	14.580000
1141	-96.485355	1.193000	14.330000
1142	-96.445355	1.193000	14.480000
1143	-96.385355	1.195000	14.560000
1144	-96.375355	1.195000	14.530000
1145	-96.365355	1.197000	14.510000
1146	-96.355355	1.197000	14.430000
1147	-96.175355	1.199000	14.290000
1148	-96.165355	1.199000	14.720000
1149	-95.955355	1.201000	14.660000
1150	-95.875355	1.201000	14.520000
1151	-95.755355	1.203000	14.580000
1152	-95.555355	1.203000	14.740000
1153	-95.465355	1.205000	14.560000
1154	-95.365355	1.205000	14.720000
1155	-95.325355	1.207000	14.460000
1156	-95.295355	1.207000	14.430000
1157	-95.135355	1.209000	14.610000
1158	-94.975355	1.209000	14.640000
1159	-94.885355	1.211000	14.660000
1160	-94.825355	1.213000	14.520000
1161	-94.805355	1.213000	14.710000
1162	-94.785355	1.215000	14.660000
1163	-94.775355	1.215000	14.730000
1164	-94.715355	1.217000	14.690000
1165	-94.695355	1.217000	14.780000
1166	-94.645355	1.219000	14.770000
1167	-94.645355	1.221000	14.680000
1168	-94.495355	1.221000	14.630000
1169	-94.495355	1.223000	14.630000
1170	-94.365355	1.223000	14.690000
1171	-94.295355	1.225000	14.600000
1172	-94.265355	1.225000	14.660000
1173	-94.165355	1.227000	14.630000
1174	-94.075355	1.225000	14.790000
1175	-94.045355	1.229000	14.570000
1176	-93.895355	1.231000	14.800000
1177	-93.795355	1.231000	14.850000
1178	-93.785355	1.232000	14.590000
1179	-93.745355	1.232000	14.820000
1180	-93.695355	1.234000	14.760000
1181	-93.685355	1.234000	14.610000
1182	-93.615355	1.236000	14.980000
1183	-93.575355	1.236000	14.850000
1184	-93.445355	1.238000	14.810000
1185	-93.335355	1.238000	14.960000
1186	-93.155355	1.240000	14.980000
1187	-93.105355	1.242000	14.760000
1188	-92.845355	1.242000	14.760000
1189	-92.645355	1.244000	14.820000
1190	-92.575355	1.244000	14.970000
1191	-92.405355	1.246000	14.890000
1192	-92.285355	1.246000	14.960000
1193	-92.275355	1.248000	14.860000
1194	-92.195355	1.248000	14.880000
1195	-92.155355	1.250000	14.680000
1196	-92.105355	1.250000	14.860000
1197	-92.025355	1.254000	14.900000
1198	-91.895355	1.254000	14.880000
1199	-91.865355	1.254000	14.770000
1200	-91.835355	1.256000	14.790000
1201	-91.835355	1.258000	14.920000
1202	-91.825355	1.258000	14.800000
1203	-91.805355	1.260000	15.030000
1204	-91.735355	1.260000	14.940000
1205	-91.625355	1.262000	14.870000
1206	-91.455355	1.262000	14.920000
1207	-91.445355	1.264000	14.850000
1208	-91.445355	1.264000	14.870000
1209	-91.285355	1.266000	14.940000
1210	-91.145355	1.266000	14.680000
1211	-90.965355	1.268000	14.910000
1212	-90.855355	1.268000	15.090000
1213	-90.835355	1.270000	15.100000
1214	-90.815355	1.270000	14.900000
1215	-90.815355	1.270000	14.890000
1216	-90.725355	1.272000	14.750000
1217	-90.625355	1.272000	14.840000
1218	-90.525355	1.273000	15.090000
1219	-90.475355	1.275000	14.890000
1220	-90.435355	1.275000	14.960000
1221	-90.405355	1.277000	14.980000
1222	-90.335355	1.277000	14.990000
1223	-90.225355	1.277000	14.990000
1224	-90.215355	1.279000	15.160000
1225	-90.145355	1.281000	14.820000
1226	-90.025355	1.281000	14.930000
1227	-90.005355	1.283000	15.220000
1228	-89.965355	1.283000	14.980000
1229	-89.885355	1.285000	15.180000
1230	-89.785355	1.285000	15.080000
1231	-89.645355	1.285000	14.980000
1232	-89.595355	1.287000	15.110000
1233	-89.555355	1.289000	15.200000
1234	-89.405355	1.289000	15.120000
1235	-89.335355	1.291000	15.090000
1236	-89.085355	1.291000	15.030000
1237	-88.875355	1.293000	15.140000
1238	-88.775355	1.293000	14.860000
1239	-88.665355	1.293000	15.150000
1240	-88.535355	1.295000	15.220000
1241	-88.525355	1.297000	14.890000
1242	-88.425355	1.297000	15.190000
1243	-88.335355	1.299000	15.060000
1244	-88.135355	1.299000	15.230000
1245	-87.935355	1.301000	15.170000
1246	-87.785355	1.301000	15.270000
1247	-87.775355	1.303000	15.420000
1248	-87.735355	1.303000	15.240000
1249	-87.735355	1.303000	15.190000
1250	-87.635355	1.305000	15.200000
1251	-87.605355	1.307000	15.390000
1252	-87.605355	1.307000	15.250000
1253	-87.555355	1.309000	15.260000
1254	-87.505355	1.309000	15.100000
1255	-87.485355	1.309000	15.250000
1256	-87.465355	1.311000	15.270000
1257	-87.415355	1.314000	15.140000
1258	-87.395355	1.313000	15.190000
1259	-87.355355	1.314000	15.320000
1260	-87.285355	1.314000	15.250000
1261	-87.165355	1.316000	15.320000
1262	-87.025355	1.316000	15.220000
1263	-87.015355	1.316000	15.280000
1264	-87.005355	1.318000	15.300000
1265	-86.975355	1.320000	15.300000
1266	-86.835355	1.320000	15.190000
1267	-86.815355	1.322000	15.240000
1268	-86.805355	1.324000	15.020000
1269	-86.785355	1.324000	15.350000
1270	-86.755355	1.324000	15.400000
1271	-86.605355	1.326000	15.370000
1272	-86.565355	1.328000	15.290000
1273	-86.555355	1.328000	15.360000
1274	-86.545355	1.330000	15.530000
1275	-86.515355	1.330000	15.300000
1276	-86.475355	1.332000	15.270000
1277	-86.375355	1.332000	15.360000
1278	-86.365355	1.334000	15.320000
1279	-86.265355	1.336000	15.290000
1280	-86.145355	1.338000	15.170000
1281	-86.005355	1.338000	15.320000
1282	-85.995355	1.340000	15.390000
1283	-85.905355	1.340000	15.470000
1284	-85.845355	1.342000	15.350000
1285	-85.725355	1.342000	15.520000
1286	-85.545355	1.346000	15.430000
1287	-85.465355	1.344000	15.280000
1288	-85.395355	1.346000	15.430000
1289	-85.275355	1.348000	15.320000
1290	-85.225355	1.348000	15.400000
1291	-85.065355	1.350000	15.410000
1292	-85.055355	1.350000	15.380000
1293	-84.855355	1.352000	15.470000
1294	-84.765355	1.352000	15.560000
1295	-84.685355	1.354000	15.320000
1296	-84.555355	1.354000	15.470000
1297	-84.455355	1.355000	15.320000
1298	-84.435355	1.357000	15.330000
1299	-84.405355	1.357000	15.490000
1300	-84.375355	1.359000	15.280000
1301	-84.355355	1.359000	15.340000
1302	-84.275355	1.361000	15.570000
1303	-84.195355	1.361000	15.260000
1304	-84.175355	1.363000	15.550000
1305	-84.155355	1.363000	15.400000
1306	-84.135355	1.365000	15.590000
1307	-83.975355	1.365000	15.320000
1308	-83.925355	1.367000	15.520000
1309	-83.885355	1.365000	15.460000
1310	-83.875355	1.369000	15.570000
1311	-83.835355	1.369000	15.300000
1312	-83.725355	1.371000	15.420000
1313	-83.635355	1.371000	15.360000
1314	-83.185355	1.373000	15.410000
1315	-82.875355	1.373000	15.580000
1316	-82.855355	1.375000	15.610000
1317	-82.845355	1.375000	15.420000
1318	-82.825355	1.377000	15.510000
1319	-82.695355	1.377000	15.370000
1320	-82.645355	1.379000	15.480000
1321	-82.575355	1.379000	15.490000
1322	-82.385355	1.381000	15.620000
1323	-82.315355	1.381000	15.540000
1324	-82.305355	1.383000	15.470000
1325	-82.305355	1.383000	15.630000
1326	-82.245355	1.385000	15.520000
1327	-82.225355	1.385000	15.620000
1328	-82.205355	1.387000	15.670000
1329	-82.125355	1.389000	15.510000
1330	-81.965355	1.389000	15.690000
1331	-81.915355	1.391000	15.690000
1332	-81.755355	1.391000	15.600000
1333	-81.695355	1.393000	15.550000
1334	-81.655355	1.393000	15.780000
1335	-81.575355	1.395000	15.580000
1336	-81.515355	1.395000	15.680000
1337	-81.385355	1.397000	15.580000
1338	-81.315355	1.397000	15.610000
1339	-81.155355	1.397000	15.730000
1340	-81.115355	1.398000	15.680000
1341	-81.055355	1.400000	15.650000
1342	-81.005355	1.400000	15.950000
1343	-80.955355	1.402000	15.640000
1344	-80.875355	1.402000	15.430000
1345	-80.755355	1.404000	15.570000
1346	-80.745355	1.404000	15.590000
1347	-80.745355	1.406000	15.550000
1348	-80.705355	1.406000	15.660000
1349	-80.665355	1.408000	15.780000
1350	-80.565355	1.408000	15.730000
1351	-80.555355	1.410000	15.610000
1352	-80.525355	1.410000	15.720000
1353	-80.415355	1.412000	15.550000
1354	-80.275355	1.412000	15.650000
1355	-80.255355	1.414000	15.710000
1356	-80.245355	1.414000	15.670000
1357	-80.045355	1.416000	15.740000
1358	-80.005355	1.416000	15.630000
1359	-80.005355	1.420000	15.690000
1360	-79.835355	1.422000	15.710000
1361	-79.745355	1.422000	15.820000
1362	-79.615355	1.424000	15.730000
1363	-79.535355	1.424000	15.880000
1364	-79.495355	1.426000	15.850000
1365	-79.205355	1.426000	15.680000
1366	-79.205355	1.428000	15.740000
1367	-79.025355	1.428000	15.730000
1368	-78.925355	1.430000	15.760000
1369	-78.915355	1.432000	15.810000
1370	-78.905355	1.432000	15.780000
1371	-78.825355	1.434000	15.850000
1372	-78.725355	1.434000	15.940000
1373	-78.545355	1.434000	15.890000
1374	-78.525355	1.436000	15.760000
1375	-78.465355	1.438000	15.870000
1376	-78.355355	1.439000	15.740000
1377	-78.245355	1.439000	15.850000
1378	-77.755355	1.441000	15.890000
1379	-77.725355	1.441000	15.990000
1380	-77.485355	1.441000	15.970000
1381	-77.485355	1.443000	15.560000
1382	-77.465355	1.445000	15.670000
1383	-77.455355	1.445000	15.900000
1384	-77.445355	1.447000	15.930000
1385	-77.415355	1.447000	15.930000
1386	-77.365355	1.449000	15.970000
1387	-77.355355	1.449000	15.930000
1388	-77.305355	1.451000	15.950000
1389	-77.305355	1.453000	15.790000
1390	-77.255355	1.453000	16.050000
1391	-77.205355	1.455000	15.930000
1392	-76.845355	1.455000	15.880000
1393	-76.825355	1.457000	15.850000
1394	-76.795355	1.457000	16.030000
1395	-76.785355	1.457000	15.890000
1396	-76.695355	1.459000	16.080000
1397	-76.585355	1.461000	15.940000
1398	-76.565355	1.459000	15.860000
1399	-76.335355	1.463000	16.170000
1400	-76.195355	1.463000	16.020000
1401	-76.125355	1.465000	16.100000
1402	-76.045355	1.465000	15.980000
1403	-75.945355	1.465000	16.110000
1404	-75.855355	1.467000	16.130000
1405	-75.845355	1.469000	16.010000
1406	-75.845355	1.469000	15.980000
1407	-75.785355	1.471000	15.940000
1408	-75.575355	1.473000	16.020000
1409	-75.535355	1.473000	16.150000
1410	-75.465355	1.473000	16.020000
1411	-75.395355	1.475000	16.030000
1412	-75.375355	1.477000	15.960000
1413	-75.315355	1.477000	16.100000
1414	-75.195355	1.479000	16.100000
1415	-75.165355	1.479000	16.000000
1416	-75.165355	1.481000	16.120000
1417	-74.915355	1.481000	16.120000
1418	-74.915355	1.482000	16.140000
1419	-74.805355	1.482000	16.040000
1420	-74.715355	1.484000	16.140000
1421	-74.645355	1.484000	16.160000
1422	-74.305355	1.486000	16.000000
1423	-74.295355	1.486000	16.170000
1424	-74.225355	1.488000	16.160000
1425	-74.055355	1.488000	16.150000
1426	-73.785355	1.488000	16.320000
1427	-73.725355	1.490000	16.160000
1428	-73.695355	1.492000	16.150000
1429	-73.645355	1.494000	16.190000
1430	-73.605355	1.494000	16.300000
1431	-73.255355	1.496000	16.140000
1432	-73.235355	1.496000	16.340000
1433	-73.195355	1.496000	16.260000
1434	-73.195355	1.498000	16.250000
1435	-73.115355	1.500000	16.210000
1436	-73.075355	1.500000	16.310000
1437	-72.955355	1.504000	16.080000
1438	-72.955355	1.506000	16.320000
1439	-72.935355	1.506000	16.130000
1440	-72.925355	1.508000	16.240000
1441	-72.805355	1.508000	16.180000
1442	-72.805355	1.510000	16.120000
1443	-72.745355	1.510000	16.150000
1444	-72.675355	1.512000	16.200000
1445	-72.565355	1.512000	16.420000
1446	-72.395355	1.514000	16.480000
1447	-72.285355	1.516000	16.230000
1448	-72.245355	1.518000	16.340000
1449	-72.225355	1.518000	16.260000
1450	-72.215355	1.518000	16.160000
1451	-72.165355	1.520000	16.330000
1452	-72.125355	1.520000	16.210000
1453	-72.075355	1.522000	16.400000
1454	-72.035355	1.522000	16.430000
1455	-72.005355	1.523000	16.350000
1456	-71.975355	1.523000	16.380000
1457	-71.945355	1.525000	16.240000
1458	-71.915355	1.525000	16.270000
1459	-71.865355	1.527000	16.280000
1460	-71.805355	1.527000	16.330000
1461	-71.765355	1.529000	16.260000
1462	-71.745355	1.529000	16.350000
1463	-71.715355	1.531000	16.420000
1464	-71.715355	1.531000	16.460000
1465	-71.595355	1.533000	16.370000
1466	-71.285355	1.535000	16.400000
1467	-71.205355	1.535000	16.380000
1468	-71.165355	1.537000	16.370000
1469	-71.145355	1.537000	16.300000
1470	-71.065355	1.539000	16.520000
1471	-70.965355	1.539000	16.500000
1472	-70.795355	1.541000	16.390000
1473	-70.695355	1.541000	16.260000
1474	-70.545355	1.543000	16.610000
1475	-70.355355	1.543000	16.430000
1476	-70.205355	1.545000	16.610000
1477	-70.105355	1.545000	16.560000
1478	-69.975355	1.547000	16.600000
1479	-69.725355	1.547000	16.480000
1480	-69.655355	1.549000	16.560000
1481	-69.575355	1.549000	16.500000
1482	-69.575355	1.551000	16.580000
1483	-69.555355	1.551000	16.490000
1484	-69.505355	1.553000	16.630000
1485	-69.455355	1.553000	16.410000
1486	-69.415355	1.553000	16.740000
1487	-69.385355	1.557000	16.610000
1488	-69.385355	1.557000	16.180000
1489	-69.375355	1.559000	16.370000
1490	-69.335355	1.559000	16.410000
1491	-69.285355	1.561000	16.680000
1492	-69.175355	1.561000	16.430000
1493	-69.105355	1.563000	16.580000
1494	-68.945355	1.563000	16.600000
1495	-68.895355	1.564000	16.600000
1496	-68.885355	1.564000	16.530000
1497	-68.875355	1.566000	16.720000
1498	-68.495355	1.566000	16.700000
1499	-68.485355	1.568000	16.560000
1500	-68.395355	1.568000	16.710000
1501	-68.275355	1.568000	16.600000
1502	-68.225355	1.568000	16.600000
1503	-68.225355	1.572000	16.590000
1504	-68.155355	1.572000	16.400000
1505	-68.135355	1.574000	16.680000
1506	-68.095355	1.574000	16.550000
1507	-68.005355	1.576000	16.640000
1508	-68.005355	1.576000	16.720000
1509	-67.905355	1.578000	16.510000
1510	-67.845355	1.578000	16.780000
1511	-67.735355	1.580000	16.790000
1512	-67.645355	1.580000	16.740000
1513	-67.585355	1.582000	16.690000
1514	-67.435355	1.582000	16.710000
1515	-67.395355	1.586000	16.670000
1516	-67.335355	1.586000	16.720000
1517	-67.315355	1.588000	16.580000
1518	-67.165355	1.590000	16.700000
1519	-67.075355	1.590000	16.770000
1520	-67.055355	1.590000	16.680000
1521	-66.935355	1.592000	16.530000
1522	-66.915355	1.594000	16.730000
1523	-66.905355	1.594000	16.610000
1524	-66.895355	1.596000	16.690000
1525	-66.895355	1.596000	16.710000
1526	-66.895355	1.598000	16.600000
1527	-66.885355	1.598000	16.780000
1528	-66.865355	1.598000	16.530000
1529	-66.755355	1.600000	16.710000
1530	-66.675355	1.602000	16.730000
1531	-66.605355	1.602000	16.850000
1532	-66.425355	1.604000	16.670000
1533	-66.365355	1.604000	16.550000
1534	-66.295355	1.605000	16.620000
1535	-66.075355	1.605000	16.630000
1536	-66.055355	1.607000	16.770000
1537	-65.995355	1.607000	16.690000
1538	-65.965355	1.611000	16.570000
1539	-65.805355	1.609000	16.720000
1540	-65.765355	1.611000	16.730000
1541	-65.575355	1.611000	16.750000
1542	-65.475355	1.613000	16.750000
1543	-65.415355	1.613000	16.750000
1544	-65.405355	1.613000	16.740000
1545	-65.315355	1.615000	16.790000
1546	-65.215355	1.615000	16.680000
1547	-65.175355	1.617000	16.720000
1548	-65.135355	1.619000	16.820000
1549	-65.025355	1.619000	16.610000
1550	-64.915355	1.621000	16.700000
1551	-64.885355	1.621000	16.800000
1552	-64.765355	1.621000	17.010000
1553	-64.625355	1.623000	17.050000
1554	-64.625355	1.625000	16.670000
1555	-64.295355	1.625000	16.820000
1556	-64.285355	1.627000	16.630000
1557	-64.215355	1.627000	16.620000
1558	-64.135355	1.629000	17.010000
1559	-64.135355	1.629000	16.840000
1560	-64.045355	1.629000	16.890000
1561	-64.005355	1.631000	16.830000
1562	-63.985355	1.633000	16.970000
1563	-63.945355	1.633000	16.900000
1564	-63.915355	1.635000	16.810000
1565	-63.845355	1.635000	16.960000
1566	-63.715355	1.637000	17.080000
1567	-63.465355	1.637000	17.010000
1568	-63.375355	1.639000	16.890000
1569	-63.345355	1.641000	16.870000
1570	-63.255355	1.641000	16.940000
1571	-63.255355	1.643000	16.950000
1572	-63.225355	1.643000	16.960000
1573	-63.215355	1.645000	16.890000
1574	-63.195355	1.645000	16.850000
1575	-63.035355	1.645000	17.000000
1576	-63.015355	1.647000	16.850000
1577	-63.005355	1.648000	17.050000
1578	-62.995355	1.650000	16.920000
1579	-62.965355	1.650000	16.990000
1580	-62.825355	1.652000	17.060000
1581	-62.725355	1.652000	17.000000
1582	-62.695355	1.652000	17.110000
1583	-62.655355	1.654000	17.000000
1584	-62.565355	1.656000	16.890000
1585	-62.445355	1.656000	16.970000
1586	-62.235355	1.656000	16.850000
1587	-62.085355	1.658000	17.060000
1588	-61.675355	1.660000	17.100000
1589	-61.665355	1.660000	17.040000
1590	-61.515355	1.660000	17.150000
1591	-61.515355	1.662000	17.030000
1592	-61.225355	1.664000	17.080000
1593	-61.185355	1.664000	17.160000
1594	-61.145355	1.666000	17.170000
1595	-61.145355	1.666000	16.980000
1596	-61.105355	1.670000	17.040000
1597	-61.065355	1.672000	17.200000
1598	-61.015355	1.674000	17.240000
1599	-60.995355	1.674000	17.290000
1600	-60.875355	1.674000	17.080000
1601	-60.815355	1.676000	17.230000
1602	-60.815355	1.676000	17.190000
1603	-60.765355	1.678000	17.210000
1604	-60.715355	1.678000	17.070000
1605	-60.595355	1.680000	17.230000
1606	-60.595355	1.680000	17.060000
1607	-60.465355	1.682000	16.990000
1608	-60.425355	1.682000	17.140000
1609	-60.335355	1.684000	17.230000
1610	-60.225355	1.684000	17.120000
1611	-60.185355	1.686000	17.230000
1612	-60.165355	1.686000	17.130000
1613	-60.145355	1.688000	17.200000
1614	-60.015355	1.688000	17.050000
1615	-60.005355	1.689000	17.180000
1616	-59.805355	1.689000	17.260000
1617	-59.785355	1.691000	17.040000
1618	-59.665355	1.693000	17.160000
1619	-59.615355	1.693000	17.080000
1620	-59.375355	1.695000	17.170000
1621	-59.375355	1.695000	17.250000
1622	-59.355355	1.697000	17.300000
1623	-59.315355	1.697000	17.150000
1624	-59.245355	1.699000	17.070000
1625	-59.165355	1.699000	17.490000
1626	-59.165355	1.701000	17.300000
1627	-59.105355	1.701000	17.250000
1628	-59.005355	1.705000	17.170000
1629	-58.995355	1.703000	17.180000
1630	-58.895355	1.705000	17.180000
1631	-58.705355	1.705000	17.410000
1632	-58.645355	1.707000	17.180000
1633	-58.555355	1.707000	17.270000
1634	-58.525355	1.709000	17.150000
1635	-58.425355	1.709000	17.210000
1636	-58.415355	1.711000	17.230000
1637	-58.345355	1.711000	17.200000
1638	-58.305355	1.713000	17.300000
1639	-58.195355	1.713000	17.340000
1640	-58.175355	1.715000	17.580000
1641	-58.125355	1.715000	17.410000
1642	-58.045355	1.717000	17.270000
1643	-58.045355	1.717000	17.200000
1644	-57.855355	1.719000	17.410000
1645	-57.705355	1.719000	17.270000
1646	-57.595355	1.721000	17.260000
1647	-57.525355	1.721000	17.330000
1648	-57.445355	1.723000	17.410000
1649	-57.295355	1.725000	17.360000
1650	-57.255355	1.725000	17.330000
1651	-57.035355	1.727000	17.400000
1652	-56.975355	1.727000	17.380000
1653	-56.865355	1.729000	17.360000
1654	-56.805355	1.729000	17.250000
1655	-56.745355	1.731000	17.330000
1656	-56.615355	1.731000	17.400000
1657	-56.585355	1.732000	17.310000
1658	-56.545355	1.736000	17.340000
1659	-56.535355	1.734000	17.520000
1660	-56.435355	1.736000	17.680000
1661	-56.435355	1.736000	17.460000
1662	-56.365355	1.738000	17.310000
1663	-56.355355	1.738000	17.410000
1664	-56.115355	1.740000	17.450000
1665	-55.965355	1.740000	17.540000
1666	-55.625355	1.742000	17.610000
1667	-55.625355	1.742000	17.300000
1668	-55.545355	1.744000	17.590000
1669	-55.395355	1.744000	17.450000
1670	-55.325355	1.746000	17.470000
1671	-55.285355	1.746000	17.630000
1672	-55.245355	1.748000	17.490000
1673	-55.175355	1.748000	17.510000
1674	-55.015355	1.750000	17.650000
1675	-54.895355	1.750000	17.700000
1676	-54.865355	1.754000	17.500000
1677	-54.725355	1.756000	17.590000
1678	-54.475355	1.756000	17.610000
1679	-54.465355	1.758000	17.630000
1680	-54.415355	1.758000	17.660000
1681	-54.345355	1.760000	17.600000
1682	-54.345355	1.760000	17.710000
1683	-54.335355	1.762000	17.590000
1684	-54.325355	1.762000	17.540000
1685	-54.245355	1.762000	17.590000
1686	-54.225355	1.764000	17.630000
1687	-54.225355	1.766000	17.600000
1688	-54.215355	1.768000	17.650000
1689	-54.155355	1.768000	17.600000
1690	-53.955355	1.768000	17.650000
1691	-53.725355	1.770000	17.600000
1692	-53.705355	1.770000	17.730000
1693	-53.655355	1.770000	17.720000
1694	-53.585355	1.772000	17.700000
1695	-53.565355	1.773000	17.540000
1696	-53.475355	1.773000	17.610000
1697	-53.465355	1.775000	17.500000
1698	-53.355355	1.777000	17.530000
1699	-53.095355	1.777000	17.770000
1700	-52.955355	1.777000	17.760000
1701	-52.835355	1.779000	17.670000
1702	-52.815355	1.781000	17.620000
1703	-52.795355	1.781000	17.720000
1704	-52.755355	1.783000	17.570000
1705	-52.655355	1.783000	17.780000
1706	-52.565355	1.785000	17.770000
1707	-52.565355	1.787000	17.630000
1708	-52.555355	1.787000	17.760000
1709	-52.515355	1.789000	17.780000
1710	-52.495355	1.789000	17.790000
1711	-52.485355	1.791000	17.660000
1712	-52.435355	1.791000	17.760000
1713	-52.365355	1.793000	17.830000
1714	-52.355355	1.793000	17.790000
1715	-52.235355	1.793000	17.680000
1716	-52.225355	1.797000	17.690000
1717	-52.125355	1.799000	17.800000
1718	-52.105355	1.799000	17.670000
1719	-52.095355	1.799000	17.810000
1720	-52.075355	1.801000	17.760000
1721	-51.955355	1.801000	17.550000
1722	-51.695355	1.801000	17.650000
1723	-51.495355	1.803000	17.810000
1724	-51.255355	1.805000	17.720000
1725	-51.045355	1.805000	17.740000
1726	-50.905355	1.807000	17.800000
1727	-50.635355	1.809000	17.810000
1728	-50.565355	1.809000	17.890000
1729	-50.565355	1.809000	17.910000
1730	-50.555355	1.811000	17.750000
1731	-50.505355	1.813000	17.830000
1732	-50.495355	1.813000	17.750000
1733	-50.425355	1.814000	17.830000
1734	-50.405355	1.814000	17.880000
1735	-50.285355	1.816000	17.790000
1736	-50.235355	1.816000	17.870000
1737	-49.925355	1.818000	17.870000
1738	-49.895355	1.818000	17.940000
1739	-49.895355	1.818000	18.020000
1740	-49.795355	1.818000	17.830000
1741	-49.775355	1.822000	18.140000
1742	-49.745355	1.822000	17.910000
1743	-49.545355	1.824000	18.070000
1744	-49.415355	1.824000	18.120000
1745	-49.325355	1.824000	17.950000
1746	-49.315355	1.828000	17.960000
1747	-49.285355	1.828000	17.890000
1748	-49.265355	1.830000	17.920000
1749	-49.245355	1.830000	18.100000
1750	-49.225355	1.832000	17.800000
1751	-49.205355	1.832000	17.860000
1752	-49.165355	1.834000	18.000000
1753	-49.165355	1.834000	17.960000
1754	-48.995355	1.838000	17.840000
1755	-48.905355	1.838000	18.020000
1756	-48.895355	1.840000	17.910000
1757	-48.865355	1.842000	18.170000
1758	-48.815355	1.842000	18.170000
1759	-48.725355	1.844000	18.000000
1760	-48.695355	1.844000	17.820000
1761	-48.645355	1.846000	18.070000
1762	-48.625355	1.846000	18.140000
1763	-48.625355	1.848000	17.990000
1764	-48.375355	1.848000	17.940000
1765	-48.325355	1.850000	17.900000
1766	-48.295355	1.852000	17.980000
1767	-48.225355	1.852000	18.180000
1768	-48.045355	1.854000	18.090000
1769	-47.945355	1.854000	18.070000
1770	-47.685355	1.855000	18.380000
1771	-47.645355	1.855000	18.180000
1772	-47.535355	1.857000	18.090000
1773	-47.495355	1.857000	17.970000
1774	-47.385355	1.859000	18.000000
1775	-47.355355	1.859000	18.150000
1776	-47.285355	1.861000	18.210000
1777	-47.255355	1.861000	18.190000
1778	-47.165355	1.863000	18.090000
1779	-46.895355	1.863000	18.250000
1780	-46.895355	1.865000	18.090000
1781	-46.855355	1.865000	18.050000
1782	-46.795355	1.867000	18.270000
1783	-46.625355	1.867000	18.130000
1784	-46.575355	1.869000	18.140000
1785	-46.425355	1.869000	18.000000
1786	-46.355355	1.871000	18.210000
1787	-46.335355	1.871000	18.050000
1788	-46.265355	1.873000	18.250000
1789	-46.175355	1.873000	18.140000
1790	-46.135355	1.875000	18.110000
1791	-46.015355	1.875000	18.120000
1792	-45.995355	1.877000	18.300000
1793	-45.985355	1.877000	18.080000
1794	-45.845355	1.879000	18.150000
1795	-45.805355	1.879000	18.320000
1796	-45.735355	1.881000	18.160000
1797	-45.715355	1.881000	18.250000
1798	-45.525355	1.883000	18.070000
1799	-45.495355	1.883000	18.320000
1800	-45.485355	1.885000	18.170000
1801	-45.465355	1.885000	18.190000
1802	-45.355355	1.887000	18.250000
1803	-45.345355	1.887000	18.320000
1804	-45.015355	1.889000	18.160000
1805	-44.995355	1.891000	18.400000
1806	-44.725355	1.893000	18.290000
1807	-44.645355	1.893000	18.200000
1808	-44.595355	1.893000	18.250000
1809	-44.505355	1.895000	18.290000
1810	-44.455355	1.895000	18.330000
1811	-44.455355	1.897000	18.320000
1812	-44.445355	1.897000	18.250000
1813	-44.435355	1.898000	18.470000
1814	-44.405355	1.898000	18.250000
1815	-44.385355	1.900000	18.320000
1816	-44.285355	1.900000	18.380000
1817	-44.255355	1.902000	18.400000
1818	-44.255355	1.902000	18.330000
1819	-44.235355	1.904000	18.260000
1820	-44.195355	1.904000	18.380000
1821	-44.105355	1.906000	18.310000
1822	-44.085355	1.906000	18.300000
1823	-43.905355	1.908000	18.480000
1824	-43.745355	1.908000	18.480000
1825	-43.715355	1.910000	18.380000
1826	-43.655355	1.910000	18.380000
1827	-43.615355	1.912000	18.400000
1828	-43.345355	1.912000	18.440000
1829	-43.325355	1.914000	18.200000
1830	-43.305355	1.914000	18.500000
1831	-43.205355	1.916000	18.300000
1832	-43.155355	1.916000	18.240000
1833	-43.125355	1.918000	18.470000
1834	-43.105355	1.920000	18.520000
1835	-43.105355	1.924000	18.310000
1836	-43.095355	1.924000	18.500000
1837	-42.985355	1.924000	18.500000
1838	-42.895355	1.926000	18.290000
1839	-42.875355	1.926000	18.330000
1840	-42.725355	1.926000	18.350000
1841	-42.595355	1.928000	18.470000
1842	-42.315355	1.930000	18.510000
1843	-42.035355	1.930000	18.720000
1844	-42.005355	1.932000	18.450000
1845	-41.965355	1.934000	18.390000
1846	-41.965355	1.934000	18.380000
1847	-41.605355	1.934000	18.630000
1848	-41.345355	1.936000	18.650000
1849	-41.295355	1.938000	18.490000
1850	-41.285355	1.938000	18.470000
1851	-41.225355	1.939000	18.480000
1852	-41.165355	1.939000	18.670000
1853	-41.105355	1.941000	18.510000
1854	-41.065355	1.941000	18.600000
1855	-40.995355	1.943000	18.510000
1856	-40.925355	1.943000	18.630000
1857	-40.845355	1.945000	18.600000
1858	-40.805355	1.945000	18.500000
1859	-40.705355	1.947000	18.600000
1860	-40.685355	1.947000	18.630000
1861	-40.615355	1.949000	18.480000
1862	-40.605355	1.949000	18.420000
1863	-40.545355	1.949000	18.530000
1864	-40.535355	1.951000	18.700000
1865	-40.525355	1.953000	18.510000
1866	-40.525355	1.955000	18.510000
1867	-40.425355	1.955000	18.480000
1868	-40.355355	1.957000	18.620000
1869	-40.095355	1.957000	18.750000
1870	-40.095355	1.957000	18.460000
1871	-40.045355	1.959000	18.680000
1872	-40.005355	1.961000	18.610000
1873	-39.925355	1.959000	18.510000
1874	-39.895355	1.961000	18.580000
1875	-39.895355	1.963000	18.630000
1876	-39.835355	1.965000	18.760000
1877	-39.835355	1.965000	18.600000
1878	-39.785355	1.965000	18.820000
1879	-39.765355	1.967000	18.640000
1880	-39.745355	1.969000	18.690000
1881	-39.745355	1.969000	18.880000
1882	-39.565355	1.971000	18.690000
1883	-39.495355	1.971000	18.650000
1884	-39.355355	1.973000	18.540000
1885	-39.335355	1.973000	18.620000
1886	-39.255355	1.975000	19.000000
1887	-39.235355	1.975000	18.760000
1888	-38.815355	1.977000	18.860000
1889	-38.665355	1.977000	18.860000
1890	-38.575355	1.979000	18.720000
1891	-38.515355	1.979000	18.700000
1892	-38.465355	1.981000	18.790000
1893	-38.465355	1.981000	18.790000
1894	-38.425355	1.981000	18.750000
1895	-38.385355	1.982000	18.770000
1896	-38.335355	1.984000	18.870000
1897	-38.285355	1.986000	18.860000
1898	-38.245355	1.986000	19.020000
1899	-38.245355	1.986000	18.880000
1900	-38.245355	1.988000	18.780000
1901	-38.245355	1.988000	18.860000
1902	-38.235355	1.988000	18.730000
1903	-38.225355	1.990000	18.810000
1904	-38.195355	1.992000	18.730000
1905	-38.145355	1.990000	18.850000
1906	-38.035355	1.994000	18.900000
1907	-37.985355	1.994000	18.880000
1908	-37.595355	1.996000	18.750000
1909	-37.565355	1.996000	18.890000
1910	-37.525355	1.996000	18.790000
1911	-37.135355	1.998000	18.710000
1912	-36.885355	2.000000	18.810000
1913	-36.805355	2.000000	18.750000
1914	-36.775355	2.004000	18.840000
1915	-36.765355	2.004000	18.950000
1916	-36.685355	2.006000	18.850000
1917	-36.555355	2.006000	18.920000
1918	-36.505355	2.006000	18.770000
1919	-36.435355	2.008000	18.810000
1920	-36.395355	2.010000	18.840000
1921	-36.355355	2.010000	18.920000
1922	-36.315355	2.012000	18.890000
1923	-36.305355	2.012000	18.860000
1924	-36.175355	2.014000	18.920000
1925	-36.105355	2.014000	18.810000
1926	-36.065355	2.018000	18.970000
1927	-36.055355	2.018000	18.700000
1928	-36.025355	2.018000	19.040000
1929	-35.885355	2.020000	18.930000
1930	-35.845355	2.020000	18.920000
1931	-35.745355	2.022000	18.810000
1932	-35.645355	2.022000	18.960000
1933	-35.545355	2.023000	18.860000
1934	-35.425355	2.023000	18.970000
1935	-35.315355	2.025000	18.920000
1936	-35.215355	2.025000	19.190000
1937	-35.205355	2.027000	19.140000
1938	-35.195355	2.027000	18.760000
1939	-35.155355	2.029000	18.950000
1940	-34.925355	2.029000	19.080000
1941	-34.915355	2.031000	19.010000
1942	-34.905355	2.031000	19.010000
1943	-34.825355	2.033000	19.040000
1944	-34.815355	2.033000	19.100000
1945	-34.795355	2.035000	19.060000
1946	-34.685355	2.035000	19.090000
1947	-34.625355	2.037000	18.970000
1948	-34.575355	2.039000	18.750000
1949	-34.475355	2.039000	19.090000
1950	-34.435355	2.041000	19.130000
1951	-34.395355	2.041000	18.990000
1952	-34.385355	2.043000	19.050000
1953	-34.295355	2.043000	19.170000
1954	-34.185355	2.045000	19.010000
1955	-34.075355	2.045000	19.220000
1956	-34.055355	2.047000	18.950000
1957	-34.045355	2.049000	19.090000
1958	-34.015355	2.049000	19.070000
1959	-34.005355	2.051000	19.020000
1960	-33.985355	2.051000	19.070000
1961	-33.945355	2.053000	19.040000
1962	-33.715355	2.053000	19.090000
1963	-33.525355	2.055000	18.970000
1964	-33.425355	2.055000	19.170000
1965	-33.245355	2.057000	19.110000
1966	-33.245355	2.057000	19.040000
1967	-33.195355	2.059000	19.060000
1968	-33.135355	2.059000	19.130000
1969	-32.915355	2.061000	19.170000
1970	-32.915355	2.061000	19.110000
1971	-32.745355	2.063000	19.210000
1972	-32.635355	2.063000	19.190000
1973	-32.595355	2.064000	19.260000
1974	-32.535355	2.064000	19.090000
1975	-32.495355	2.064000	19.280000
1976	-32.395355	2.066000	19.200000
1977	-32.365355	2.068000	19.220000
1978	-32.195355	2.068000	19.250000
1979	-32.165355	2.070000	19.160000
1980	-32.015355	2.070000	19.180000
1981	-31.975355	2.072000	19.280000
1982	-31.795355	2.072000	19.290000
1983	-31.785355	2.074000	19.170000
1984	-31.675355	2.074000	19.150000
1985	-31.565355	2.076000	19.230000
1986	-31.535355	2.076000	19.250000
1987	-31.535355	2.078000	19.190000
1988	-31.485355	2.080000	19.310000
1989	-31.445355	2.080000	19.250000
1990	-31.395355	2.080000	19.290000
1991	-31.385355	2.082000	19.090000
1992	-31.285355	2.082000	19.320000
1993	-31.225355	2.086000	19.170000
1994	-31.185355	2.086000	19.210000
1995	-31.175355	2.088000	19.310000
1996	-31.135355	2.088000	19.150000
1997	-30.925355	2.090000	19.440000
1998	-30.595355	2.090000	19.390000
1999	-30.465355	2.092000	19.340000
2000	-30.415355	2.094000	19.230000
2001	-30.335355	2.094000	19.440000
2002	-30.285355	2.096000	19.090000
2003	-30.275355	2.096000	19.360000
2004	-30.165355	2.098000	19.340000
2005	-30.115355	2.098000	19.360000
2006	-30.115355	2.098000	19.500000
2007	-29.955355	2.100000	19.390000
2008	-29.885355	2.102000	19.460000
2009	-29.885355	2.104000	19.310000
2010	-29.855355	2.104000	19.350000
2011	-29.815355	2.105000	19.530000
2012	-29.685355	2.105000	19.510000
2013	-29.655355	2.105000	19.490000
2014	-29.565355	2.107000	19.650000
2015	-29.555355	2.111000	19.290000
2016	-29.535355	2.109000	19.430000
2017	-29.505355	2.111000	19.300000
2018	-29.485355	2.111000	19.500000
2019	-29.455355	2.113000	19.460000
2020	-29.425355	2.113000	19.530000
2021	-29.385355	2.113000	19.430000
2022	-29.255355	2.115000	19.460000
2023	-29.065355	2.117000	19.500000
2024	-28.915355	2.117000	19.540000
2025	-28.915355	2.119000	19.380000
2026	-28.905355	2.119000	19.340000
2027	-28.755355	2.121000	19.400000
2028	-28.655355	2.121000	19.380000
2029	-28.495355	2.121000	19.440000
2030	-28.245355	2.123000	19.490000
2031	-28.225355	2.125000	19.440000
2032	-28.085355	2.125000	19.470000
2033	-27.925355	2.127000	19.470000
2034	-27.915355	2.127000	19.420000
2035	-27.875355	2.129000	19.440000
2036	-27.815355	2.129000	19.480000
2037	-27.815355	2.131000	19.530000
2038	-27.615355	2.133000	19.510000
2039	-27.515355	2.133000	19.430000
2040	-27.435355	2.135000	19.590000
2041	-27.155355	2.135000	19.590000
2042	-27.045355	2.137000	19.490000
2043	-26.915355	2.137000	19.470000
2044	-26.805355	2.139000	19.380000
2045	-26.745355	2.139000	19.610000
2046	-26.635355	2.141000	19.310000
2047	-26.635355	2.141000	19.450000
2048	-26.635355	2.143000	19.580000
2049	-26.445355	2.143000	19.540000
2050	-26.425355	2.145000	19.470000
2051	-26.395355	2.145000	19.620000
2052	-26.295355	2.145000	19.460000
2053	-26.245355	2.147000	19.520000
2054	-26.175355	2.148000	19.450000
2055	-26.135355	2.148000	19.560000
2056	-26.095355	2.150000	19.510000
2057	-26.075355	2.152000	19.710000
2058	-25.995355	2.152000	19.640000
2059	-25.935355	2.152000	19.480000
2060	-25.855355	2.154000	19.540000
2061	-25.845355	2.156000	19.480000
2062	-25.825355	2.156000	19.430000
2063	-25.815355	2.158000	19.500000
2064	-25.645355	2.158000	19.490000
2065	-25.615355	2.160000	19.480000
2066	-25.595355	2.160000	19.650000
2067	-25.575355	2.162000	19.590000
2068	-25.435355	2.162000	19.410000
2069	-25.325355	2.164000	19.430000
2070	-25.315355	2.164000	19.600000
2071	-25.285355	2.166000	19.650000
2072	-25.145355	2.166000	19.470000
2073	-25.005355	2.170000	19.680000
2074	-24.975355	2.170000	19.590000
2075	-24.905355	2.174000	19.750000
2076	-24.855355	2.174000	19.520000
2077	-24.845355	2.174000	19.540000
2078	-24.595355	2.176000	19.560000
2079	-24.465355	2.176000	19.810000
2080	-24.345355	2.178000	19.880000
2081	-24.225355	2.178000	19.720000
2082	-24.125355	2.180000	19.660000
2083	-24.115355	2.180000	19.710000
2084	-24.105355	2.182000	19.660000
2085	-24.105355	2.182000	19.650000
2086	-24.095355	2.184000	19.720000
2087	-24.025355	2.186000	19.710000
2088	-23.895355	2.186000	19.620000
2089	-23.805355	2.188000	19.600000
2090	-23.775355	2.188000	19.650000
2091	-23.615355	2.189000	19.700000
2092	-23.495355	2.189000	19.580000
2093	-23.475355	2.191000	19.770000
2094	-23.475355	2.191000	19.620000
2095	-23.395355	2.193000	19.620000
2096	-23.315355	2.195000	19.720000
2097	-23.285355	2.195000	19.570000
2098	-23.285355	2.197000	19.580000
2099	-23.245355	2.197000	19.560000
2100	-23.215355	2.199000	19.610000
2101	-23.205355	2.199000	19.670000
2102	-23.205355	2.201000	19.540000
2103	-23.155355	2.201000	19.740000
2104	-22.985355	2.205000	19.690000
2105	-22.815355	2.203000	19.680000
2106	-22.785355	2.205000	19.950000
2107	-22.755355	2.207000	19.540000
2108	-22.735355	2.207000	19.700000
2109	-22.575355	2.209000	19.660000
2110	-22.505355	2.209000	19.880000
2111	-22.505355	2.211000	19.920000
2112	-22.145355	2.211000	19.920000
2113	-21.975355	2.213000	19.720000
2114	-21.955355	2.213000	19.760000
2115	-21.925355	2.215000	19.800000
2116	-21.795355	2.215000	19.900000
2117	-21.775355	2.217000	19.980000
2118	-21.715355	2.217000	19.770000
2119	-21.615355	2.219000	19.730000
2120	-21.555355	2.219000	19.910000
2121	-21.445355	2.221000	19.780000
2122	-21.445355	2.221000	19.940000
2123	-21.325355	2.223000	19.800000
2124	-21.275355	2.223000	19.930000
2125	-21.265355	2.225000	19.750000
2126	-21.165355	2.225000	19.790000
2127	-21.045355	2.225000	19.980000
2128	-20.955355	2.227000	19.840000
2129	-20.855355	2.229000	19.810000
2130	-20.725355	2.229000	19.810000
2131	-20.645355	2.231000	19.840000
2132	-20.435355	2.231000	19.940000
2133	-20.385355	2.232000	19.840000
2134	-20.375355	2.232000	20.040000
2135	-20.085355	2.234000	19.970000
2136	-20.065355	2.236000	20.140000
2137	-20.045355	2.236000	19.940000
2138	-20.035355	2.238000	19.990000
2139	-19.955355	2.238000	19.890000
2140	-19.935355	2.240000	19.880000
2141	-19.885355	2.240000	19.770000
2142	-19.815355	2.242000	20.010000
2143	-19.705355	2.242000	19.970000
2144	-19.615355	2.244000	19.880000
2145	-19.615355	2.244000	19.940000
2146	-19.575355	2.246000	19.790000
2147	-19.555355	2.246000	20.150000
2148	-19.555355	2.248000	19.860000
2149	-19.555355	2.248000	19.810000
2150	-19.525355	2.250000	20.050000
2151	-19.505355	2.250000	20.060000
2152	-19.505355	2.254000	19.960000
2153	-19.475355	2.254000	20.010000
2154	-19.405355	2.254000	19.880000
2155	-19.385355	2.256000	19.940000
2156	-19.345355	2.258000	20.030000
2157	-19.245355	2.256000	20.050000
2158	-19.125355	2.260000	19.930000
2159	-19.085355	2.260000	19.980000
2160	-18.855355	2.262000	19.920000
2161	-18.825355	2.262000	19.930000
2162	-18.745355	2.262000	20.080000
2163	-18.715355	2.264000	19.970000
2164	-18.375355	2.266000	19.940000
2165	-18.325355	2.266000	19.980000
2166	-18.045355	2.268000	20.100000
2167	-17.965355	2.270000	20.100000
2168	-17.895355	2.270000	20.140000
2169	-17.855355	2.270000	20.070000
2170	-17.735355	2.272000	20.120000
2171	-17.655355	2.273000	20.000000
2172	-17.595355	2.273000	19.970000
2173	-17.585355	2.275000	20.130000
2174	-17.575355	2.275000	20.060000
2175	-17.515355	2.277000	20.050000
2176	-17.465355	2.277000	20.020000
2177	-17.465355	2.279000	20.040000
2178	-17.385355	2.279000	20.050000
2179	-17.345355	2.281000	20.130000
2180	-17.305355	2.281000	20.060000
2181	-17.145355	2.283000	20.160000
2182	-17.125355	2.283000	20.310000
2183	-17.075355	2.285000	20.020000
2184	-17.065355	2.285000	20.090000
2185	-17.025355	2.285000	19.940000
2186	-16.855355	2.287000	20.080000
2187	-16.845355	2.287000	20.210000
2188	-16.785355	2.291000	20.120000
2189	-16.715355	2.291000	20.080000
2190	-16.665355	2.293000	20.270000
2191	-16.385355	2.293000	20.290000
2192	-16.315355	2.293000	20.150000
2193	-16.305355	2.295000	20.230000
2194	-16.285355	2.297000	20.230000
2195	-16.225355	2.299000	20.160000
2196	-16.085355	2.299000	20.190000
2197	-15.985355	2.299000	20.100000
2198	-15.965355	2.301000	20.240000
2199	-15.915355	2.301000	20.280000
2200	-15.895355	2.301000	20.230000
2201	-15.895355	2.303000	20.240000
2202	-15.875355	2.305000	20.290000
2203	-15.815355	2.305000	20.300000
2204	-15.755355	2.307000	20.210000
2205	-15.735355	2.307000	20.300000
2206	-15.725355	2.309000	20.290000
2207	-15.255355	2.309000	20.280000
2208	-15.125355	2.309000	20.270000
2209	-15.025355	2.311000	20.260000
2210	-15.005355	2.313000	20.300000
2211	-14.995355	2.313000	20.340000
2212	-14.935355	2.314000	20.220000
2213	-14.915355	2.314000	20.340000
2214	-14.905355	2.316000	20.340000
2215	-14.905355	2.316000	20.160000
2216	-14.755355	2.316000	20.260000
2217	-14.725355	2.318000	20.340000
2218	-14.675355	2.320000	20.170000
2219	-14.635355	2.322000	20.580000
2220	-14.605355	2.322000	20.320000
2221	-14.555355	2.324000	20.260000
2222	-14.365355	2.324000	20.440000
2223	-14.295355	2.324000	20.400000
2224	-14.025355	2.326000	20.280000
2225	-14.025355	2.330000	20.240000
2226	-13.935355	2.328000	20.330000
2227	-13.815355	2.330000	20.310000
2228	-13.775355	2.330000	20.350000
2229	-13.765355	2.332000	20.370000
2230	-13.665355	2.332000	20.430000
2231	-13.625355	2.336000	20.320000
2232	-13.555355	2.336000	20.330000
2233	-13.505355	2.338000	20.450000
2234	-13.495355	2.338000	20.350000
2235	-13.475355	2.340000	20.440000
2236	-13.325355	2.340000	20.260000
2237	-13.285355	2.342000	20.410000
2238	-13.125355	2.344000	20.420000
2239	-13.095355	2.344000	20.420000
2240	-12.855355	2.346000	20.540000
2241	-12.755355	2.346000	20.470000
2242	-12.755355	2.348000	20.390000
2243	-12.575355	2.348000	20.470000
2244	-12.475355	2.350000	20.490000
2245	-12.275355	2.350000	20.440000
2246	-12.235355	2.352000	20.490000
2247	-12.205355	2.350000	20.660000
2248	-12.135355	2.354000	20.560000
2249	-12.095355	2.354000	20.580000
2250	-12.085355	2.355000	20.490000
2251	-12.035355	2.355000	20.380000
2252	-11.815355	2.357000	20.370000
2253	-11.815355	2.357000	20.510000
2254	-11.815355	2.359000	20.390000
2255	-11.725355	2.359000	20.500000
2256	-11.695355	2.361000	20.550000
2257	-11.645355	2.361000	20.460000
2258	-11.495355	2.363000	20.520000
2259	-11.455355	2.363000	20.410000
2260	-11.445355	2.365000	20.610000
2261	-11.175355	2.365000	20.320000
2262	-10.985355	2.367000	20.650000
2263	-10.905355	2.367000	20.480000
2264	-10.895355	2.369000	20.550000
2265	-10.805355	2.369000	20.480000
2266	-10.805355	2.371000	20.430000
2267	-10.795355	2.373000	20.580000
2268	-10.765355	2.373000	20.480000
2269	-10.735355	2.375000	20.690000
2270	-10.675355	2.375000	20.610000
2271	-10.595355	2.377000	20.780000
2272	-10.595355	2.377000	20.540000
2273	-10.595355	2.379000	20.500000
2274	-10.495355	2.379000	20.650000
2275	-10.465355	2.381000	20.460000
2276	-10.395355	2.381000	20.430000
2277	-10.305355	2.383000	20.430000
2278	-10.135355	2.381000	20.660000
2279	-10.095355	2.385000	20.650000
2280	-10.055355	2.385000	20.540000
2281	-10.045355	2.387000	20.530000
2282	-9.985355	2.387000	20.620000
2283	-9.935355	2.389000	20.480000
2284	-9.905355	2.389000	20.810000
2285	-9.815355	2.393000	20.480000
2286	-9.735355	2.391000	20.520000
2287	-9.565355	2.393000	20.580000
2288	-9.555355	2.393000	20.800000
2289	-9.535355	2.395000	20.710000
2290	-9.505355	2.395000	20.740000
2291	-9.415355	2.397000	20.710000
2292	-9.225355	2.397000	20.620000
2293	-9.115355	2.398000	20.720000
2294	-8.845355	2.398000	20.600000
2295	-8.825355	2.400000	20.660000
2296	-8.775355	2.400000	20.670000
2297	-8.745355	2.402000	20.830000
2298	-8.745355	2.402000	20.770000
2299	-8.735355	2.404000	20.600000
2300	-8.515355	2.404000	20.730000
2301	-8.365355	2.406000	20.650000
2302	-8.345355	2.406000	20.760000
2303	-8.315355	2.408000	20.850000
2304	-8.285355	2.408000	20.880000
2305	-8.125355	2.410000	20.730000
2306	-8.115355	2.410000	20.690000
2307	-7.985355	2.412000	20.650000
2308	-7.975355	2.412000	20.810000
2309	-7.885355	2.412000	20.800000
2310	-7.875355	2.414000	20.840000
2311	-7.805355	2.416000	20.750000
2312	-7.715355	2.416000	20.730000
2313	-7.705355	2.418000	20.830000
2314	-7.695355	2.420000	20.660000
2315	-7.605355	2.422000	20.720000
2316	-7.595355	2.422000	20.680000
2317	-7.105355	2.424000	20.800000
2318	-7.035355	2.424000	20.710000
2319	-7.025355	2.426000	20.730000
2320	-7.005355	2.426000	20.840000
2321	-6.945355	2.426000	20.700000
2322	-6.925355	2.428000	20.730000
2323	-6.925355	2.430000	20.900000
2324	-6.895355	2.430000	20.900000
2325	-6.865355	2.432000	20.840000
2326	-6.835355	2.432000	20.600000
2327	-6.775355	2.434000	20.670000
2328	-6.605355	2.434000	20.890000
2329	-6.605355	2.436000	20.880000
2330	-6.585355	2.438000	20.790000
2331	-6.555355	2.438000	20.740000
2332	-6.525355	2.439000	20.780000
2333	-6.505355	2.439000	20.830000
2334	-6.405355	2.441000	20.910000
2335	-6.205355	2.441000	20.790000
2336	-6.175355	2.443000	20.850000
2337	-6.125355	2.443000	20.970000
2338	-6.075355	2.445000	20.890000
2339	-6.045355	2.445000	20.840000
2340	-6.015355	2.447000	20.810000
2341	-5.925355	2.447000	20.800000
2342	-5.785355	2.449000	20.890000
2343	-5.725355	2.449000	21.000000
2344	-5.725355	2.449000	20.790000
2345	-5.715355	2.451000	20.810000
2346	-5.715355	2.453000	20.730000
2347	-5.555355	2.455000	20.820000
2348	-5.435355	2.455000	20.770000
2349	-5.415355	2.457000	21.010000
2350	-4.855355	2.457000	21.070000
2351	-4.745355	2.457000	20.960000
2352	-4.735355	2.459000	20.860000
2353	-4.695355	2.461000	20.850000
2354	-4.685355	2.461000	21.010000
2355	-4.515355	2.463000	20.880000
2356	-4.495355	2.463000	20.840000
2357	-4.495355	2.465000	20.910000
2358	-4.465355	2.465000	20.980000
2359	-4.465355	2.467000	20.980000
2360	-4.455355	2.469000	20.980000
2361	-4.425355	2.469000	21.010000
2362	-4.425355	2.471000	20.970000
2363	-4.415355	2.471000	20.990000
2364	-4.365355	2.473000	20.980000
2365	-4.355355	2.473000	21.050000
2366	-4.235355	2.473000	21.040000
2367	-4.125355	2.475000	21.240000
2368	-4.015355	2.477000	20.920000
2369	-3.925355	2.475000	20.990000
2370	-3.915355	2.479000	20.920000
2371	-3.865355	2.479000	21.190000
2372	-3.835355	2.481000	21.080000
2373	-3.795355	2.481000	21.030000
2374	-3.565355	2.481000	20.900000
2375	-3.515355	2.482000	20.880000
2376	-3.385355	2.484000	21.090000
2377	-3.215355	2.484000	21.120000
2378	-3.195355	2.486000	21.120000
2379	-3.195355	2.488000	20.880000
2380	-3.155355	2.488000	20.920000
2381	-2.795355	2.488000	21.000000
2382	-2.745355	2.490000	21.130000
2383	-2.575355	2.492000	21.100000
2384	-2.445355	2.492000	21.160000
2385	-2.385355	2.494000	21.100000
2386	-2.285355	2.494000	21.250000
2387	-2.255355	2.496000	21.050000
2388	-2.225355	2.496000	21.250000
2389	-2.175355	2.498000	21.020000
2390	-2.045355	2.498000	21.060000
2391	-1.995355	2.500000	21.140000
2392	-1.935355	2.500000	21.240000
2393	-1.935355	2.502000	21.130000
2394	-1.925355	2.504000	21.130000
2395	-1.785355	2.506000	21.260000
2396	-1.775355	2.506000	21.190000
2397	-1.765355	2.508000	21.260000
2398	-1.575355	2.508000	21.160000
2399	-1.495355	2.510000	21.100000
2400	-1.475355	2.510000	21.150000
2401	-1.375355	2.512000	21.370000
2402	-1.185355	2.512000	21.290000
2403	-1.165355	2.514000	21.060000
2404	-1.065355	2.514000	21.070000
2405	-0.895355	2.516000	21.240000
2406	-0.765355	2.516000	21.500000
2407	-0.735355	2.518000	21.230000
2408	-0.695355	2.518000	21.310000
2409	-0.695355	2.520000	21.310000
2410	-0.695355	2.522000	21.200000
2411	-0.675355	2.522000	21.160000
2412	-0.645355	2.523000	21.180000
2413	-0.585355	2.523000	21.210000
2414	-0.565355	2.525000	21.180000
2415	-0.545355	2.525000	21.340000
2416	-0.505355	2.527000	21.170000
2417	-0.435355	2.527000	21.230000
2418	-0.245355	2.529000	21.350000
2419	-0.185355	2.529000	21.300000
2420	-0.125355	2.533000	21.300000
2421	-0.075355	2.531000	21.400000
2422	-0.025355	2.533000	21.300000
2423	-0.015355	2.533000	21.240000
2424	0.004645	2.535000	21.270000
2425	0.004645	2.535000	21.190000
2426	0.044645	2.537000	21.470000
2427	0.094645	2.537000	21.230000
2428	0.134645	2.537000	21.310000
2429	0.224645	2.541000	21.260000
2430	0.304645	2.541000	21.350000
2431	0.314645	2.543000	21.310000
2432	0.374645	2.543000	21.430000
2433	0.404645	2.545000	21.200000
2434	0.604645	2.545000	21.290000
2435	0.854645	2.547000	21.420000
2436	0.894645	2.547000	21.330000
2437	0.924645	2.549000	21.350000
2438	0.934645	2.549000	21.340000
2439	0.954645	2.551000	21.340000
2440	1.274645	2.553000	21.290000
2441	1.394645	2.553000	21.520000
2442	1.394645	2.555000	21.490000
2443	1.514645	2.555000	21.480000
2444	1.764645	2.557000	21.440000
2445	1.774645	2.557000	21.300000
2446	1.794645	2.559000	21.440000
2447	1.914645	2.559000	21.390000
2448	2.044645	2.561000	21.350000
2449	2.044645	2.561000	21.350000
2450	2.124645	2.563000	21.430000
2451	2.154645	2.563000	21.400000
2452	2.184645	2.564000	21.580000
2453	2.204645	2.564000	21.480000
2454	2.214645	2.566000	21.510000
2455	2.214645	2.566000	21.440000
2456	2.274645	2.568000	21.460000
2457	2.284645	2.568000	21.440000
2458	2.294645	2.570000	21.520000
2459	2.364645	2.572000	21.420000
2460	2.504645	2.572000	21.520000
2461	2.504645	2.574000	21.440000
2462	2.534645	2.574000	21.460000
2463	2.554645	2.576000	21.550000
2464	2.894645	2.576000	21.450000
2465	3.104645	2.578000	21.350000
2466	3.124645	2.578000	21.510000
2467	3.274645	2.580000	21.460000
2468	3.314645	2.580000	21.460000
2469	3.484645	2.582000	21.480000
2470	3.994645	2.582000	21.420000
2471	4.084645	2.586000	21.490000
2472	4.194645	2.586000	21.500000
2473	4.194645	2.588000	21.480000
2474	4.254645	2.588000	21.530000
2475	4.484645	2.590000	21.500000
2476	4.804645	2.590000	21.400000
