1	-191.366736	0.000000	9.600000
2	-190.916736	0.002000	9.490000
3	-190.776736	0.004000	9.840000
4	-190.756736	0.004000	9.830000
5	-190.726736	0.004000	9.990000
6	-190.516736	0.006000	9.790000
7	-190.456736	0.008000	9.580000
8	-190.426736	0.008000	9.800000
9	-190.366736	0.010000	9.670000
10	-190.326736	0.010000	9.490000
11	-190.316736	0.010000	9.550000
12	-190.316736	0.012000	9.470000
13	-190.306736	0.014000	9.710000
14	-190.296736	0.016000	9.480000
15	-190.276736	0.016000	9.550000
16	-190.256736	0.017000	9.700000
17	-190.216736	0.017000	9.480000
18	-190.206736	0.017000	9.690000
19	-190.186736	0.019000	9.400000
20	-190.146736	0.021000	9.340000
21	-190.096736	0.021000	9.540000
22	-190.026736	0.023000	9.640000
23	-189.966736	0.021000	10.100000
24	-189.876736	0.025000	9.640000
25	-189.766736	0.025000	9.610000
26	-189.696736	0.025000	9.480000
27	-189.626736	0.027000	9.630000
28	-189.606736	0.027000	9.470000
29	-189.596736	0.029000	9.960000
30	-189.416736	0.031000	9.570000
31	-189.386736	0.031000	9.590000
32	-189.326736	0.031000	9.480000
33	-189.126736	0.033000	10.240000
34	-189.006736	0.035000	10.000000
35	-188.956736	0.035000	9.670000
36	-188.946736	0.037000	9.510000
37	-188.926736	0.039000	9.780000
38	-188.916736	0.039000	9.430000
39	-188.916736	0.041000	9.490000
40	-188.906736	0.041000	9.440000
41	-188.896736	0.043000	9.650000
42	-188.856736	0.043000	9.700000
43	-188.816736	0.043000	9.550000
44	-188.786736	0.045000	9.630000
45	-188.766736	0.047000	10.000000
46	-188.756736	0.047000	9.480000
47	-188.736736	0.049000	9.350000
48	-188.676736	0.049000	9.460000
49	-188.446736	0.049000	9.590000
50	-188.416736	0.051000	9.660000
51	-188.246736	0.051000	9.530000
52	-188.136736	0.055000	9.760000
53	-188.036736	0.053000	9.510000
54	-187.866736	0.057000	9.630000
55	-187.706736	0.057000	9.560000
56	-187.506736	0.057000	10.080000
57	-187.486736	0.059000	9.770000
58	-187.446736	0.059000	9.470000
59	-187.376736	0.060000	9.640000
60	-187.376736	0.060000	9.740000
61	-187.166736	0.064000	9.550000
62	-187.096736	0.062000	9.540000
63	-186.966736	0.064000	9.790000
64	-186.896736	0.064000	9.750000
65	-186.866736	0.066000	9.790000
66	-186.806736	0.066000	9.660000
67	-186.706736	0.068000	9.750000
68	-186.656736	0.070000	9.860000
69	-186.576736	0.070000	9.640000
70	-186.516736	0.072000	9.430000
71	-186.506736	0.072000	9.700000
72	-186.506736	0.074000	9.980000
73	-186.436736	0.074000	9.650000
74	-186.326736	0.076000	9.770000
75	-186.176736	0.078000	9.630000
76	-186.166736	0.078000	9.710000
77	-186.116736	0.080000	9.920000
78	-186.096736	0.082000	9.550000
79	-186.076736	0.082000	9.760000
80	-186.066736	0.084000	9.740000
81	-185.986736	0.084000	9.710000
82	-185.656736	0.086000	9.690000
83	-185.576736	0.088000	9.790000
84	-185.426736	0.088000	9.700000
85	-185.376736	0.090000	10.340000
86	-185.366736	0.090000	9.970000
87	-185.326736	0.090000	9.960000
88	-185.286736	0.092000	9.810000
89	-185.236736	0.092000	9.740000
90	-185.186736	0.096000	9.800000
91	-185.136736	0.096000	9.860000
92	-185.116736	0.096000	10.420000
93	-184.996736	0.098000	9.540000
94	-184.986736	0.098000	10.300000
95	-184.966736	0.098000	10.320000
96	-184.946736	0.100000	9.610000
97	-184.916736	0.101000	9.670000
98	-184.856736	0.101000	9.900000
99	-184.846736	0.101000	9.700000
100	-184.786736	0.103000	9.760000
101	-184.646736	0.105000	9.650000
102	-184.556736	0.105000	9.980000
103	-184.486736	0.107000	9.800000
104	-184.346736	0.107000	9.740000
105	-184.326736	0.109000	9.730000
106	-184.156736	0.109000	9.610000
107	-184.146736	0.111000	9.870000
108	-184.026736	0.111000	9.700000
109	-183.996736	0.111000	9.720000
110	-183.986736	0.113000	9.820000
111	-183.956736	0.113000	9.800000
112	-183.846736	0.115000	10.080000
113	-183.826736	0.115000	9.710000
114	-183.826736	0.117000	10.300000
115	-183.776736	0.119000	10.370000
116	-183.706736	0.121000	10.000000
117	-183.556736	0.121000	9.650000
118	-183.536736	0.121000	9.840000
119	-183.216736	0.123000	9.700000
120	-183.196736	0.125000	9.850000
121	-183.046736	0.125000	10.010000
122	-183.026736	0.125000	10.230000
123	-182.746736	0.127000	9.810000
124	-182.716736	0.129000	9.920000
125	-182.696736	0.129000	9.760000
126	-182.666736	0.129000	10.190000
127	-182.596736	0.131000	10.370000
128	-182.586736	0.133000	10.390000
129	-182.456736	0.133000	9.680000
130	-182.416736	0.133000	9.780000
131	-182.396736	0.135000	10.070000
132	-182.386736	0.137000	10.120000
133	-182.376736	0.137000	10.420000
134	-182.286736	0.137000	9.870000
135	-182.196736	0.139000	9.950000
136	-182.176736	0.141000	9.770000
137	-182.126736	0.142000	9.860000
138	-182.116736	0.142000	9.940000
139	-182.106736	0.142000	9.720000
140	-182.086736	0.142000	10.010000
141	-182.036736	0.144000	9.960000
142	-182.016736	0.144000	10.400000
143	-181.706736	0.146000	9.810000
144	-181.636736	0.148000	9.970000
145	-181.396736	0.146000	9.800000
146	-181.366736	0.148000	10.450000
147	-181.186736	0.150000	10.170000
148	-181.176736	0.152000	10.560000
149	-181.146736	0.152000	10.150000
150	-181.106736	0.152000	9.950000
151	-181.076736	0.154000	9.960000
152	-181.026736	0.156000	10.060000
153	-180.996736	0.158000	9.870000
154	-180.856736	0.156000	9.850000
155	-180.756736	0.158000	9.940000
156	-180.756736	0.158000	10.170000
157	-180.716736	0.160000	10.000000
158	-180.676736	0.160000	9.950000
159	-180.636736	0.164000	9.910000
160	-180.516736	0.166000	10.100000
161	-180.516736	0.166000	10.190000
162	-180.396736	0.168000	10.180000
163	-180.366736	0.168000	10.250000
164	-180.296736	0.170000	9.880000
165	-180.276736	0.170000	10.530000
166	-180.246736	0.170000	10.180000
167	-180.006736	0.172000	10.380000
168	-179.966736	0.174000	10.190000
169	-179.886736	0.174000	10.460000
170	-179.686736	0.174000	10.090000
171	-179.606736	0.176000	10.220000
172	-179.586736	0.176000	10.270000
173	-179.056736	0.178000	10.390000
174	-178.986736	0.178000	10.140000
175	-178.926736	0.180000	10.230000
176	-178.896736	0.182000	10.210000
177	-178.846736	0.182000	10.010000
178	-178.786736	0.182000	10.330000
179	-178.786736	0.183000	10.340000
180	-178.726736	0.183000	10.050000
181	-178.716736	0.185000	10.210000
182	-178.646736	0.185000	9.990000
183	-178.566736	0.187000	10.050000
184	-178.446736	0.189000	10.090000
185	-178.436736	0.189000	10.110000
186	-178.416736	0.189000	10.170000
187	-178.386736	0.191000	10.160000
188	-178.286736	0.191000	10.140000
189	-178.196736	0.193000	10.230000
190	-178.076736	0.195000	10.070000
191	-178.066736	0.195000	10.080000
192	-178.006736	0.197000	9.970000
193	-177.856736	0.197000	10.570000
194	-177.846736	0.197000	10.610000
195	-177.776736	0.199000	10.400000
196	-177.706736	0.201000	10.180000
197	-177.656736	0.201000	10.220000
198	-177.586736	0.203000	10.250000
199	-177.516736	0.203000	10.130000
200	-177.406736	0.205000	10.260000
201	-177.396736	0.205000	10.240000
202	-177.366736	0.205000	10.350000
203	-177.306736	0.207000	10.220000
204	-177.276736	0.207000	10.230000
205	-177.236736	0.209000	10.070000
206	-177.116736	0.211000	10.200000
207	-176.926736	0.209000	10.100000
208	-176.916736	0.213000	10.730000
209	-176.886736	0.213000	10.300000
210	-176.866736	0.213000	10.430000
211	-176.716736	0.215000	10.350000
212	-176.696736	0.215000	10.180000
213	-176.686736	0.217000	10.480000
214	-176.676736	0.219000	10.150000
215	-176.606736	0.221000	10.150000
216	-176.416736	0.219000	10.240000
217	-176.396736	0.221000	10.050000
218	-176.356736	0.221000	10.180000
219	-176.296736	0.223000	10.120000
220	-176.276736	0.223000	10.390000
221	-176.256736	0.225000	10.220000
222	-176.176736	0.225000	10.310000
223	-176.146736	0.225000	10.080000
224	-176.076736	0.228000	10.330000
225	-175.866736	0.228000	10.170000
226	-175.836736	0.228000	10.390000
227	-175.746736	0.230000	10.330000
228	-175.676736	0.232000	10.170000
229	-175.506736	0.234000	10.510000
230	-175.326736	0.234000	10.260000
231	-175.326736	0.236000	10.240000
232	-175.176736	0.236000	10.230000
233	-175.016736	0.236000	10.380000
234	-174.976736	0.238000	10.110000
235	-174.906736	0.238000	10.280000
236	-174.846736	0.240000	10.100000
237	-174.826736	0.240000	10.440000
238	-174.696736	0.242000	10.260000
239	-174.586736	0.244000	10.180000
240	-174.566736	0.244000	10.400000
241	-174.566736	0.244000	10.230000
242	-174.556736	0.248000	10.310000
243	-174.466736	0.250000	10.210000
244	-174.446736	0.250000	10.170000
245	-174.206736	0.252000	10.610000
246	-174.076736	0.252000	10.320000
247	-173.996736	0.254000	10.660000
248	-173.776736	0.254000	10.430000
249	-173.716736	0.254000	10.420000
250	-173.656736	0.256000	10.400000
251	-173.626736	0.258000	10.630000
252	-173.576736	0.258000	10.240000
253	-173.526736	0.258000	10.270000
254	-173.516736	0.260000	10.080000
255	-173.276736	0.262000	10.950000
256	-173.226736	0.262000	10.450000
257	-173.226736	0.264000	10.520000
258	-173.086736	0.267000	10.440000
259	-173.066736	0.266000	10.480000
260	-172.986736	0.267000	10.460000
261	-172.926736	0.267000	10.350000
262	-172.866736	0.267000	10.870000
263	-172.856736	0.269000	10.410000
264	-172.746736	0.269000	10.430000
265	-172.736736	0.271000	10.470000
266	-172.736736	0.271000	10.810000
267	-172.646736	0.273000	10.290000
268	-172.646736	0.275000	10.600000
269	-172.426736	0.275000	10.790000
270	-172.406736	0.277000	10.580000
271	-172.106736	0.277000	10.780000
272	-172.106736	0.277000	10.400000
273	-172.066736	0.279000	10.470000
274	-172.016736	0.281000	11.150000
275	-171.976736	0.281000	10.340000
276	-171.906736	0.283000	10.350000
277	-171.866736	0.285000	10.360000
278	-171.846736	0.285000	10.450000
279	-171.806736	0.285000	10.320000
280	-171.726736	0.287000	10.500000
281	-171.686736	0.289000	10.350000
282	-171.686736	0.289000	10.420000
283	-171.506736	0.289000	10.500000
284	-171.466736	0.291000	10.540000
285	-171.416736	0.293000	10.520000
286	-171.326736	0.293000	10.400000
287	-171.276736	0.295000	10.470000
288	-171.126736	0.295000	10.610000
289	-171.126736	0.297000	10.700000
290	-171.096736	0.297000	10.340000
291	-171.046736	0.299000	10.640000
292	-170.946736	0.299000	10.480000
293	-170.906736	0.299000	10.640000
294	-170.866736	0.301000	10.440000
295	-170.756736	0.301000	10.570000
296	-170.736736	0.303000	10.570000
297	-170.676736	0.303000	10.650000
298	-170.566736	0.305000	10.610000
299	-170.476736	0.307000	10.560000
300	-170.236736	0.307000	10.850000
301	-169.986736	0.309000	10.890000
302	-169.686736	0.309000	10.410000
303	-169.626736	0.309000	10.940000
304	-169.546736	0.310000	10.590000
305	-169.526736	0.312000	10.520000
306	-169.516736	0.314000	10.960000
307	-169.426736	0.314000	10.550000
308	-169.306736	0.314000	10.650000
309	-169.266736	0.316000	10.560000
310	-169.006736	0.316000	10.820000
311	-168.996736	0.316000	10.510000
312	-168.976736	0.318000	10.570000
313	-168.766736	0.318000	10.580000
314	-168.676736	0.318000	10.500000
315	-168.666736	0.318000	10.540000
316	-168.496736	0.322000	10.780000
317	-168.446736	0.324000	10.710000
318	-168.386736	0.324000	10.720000
319	-168.366736	0.326000	10.930000
320	-168.346736	0.326000	10.520000
321	-168.336736	0.328000	10.720000
322	-168.326736	0.328000	10.730000
323	-168.276736	0.330000	10.620000
324	-168.116736	0.332000	10.640000
325	-167.986736	0.332000	10.710000
326	-167.986736	0.334000	10.760000
327	-167.966736	0.334000	10.490000
328	-167.936736	0.334000	10.810000
329	-167.906736	0.336000	10.590000
330	-167.866736	0.338000	10.740000
331	-167.826736	0.338000	10.980000
332	-167.796736	0.340000	11.090000
333	-167.766736	0.340000	10.670000
334	-167.696736	0.342000	10.770000
335	-167.676736	0.344000	10.650000
336	-167.626736	0.344000	10.610000
337	-167.526736	0.346000	10.790000
338	-167.516736	0.346000	10.950000
339	-167.486736	0.346000	11.010000
340	-167.456736	0.348000	10.670000
341	-167.456736	0.348000	10.570000
342	-167.306736	0.350000	10.910000
343	-167.116736	0.351000	11.070000
344	-167.096736	0.351000	10.650000
345	-167.046736	0.353000	10.770000
346	-166.846736	0.353000	10.890000
347	-166.846736	0.353000	10.960000
348	-166.806736	0.355000	10.840000
349	-166.686736	0.355000	10.790000
350	-166.616736	0.357000	10.850000
351	-166.566736	0.357000	11.170000
352	-166.516736	0.359000	10.860000
353	-166.346736	0.361000	10.780000
354	-166.296736	0.361000	10.750000
355	-166.286736	0.361000	10.780000
356	-166.196736	0.363000	10.750000
357	-166.156736	0.363000	10.850000
358	-166.146736	0.365000	10.830000
359	-166.126736	0.367000	10.910000
360	-165.786736	0.367000	10.890000
361	-165.706736	0.369000	10.920000
362	-165.616736	0.369000	10.960000
363	-165.586736	0.369000	10.870000
364	-165.546736	0.371000	10.830000
365	-165.386736	0.371000	10.980000
366	-165.226736	0.373000	11.050000
367	-165.186736	0.375000	10.920000
368	-165.116736	0.375000	11.200000
369	-165.116736	0.377000	10.860000
370	-165.046736	0.377000	10.990000
371	-165.006736	0.379000	11.000000
372	-164.976736	0.379000	10.890000
373	-164.816736	0.381000	11.440000
374	-164.806736	0.383000	11.080000
375	-164.756736	0.383000	10.770000
376	-164.726736	0.385000	11.060000
377	-164.726736	0.385000	11.070000
378	-164.686736	0.387000	11.130000
379	-164.606736	0.387000	10.940000
380	-164.556736	0.387000	11.030000
381	-164.396736	0.389000	11.080000
382	-164.326736	0.389000	11.030000
383	-164.276736	0.391000	11.170000
384	-164.266736	0.392000	11.300000
385	-164.096736	0.392000	10.850000
386	-164.056736	0.392000	10.990000
387	-164.036736	0.394000	10.970000
388	-163.976736	0.394000	11.110000
389	-163.956736	0.396000	11.060000
390	-163.906736	0.398000	11.150000
391	-163.576736	0.398000	11.330000
392	-163.506736	0.398000	10.990000
393	-163.426736	0.400000	11.020000
394	-163.356736	0.400000	11.150000
395	-163.356736	0.402000	11.050000
396	-163.326736	0.402000	11.100000
397	-163.276736	0.404000	11.120000
398	-163.256736	0.406000	11.220000
399	-163.086736	0.406000	11.060000
400	-162.976736	0.408000	11.060000
401	-162.916736	0.408000	10.980000
402	-162.826736	0.410000	11.080000
403	-162.776736	0.410000	11.110000
404	-162.756736	0.414000	11.260000
405	-162.726736	0.414000	10.960000
406	-162.686736	0.414000	11.040000
407	-162.676736	0.416000	10.990000
408	-162.666736	0.418000	11.170000
409	-162.606736	0.418000	11.170000
410	-162.546736	0.418000	11.180000
411	-162.416736	0.420000	11.140000
412	-162.406736	0.422000	10.990000
413	-162.346736	0.424000	11.180000
414	-162.286736	0.424000	11.130000
415	-162.256736	0.424000	11.040000
416	-162.206736	0.424000	11.150000
417	-162.196736	0.426000	11.030000
418	-162.046736	0.426000	11.100000
419	-161.936736	0.428000	11.230000
420	-161.606736	0.428000	11.050000
421	-161.566736	0.428000	11.240000
422	-161.566736	0.430000	11.240000
423	-161.446736	0.432000	11.230000
424	-161.236736	0.433000	11.240000
425	-161.156736	0.433000	11.240000
426	-161.116736	0.433000	11.180000
427	-160.926736	0.435000	11.400000
428	-160.856736	0.437000	11.350000
429	-160.766736	0.437000	11.210000
430	-160.766736	0.439000	11.240000
431	-160.736736	0.439000	11.460000
432	-160.646736	0.439000	11.160000
433	-160.636736	0.441000	11.270000
434	-160.576736	0.441000	11.330000
435	-160.576736	0.443000	11.280000
436	-160.536736	0.445000	10.980000
437	-160.536736	0.445000	11.290000
438	-160.396736	0.445000	11.170000
439	-160.306736	0.447000	11.220000
440	-160.196736	0.449000	11.320000
441	-160.186736	0.449000	11.530000
442	-160.176736	0.449000	11.430000
443	-160.146736	0.451000	11.270000
444	-160.086736	0.455000	11.290000
445	-159.976736	0.455000	11.170000
446	-159.966736	0.455000	11.550000
447	-159.936736	0.455000	11.350000
448	-159.776736	0.457000	11.290000
449	-159.726736	0.457000	11.430000
450	-159.616736	0.459000	11.550000
451	-159.586736	0.461000	11.480000
452	-159.426736	0.459000	11.410000
453	-159.416736	0.461000	11.540000
454	-159.376736	0.463000	11.400000
455	-159.336736	0.465000	11.400000
456	-159.126736	0.465000	11.230000
457	-159.076736	0.465000	11.280000
458	-158.936736	0.467000	11.520000
459	-158.926736	0.469000	11.370000
460	-158.906736	0.469000	11.400000
461	-158.896736	0.471000	11.470000
462	-158.836736	0.471000	11.560000
463	-158.786736	0.473000	11.270000
464	-158.676736	0.473000	11.580000
465	-158.626736	0.473000	11.430000
466	-158.626736	0.475000	11.540000
467	-158.516736	0.476000	11.570000
468	-158.476736	0.476000	11.540000
469	-158.466736	0.476000	11.430000
470	-158.446736	0.478000	11.410000
471	-158.406736	0.480000	11.400000
472	-158.396736	0.480000	11.400000
473	-158.286736	0.480000	11.640000
474	-158.266736	0.482000	11.430000
475	-158.266736	0.486000	11.510000
476	-158.206736	0.484000	11.550000
477	-158.156736	0.486000	11.400000
478	-158.036736	0.486000	11.430000
479	-157.886736	0.486000	11.730000
480	-157.736736	0.488000	11.390000
481	-157.566736	0.488000	11.530000
482	-157.536736	0.490000	11.370000
483	-157.386736	0.492000	11.750000
484	-157.306736	0.492000	11.400000
485	-157.016736	0.494000	11.390000
486	-156.976736	0.494000	11.550000
487	-156.836736	0.496000	11.410000
488	-156.536736	0.498000	11.300000
489	-156.536736	0.500000	11.570000
490	-156.496736	0.500000	11.420000
491	-156.446736	0.502000	11.650000
492	-156.406736	0.502000	11.410000
493	-156.406736	0.502000	11.580000
494	-156.326736	0.504000	11.620000
495	-156.316736	0.504000	11.610000
496	-156.316736	0.506000	11.750000
497	-156.216736	0.508000	11.590000
498	-156.196736	0.508000	11.500000
499	-156.116736	0.510000	11.800000
500	-156.086736	0.510000	11.800000
501	-156.066736	0.510000	11.510000
502	-156.006736	0.512000	11.530000
503	-155.996736	0.512000	11.690000
504	-155.756736	0.514000	11.440000
505	-155.686736	0.514000	11.450000
506	-155.646736	0.516000	11.590000
507	-155.606736	0.517000	11.630000
508	-155.596736	0.517000	11.540000
509	-155.396736	0.517000	11.680000
510	-155.336736	0.519000	11.610000
511	-155.276736	0.519000	11.590000
512	-155.086736	0.521000	11.750000
513	-155.076736	0.523000	11.710000
514	-155.066736	0.521000	11.710000
515	-155.036736	0.525000	11.680000
516	-154.986736	0.525000	11.770000
517	-154.966736	0.527000	11.620000
518	-154.806736	0.527000	11.720000
519	-154.666736	0.527000	11.580000
520	-154.576736	0.529000	11.510000
521	-154.366736	0.531000	11.770000
522	-154.346736	0.531000	12.030000
523	-154.076736	0.533000	11.940000
524	-154.046736	0.533000	11.750000
525	-154.016736	0.533000	11.530000
526	-154.006736	0.535000	11.560000
527	-153.946736	0.537000	11.790000
528	-153.926736	0.537000	11.510000
529	-153.816736	0.539000	11.800000
530	-153.686736	0.539000	11.640000
531	-153.586736	0.541000	11.900000
532	-153.566736	0.541000	11.650000
533	-153.556736	0.541000	11.720000
534	-153.446736	0.543000	11.550000
535	-153.386736	0.543000	11.850000
536	-153.316736	0.545000	11.700000
537	-153.276736	0.545000	11.830000
538	-153.216736	0.547000	11.870000
539	-153.196736	0.549000	11.700000
540	-153.156736	0.549000	11.800000
541	-153.056736	0.549000	11.740000
542	-153.046736	0.551000	11.760000
543	-153.016736	0.551000	11.750000
544	-152.986736	0.553000	11.760000
545	-152.566736	0.555000	11.860000
546	-152.506736	0.555000	11.860000
547	-152.426736	0.557000	11.830000
548	-152.396736	0.559000	11.860000
549	-152.336736	0.559000	11.950000
550	-152.156736	0.559000	11.840000
551	-152.126736	0.560000	11.900000
552	-152.116736	0.562000	11.730000
553	-152.086736	0.562000	11.680000
554	-152.056736	0.564000	11.890000
555	-152.056736	0.564000	11.780000
556	-152.006736	0.564000	12.090000
557	-151.956736	0.566000	11.990000
558	-151.826736	0.566000	11.960000
559	-151.786736	0.568000	12.140000
560	-151.756736	0.570000	11.910000
561	-151.626736	0.570000	11.950000
562	-151.516736	0.572000	11.900000
563	-151.506736	0.572000	11.880000
564	-151.476736	0.572000	11.710000
565	-151.446736	0.574000	12.080000
566	-151.436736	0.574000	11.880000
567	-151.376736	0.576000	12.200000
568	-151.256736	0.580000	11.800000
569	-151.246736	0.580000	12.120000
570	-151.226736	0.582000	12.120000
571	-151.176736	0.582000	11.940000
572	-151.156736	0.584000	12.140000
573	-151.106736	0.586000	11.760000
574	-151.036736	0.586000	11.860000
575	-150.986736	0.586000	12.100000
576	-150.646736	0.588000	12.060000
577	-150.646736	0.590000	11.930000
578	-150.596736	0.590000	12.010000
579	-150.546736	0.590000	12.100000
580	-150.526736	0.592000	12.030000
581	-150.466736	0.594000	11.990000
582	-150.116736	0.594000	12.060000
583	-150.116736	0.596000	12.160000
584	-150.086736	0.596000	11.980000
585	-150.016736	0.598000	11.990000
586	-149.926736	0.598000	11.990000
587	-149.916736	0.600000	11.980000
588	-149.816736	0.600000	12.140000
589	-149.756736	0.600000	12.110000
590	-149.686736	0.601000	12.000000
591	-149.656736	0.601000	11.930000
592	-149.566736	0.603000	12.040000
593	-148.976736	0.605000	12.170000
594	-148.946736	0.605000	12.150000
595	-148.906736	0.605000	11.990000
596	-148.866736	0.607000	12.210000
597	-148.386736	0.607000	12.120000
598	-148.376736	0.609000	12.000000
599	-148.326736	0.611000	12.170000
600	-148.226736	0.611000	12.190000
601	-148.216736	0.611000	12.170000
602	-148.126736	0.613000	12.340000
603	-148.046736	0.613000	12.140000
604	-147.966736	0.615000	12.110000
605	-147.966736	0.615000	12.170000
606	-147.946736	0.617000	12.190000
607	-147.866736	0.615000	12.180000
608	-147.826736	0.619000	12.220000
609	-147.766736	0.621000	12.070000
610	-147.556736	0.621000	12.230000
611	-147.536736	0.621000	12.170000
612	-147.506736	0.623000	12.170000
613	-147.426736	0.625000	12.130000
614	-147.326736	0.625000	12.070000
615	-147.286736	0.627000	12.310000
616	-147.246736	0.627000	12.350000
617	-147.236736	0.627000	12.330000
618	-147.166736	0.629000	12.210000
619	-147.146736	0.631000	12.120000
620	-147.126736	0.633000	12.170000
621	-147.096736	0.633000	12.190000
622	-147.066736	0.633000	12.220000
623	-146.956736	0.635000	12.210000
624	-146.926736	0.637000	12.380000
625	-146.916736	0.637000	12.270000
626	-146.806736	0.637000	12.230000
627	-146.726736	0.639000	12.590000
628	-146.726736	0.639000	12.430000
629	-146.616736	0.641000	12.200000
630	-146.576736	0.642000	12.240000
631	-146.566736	0.642000	12.310000
632	-146.556736	0.642000	12.250000
633	-146.526736	0.644000	12.260000
634	-146.496736	0.644000	12.220000
635	-146.426736	0.646000	12.070000
636	-146.406736	0.648000	12.270000
637	-146.386736	0.646000	12.310000
638	-146.176736	0.650000	12.280000
639	-146.116736	0.652000	12.300000
640	-145.966736	0.652000	12.250000
641	-145.966736	0.652000	12.320000
642	-145.666736	0.654000	12.290000
643	-145.656736	0.656000	12.230000
644	-145.526736	0.656000	12.310000
645	-145.406736	0.658000	12.230000
646	-145.396736	0.658000	12.230000
647	-145.266736	0.658000	12.420000
648	-145.126736	0.660000	12.400000
649	-145.046736	0.664000	12.710000
650	-145.026736	0.662000	12.290000
651	-145.016736	0.666000	12.390000
652	-144.946736	0.666000	12.280000
653	-144.806736	0.666000	12.610000
654	-144.796736	0.668000	12.270000
655	-144.736736	0.668000	12.350000
656	-144.306736	0.670000	12.570000
657	-144.276736	0.670000	12.510000
658	-144.226736	0.672000	12.350000
659	-144.216736	0.674000	12.470000
660	-144.106736	0.674000	12.380000
661	-143.946736	0.674000	12.510000
662	-143.936736	0.676000	12.270000
663	-143.596736	0.676000	12.390000
664	-143.486736	0.678000	12.390000
665	-143.456736	0.678000	12.500000
666	-143.366736	0.678000	12.470000
667	-143.346736	0.680000	12.350000
668	-143.246736	0.682000	12.580000
669	-143.216736	0.682000	12.400000
670	-143.176736	0.683000	12.570000
671	-143.146736	0.683000	12.830000
672	-143.096736	0.685000	12.600000
673	-142.936736	0.687000	12.490000
674	-142.856736	0.687000	12.620000
675	-142.776736	0.689000	12.450000
676	-142.746736	0.689000	12.650000
677	-142.736736	0.689000	12.590000
678	-142.726736	0.691000	12.590000
679	-142.656736	0.691000	12.410000
680	-142.536736	0.693000	12.430000
681	-142.466736	0.695000	12.470000
682	-142.466736	0.697000	12.570000
683	-142.436736	0.697000	12.550000
684	-142.396736	0.697000	13.010000
685	-142.386736	0.699000	12.750000
686	-142.376736	0.699000	12.620000
687	-142.236736	0.701000	12.640000
688	-142.186736	0.703000	12.590000
689	-142.176736	0.703000	12.900000
690	-142.176736	0.705000	12.770000
691	-142.166736	0.705000	12.490000
692	-141.916736	0.705000	12.900000
693	-141.816736	0.707000	12.720000
694	-141.776736	0.707000	12.720000
695	-141.726736	0.709000	12.650000
696	-141.706736	0.711000	12.570000
697	-141.676736	0.711000	12.760000
698	-141.546736	0.713000	12.570000
699	-141.456736	0.713000	12.750000
700	-141.426736	0.715000	12.840000
701	-141.376736	0.715000	12.540000
702	-141.296736	0.715000	12.840000
703	-141.146736	0.717000	12.930000
704	-140.836736	0.717000	12.920000
705	-140.756736	0.721000	12.680000
706	-140.746736	0.721000	12.650000
707	-140.686736	0.721000	12.650000
708	-140.666736	0.721000	12.880000
709	-140.616736	0.723000	12.760000
710	-140.596736	0.723000	12.790000
711	-140.376736	0.725000	12.630000
712	-140.276736	0.726000	12.730000
713	-140.226736	0.728000	12.910000
714	-140.146736	0.728000	12.870000
715	-140.146736	0.728000	12.660000
716	-140.106736	0.730000	12.740000
717	-139.756736	0.730000	12.740000
718	-139.696736	0.732000	12.850000
719	-139.616736	0.732000	12.770000
720	-139.526736	0.734000	12.880000
721	-139.446736	0.736000	12.670000
722	-139.416736	0.736000	12.740000
723	-139.276736	0.736000	12.610000
724	-139.266736	0.738000	12.730000
725	-139.256736	0.738000	12.640000
726	-139.106736	0.740000	12.880000
727	-139.056736	0.742000	12.910000
728	-139.046736	0.742000	12.620000
729	-138.966736	0.744000	12.800000
730	-138.896736	0.744000	12.760000
731	-138.776736	0.746000	12.710000
732	-138.656736	0.748000	12.810000
733	-138.636736	0.750000	12.960000
734	-138.536736	0.750000	12.760000
735	-138.486736	0.752000	12.770000
736	-138.466736	0.752000	12.960000
737	-138.366736	0.752000	12.890000
738	-138.336736	0.754000	12.930000
739	-138.336736	0.754000	13.000000
740	-138.266736	0.756000	13.020000
741	-138.236736	0.756000	12.970000
742	-138.206736	0.758000	12.730000
743	-138.126736	0.760000	13.030000
744	-138.106736	0.762000	12.850000
745	-138.086736	0.762000	13.000000
746	-138.036736	0.762000	12.770000
747	-138.036736	0.764000	12.880000
748	-138.006736	0.766000	12.910000
749	-137.826736	0.767000	12.760000
750	-137.796736	0.766000	13.060000
751	-137.786736	0.767000	12.960000
752	-137.766736	0.767000	12.940000
753	-137.676736	0.769000	12.820000
754	-137.596736	0.769000	12.860000
755	-137.416736	0.771000	12.800000
756	-137.386736	0.773000	12.860000
757	-137.256736	0.773000	13.170000
758	-137.216736	0.773000	12.850000
759	-137.176736	0.775000	12.900000
760	-137.176736	0.777000	13.030000
761	-137.126736	0.777000	13.090000
762	-137.086736	0.779000	12.850000
763	-136.916736	0.781000	12.870000
764	-136.676736	0.781000	12.930000
765	-136.606736	0.783000	12.940000
766	-136.496736	0.783000	12.870000
767	-136.216736	0.785000	12.890000
768	-136.216736	0.785000	12.910000
769	-136.146736	0.785000	12.920000
770	-136.116736	0.787000	13.110000
771	-136.066736	0.787000	12.940000
772	-135.996736	0.789000	12.990000
773	-135.926736	0.789000	12.920000
774	-135.876736	0.791000	13.000000
775	-135.806736	0.793000	12.960000
776	-135.676736	0.793000	12.990000
777	-135.586736	0.793000	13.150000
778	-135.486736	0.795000	12.910000
779	-135.486736	0.795000	13.050000
780	-135.326736	0.797000	13.200000
781	-135.146736	0.799000	12.970000
782	-135.076736	0.799000	13.100000
783	-135.026736	0.799000	12.980000
784	-134.966736	0.801000	12.930000
785	-134.926736	0.801000	12.850000
786	-134.796736	0.803000	13.350000
787	-134.726736	0.805000	12.980000
788	-134.716736	0.805000	13.150000
789	-134.716736	0.805000	13.150000
790	-134.656736	0.807000	13.340000
791	-134.606736	0.809000	13.150000
792	-134.556736	0.809000	13.090000
793	-134.516736	0.810000	13.340000
794	-134.496736	0.812000	13.050000
795	-134.436736	0.812000	13.050000
796	-134.206736	0.814000	12.990000
797	-134.166736	0.814000	13.200000
798	-134.166736	0.814000	13.150000
799	-134.116736	0.816000	13.200000
800	-133.896736	0.816000	13.040000
801	-133.856736	0.818000	13.230000
802	-133.726736	0.820000	13.140000
803	-133.676736	0.820000	12.940000
804	-133.676736	0.820000	13.190000
805	-133.606736	0.822000	13.350000
806	-133.376736	0.824000	13.140000
807	-133.356736	0.824000	13.310000
808	-133.356736	0.824000	13.350000
809	-133.336736	0.826000	13.130000
810	-133.216736	0.826000	13.240000
811	-133.166736	0.828000	13.100000
812	-133.086736	0.830000	13.230000
813	-133.026736	0.832000	13.330000
814	-132.656736	0.832000	13.220000
815	-132.566736	0.834000	13.060000
816	-132.546736	0.836000	13.130000
817	-132.526736	0.836000	13.330000
818	-132.526736	0.838000	13.390000
819	-132.476736	0.838000	13.250000
820	-132.366736	0.840000	13.270000
821	-132.286736	0.840000	13.400000
822	-132.276736	0.842000	13.290000
823	-132.206736	0.844000	13.160000
824	-132.186736	0.844000	13.250000
825	-132.116736	0.846000	13.400000
826	-132.006736	0.846000	13.200000
827	-131.886736	0.846000	13.340000
828	-131.836736	0.848000	13.330000
829	-131.656736	0.848000	13.390000
830	-131.596736	0.850000	13.320000
831	-131.546736	0.851000	13.550000
832	-131.496736	0.850000	13.420000
833	-131.406736	0.853000	13.230000
834	-131.356736	0.853000	13.420000
835	-131.346736	0.853000	13.500000
836	-131.346736	0.855000	13.330000
837	-131.316736	0.855000	13.520000
838	-131.246736	0.857000	13.310000
839	-131.156736	0.859000	13.440000
840	-131.056736	0.861000	13.440000
841	-130.896736	0.861000	13.360000
842	-130.746736	0.861000	13.230000
843	-130.696736	0.861000	13.500000
844	-130.686736	0.863000	13.440000
845	-130.566736	0.863000	13.480000
846	-130.456736	0.865000	13.320000
847	-130.386736	0.865000	13.330000
848	-130.246736	0.865000	13.360000
849	-130.146736	0.867000	13.410000
850	-130.116736	0.869000	13.610000
851	-130.076736	0.869000	13.460000
852	-129.996736	0.871000	13.340000
853	-129.976736	0.871000	13.540000
854	-129.916736	0.873000	13.440000
855	-129.876736	0.875000	13.420000
856	-129.846736	0.875000	13.320000
857	-129.716736	0.877000	13.380000
858	-129.646736	0.877000	13.460000
859	-129.546736	0.877000	13.410000
860	-129.516736	0.879000	13.480000
861	-129.516736	0.879000	13.380000
862	-129.316736	0.881000	13.410000
863	-129.186736	0.881000	13.610000
864	-129.106736	0.883000	13.430000
865	-128.906736	0.885000	13.630000
866	-128.846736	0.885000	13.480000
867	-128.726736	0.885000	13.530000
868	-128.646736	0.887000	13.620000
869	-128.646736	0.887000	13.730000
870	-128.596736	0.889000	13.440000
871	-128.596736	0.889000	13.540000
872	-128.576736	0.891000	13.690000
873	-128.566736	0.892000	13.460000
874	-128.336736	0.892000	13.620000
875	-128.306736	0.892000	13.430000
876	-128.296736	0.894000	13.620000
877	-128.216736	0.894000	13.470000
878	-128.146736	0.896000	13.540000
879	-128.116736	0.898000	13.820000
880	-127.926736	0.898000	13.620000
881	-127.906736	0.900000	13.530000
882	-127.746736	0.900000	13.620000
883	-127.726736	0.902000	13.500000
884	-127.656736	0.902000	13.790000
885	-127.616736	0.902000	13.650000
886	-127.576736	0.904000	13.410000
887	-127.556736	0.904000	13.660000
888	-127.496736	0.908000	13.660000
889	-127.406736	0.908000	13.660000
890	-127.396736	0.908000	13.550000
891	-127.326736	0.908000	13.610000
892	-127.296736	0.910000	13.400000
893	-127.256736	0.910000	13.770000
894	-127.206736	0.914000	13.770000
895	-127.136736	0.916000	13.730000
896	-126.966736	0.916000	13.670000
897	-126.966736	0.918000	13.570000
898	-126.946736	0.918000	13.570000
899	-126.906736	0.918000	13.680000
900	-126.856736	0.920000	13.760000
901	-126.796736	0.922000	13.870000
902	-126.766736	0.924000	13.670000
903	-126.626736	0.924000	13.730000
904	-126.286736	0.924000	13.820000
905	-126.246736	0.926000	13.780000
906	-126.176736	0.926000	13.750000
907	-126.126736	0.926000	14.130000
908	-126.066736	0.928000	13.660000
909	-125.946736	0.928000	13.850000
910	-125.906736	0.928000	13.830000
911	-125.856736	0.928000	13.610000
912	-125.716736	0.932000	13.600000
913	-125.716736	0.933000	13.720000
914	-125.676736	0.933000	13.580000
915	-125.666736	0.935000	13.550000
916	-125.646736	0.937000	13.930000
917	-125.596736	0.937000	13.840000
918	-125.536736	0.939000	13.660000
919	-125.496736	0.939000	13.840000
920	-125.456736	0.939000	13.850000
921	-125.366736	0.941000	13.800000
922	-125.326736	0.941000	13.830000
923	-125.066736	0.943000	13.950000
924	-124.876736	0.945000	14.000000
925	-124.816736	0.943000	13.770000
926	-124.746736	0.945000	13.770000
927	-124.676736	0.947000	13.830000
928	-124.576736	0.949000	13.850000
929	-124.516736	0.949000	13.780000
930	-124.486736	0.949000	14.190000
931	-124.476736	0.951000	13.800000
932	-124.416736	0.953000	13.810000
933	-124.396736	0.955000	13.970000
934	-124.356736	0.953000	13.870000
935	-124.326736	0.955000	13.770000
936	-124.196736	0.955000	13.840000
937	-124.136736	0.957000	14.000000
938	-124.076736	0.957000	13.710000
939	-124.066736	0.959000	13.760000
940	-124.036736	0.961000	13.770000
941	-123.916736	0.961000	14.080000
942	-123.746736	0.961000	13.810000
943	-123.736736	0.963000	13.880000
944	-123.636736	0.965000	13.910000
945	-123.346736	0.965000	13.800000
946	-123.336736	0.965000	13.950000
947	-123.286736	0.967000	14.040000
948	-123.096736	0.967000	13.820000
949	-122.996736	0.969000	13.800000
950	-122.856736	0.971000	13.860000
951	-122.836736	0.971000	14.100000
952	-122.686736	0.971000	14.030000
953	-122.546736	0.973000	13.910000
954	-122.386736	0.973000	13.910000
955	-122.326736	0.975000	14.090000
956	-122.156736	0.976000	13.970000
957	-122.126736	0.976000	14.170000
958	-122.086736	0.976000	13.790000
959	-122.086736	0.978000	14.130000
960	-122.076736	0.980000	13.840000
961	-122.016736	0.980000	13.910000
962	-121.816736	0.980000	13.950000
963	-121.776736	0.982000	13.970000
964	-121.696736	0.984000	13.960000
965	-121.616736	0.984000	13.940000
966	-121.606736	0.986000	14.200000
967	-121.586736	0.986000	13.970000
968	-121.576736	0.986000	14.080000
969	-121.506736	0.988000	14.050000
970	-121.486736	0.988000	14.060000
971	-121.416736	0.990000	14.120000
972	-121.406736	0.992000	14.050000
973	-121.226736	0.992000	14.080000
974	-121.196736	0.994000	14.050000
975	-121.056736	0.994000	14.120000
976	-121.026736	0.998000	14.250000
977	-120.876736	0.998000	14.080000
978	-120.806736	1.000000	14.070000
979	-120.646736	1.000000	14.070000
980	-120.456736	1.002000	13.890000
981	-120.446736	1.002000	14.160000
982	-120.286736	1.002000	14.080000
983	-120.246736	1.004000	14.130000
984	-120.026736	1.004000	14.270000
985	-120.016736	1.006000	14.170000
986	-119.926736	1.008000	14.040000
987	-119.896736	1.010000	13.960000
988	-119.826736	1.010000	14.120000
989	-119.786736	1.010000	14.260000
990	-119.746736	1.012000	14.110000
991	-119.736736	1.012000	14.110000
992	-119.716736	1.014000	14.270000
993	-119.696736	1.016000	14.100000
994	-119.646736	1.016000	14.320000
995	-119.646736	1.017000	14.130000
996	-119.606736	1.017000	14.260000
997	-119.436736	1.017000	14.220000
998	-119.266736	1.019000	14.140000
999	-119.256736	1.019000	14.210000
1000	-119.226736	1.021000	14.180000
1001	-119.136736	1.021000	14.320000
1002	-119.096736	1.021000	14.150000
1003	-119.016736	1.025000	14.090000
1004	-118.876736	1.025000	14.180000
1005	-118.856736	1.027000	14.260000
1006	-118.746736	1.027000	14.300000
1007	-118.516736	1.027000	14.200000
1008	-118.426736	1.029000	14.440000
1009	-118.376736	1.031000	14.340000
1010	-118.336736	1.031000	14.090000
1011	-118.266736	1.033000	14.170000
1012	-118.266736	1.033000	14.440000
1013	-118.256736	1.033000	14.320000
1014	-118.076736	1.035000	14.260000
1015	-118.066736	1.035000	14.380000
1016	-117.916736	1.037000	14.620000
1017	-117.816736	1.037000	14.430000
1018	-117.806736	1.041000	14.340000
1019	-117.766736	1.041000	14.520000
1020	-117.686736	1.041000	14.420000
1021	-117.676736	1.043000	14.510000
1022	-117.526736	1.043000	14.480000
1023	-117.516736	1.045000	14.190000
1024	-117.386736	1.047000	14.260000
1025	-117.356736	1.049000	14.280000
1026	-117.316736	1.047000	14.360000
1027	-117.266736	1.049000	14.460000
1028	-117.256736	1.049000	14.330000
1029	-117.216736	1.051000	14.180000
1030	-116.916736	1.051000	14.490000
1031	-116.816736	1.053000	14.290000
1032	-116.786736	1.055000	14.380000
1033	-116.776736	1.055000	14.400000
1034	-116.686736	1.057000	14.660000
1035	-116.616736	1.057000	14.560000
1036	-116.606736	1.059000	14.520000
1037	-116.546736	1.059000	14.330000
1038	-116.526736	1.060000	14.420000
1039	-116.356736	1.062000	14.420000
1040	-116.326736	1.062000	14.570000
1041	-116.266736	1.064000	14.520000
1042	-116.256736	1.064000	14.370000
1043	-116.236736	1.064000	14.450000
1044	-116.136736	1.066000	14.430000
1045	-116.096736	1.066000	14.470000
1046	-115.996736	1.068000	14.470000
1047	-115.876736	1.068000	14.490000
1048	-115.866736	1.070000	14.570000
1049	-115.776736	1.072000	14.490000
1050	-115.696736	1.072000	14.490000
1051	-115.426736	1.072000	14.540000
1052	-115.386736	1.074000	14.520000
1053	-115.226736	1.074000	14.550000
1054	-115.156736	1.076000	14.530000
1055	-115.096736	1.076000	14.560000
1056	-115.096736	1.078000	14.490000
1057	-115.096736	1.082000	14.450000
1058	-114.966736	1.082000	14.450000
1059	-114.936736	1.082000	14.530000
1060	-114.746736	1.084000	14.600000
1061	-114.446736	1.086000	14.580000
1062	-114.416736	1.086000	14.570000
1063	-114.326736	1.086000	14.650000
1064	-114.286736	1.088000	14.330000
1065	-114.256736	1.090000	14.540000
1066	-114.156736	1.090000	14.580000
1067	-113.996736	1.092000	14.610000
1068	-113.976736	1.094000	14.530000
1069	-113.736736	1.094000	14.510000
1070	-113.736736	1.096000	14.650000
1071	-113.736736	1.096000	14.510000
1072	-113.676736	1.096000	14.500000
1073	-113.676736	1.098000	14.780000
1074	-113.546736	1.098000	14.590000
1075	-113.546736	1.100000	14.600000
1076	-113.546736	1.100000	14.730000
1077	-113.446736	1.101000	14.430000
1078	-113.416736	1.103000	14.650000
1079	-113.386736	1.103000	14.740000
1080	-113.356736	1.105000	14.530000
1081	-113.326736	1.105000	14.600000
1082	-113.326736	1.105000	14.710000
1083	-113.286736	1.107000	14.440000
1084	-113.196736	1.109000	14.560000
1085	-113.086736	1.111000	14.540000
1086	-112.936736	1.111000	14.660000
1087	-112.796736	1.111000	14.810000
1088	-112.686736	1.113000	14.710000
1089	-112.666736	1.113000	14.500000
1090	-112.386736	1.113000	14.810000
1091	-112.386736	1.115000	14.750000
1092	-112.316736	1.115000	14.770000
1093	-112.256736	1.115000	14.720000
1094	-111.996736	1.115000	14.740000
1095	-111.956736	1.119000	14.840000
1096	-111.926736	1.121000	14.820000
1097	-111.906736	1.121000	14.840000
1098	-111.896736	1.123000	14.610000
1099	-111.866736	1.123000	14.750000
1100	-111.826736	1.125000	14.710000
1101	-111.776736	1.125000	14.620000
1102	-111.736736	1.127000	14.770000
1103	-111.736736	1.127000	14.800000
1104	-111.736736	1.127000	14.830000
1105	-111.606736	1.129000	15.050000
1106	-111.566736	1.129000	14.820000
1107	-111.476736	1.131000	14.610000
1108	-111.086736	1.133000	14.840000
1109	-111.086736	1.131000	14.720000
1110	-111.056736	1.133000	14.660000
1111	-111.056736	1.135000	14.880000
1112	-111.006736	1.137000	14.910000
1113	-110.966736	1.137000	14.610000
1114	-110.956736	1.137000	14.760000
1115	-110.856736	1.139000	14.730000
1116	-110.696736	1.139000	14.790000
1117	-110.566736	1.142000	14.820000
1118	-110.476736	1.141000	15.090000
1119	-110.466736	1.142000	14.650000
1120	-110.446736	1.144000	15.030000
1121	-110.376736	1.144000	15.030000
1122	-110.146736	1.144000	14.860000
1123	-110.146736	1.146000	15.010000
1124	-109.726736	1.148000	14.750000
1125	-109.626736	1.148000	15.070000
1126	-109.616736	1.148000	14.960000
1127	-109.566736	1.150000	15.020000
1128	-109.476736	1.152000	15.010000
1129	-109.476736	1.152000	14.850000
1130	-109.446736	1.152000	14.750000
1131	-109.376736	1.154000	14.950000
1132	-109.346736	1.156000	15.000000
1133	-109.336736	1.156000	14.880000
1134	-109.316736	1.158000	14.910000
1135	-109.086736	1.158000	14.930000
1136	-109.046736	1.158000	15.000000
1137	-109.036736	1.160000	15.060000
1138	-108.976736	1.160000	14.980000
1139	-108.916736	1.164000	15.110000
1140	-108.886736	1.166000	14.810000
1141	-108.756736	1.166000	15.030000
1142	-108.746736	1.166000	15.020000
1143	-108.696736	1.168000	15.120000
1144	-108.656736	1.168000	15.060000
1145	-108.506736	1.170000	15.070000
1146	-108.436736	1.172000	14.730000
1147	-108.426736	1.172000	14.970000
1148	-108.256736	1.174000	14.940000
1149	-108.246736	1.174000	15.180000
1150	-108.156736	1.176000	15.190000
1151	-108.116736	1.176000	15.190000
1152	-108.076736	1.176000	15.170000
1153	-108.076736	1.178000	15.160000
1154	-108.046736	1.180000	15.010000
1155	-107.946736	1.178000	15.220000
1156	-107.926736	1.182000	15.110000
1157	-107.756736	1.182000	15.040000
1158	-107.626736	1.182000	15.170000
1159	-107.606736	1.183000	15.050000
1160	-107.416736	1.183000	15.050000
1161	-107.396736	1.185000	15.090000
1162	-107.326736	1.185000	15.120000
1163	-107.266736	1.187000	15.120000
1164	-107.196736	1.189000	15.090000
1165	-107.126736	1.189000	15.170000
1166	-106.976736	1.189000	15.200000
1167	-106.966736	1.191000	15.100000
1168	-106.866736	1.191000	15.150000
1169	-106.836736	1.193000	15.350000
1170	-106.786736	1.193000	15.230000
1171	-106.776736	1.195000	15.190000
1172	-106.686736	1.197000	15.180000
1173	-106.616736	1.197000	15.290000
1174	-106.316736	1.197000	15.400000
1175	-106.186736	1.199000	15.150000
1176	-105.866736	1.199000	15.400000
1177	-105.766736	1.201000	15.210000
1178	-105.586736	1.203000	15.230000
1179	-105.546736	1.203000	15.130000
1180	-105.426736	1.205000	15.420000
1181	-105.406736	1.205000	15.310000
1182	-105.396736	1.207000	15.370000
1183	-105.276736	1.207000	15.340000
1184	-105.086736	1.207000	15.300000
1185	-105.036736	1.209000	15.200000
1186	-104.966736	1.211000	15.360000
1187	-104.916736	1.211000	15.500000
1188	-104.836736	1.213000	15.310000
1189	-104.806736	1.213000	15.290000
1190	-104.806736	1.215000	15.360000
1191	-104.746736	1.215000	15.300000
1192	-104.726736	1.217000	15.370000
1193	-104.696736	1.219000	15.280000
1194	-104.646736	1.219000	15.300000
1195	-104.596736	1.221000	15.370000
1196	-104.576736	1.221000	15.210000
1197	-104.506736	1.221000	15.210000
1198	-104.436736	1.223000	15.340000
1199	-104.346736	1.223000	15.240000
1200	-104.256736	1.225000	15.100000
1201	-103.966736	1.226000	15.380000
1202	-103.866736	1.228000	15.450000
1203	-103.856736	1.228000	15.400000
1204	-103.616736	1.228000	15.310000
1205	-103.576736	1.230000	15.170000
1206	-103.576736	1.230000	15.230000
1207	-103.566736	1.232000	15.470000
1208	-103.546736	1.234000	15.330000
1209	-103.466736	1.234000	15.370000
1210	-103.346736	1.236000	15.390000
1211	-103.326736	1.236000	15.350000
1212	-103.316736	1.238000	15.490000
1213	-103.256736	1.238000	15.410000
1214	-103.136736	1.240000	15.440000
1215	-103.116736	1.242000	15.410000
1216	-103.096736	1.242000	15.380000
1217	-103.096736	1.244000	15.500000
1218	-103.056736	1.244000	15.460000
1219	-103.046736	1.244000	15.420000
1220	-102.976736	1.248000	15.500000
1221	-102.896736	1.250000	15.400000
1222	-102.886736	1.252000	15.450000
1223	-102.766736	1.252000	15.390000
1224	-102.536736	1.252000	15.370000
1225	-102.276736	1.252000	15.500000
1226	-102.246736	1.254000	15.430000
1227	-102.226736	1.254000	15.690000
1228	-102.116736	1.256000	15.610000
1229	-102.016736	1.258000	15.700000
1230	-101.996736	1.258000	15.410000
1231	-101.796736	1.260000	15.620000
1232	-101.726736	1.260000	15.400000
1233	-101.616736	1.262000	15.540000
1234	-101.476736	1.262000	15.460000
1235	-101.376736	1.262000	15.610000
1236	-101.316736	1.264000	15.370000
1237	-101.276736	1.266000	15.480000
1238	-101.276736	1.266000	15.770000
1239	-101.276736	1.266000	15.490000
1240	-101.266736	1.267000	15.410000
1241	-101.236736	1.269000	15.540000
1242	-101.196736	1.269000	15.410000
1243	-101.126736	1.269000	15.510000
1244	-101.116736	1.271000	15.500000
1245	-101.086736	1.273000	15.480000
1246	-101.026736	1.273000	15.580000
1247	-100.896736	1.273000	15.650000
1248	-100.866736	1.275000	15.410000
1249	-100.816736	1.277000	15.430000
1250	-100.706736	1.277000	15.490000
1251	-100.666736	1.277000	15.620000
1252	-100.606736	1.279000	15.720000
1253	-100.306736	1.283000	15.790000
1254	-100.236736	1.281000	15.660000
1255	-100.036736	1.283000	15.590000
1256	-99.946736	1.283000	15.730000
1257	-99.696736	1.283000	15.670000
1258	-99.576736	1.285000	15.770000
1259	-99.526736	1.285000	15.740000
1260	-99.476736	1.287000	15.780000
1261	-99.476736	1.287000	15.730000
1262	-99.436736	1.289000	15.710000
1263	-99.366736	1.291000	15.440000
1264	-99.316736	1.291000	15.830000
1265	-99.236736	1.293000	15.880000
1266	-99.206736	1.293000	15.670000
1267	-99.166736	1.293000	15.690000
1268	-99.106736	1.295000	15.700000
1269	-99.086736	1.297000	15.680000
1270	-98.946736	1.297000	15.750000
1271	-98.946736	1.299000	15.750000
1272	-98.866736	1.299000	15.820000
1273	-98.826736	1.301000	15.700000
1274	-98.786736	1.301000	14.220000
1275	-98.786736	1.301000	14.630000
1276	-98.676736	1.303000	15.720000
1277	-98.536736	1.305000	15.770000
1278	-98.456736	1.305000	14.350000
1279	-98.376736	1.305000	15.660000
1280	-98.326736	1.307000	14.490000
1281	-98.306736	1.309000	15.240000
1282	-98.166736	1.309000	14.440000
1283	-98.146736	1.309000	14.410000
1284	-97.906736	1.310000	14.410000
1285	-97.896736	1.314000	14.430000
1286	-97.876736	1.312000	15.550000
1287	-97.816736	1.314000	14.620000
1288	-97.736736	1.314000	14.460000
1289	-97.716736	1.314000	14.580000
1290	-97.686736	1.316000	14.530000
1291	-97.566736	1.316000	14.440000
1292	-97.456736	1.318000	14.600000
1293	-97.236736	1.318000	14.620000
1294	-97.006736	1.320000	14.590000
1295	-96.886736	1.322000	14.400000
1296	-96.856736	1.322000	14.500000
1297	-96.856736	1.324000	14.520000
1298	-96.846736	1.324000	14.590000
1299	-96.776736	1.324000	14.500000
1300	-96.726736	1.326000	14.380000
1301	-96.696736	1.328000	14.520000
1302	-96.676736	1.328000	14.440000
1303	-96.606736	1.330000	14.580000
1304	-96.336736	1.332000	14.560000
1305	-96.106736	1.332000	14.430000
1306	-96.066736	1.334000	14.460000
1307	-96.026736	1.336000	14.690000
1308	-95.936736	1.336000	14.580000
1309	-95.826736	1.338000	14.670000
1310	-95.806736	1.338000	14.670000
1311	-95.736736	1.338000	14.530000
1312	-95.556736	1.340000	14.640000
1313	-95.556736	1.340000	14.550000
1314	-95.536736	1.342000	15.050000
1315	-95.526736	1.344000	14.550000
1316	-95.456736	1.346000	14.820000
1317	-95.446736	1.346000	14.610000
1318	-95.206736	1.346000	14.490000
1319	-95.186736	1.346000	14.550000
1320	-95.126736	1.348000	14.650000
1321	-95.076736	1.348000	14.730000
1322	-95.036736	1.350000	14.870000
1323	-94.916736	1.351000	14.530000
1324	-94.916736	1.351000	14.750000
1325	-94.906736	1.351000	14.890000
1326	-94.856736	1.353000	14.640000
1327	-94.786736	1.355000	14.630000
1328	-94.766736	1.355000	14.580000
1329	-94.746736	1.355000	14.680000
1330	-94.716736	1.357000	14.790000
1331	-94.666736	1.359000	14.710000
1332	-94.566736	1.359000	14.660000
1333	-94.566736	1.361000	14.510000
1334	-94.376736	1.361000	15.030000
1335	-94.286736	1.361000	14.780000
1336	-94.156736	1.363000	14.730000
1337	-94.116736	1.365000	14.640000
1338	-94.096736	1.367000	14.910000
1339	-93.856736	1.367000	15.030000
1340	-93.616736	1.369000	14.840000
1341	-93.566736	1.369000	14.710000
1342	-93.516736	1.369000	14.800000
1343	-93.506736	1.371000	14.810000
1344	-93.286736	1.371000	14.780000
1345	-93.266736	1.373000	14.930000
1346	-93.256736	1.373000	15.020000
1347	-93.146736	1.377000	14.710000
1348	-93.106736	1.377000	14.960000
1349	-93.006736	1.377000	14.850000
1350	-92.966736	1.377000	14.590000
1351	-92.956736	1.379000	14.830000
1352	-92.956736	1.379000	14.880000
1353	-92.896736	1.381000	14.780000
1354	-92.876736	1.381000	14.940000
1355	-92.776736	1.381000	14.830000
1356	-92.756736	1.383000	14.860000
1357	-92.606736	1.385000	14.760000
1358	-92.546736	1.385000	15.050000
1359	-92.526736	1.387000	14.570000
1360	-92.516736	1.387000	14.860000
1361	-92.476736	1.389000	14.800000
1362	-92.416736	1.391000	14.720000
1363	-92.386736	1.391000	14.740000
1364	-92.356736	1.392000	14.960000
1365	-92.186736	1.392000	14.670000
1366	-92.056736	1.392000	14.820000
1367	-92.006736	1.394000	14.950000
1368	-91.946736	1.394000	14.980000
1369	-91.936736	1.396000	14.880000
1370	-91.856736	1.398000	14.950000
1371	-91.546736	1.398000	15.040000
1372	-91.296736	1.400000	14.990000
1373	-91.076736	1.400000	15.010000
1374	-91.066736	1.400000	14.890000
1375	-91.026736	1.402000	14.850000
1376	-90.906736	1.402000	15.030000
1377	-90.906736	1.404000	14.960000
1378	-90.876736	1.404000	14.940000
1379	-90.786736	1.406000	14.840000
1380	-90.756736	1.408000	15.160000
1381	-90.726736	1.408000	15.040000
1382	-90.696736	1.408000	14.910000
1383	-90.666736	1.410000	14.910000
1384	-90.646736	1.412000	14.880000
1385	-90.586736	1.414000	14.850000
1386	-90.476736	1.412000	14.810000
1387	-90.396736	1.416000	15.140000
1388	-90.386736	1.418000	14.950000
1389	-90.386736	1.418000	14.910000
1390	-90.316736	1.418000	15.210000
1391	-90.266736	1.420000	14.950000
1392	-90.236736	1.422000	14.880000
1393	-90.226736	1.422000	14.970000
1394	-90.186736	1.424000	14.930000
1395	-90.116736	1.424000	15.010000
1396	-90.106736	1.426000	14.950000
1397	-90.056736	1.426000	15.120000
1398	-89.906736	1.426000	14.900000
1399	-89.656736	1.428000	15.250000
1400	-89.566736	1.430000	15.030000
1401	-89.406736	1.430000	15.190000
1402	-89.306736	1.430000	15.370000
1403	-89.216736	1.432000	15.310000
1404	-89.106736	1.433000	15.070000
1405	-89.056736	1.433000	15.240000
1406	-88.836736	1.433000	15.230000
1407	-88.726736	1.435000	15.210000
1408	-88.546736	1.435000	15.220000
1409	-88.536736	1.437000	15.210000
1410	-88.536736	1.439000	15.210000
1411	-88.296736	1.439000	15.200000
1412	-88.296736	1.439000	15.140000
1413	-88.286736	1.441000	15.010000
1414	-88.276736	1.441000	15.140000
1415	-88.246736	1.443000	15.190000
1416	-88.156736	1.445000	15.140000
1417	-88.146736	1.445000	15.160000
1418	-88.096736	1.445000	15.290000
1419	-88.056736	1.447000	15.360000
1420	-87.836736	1.449000	15.120000
1421	-87.806736	1.449000	15.260000
1422	-87.786736	1.449000	15.180000
1423	-87.786736	1.451000	15.320000
1424	-87.776736	1.453000	15.230000
1425	-87.766736	1.453000	15.330000
1426	-87.766736	1.455000	15.260000
1427	-87.646736	1.455000	15.220000
1428	-87.606736	1.455000	15.480000
1429	-87.536736	1.457000	15.130000
1430	-87.516736	1.457000	14.960000
1431	-87.476736	1.459000	15.210000
1432	-87.466736	1.461000	15.250000
1433	-87.356736	1.461000	15.320000
1434	-87.296736	1.461000	15.120000
1435	-87.286736	1.463000	15.290000
1436	-87.246736	1.465000	15.170000
1437	-87.166736	1.465000	15.090000
1438	-86.936736	1.465000	15.120000
1439	-86.866736	1.467000	15.220000
1440	-86.806736	1.467000	15.130000
1441	-86.686736	1.469000	15.330000
1442	-86.216736	1.471000	15.210000
1443	-86.016736	1.471000	15.280000
1444	-85.676736	1.471000	15.400000
1445	-85.596736	1.473000	15.360000
1446	-85.546736	1.473000	15.390000
1447	-85.476736	1.475000	15.310000
1448	-85.466736	1.476000	15.310000
1449	-85.156736	1.476000	15.410000
1450	-85.086736	1.478000	15.470000
1451	-84.996736	1.480000	15.350000
1452	-84.986736	1.480000	15.390000
1453	-84.906736	1.480000	15.340000
1454	-84.836736	1.482000	15.420000
1455	-84.786736	1.484000	15.400000
1456	-84.736736	1.484000	15.460000
1457	-84.536736	1.486000	15.380000
1458	-84.496736	1.486000	15.490000
1459	-84.496736	1.486000	15.300000
1460	-84.406736	1.488000	15.370000
1461	-84.276736	1.490000	15.430000
1462	-84.276736	1.492000	15.300000
1463	-84.226736	1.492000	15.420000
1464	-84.156736	1.492000	15.310000
1465	-84.126736	1.494000	15.510000
1466	-84.106736	1.496000	15.290000
1467	-84.106736	1.498000	15.470000
1468	-84.106736	1.500000	15.330000
1469	-83.926736	1.500000	15.540000
1470	-83.906736	1.500000	15.450000
1471	-83.696736	1.502000	15.390000
1472	-83.696736	1.502000	15.480000
1473	-83.666736	1.504000	15.540000
1474	-83.616736	1.504000	15.430000
1475	-83.596736	1.506000	15.360000
1476	-83.496736	1.508000	15.360000
1477	-83.446736	1.508000	15.570000
1478	-83.376736	1.510000	15.310000
1479	-83.366736	1.510000	15.350000
1480	-83.236736	1.512000	15.500000
1481	-83.086736	1.512000	15.490000
1482	-82.936736	1.512000	15.710000
1483	-82.916736	1.514000	15.440000
1484	-82.746736	1.516000	15.450000
1485	-82.636736	1.516000	15.510000
1486	-82.606736	1.517000	15.480000
1487	-82.596736	1.517000	15.440000
1488	-82.326736	1.517000	15.690000
1489	-82.256736	1.519000	15.620000
1490	-82.256736	1.519000	15.730000
1491	-82.256736	1.521000	15.760000
1492	-82.146736	1.521000	15.400000
1493	-82.016736	1.523000	15.570000
1494	-81.996736	1.525000	15.530000
1495	-81.966736	1.525000	15.410000
1496	-81.956736	1.525000	15.570000
1497	-81.956736	1.527000	15.720000
1498	-81.906736	1.527000	15.430000
1499	-81.876736	1.529000	15.660000
1500	-81.836736	1.529000	15.490000
1501	-81.766736	1.531000	15.550000
1502	-81.716736	1.533000	15.580000
1503	-81.696736	1.533000	15.590000
1504	-81.656736	1.533000	15.540000
1505	-81.526736	1.535000	15.480000
1506	-81.526736	1.535000	15.650000
1507	-81.506736	1.537000	15.660000
1508	-81.456736	1.537000	15.490000
1509	-81.406736	1.537000	15.750000
1510	-81.286736	1.541000	15.540000
1511	-81.276736	1.541000	15.710000
1512	-81.076736	1.541000	15.540000
1513	-80.846736	1.543000	15.630000
1514	-80.676736	1.543000	15.720000
1515	-80.606736	1.545000	15.500000
1516	-80.606736	1.547000	15.640000
1517	-80.486736	1.547000	15.830000
1518	-80.466736	1.549000	15.810000
1519	-80.256736	1.549000	15.870000
1520	-80.086736	1.549000	15.850000
1521	-80.066736	1.551000	15.780000
1522	-79.986736	1.551000	15.900000
1523	-79.956736	1.553000	15.610000
1524	-79.896736	1.555000	15.700000
1525	-79.866736	1.555000	15.840000
1526	-79.846736	1.557000	15.740000
1527	-79.796736	1.557000	15.780000
1528	-79.746736	1.557000	15.790000
1529	-79.716736	1.559000	15.860000
1530	-79.606736	1.560000	15.900000
1531	-79.576736	1.560000	15.770000
1532	-79.456736	1.560000	15.840000
1533	-79.396736	1.562000	15.750000
1534	-79.366736	1.564000	15.740000
1535	-79.006736	1.564000	15.710000
1536	-78.826736	1.564000	15.930000
1537	-78.596736	1.566000	15.950000
1538	-78.596736	1.566000	16.020000
1539	-78.566736	1.568000	15.830000
1540	-78.456736	1.570000	16.000000
1541	-78.396736	1.570000	16.180000
1542	-78.316736	1.572000	15.930000
1543	-78.216736	1.572000	15.890000
1544	-78.206736	1.574000	15.890000
1545	-78.116736	1.574000	15.930000
1546	-78.066736	1.574000	16.050000
1547	-77.936736	1.576000	15.890000
1548	-77.926736	1.578000	15.950000
1549	-77.906736	1.578000	16.030000
1550	-77.856736	1.580000	15.950000
1551	-77.846736	1.582000	16.120000
1552	-77.706736	1.582000	15.970000
1553	-77.706736	1.584000	15.950000
1554	-77.696736	1.586000	15.940000
1555	-77.676736	1.584000	16.030000
1556	-77.536736	1.586000	15.850000
1557	-77.446736	1.588000	16.040000
1558	-77.436736	1.590000	16.160000
1559	-77.346736	1.590000	15.890000
1560	-77.306736	1.590000	15.880000
1561	-77.186736	1.592000	16.120000
1562	-77.156736	1.596000	15.810000
1563	-77.146736	1.594000	15.880000
1564	-76.916736	1.596000	15.990000
1565	-76.896736	1.596000	15.990000
1566	-76.856736	1.596000	15.780000
1567	-76.776736	1.598000	16.140000
1568	-76.626736	1.598000	16.000000
1569	-76.576736	1.600000	16.160000
1570	-76.416736	1.601000	15.840000
1571	-76.376736	1.601000	15.870000
1572	-76.186736	1.601000	16.050000
1573	-76.086736	1.603000	15.950000
1574	-76.036736	1.603000	15.940000
1575	-75.926736	1.605000	16.100000
1576	-75.876736	1.605000	16.060000
1577	-75.836736	1.607000	16.090000
1578	-75.736736	1.609000	15.960000
1579	-75.656736	1.609000	16.160000
1580	-75.596736	1.611000	16.160000
1581	-75.466736	1.611000	16.100000
1582	-75.426736	1.611000	16.100000
1583	-75.416736	1.613000	16.190000
1584	-75.396736	1.613000	16.090000
1585	-75.386736	1.615000	16.090000
1586	-75.386736	1.615000	16.080000
1587	-75.246736	1.617000	16.090000
1588	-75.116736	1.617000	16.110000
1589	-75.096736	1.619000	16.110000
1590	-75.046736	1.621000	16.280000
1591	-74.956736	1.621000	15.990000
1592	-74.956736	1.621000	16.150000
1593	-74.886736	1.623000	16.170000
1594	-74.696736	1.623000	16.170000
1595	-74.686736	1.625000	16.050000
1596	-74.486736	1.627000	16.020000
1597	-74.346736	1.627000	16.090000
1598	-74.226736	1.627000	15.990000
1599	-74.106736	1.629000	16.400000
1600	-74.046736	1.629000	16.130000
1601	-74.016736	1.631000	16.160000
1602	-73.906736	1.633000	16.170000
1603	-73.886736	1.633000	16.030000
1604	-73.886736	1.635000	16.130000
1605	-73.866736	1.635000	16.150000
1606	-73.716736	1.637000	16.170000
1607	-73.706736	1.637000	16.190000
1608	-73.626736	1.637000	16.330000
1609	-73.556736	1.639000	16.120000
1610	-73.546736	1.641000	16.280000
1611	-73.536736	1.641000	16.180000
1612	-73.516736	1.642000	16.250000
1613	-73.446736	1.642000	16.210000
1614	-73.406736	1.644000	16.200000
1615	-73.396736	1.644000	16.250000
1616	-73.346736	1.644000	16.250000
1617	-73.266736	1.646000	16.370000
1618	-72.776736	1.646000	16.290000
1619	-72.716736	1.648000	16.160000
1620	-72.696736	1.648000	16.170000
1621	-72.496736	1.650000	16.280000
1622	-72.366736	1.652000	16.240000
1623	-72.336736	1.652000	16.320000
1624	-72.326736	1.652000	16.210000
1625	-72.246736	1.654000	16.180000
1626	-72.206736	1.654000	16.440000
1627	-72.196736	1.656000	16.310000
1628	-71.966736	1.656000	16.360000
1629	-71.866736	1.658000	16.450000
1630	-71.796736	1.658000	16.330000
1631	-71.796736	1.660000	16.270000
1632	-71.766736	1.660000	16.330000
1633	-71.746736	1.664000	16.170000
1634	-71.736736	1.666000	16.250000
1635	-71.696736	1.666000	16.230000
1636	-71.656736	1.666000	16.170000
1637	-71.646736	1.668000	16.420000
1638	-71.636736	1.668000	16.320000
1639	-71.566736	1.670000	16.420000
1640	-71.436736	1.672000	16.350000
1641	-71.416736	1.672000	16.180000
1642	-71.386736	1.674000	16.330000
1643	-71.356736	1.674000	16.360000
1644	-71.316736	1.674000	16.280000
1645	-71.306736	1.676000	16.260000
1646	-71.096736	1.676000	16.200000
1647	-71.046736	1.678000	16.200000
1648	-70.696736	1.680000	16.550000
1649	-70.676736	1.678000	16.390000
1650	-70.636736	1.682000	16.380000
1651	-70.586736	1.682000	16.350000
1652	-70.556736	1.682000	16.560000
1653	-70.506736	1.683000	16.450000
1654	-70.496736	1.683000	16.350000
1655	-70.186736	1.685000	16.470000
1656	-70.156736	1.685000	16.340000
1657	-70.146736	1.689000	16.390000
1658	-70.036736	1.687000	16.490000
1659	-70.026736	1.689000	16.350000
1660	-70.006736	1.689000	16.460000
1661	-69.846736	1.691000	16.240000
1662	-69.836736	1.691000	16.390000
1663	-69.806736	1.693000	16.580000
1664	-69.726736	1.695000	16.490000
1665	-69.656736	1.695000	16.430000
1666	-69.656736	1.697000	16.510000
1667	-69.606736	1.697000	16.420000
1668	-69.586736	1.697000	16.360000
1669	-69.526736	1.699000	16.340000
1670	-69.386736	1.699000	16.440000
1671	-69.026736	1.701000	16.520000
1672	-68.986736	1.703000	16.430000
1673	-68.966736	1.703000	16.580000
1674	-68.926736	1.705000	16.530000
1675	-68.546736	1.705000	16.870000
1676	-68.396736	1.705000	16.580000
1677	-68.306736	1.707000	16.500000
1678	-68.246736	1.707000	16.770000
1679	-68.196736	1.709000	16.700000
1680	-67.966736	1.711000	16.610000
1681	-67.956736	1.711000	16.620000
1682	-67.906736	1.713000	16.820000
1683	-67.906736	1.713000	16.780000
1684	-67.746736	1.713000	16.630000
1685	-67.676736	1.715000	16.760000
1686	-67.676736	1.715000	16.660000
1687	-67.656736	1.717000	16.520000
1688	-67.636736	1.719000	16.730000
1689	-67.556736	1.719000	16.570000
1690	-67.476736	1.719000	16.680000
1691	-67.466736	1.721000	16.670000
1692	-67.436736	1.721000	16.680000
1693	-67.396736	1.723000	16.500000
1694	-67.386736	1.723000	16.710000
1695	-67.376736	1.725000	16.580000
1696	-67.366736	1.726000	16.620000
1697	-67.256736	1.726000	16.780000
1698	-67.246736	1.728000	16.740000
1699	-67.226736	1.728000	16.570000
1700	-67.136736	1.730000	16.570000
1701	-67.106736	1.730000	16.650000
1702	-67.066736	1.730000	16.740000
1703	-66.806736	1.732000	16.800000
1704	-66.776736	1.734000	16.880000
1705	-66.676736	1.734000	16.680000
1706	-66.666736	1.736000	16.930000
1707	-66.566736	1.736000	16.760000
1708	-66.556736	1.736000	16.740000
1709	-66.536736	1.738000	16.700000
1710	-66.466736	1.738000	16.680000
1711	-66.456736	1.740000	16.660000
1712	-66.396736	1.740000	16.930000
1713	-66.196736	1.742000	16.650000
1714	-66.146736	1.744000	16.920000
1715	-66.136736	1.744000	16.810000
1716	-66.066736	1.744000	16.740000
1717	-66.016736	1.748000	16.660000
1718	-65.746736	1.750000	16.830000
1719	-65.616736	1.752000	16.830000
1720	-65.516736	1.752000	16.870000
1721	-65.356736	1.752000	16.850000
1722	-65.226736	1.754000	16.850000
1723	-65.106736	1.754000	16.900000
1724	-65.056736	1.754000	16.930000
1725	-65.026736	1.756000	16.830000
1726	-65.016736	1.758000	16.760000
1727	-65.006736	1.758000	16.690000
1728	-64.996736	1.758000	16.770000
1729	-64.986736	1.760000	16.850000
1730	-64.956736	1.762000	16.840000
1731	-64.866736	1.762000	16.730000
1732	-64.756736	1.762000	16.920000
1733	-64.196736	1.764000	16.800000
1734	-64.096736	1.766000	16.700000
1735	-64.096736	1.766000	16.850000
1736	-64.036736	1.767000	16.920000
1737	-64.016736	1.767000	16.980000
1738	-63.906736	1.767000	16.820000
1739	-63.846736	1.769000	16.960000
1740	-63.826736	1.769000	16.780000
1741	-63.786736	1.771000	16.790000
1742	-63.776736	1.771000	16.810000
1743	-63.736736	1.773000	16.800000
1744	-63.696736	1.775000	16.980000
1745	-63.616736	1.777000	16.940000
1746	-63.536736	1.777000	16.780000
1747	-63.406736	1.777000	16.910000
1748	-63.366736	1.779000	16.810000
1749	-63.316736	1.781000	16.940000
1750	-63.256736	1.783000	16.810000
1751	-63.206736	1.781000	16.810000
1752	-63.176736	1.783000	16.920000
1753	-63.166736	1.785000	16.800000
1754	-63.126736	1.785000	16.880000
1755	-62.986736	1.785000	16.880000
1756	-62.976736	1.787000	17.070000
1757	-62.846736	1.789000	17.020000
1758	-62.766736	1.789000	17.010000
1759	-62.676736	1.789000	16.860000
1760	-62.616736	1.791000	16.910000
1761	-62.476736	1.793000	16.900000
1762	-62.426736	1.793000	17.050000
1763	-62.376736	1.795000	16.930000
1764	-62.226736	1.797000	17.070000
1765	-62.176736	1.797000	16.870000
1766	-62.146736	1.799000	17.050000
1767	-62.026736	1.799000	17.090000
1768	-61.966736	1.799000	16.950000
1769	-61.656736	1.801000	16.830000
1770	-61.576736	1.801000	16.880000
1771	-61.506736	1.803000	17.060000
1772	-61.366736	1.805000	17.180000
1773	-61.336736	1.803000	16.920000
1774	-61.306736	1.805000	17.020000
1775	-61.236736	1.807000	17.040000
1776	-61.176736	1.809000	17.220000
1777	-61.156736	1.809000	17.000000
1778	-60.936736	1.809000	16.880000
1779	-60.746736	1.810000	17.170000
1780	-60.686736	1.814000	16.910000
1781	-60.586736	1.814000	16.920000
1782	-60.576736	1.812000	16.940000
1783	-60.496736	1.814000	16.960000
1784	-60.486736	1.814000	17.090000
1785	-60.406736	1.816000	17.320000
1786	-60.376736	1.816000	17.030000
1787	-60.236736	1.818000	17.130000
1788	-60.216736	1.820000	17.000000
1789	-60.196736	1.820000	17.150000
1790	-60.136736	1.820000	17.000000
1791	-60.086736	1.822000	17.340000
1792	-59.726736	1.822000	17.050000
1793	-59.556736	1.824000	17.090000
1794	-59.396736	1.824000	17.230000
1795	-59.376736	1.826000	17.110000
1796	-59.336736	1.828000	17.190000
1797	-59.296736	1.828000	17.260000
1798	-59.276736	1.830000	17.060000
1799	-59.256736	1.832000	17.170000
1800	-59.206736	1.832000	17.090000
1801	-59.096736	1.834000	17.150000
1802	-59.066736	1.834000	17.070000
1803	-58.986736	1.836000	17.060000
1804	-58.956736	1.838000	17.280000
1805	-58.826736	1.838000	17.240000
1806	-58.766736	1.838000	17.210000
1807	-58.756736	1.840000	17.100000
1808	-58.616736	1.840000	17.100000
1809	-58.406736	1.842000	17.080000
1810	-58.386736	1.844000	17.100000
1811	-58.256736	1.844000	17.230000
1812	-58.046736	1.846000	17.380000
1813	-57.816736	1.846000	17.270000
1814	-57.786736	1.846000	17.260000
1815	-57.686736	1.848000	17.330000
1816	-57.646736	1.848000	17.350000
1817	-57.626736	1.850000	17.230000
1818	-57.606736	1.851000	17.210000
1819	-57.526736	1.851000	17.190000
1820	-57.506736	1.853000	17.230000
1821	-57.496736	1.853000	17.270000
1822	-57.406736	1.853000	17.160000
1823	-57.336736	1.855000	17.300000
1824	-57.326736	1.855000	17.300000
1825	-57.296736	1.857000	17.310000
1826	-57.226736	1.859000	17.310000
1827	-57.086736	1.859000	17.230000
1828	-57.026736	1.861000	17.440000
1829	-56.926736	1.861000	17.280000
1830	-56.916736	1.861000	17.350000
1831	-56.836736	1.863000	17.300000
1832	-56.796736	1.865000	17.470000
1833	-56.776736	1.865000	17.290000
1834	-56.746736	1.865000	17.400000
1835	-56.726736	1.867000	17.380000
1836	-56.616736	1.869000	17.380000
1837	-56.586736	1.869000	17.410000
1838	-56.516736	1.869000	17.550000
1839	-56.486736	1.871000	17.240000
1840	-56.376736	1.871000	17.430000
1841	-56.256736	1.873000	17.420000
1842	-56.246736	1.875000	17.300000
1843	-56.166736	1.877000	17.510000
1844	-56.116736	1.875000	17.230000
1845	-56.076736	1.877000	17.420000
1846	-55.706736	1.877000	17.540000
1847	-55.626736	1.879000	17.490000
1848	-55.146736	1.879000	17.600000
1849	-55.126736	1.881000	17.470000
1850	-55.126736	1.883000	17.650000
1851	-55.116736	1.883000	17.490000
1852	-55.026736	1.885000	17.530000
1853	-54.946736	1.885000	17.480000
1854	-54.866736	1.885000	17.540000
1855	-54.786736	1.887000	17.540000
1856	-54.776736	1.887000	17.460000
1857	-54.746736	1.889000	17.600000
1858	-54.716736	1.891000	17.630000
1859	-54.636736	1.891000	17.460000
1860	-54.486736	1.892000	17.450000
1861	-54.386736	1.892000	17.540000
1862	-54.376736	1.892000	17.480000
1863	-54.316736	1.894000	17.550000
1864	-54.296736	1.894000	17.520000
1865	-54.266736	1.896000	17.530000
1866	-54.266736	1.898000	17.540000
1867	-54.266736	1.898000	17.570000
1868	-54.236736	1.900000	17.540000
1869	-54.176736	1.900000	17.400000
1870	-53.916736	1.900000	17.630000
1871	-53.846736	1.902000	17.570000
1872	-53.756736	1.902000	17.640000
1873	-53.756736	1.904000	17.530000
1874	-53.756736	1.906000	17.480000
1875	-53.706736	1.906000	17.480000
1876	-53.666736	1.906000	17.690000
1877	-53.536736	1.908000	17.490000
1878	-53.526736	1.908000	17.690000
1879	-53.476736	1.910000	17.550000
1880	-53.386736	1.914000	17.470000
1881	-53.106736	1.914000	17.870000
1882	-52.736736	1.914000	17.650000
1883	-52.676736	1.916000	17.710000
1884	-52.676736	1.918000	17.750000
1885	-52.656736	1.918000	17.770000
1886	-52.596736	1.918000	17.670000
1887	-52.556736	1.920000	17.860000
1888	-52.536736	1.922000	17.650000
1889	-52.456736	1.922000	17.790000
1890	-52.456736	1.924000	17.780000
1891	-52.406736	1.924000	17.670000
1892	-52.336736	1.924000	17.640000
1893	-52.316736	1.926000	17.770000
1894	-52.306736	1.926000	17.750000
1895	-52.306736	1.928000	17.930000
1896	-52.206736	1.930000	17.850000
1897	-52.056736	1.930000	17.800000
1898	-52.046736	1.930000	17.750000
1899	-51.766736	1.932000	17.620000
1900	-51.716736	1.933000	17.700000
1901	-51.676736	1.933000	17.820000
1902	-51.636736	1.933000	17.770000
1903	-51.606736	1.935000	17.760000
1904	-51.556736	1.935000	17.710000
1905	-51.446736	1.939000	17.790000
1906	-51.376736	1.939000	17.780000
1907	-51.346736	1.939000	17.730000
1908	-51.316736	1.939000	17.710000
1909	-50.886736	1.941000	17.780000
1910	-50.706736	1.941000	17.900000
1911	-50.646736	1.943000	17.910000
1912	-50.646736	1.945000	17.780000
1913	-50.636736	1.945000	17.870000
1914	-50.596736	1.945000	17.700000
1915	-50.576736	1.947000	17.760000
1916	-50.436736	1.949000	17.790000
1917	-50.386736	1.949000	17.970000
1918	-50.266736	1.949000	17.960000
1919	-49.926736	1.951000	17.880000
1920	-49.906736	1.955000	17.850000
1921	-49.856736	1.953000	17.790000
1922	-49.766736	1.955000	17.760000
1923	-49.736736	1.955000	17.870000
1924	-49.686736	1.955000	17.860000
1925	-49.676736	1.957000	17.990000
1926	-49.566736	1.957000	17.900000
1927	-49.556736	1.959000	17.760000
1928	-49.536736	1.959000	18.050000
1929	-49.526736	1.961000	17.880000
1930	-49.486736	1.963000	17.920000
1931	-49.436736	1.963000	17.770000
1932	-49.356736	1.965000	17.860000
1933	-49.306736	1.965000	17.880000
1934	-49.276736	1.965000	17.830000
1935	-49.236736	1.967000	17.920000
1936	-49.186736	1.969000	17.780000
1937	-48.946736	1.969000	17.970000
1938	-48.936736	1.971000	17.950000
1939	-48.926736	1.971000	17.870000
1940	-48.786736	1.973000	18.080000
1941	-48.746736	1.973000	17.900000
1942	-48.716736	1.973000	17.820000
1943	-48.626736	1.975000	17.850000
1944	-48.466736	1.976000	18.030000
1945	-48.426736	1.976000	18.120000
1946	-48.156736	1.976000	18.210000
1947	-48.116736	1.978000	17.920000
1948	-48.026736	1.980000	18.020000
1949	-47.976736	1.980000	18.060000
1950	-47.966736	1.982000	18.060000
1951	-47.846736	1.982000	17.880000
1952	-47.766736	1.984000	18.010000
1953	-47.706736	1.984000	17.990000
1954	-47.586736	1.986000	17.960000
1955	-47.566736	1.986000	17.980000
1956	-47.506736	1.986000	17.940000
1957	-47.486736	1.988000	18.040000
1958	-47.466736	1.988000	17.830000
1959	-47.426736	1.990000	17.950000
1960	-47.226736	1.990000	18.050000
1961	-47.026736	1.992000	18.010000
1962	-46.946736	1.992000	18.120000
1963	-46.926736	1.994000	18.140000
1964	-46.826736	1.996000	18.020000
1965	-46.726736	1.998000	18.100000
1966	-46.686736	2.000000	18.030000
1967	-46.656736	2.000000	18.340000
1968	-46.596736	2.002000	18.080000
1969	-46.586736	2.002000	18.180000
1970	-46.526736	2.002000	18.140000
1971	-46.486736	2.004000	18.200000
1972	-46.456736	2.006000	18.200000
1973	-46.446736	2.008000	18.290000
1974	-46.426736	2.008000	18.160000
1975	-46.216736	2.010000	18.240000
1976	-46.106736	2.010000	17.940000
1977	-46.096736	2.010000	18.270000
1978	-46.046736	2.012000	18.220000
1979	-45.946736	2.012000	18.240000
1980	-45.716736	2.014000	18.220000
1981	-45.646736	2.014000	18.110000
1982	-45.606736	2.017000	18.260000
1983	-45.576736	2.017000	18.170000
1984	-45.496736	2.017000	18.220000
1985	-45.316736	2.017000	18.110000
1986	-45.276736	2.019000	18.150000
1987	-45.186736	2.019000	18.250000
1988	-45.166736	2.021000	18.230000
1989	-44.976736	2.023000	18.200000
1990	-44.866736	2.023000	18.210000
1991	-44.816736	2.025000	18.390000
1992	-44.616736	2.025000	18.260000
1993	-44.566736	2.025000	18.090000
1994	-44.496736	2.027000	18.250000
1995	-44.456736	2.027000	18.180000
1996	-44.206736	2.029000	18.250000
1997	-44.176736	2.031000	18.210000
1998	-44.116736	2.031000	18.290000
1999	-44.076736	2.033000	18.270000
2000	-44.076736	2.033000	18.220000
2001	-44.066736	2.033000	18.360000
2002	-44.026736	2.035000	18.230000
2003	-43.776736	2.035000	18.410000
2004	-43.726736	2.037000	18.330000
2005	-43.726736	2.039000	18.350000
2006	-43.686736	2.039000	18.420000
2007	-43.656736	2.041000	18.400000
2008	-43.516736	2.041000	18.330000
2009	-43.376736	2.041000	18.390000
2010	-43.346736	2.043000	18.440000
2011	-43.296736	2.043000	18.510000
2012	-43.086736	2.045000	18.220000
2013	-43.046736	2.047000	18.240000
2014	-42.936736	2.049000	18.500000
2015	-42.846736	2.049000	18.500000
2016	-42.676736	2.049000	18.580000
2017	-42.446736	2.051000	18.390000
2018	-42.286736	2.051000	18.510000
2019	-42.206736	2.053000	18.450000
2020	-42.186736	2.055000	18.540000
2021	-42.096736	2.055000	18.490000
2022	-42.096736	2.057000	18.460000
2023	-42.006736	2.057000	18.500000
2024	-41.846736	2.057000	18.480000
2025	-41.836736	2.059000	18.540000
2026	-41.816736	2.059000	18.490000
2027	-41.716736	2.060000	18.670000
2028	-41.636736	2.062000	18.580000
2029	-41.626736	2.062000	18.400000
2030	-41.626736	2.064000	18.540000
2031	-41.626736	2.064000	18.520000
2032	-41.546736	2.066000	18.560000
2033	-41.526736	2.066000	18.440000
2034	-41.526736	2.066000	18.630000
2035	-41.396736	2.068000	18.520000
2036	-41.256736	2.070000	18.470000
2037	-41.156736	2.070000	18.550000
2038	-41.146736	2.072000	18.630000
2039	-41.036736	2.072000	18.550000
2040	-41.006736	2.074000	18.620000
2041	-40.976736	2.074000	18.510000
2042	-40.936736	2.074000	18.610000
2043	-40.926736	2.076000	18.490000
2044	-40.656736	2.076000	18.530000
2045	-40.646736	2.078000	18.560000
2046	-40.456736	2.080000	18.570000
2047	-40.416736	2.082000	18.480000
2048	-40.156736	2.082000	18.550000
2049	-40.096736	2.084000	18.750000
2050	-40.056736	2.086000	18.610000
2051	-40.006736	2.086000	18.610000
2052	-39.976736	2.084000	18.570000
2053	-39.886736	2.088000	18.890000
2054	-39.836736	2.090000	18.620000
2055	-39.766736	2.090000	18.530000
2056	-39.756736	2.090000	18.650000
2057	-39.596736	2.092000	18.660000
2058	-39.366736	2.094000	18.530000
2059	-39.266736	2.094000	18.620000
2060	-39.196736	2.096000	18.560000
2061	-39.106736	2.096000	18.760000
2062	-39.096736	2.096000	18.690000
2063	-38.976736	2.098000	18.520000
2064	-38.966736	2.098000	18.720000
2065	-38.856736	2.100000	18.760000
2066	-38.856736	2.101000	18.780000
2067	-38.806736	2.101000	18.640000
2068	-38.786736	2.101000	18.620000
2069	-38.776736	2.103000	18.740000
2070	-38.746736	2.105000	18.690000
2071	-38.716736	2.105000	18.590000
2072	-38.606736	2.105000	18.580000
2073	-38.526736	2.107000	18.690000
2074	-38.466736	2.109000	18.710000
2075	-38.426736	2.111000	18.640000
2076	-38.246736	2.111000	18.630000
2077	-38.216736	2.111000	18.890000
2078	-38.166736	2.111000	18.710000
2079	-37.786736	2.113000	18.860000
2080	-37.716736	2.113000	18.800000
2081	-37.656736	2.115000	18.800000
2082	-37.656736	2.115000	18.950000
2083	-37.516736	2.115000	18.910000
2084	-37.506736	2.117000	18.970000
2085	-37.266736	2.119000	18.880000
2086	-37.116736	2.121000	18.690000
2087	-37.036736	2.121000	18.850000
2088	-37.026736	2.121000	18.770000
2089	-36.846736	2.123000	18.790000
2090	-36.836736	2.125000	18.930000
2091	-36.806736	2.125000	18.840000
2092	-36.796736	2.127000	18.850000
2093	-36.786736	2.127000	18.940000
2094	-36.746736	2.127000	18.950000
2095	-36.686736	2.129000	18.880000
2096	-36.676736	2.129000	19.020000
2097	-36.516736	2.131000	18.990000
2098	-36.406736	2.133000	18.870000
2099	-36.326736	2.133000	18.980000
2100	-36.316736	2.133000	18.950000
2101	-36.296736	2.135000	18.890000
2102	-36.096736	2.137000	18.780000
2103	-36.086736	2.137000	18.980000
2104	-36.026736	2.137000	18.810000
2105	-35.976736	2.139000	18.950000
2106	-35.966736	2.141000	18.980000
2107	-35.836736	2.142000	18.890000
2108	-35.746736	2.142000	18.920000
2109	-35.626736	2.142000	18.910000
2110	-35.576736	2.142000	19.010000
2111	-35.436736	2.144000	19.050000
2112	-35.426736	2.144000	19.010000
2113	-35.396736	2.146000	18.950000
2114	-35.376736	2.146000	18.910000
2115	-35.366736	2.148000	18.810000
2116	-35.256736	2.150000	19.010000
2117	-35.206736	2.150000	18.840000
2118	-35.146736	2.152000	19.010000
2119	-35.086736	2.152000	18.930000
2120	-35.016736	2.152000	18.790000
2121	-35.006736	2.154000	19.090000
2122	-34.966736	2.156000	18.970000
2123	-34.726736	2.156000	18.900000
2124	-34.726736	2.156000	18.950000
2125	-34.516736	2.158000	19.030000
2126	-34.266736	2.158000	18.970000
2127	-34.256736	2.160000	18.990000
2128	-34.036736	2.162000	18.950000
2129	-33.786736	2.164000	19.260000
2130	-33.746736	2.166000	19.090000
2131	-33.746736	2.166000	19.240000
2132	-33.666736	2.166000	19.260000
2133	-33.586736	2.168000	19.240000
2134	-33.576736	2.168000	18.970000
2135	-33.566736	2.170000	19.140000
2136	-33.516736	2.170000	18.990000
2137	-33.496736	2.174000	19.060000
2138	-33.336736	2.174000	18.960000
2139	-33.136736	2.174000	18.940000
2140	-33.136736	2.176000	19.220000
2141	-33.096736	2.176000	19.080000
2142	-33.046736	2.178000	19.110000
2143	-33.016736	2.180000	18.870000
2144	-32.966736	2.180000	18.960000
2145	-32.916736	2.182000	19.150000
2146	-32.856736	2.182000	19.100000
2147	-32.826736	2.182000	19.030000
2148	-32.816736	2.183000	19.260000
2149	-32.796736	2.183000	19.200000
2150	-32.616736	2.185000	19.120000
2151	-32.556736	2.187000	19.090000
2152	-32.286736	2.187000	19.140000
2153	-32.256736	2.189000	19.160000
2154	-32.116736	2.189000	19.000000
2155	-32.106736	2.189000	19.220000
2156	-32.046736	2.191000	19.190000
2157	-31.936736	2.193000	19.210000
2158	-31.866736	2.193000	19.300000
2159	-31.826736	2.195000	19.230000
2160	-31.766736	2.195000	19.290000
2161	-31.736736	2.197000	19.180000
2162	-31.696736	2.197000	19.280000
2163	-31.556736	2.197000	19.300000
2164	-31.556736	2.199000	19.160000
2165	-31.526736	2.199000	19.340000
2166	-31.316736	2.201000	19.160000
2167	-31.256736	2.201000	19.260000
2168	-31.166736	2.203000	19.200000
2169	-31.076736	2.205000	19.230000
2170	-30.966736	2.205000	19.030000
2171	-30.936736	2.205000	19.340000
2172	-30.906736	2.207000	19.330000
2173	-30.676736	2.207000	19.300000
2174	-30.646736	2.209000	19.210000
2175	-30.456736	2.211000	19.480000
2176	-30.426736	2.209000	19.320000
2177	-30.396736	2.211000	19.230000
2178	-30.306736	2.213000	19.510000
2179	-30.256736	2.215000	19.400000
2180	-30.256736	2.215000	19.290000
2181	-30.126736	2.215000	19.250000
2182	-30.106736	2.217000	19.200000
2183	-30.046736	2.219000	19.350000
2184	-30.026736	2.219000	19.320000
2185	-30.016736	2.221000	19.210000
2186	-29.976736	2.221000	19.400000
2187	-29.856736	2.221000	19.310000
2188	-29.796736	2.223000	19.340000
2189	-29.606736	2.225000	19.250000
2190	-29.486736	2.225000	19.390000
2191	-29.406736	2.226000	19.370000
2192	-29.366736	2.226000	19.410000
2193	-29.356736	2.228000	19.440000
2194	-29.336736	2.228000	19.410000
2195	-29.316736	2.228000	19.340000
2196	-29.246736	2.230000	19.300000
2197	-29.096736	2.230000	19.320000
2198	-29.066736	2.232000	19.400000
2199	-29.046736	2.234000	19.420000
2200	-28.796736	2.236000	19.400000
2201	-28.756736	2.236000	19.270000
2202	-28.426736	2.236000	19.330000
2203	-28.416736	2.236000	19.380000
2204	-28.386736	2.238000	19.420000
2205	-28.386736	2.238000	19.480000
2206	-28.356736	2.240000	19.390000
2207	-28.356736	2.240000	19.220000
2208	-28.296736	2.240000	19.290000
2209	-28.166736	2.242000	19.320000
2210	-28.146736	2.244000	19.640000
2211	-28.086736	2.246000	19.420000
2212	-28.026736	2.248000	19.550000
2213	-27.796736	2.250000	19.540000
2214	-27.566736	2.250000	19.430000
2215	-27.466736	2.252000	19.610000
2216	-27.246736	2.252000	19.540000
2217	-27.236736	2.252000	19.430000
2218	-27.176736	2.254000	19.550000
2219	-27.166736	2.254000	19.630000
2220	-27.046736	2.256000	19.460000
2221	-27.046736	2.256000	19.550000
2222	-27.016736	2.256000	19.480000
2223	-27.016736	2.256000	19.640000
2224	-26.966736	2.260000	19.620000
2225	-26.876736	2.262000	19.400000
2226	-26.816736	2.262000	19.720000
2227	-26.786736	2.262000	19.720000
2228	-26.726736	2.264000	19.420000
2229	-26.686736	2.264000	19.480000
2230	-26.526736	2.266000	19.680000
2231	-26.296736	2.267000	19.660000
2232	-26.246736	2.267000	19.600000
2233	-26.126736	2.267000	19.650000
2234	-26.096736	2.269000	19.690000
2235	-26.086736	2.269000	19.660000
2236	-25.986736	2.271000	19.400000
2237	-25.986736	2.273000	19.640000
2238	-25.966736	2.273000	19.690000
2239	-25.956736	2.275000	19.380000
2240	-25.936736	2.275000	19.560000
2241	-25.886736	2.277000	19.670000
2242	-25.826736	2.277000	19.670000
2243	-25.796736	2.277000	19.560000
2244	-25.646736	2.279000	19.650000
2245	-25.636736	2.281000	19.610000
2246	-25.516736	2.281000	19.580000
2247	-25.466736	2.283000	19.630000
2248	-25.426736	2.283000	19.620000
2249	-25.286736	2.283000	19.570000
2250	-25.256736	2.285000	19.620000
2251	-24.936736	2.285000	19.690000
2252	-24.876736	2.287000	19.740000
2253	-24.876736	2.287000	19.750000
2254	-24.846736	2.289000	19.580000
2255	-24.586736	2.289000	19.650000
2256	-24.486736	2.291000	19.800000
2257	-24.456736	2.293000	19.740000
2258	-24.416736	2.293000	19.810000
2259	-24.396736	2.293000	19.910000
2260	-24.246736	2.295000	19.610000
2261	-24.126736	2.295000	19.830000
2262	-24.116736	2.297000	19.760000
2263	-24.116736	2.299000	19.700000
2264	-23.836736	2.299000	19.670000
2265	-23.766736	2.299000	19.730000
2266	-23.706736	2.301000	19.670000
2267	-23.706736	2.301000	19.780000
2268	-23.696736	2.303000	19.820000
2269	-23.696736	2.305000	19.860000
2270	-23.626736	2.305000	19.740000
2271	-23.596736	2.307000	19.830000
2272	-23.546736	2.307000	19.870000
2273	-23.456736	2.309000	19.820000
2274	-23.426736	2.309000	19.660000
2275	-23.406736	2.309000	19.800000
2276	-23.126736	2.310000	19.910000
2277	-23.006736	2.312000	19.890000
2278	-22.966736	2.312000	19.770000
2279	-22.696736	2.314000	20.140000
2280	-22.676736	2.314000	19.860000
2281	-22.586736	2.314000	19.870000
2282	-22.586736	2.316000	20.000000
2283	-22.476736	2.318000	19.990000
2284	-22.466736	2.320000	20.000000
2285	-22.456736	2.320000	19.850000
2286	-22.436736	2.320000	19.820000
2287	-22.436736	2.322000	19.870000
2288	-22.376736	2.324000	20.200000
2289	-22.276736	2.324000	20.050000
2290	-22.266736	2.324000	19.860000
2291	-22.256736	2.326000	19.840000
2292	-22.176736	2.326000	19.980000
2293	-22.166736	2.328000	19.860000
2294	-22.116736	2.330000	19.950000
2295	-22.066736	2.332000	19.970000
2296	-21.996736	2.332000	19.960000
2297	-21.966736	2.334000	19.930000
2298	-21.966736	2.336000	19.970000
2299	-21.946736	2.336000	19.940000
2300	-21.836736	2.338000	19.980000
2301	-21.786736	2.338000	20.180000
2302	-21.346736	2.338000	19.970000
2303	-21.106736	2.340000	20.050000
2304	-21.066736	2.340000	20.220000
2305	-21.056736	2.342000	20.070000
2306	-21.046736	2.344000	20.130000
2307	-20.956736	2.344000	19.890000
2308	-20.846736	2.346000	20.060000
2309	-20.826736	2.346000	19.910000
2310	-20.626736	2.346000	20.110000
2311	-20.546736	2.348000	20.080000
2312	-20.306736	2.348000	20.160000
2313	-20.256736	2.350000	20.200000
2314	-20.186736	2.351000	20.110000
2315	-20.136736	2.350000	20.020000
2316	-19.896736	2.353000	20.180000
2317	-19.896736	2.353000	20.150000
2318	-19.706736	2.353000	20.160000
2319	-19.646736	2.355000	19.870000
2320	-19.616736	2.355000	19.980000
2321	-19.566736	2.357000	20.030000
2322	-19.566736	2.357000	20.000000
2323	-19.476736	2.361000	19.980000
2324	-19.386736	2.359000	20.100000
2325	-19.386736	2.361000	19.930000
2326	-19.276736	2.361000	20.330000
2327	-19.256736	2.363000	20.130000
2328	-19.136736	2.363000	20.150000
2329	-19.086736	2.365000	20.000000
2330	-19.046736	2.367000	20.070000
2331	-19.036736	2.367000	20.010000
2332	-19.016736	2.369000	20.100000
2333	-18.976736	2.369000	20.030000
2334	-18.926736	2.369000	20.230000
2335	-18.886736	2.371000	20.050000
2336	-18.876736	2.371000	20.190000
2337	-18.856736	2.373000	20.110000
2338	-18.836736	2.375000	20.180000
2339	-18.796736	2.375000	20.200000
2340	-18.776736	2.377000	20.270000
2341	-18.696736	2.377000	20.210000
2342	-18.636736	2.377000	20.260000
2343	-18.336736	2.379000	20.090000
2344	-18.186736	2.379000	20.080000
2345	-18.186736	2.381000	20.110000
2346	-18.016736	2.381000	20.140000
2347	-17.966736	2.383000	20.180000
2348	-17.776736	2.385000	20.320000
2349	-17.766736	2.385000	20.210000
2350	-17.746736	2.385000	20.080000
2351	-17.616736	2.387000	20.240000
2352	-17.606736	2.387000	20.380000
2353	-17.576736	2.389000	20.220000
2354	-17.416736	2.391000	20.150000
2355	-17.156736	2.391000	20.300000
2356	-17.076736	2.391000	20.290000
2357	-16.946736	2.392000	20.500000
2358	-16.946736	2.392000	20.280000
2359	-16.876736	2.394000	20.400000
2360	-16.876736	2.394000	20.250000
2361	-16.866736	2.396000	20.440000
2362	-16.856736	2.398000	20.390000
2363	-16.836736	2.398000	20.280000
2364	-16.826736	2.400000	20.420000
2365	-16.766736	2.400000	20.200000
2366	-16.736736	2.400000	20.370000
2367	-16.576736	2.402000	20.210000
2368	-16.566736	2.402000	20.390000
2369	-16.526736	2.404000	20.280000
2370	-16.526736	2.406000	20.300000
2371	-16.366736	2.406000	20.380000
2372	-16.246736	2.408000	20.320000
2373	-16.226736	2.408000	20.520000
2374	-16.196736	2.410000	20.250000
2375	-16.156736	2.410000	20.370000
2376	-16.036736	2.410000	20.380000
2377	-15.986736	2.414000	20.320000
2378	-15.966736	2.416000	20.470000
2379	-15.926736	2.416000	20.290000
2380	-15.916736	2.418000	20.280000
2381	-15.646736	2.418000	20.460000
2382	-15.576736	2.418000	20.400000
2383	-15.506736	2.420000	20.400000
2384	-15.496736	2.422000	20.320000
2385	-15.496736	2.424000	20.230000
2386	-15.346736	2.424000	20.350000
2387	-15.256736	2.424000	20.230000
2388	-15.196736	2.426000	20.260000
2389	-14.966736	2.426000	20.600000
2390	-14.836736	2.426000	20.450000
2391	-14.746736	2.428000	20.420000
2392	-14.556736	2.430000	20.500000
2393	-14.246736	2.430000	20.430000
2394	-14.156736	2.430000	20.540000
2395	-14.136736	2.432000	20.500000
2396	-14.106736	2.433000	20.400000
2397	-14.036736	2.433000	20.570000
2398	-13.966736	2.433000	20.470000
2399	-13.946736	2.435000	20.460000
2400	-13.876736	2.437000	20.490000
2401	-13.856736	2.437000	20.410000
2402	-13.786736	2.439000	20.410000
2403	-13.706736	2.439000	20.560000
2404	-13.666736	2.439000	20.480000
2405	-13.546736	2.441000	20.580000
2406	-13.516736	2.441000	20.590000
2407	-13.446736	2.443000	20.540000
2408	-13.436736	2.445000	20.460000
2409	-13.386736	2.443000	20.580000
2410	-13.386736	2.445000	20.650000
2411	-13.226736	2.447000	20.540000
2412	-13.206736	2.449000	20.440000
2413	-13.116736	2.449000	20.590000
2414	-12.966736	2.449000	20.710000
2415	-12.926736	2.451000	20.410000
2416	-12.776736	2.455000	20.740000
2417	-12.766736	2.455000	20.460000
2418	-12.656736	2.453000	20.490000
2419	-12.566736	2.455000	20.570000
2420	-12.546736	2.457000	20.580000
2421	-12.196736	2.457000	20.570000
2422	-12.176736	2.457000	20.630000
2423	-12.116736	2.459000	20.620000
2424	-12.056736	2.461000	20.600000
2425	-11.996736	2.461000	20.440000
2426	-11.656736	2.461000	20.580000
2427	-11.566736	2.463000	20.740000
2428	-11.496736	2.465000	20.610000
2429	-11.446736	2.465000	20.860000
2430	-11.296736	2.465000	20.700000
2431	-11.186736	2.467000	20.800000
2432	-11.186736	2.467000	20.770000
2433	-11.146736	2.471000	20.760000
2434	-11.096736	2.471000	20.720000
2435	-11.026736	2.471000	20.590000
2436	-10.996736	2.471000	20.730000
2437	-10.956736	2.473000	20.770000
2438	-10.876736	2.473000	20.740000
2439	-10.856736	2.475000	20.850000
2440	-10.826736	2.476000	20.810000
2441	-10.826736	2.475000	20.880000
2442	-10.816736	2.476000	20.590000
2443	-10.706736	2.478000	20.690000
2444	-10.636736	2.480000	20.580000
2445	-10.616736	2.480000	20.850000
2446	-10.286736	2.480000	20.810000
2447	-10.246736	2.482000	20.750000
2448	-10.126736	2.484000	20.690000
2449	-9.956736	2.486000	20.730000
2450	-9.846736	2.484000	20.880000
2451	-9.846736	2.486000	20.900000
2452	-9.806736	2.486000	20.670000
2453	-9.776736	2.488000	20.760000
2454	-9.726736	2.488000	20.810000
2455	-9.496736	2.490000	20.880000
2456	-9.476736	2.492000	20.950000
2457	-9.456736	2.492000	20.720000
2458	-9.436736	2.492000	20.760000
2459	-9.356736	2.494000	20.690000
2460	-9.326736	2.496000	20.780000
2461	-9.186736	2.498000	20.700000
2462	-9.066736	2.500000	20.840000
2463	-9.056736	2.500000	20.910000
2464	-9.036736	2.502000	20.860000
2465	-8.946736	2.502000	20.860000
2466	-8.926736	2.502000	21.000000
2467	-8.806736	2.504000	20.790000
2468	-8.746736	2.506000	20.960000
2469	-8.746736	2.506000	20.800000
2470	-8.416736	2.506000	20.790000
2471	-8.396736	2.508000	20.920000
2472	-8.226736	2.510000	20.820000
2473	-8.196736	2.510000	20.900000
2474	-8.086736	2.510000	20.940000
2475	-8.016736	2.512000	20.890000
2476	-7.806736	2.512000	20.930000
2477	-7.766736	2.514000	20.860000
2478	-7.646736	2.516000	20.910000
2479	-7.636736	2.516000	20.930000
2480	-7.636736	2.517000	20.910000
2481	-7.516736	2.517000	21.030000
2482	-7.406736	2.519000	20.790000
2483	-7.366736	2.519000	20.980000
2484	-7.346736	2.519000	20.890000
2485	-7.316736	2.521000	20.850000
2486	-7.296736	2.521000	20.850000
2487	-6.996736	2.521000	20.950000
2488	-6.996736	2.525000	21.130000
2489	-6.976736	2.525000	20.860000
2490	-6.956736	2.525000	21.030000
2491	-6.816736	2.527000	21.090000
2492	-6.756736	2.527000	21.110000
2493	-6.666736	2.529000	21.120000
2494	-6.646736	2.531000	21.010000
2495	-6.576736	2.531000	21.180000
2496	-6.456736	2.533000	21.200000
2497	-6.366736	2.533000	20.990000
2498	-6.366736	2.533000	21.040000
2499	-6.346736	2.535000	20.990000
2500	-6.196736	2.535000	21.050000
2501	-6.186736	2.537000	21.090000
2502	-6.156736	2.539000	21.020000
2503	-6.136736	2.537000	20.960000
2504	-6.136736	2.541000	21.120000
2505	-6.126736	2.541000	20.880000
2506	-5.916736	2.541000	21.080000
2507	-5.886736	2.543000	21.030000
2508	-5.606736	2.543000	21.100000
2509	-5.336736	2.545000	21.120000
2510	-5.336736	2.547000	21.150000
2511	-5.246736	2.547000	21.220000
2512	-5.226736	2.547000	21.140000
2513	-5.186736	2.549000	21.100000
2514	-5.116736	2.549000	21.150000
2515	-5.066736	2.551000	21.190000
2516	-5.056736	2.551000	21.050000
2517	-4.946736	2.553000	21.250000
2518	-4.866736	2.555000	21.130000
2519	-4.866736	2.555000	21.260000
2520	-4.826736	2.557000	21.170000
2521	-4.796736	2.557000	21.200000
2522	-4.676736	2.557000	21.150000
2523	-4.566736	2.559000	21.150000
2524	-4.556736	2.559000	21.310000
2525	-4.516736	2.560000	21.190000
2526	-4.346736	2.562000	21.220000
2527	-4.346736	2.562000	21.230000
2528	-4.346736	2.564000	21.320000
2529	-4.306736	2.564000	21.190000
2530	-4.246736	2.564000	21.130000
2531	-4.096736	2.566000	21.210000
2532	-4.026736	2.566000	21.180000
2533	-4.006736	2.568000	21.170000
2534	-3.996736	2.568000	21.250000
2535	-3.976736	2.568000	21.210000
2536	-3.876736	2.572000	21.260000
2537	-3.876736	2.572000	21.290000
2538	-3.846736	2.572000	21.260000
2539	-3.836736	2.574000	21.190000
2540	-3.696736	2.574000	21.330000
2541	-3.626736	2.576000	21.310000
2542	-3.596736	2.576000	21.290000
2543	-3.486736	2.578000	21.320000
2544	-3.286736	2.580000	21.410000
2545	-3.166736	2.582000	21.370000
2546	-3.126736	2.582000	21.330000
2547	-3.106736	2.584000	21.170000
2548	-3.026736	2.586000	21.220000
2549	-2.976736	2.586000	21.430000
2550	-2.936736	2.586000	21.180000
2551	-2.926736	2.588000	21.480000
2552	-2.776736	2.590000	21.310000
2553	-2.676736	2.590000	21.250000
2554	-2.316736	2.590000	21.340000
2555	-2.216736	2.592000	21.380000
2556	-2.086736	2.596000	21.270000
2557	-1.916736	2.594000	21.390000
2558	-1.766736	2.596000	21.480000
2559	-1.616736	2.596000	21.250000
2560	-1.556736	2.596000	21.450000
2561	-1.296736	2.598000	21.400000
2562	-1.256736	2.598000	21.350000
2563	-1.176736	2.600000	21.320000
2564	-0.946736	2.600000	21.340000
2565	-0.936736	2.601000	21.340000
2566	-0.726736	2.601000	21.460000
2567	-0.696736	2.603000	21.280000
2568	-0.636736	2.605000	21.460000
2569	-0.516736	2.605000	21.490000
2570	-0.336736	2.605000	21.370000
2571	-0.226736	2.607000	21.400000
2572	0.043264	2.609000	21.630000
2573	0.063264	2.609000	21.460000
