1	-191.690878	0.000000	9.450000
2	-191.180878	0.002000	9.610000
3	-190.950878	0.002000	9.470000
4	-190.940878	0.004000	10.050000
5	-190.800878	0.004000	9.450000
6	-190.640878	0.006000	9.450000
7	-190.270878	0.006000	9.490000
8	-190.000878	0.008000	9.890000
9	-189.760878	0.008000	9.540000
10	-189.620878	0.010000	9.940000
11	-189.610878	0.010000	9.860000
12	-189.410878	0.012000	10.270000
13	-189.240878	0.014000	9.410000
14	-189.240878	0.014000	9.570000
15	-189.050878	0.016000	9.600000
16	-188.840878	0.016000	10.300000
17	-188.750878	0.016000	10.300000
18	-188.720878	0.016000	9.660000
19	-188.540878	0.020000	9.560000
20	-188.530878	0.020000	9.760000
21	-188.520878	0.022000	9.720000
22	-188.400878	0.022000	9.760000
23	-188.310878	0.024000	9.560000
24	-188.250878	0.026000	9.620000
25	-188.150878	0.026000	9.930000
26	-188.140878	0.028000	9.610000
27	-188.140878	0.028000	10.120000
28	-188.140878	0.030000	10.320000
29	-188.050878	0.030000	9.610000
30	-188.050878	0.032000	9.930000
31	-188.000878	0.032000	9.490000
32	-187.990878	0.033000	9.380000
33	-187.980878	0.032000	9.730000
34	-187.930878	0.035000	9.730000
35	-187.870878	0.035000	9.960000
36	-187.830878	0.037000	9.700000
37	-187.800878	0.037000	9.870000
38	-187.740878	0.039000	10.160000
39	-187.660878	0.039000	10.110000
40	-187.640878	0.041000	10.150000
41	-187.620878	0.041000	9.810000
42	-187.600878	0.043000	9.540000
43	-187.500878	0.043000	10.200000
44	-187.390878	0.045000	10.310000
45	-187.370878	0.045000	9.760000
46	-187.350878	0.047000	9.770000
47	-187.210878	0.047000	9.640000
48	-186.960878	0.049000	9.690000
49	-186.890878	0.049000	9.570000
50	-186.810878	0.051000	9.690000
51	-186.770878	0.051000	9.720000
52	-186.680878	0.053000	9.780000
53	-186.660878	0.055000	9.850000
54	-186.610878	0.057000	10.090000
55	-186.570878	0.057000	10.160000
56	-186.550878	0.059000	9.590000
57	-186.540878	0.059000	9.770000
58	-186.370878	0.061000	9.570000
59	-186.350878	0.061000	9.850000
60	-186.340878	0.061000	9.540000
61	-186.240878	0.063000	9.640000
62	-186.090878	0.065000	9.890000
63	-185.990878	0.065000	9.670000
64	-185.960878	0.067000	9.720000
65	-185.960878	0.067000	9.650000
66	-185.930878	0.069000	9.790000
67	-185.870878	0.069000	10.140000
68	-185.780878	0.069000	9.940000
69	-185.720878	0.071000	9.720000
70	-185.700878	0.073000	10.240000
71	-185.670878	0.073000	9.780000
72	-185.570878	0.074000	9.640000
73	-185.420878	0.074000	9.940000
74	-185.340878	0.076000	10.300000
75	-185.330878	0.076000	9.860000
76	-185.180878	0.076000	10.150000
77	-185.130878	0.078000	9.780000
78	-185.090878	0.080000	9.810000
79	-184.990878	0.080000	10.020000
80	-184.750878	0.082000	9.880000
81	-184.750878	0.082000	9.810000
82	-184.720878	0.084000	9.940000
83	-184.480878	0.084000	9.840000
84	-184.470878	0.084000	9.750000
85	-184.350878	0.090000	9.820000
86	-184.300878	0.088000	9.890000
87	-184.290878	0.090000	9.830000
88	-184.280878	0.090000	9.810000
89	-184.240878	0.092000	9.640000
90	-184.190878	0.092000	9.960000
91	-184.190878	0.092000	9.680000
92	-184.170878	0.094000	9.860000
93	-184.140878	0.096000	9.930000
94	-184.090878	0.098000	9.910000
95	-184.040878	0.098000	9.670000
96	-183.940878	0.100000	9.640000
97	-183.910878	0.100000	9.770000
98	-183.900878	0.102000	10.000000
99	-183.800878	0.102000	9.910000
100	-183.730878	0.106000	9.880000
101	-183.620878	0.104000	9.840000
102	-183.560878	0.106000	9.740000
103	-183.520878	0.106000	9.950000
104	-183.510878	0.108000	9.780000
105	-183.470878	0.108000	9.810000
106	-183.440878	0.108000	9.740000
107	-183.430878	0.110000	9.800000
108	-183.340878	0.112000	9.800000
109	-183.340878	0.112000	9.750000
110	-183.320878	0.114000	9.810000
111	-183.250878	0.114000	10.080000
112	-183.050878	0.116000	9.700000
113	-182.970878	0.116000	9.740000
114	-182.640878	0.116000	10.100000
115	-182.490878	0.121000	10.140000
116	-182.470878	0.119000	10.050000
117	-182.400878	0.121000	9.870000
118	-182.310878	0.121000	10.090000
119	-182.250878	0.123000	9.830000
120	-182.240878	0.123000	9.960000
121	-182.200878	0.125000	9.960000
122	-181.880878	0.125000	10.090000
123	-181.810878	0.125000	10.000000
124	-181.790878	0.129000	10.000000
125	-181.770878	0.129000	10.060000
126	-181.750878	0.131000	10.350000
127	-181.580878	0.131000	9.940000
128	-181.540878	0.131000	10.140000
129	-181.490878	0.133000	9.940000
130	-181.430878	0.135000	10.100000
131	-181.420878	0.135000	10.020000
132	-181.170878	0.137000	10.340000
133	-181.130878	0.139000	9.910000
134	-181.130878	0.141000	10.120000
135	-181.010878	0.141000	10.170000
136	-180.930878	0.143000	10.030000
137	-180.810878	0.143000	10.020000
138	-180.690878	0.145000	10.200000
139	-180.640878	0.145000	10.130000
140	-180.640878	0.147000	10.520000
141	-180.500878	0.147000	10.180000
142	-180.500878	0.149000	10.140000
143	-180.420878	0.149000	10.240000
144	-180.350878	0.151000	9.940000
145	-180.290878	0.151000	10.150000
146	-180.150878	0.153000	10.080000
147	-180.080878	0.153000	9.850000
148	-180.030878	0.155000	10.110000
149	-179.940878	0.155000	10.070000
150	-179.840878	0.157000	10.190000
151	-179.790878	0.157000	10.050000
152	-179.730878	0.158000	10.060000
153	-179.540878	0.158000	10.170000
154	-179.370878	0.160000	9.980000
155	-179.370878	0.162000	10.260000
156	-179.270878	0.162000	10.040000
157	-179.160878	0.164000	10.200000
158	-179.160878	0.164000	10.020000
159	-179.000878	0.166000	10.100000
160	-178.930878	0.166000	10.010000
161	-178.910878	0.168000	10.210000
162	-178.880878	0.168000	10.030000
163	-178.840878	0.170000	10.150000
164	-178.790878	0.170000	10.140000
165	-178.760878	0.172000	9.950000
166	-178.420878	0.172000	10.330000
167	-178.420878	0.174000	10.350000
168	-178.300878	0.174000	10.210000
169	-178.180878	0.176000	10.120000
170	-178.180878	0.176000	10.260000
171	-178.130878	0.178000	10.410000
172	-178.110878	0.178000	10.200000
173	-178.060878	0.180000	10.360000
174	-178.050878	0.184000	10.270000
175	-178.030878	0.182000	10.340000
176	-177.890878	0.184000	10.360000
177	-177.730878	0.184000	10.280000
178	-177.520878	0.186000	10.180000
179	-177.430878	0.186000	10.270000
180	-177.330878	0.188000	10.580000
181	-177.240878	0.188000	10.240000
182	-177.230878	0.188000	10.550000
183	-177.210878	0.190000	10.210000
184	-177.170878	0.192000	10.350000
185	-177.100878	0.192000	10.260000
186	-177.100878	0.194000	10.170000
187	-176.820878	0.194000	10.570000
188	-176.790878	0.196000	10.190000
189	-176.790878	0.196000	10.290000
190	-176.740878	0.198000	10.100000
191	-176.580878	0.198000	10.430000
192	-176.550878	0.199000	10.510000
193	-176.540878	0.199000	10.650000
194	-176.470878	0.201000	10.320000
195	-176.460878	0.203000	10.310000
196	-176.370878	0.203000	10.450000
197	-176.110878	0.205000	10.250000
198	-175.910878	0.205000	10.570000
199	-175.870878	0.207000	10.210000
200	-175.770878	0.207000	10.150000
201	-175.680878	0.209000	10.360000
202	-175.670878	0.209000	10.670000
203	-175.640878	0.211000	10.520000
204	-175.470878	0.211000	10.240000
205	-175.400878	0.213000	10.300000
206	-175.330878	0.213000	10.410000
207	-175.330878	0.215000	10.330000
208	-175.260878	0.215000	10.360000
209	-175.140878	0.217000	10.180000
210	-175.130878	0.217000	10.370000
211	-175.090878	0.221000	10.390000
212	-174.880878	0.221000	10.260000
213	-174.850878	0.221000	10.350000
214	-174.760878	0.225000	10.340000
215	-174.750878	0.225000	10.380000
216	-174.670878	0.225000	10.500000
217	-174.660878	0.227000	10.430000
218	-174.540878	0.229000	10.410000
219	-174.530878	0.229000	10.430000
220	-174.450878	0.231000	10.330000
221	-174.420878	0.231000	10.550000
222	-174.380878	0.233000	10.390000
223	-174.380878	0.233000	10.400000
224	-174.300878	0.235000	10.410000
225	-174.250878	0.237000	10.190000
226	-174.230878	0.237000	10.950000
227	-174.210878	0.239000	10.370000
228	-174.160878	0.239000	10.490000
229	-174.080878	0.240000	10.600000
230	-173.990878	0.240000	10.440000
231	-173.740878	0.242000	10.400000
232	-173.620878	0.242000	10.320000
233	-173.370878	0.246000	10.620000
234	-173.240878	0.246000	10.620000
235	-173.080878	0.246000	11.030000
236	-172.970878	0.248000	10.450000
237	-172.940878	0.248000	10.470000
238	-172.700878	0.248000	10.450000
239	-172.590878	0.250000	11.330000
240	-172.550878	0.252000	10.810000
241	-172.490878	0.252000	10.730000
242	-172.450878	0.254000	10.630000
243	-172.410878	0.256000	10.490000
244	-172.380878	0.256000	10.480000
245	-172.360878	0.256000	10.510000
246	-172.290878	0.258000	10.410000
247	-172.230878	0.262000	10.880000
248	-172.070878	0.262000	10.550000
249	-171.970878	0.262000	10.910000
250	-171.940878	0.262000	10.500000
251	-171.920878	0.264000	10.530000
252	-171.900878	0.264000	10.450000
253	-171.840878	0.266000	10.630000
254	-171.830878	0.266000	10.930000
255	-171.810878	0.268000	11.180000
256	-171.700878	0.268000	10.570000
257	-171.690878	0.270000	10.700000
258	-171.500878	0.270000	10.900000
259	-171.480878	0.272000	10.340000
260	-171.450878	0.272000	10.620000
261	-171.440878	0.272000	10.700000
262	-171.390878	0.274000	10.660000
263	-171.370878	0.276000	10.510000
264	-171.250878	0.276000	10.810000
265	-171.150878	0.278000	10.660000
266	-170.990878	0.278000	10.850000
267	-170.950878	0.280000	10.640000
268	-170.860878	0.280000	10.740000
269	-170.710878	0.280000	11.420000
270	-170.500878	0.282000	10.740000
271	-170.450878	0.283000	10.840000
272	-170.410878	0.283000	10.750000
273	-170.370878	0.285000	10.690000
274	-170.340878	0.285000	10.810000
275	-170.180878	0.287000	10.620000
276	-170.170878	0.287000	10.850000
277	-170.130878	0.287000	10.620000
278	-170.080878	0.289000	10.740000
279	-170.080878	0.291000	11.020000
280	-170.050878	0.291000	11.170000
281	-170.010878	0.293000	10.890000
282	-169.920878	0.293000	10.860000
283	-169.910878	0.295000	10.810000
284	-169.900878	0.295000	10.760000
285	-169.860878	0.295000	11.030000
286	-169.830878	0.297000	10.650000
287	-169.760878	0.299000	10.790000
288	-169.740878	0.299000	10.600000
289	-169.560878	0.301000	10.830000
290	-169.550878	0.301000	10.830000
291	-169.460878	0.305000	10.810000
292	-169.370878	0.305000	10.620000
293	-169.170878	0.307000	10.710000
294	-169.120878	0.309000	10.710000
295	-169.110878	0.309000	10.960000
296	-169.090878	0.311000	10.920000
297	-169.020878	0.311000	10.900000
298	-168.990878	0.313000	11.120000
299	-168.950878	0.313000	10.730000
300	-168.900878	0.315000	10.930000
301	-168.870878	0.315000	10.810000
302	-168.720878	0.317000	10.920000
303	-168.700878	0.317000	10.670000
304	-168.670878	0.319000	10.760000
305	-168.630878	0.319000	11.050000
306	-168.360878	0.321000	10.640000
307	-168.350878	0.321000	10.910000
308	-168.310878	0.323000	10.760000
309	-168.260878	0.323000	10.840000
310	-168.140878	0.324000	11.080000
311	-168.080878	0.324000	10.950000
312	-168.060878	0.326000	11.000000
313	-168.050878	0.326000	10.840000
314	-167.900878	0.328000	10.980000
315	-167.810878	0.330000	10.910000
316	-167.470878	0.330000	10.780000
317	-167.450878	0.332000	10.810000
318	-167.390878	0.332000	10.880000
319	-167.310878	0.334000	10.880000
320	-167.290878	0.334000	10.900000
321	-167.240878	0.336000	11.000000
322	-167.120878	0.336000	10.780000
323	-166.990878	0.338000	10.810000
324	-166.810878	0.340000	10.890000
325	-166.580878	0.340000	10.810000
326	-166.460878	0.340000	11.070000
327	-166.420878	0.342000	10.820000
328	-166.370878	0.342000	11.030000
329	-166.350878	0.344000	10.880000
330	-166.290878	0.344000	10.970000
331	-166.280878	0.346000	11.060000
332	-166.240878	0.346000	11.000000
333	-166.190878	0.348000	11.080000
334	-165.910878	0.350000	11.030000
335	-165.800878	0.350000	10.840000
336	-165.520878	0.352000	11.010000
337	-165.240878	0.352000	11.210000
338	-165.130878	0.354000	11.250000
339	-165.090878	0.354000	10.980000
340	-165.070878	0.356000	11.030000
341	-165.070878	0.356000	11.050000
342	-165.050878	0.358000	10.970000
343	-165.000878	0.358000	11.350000
344	-164.950878	0.360000	11.070000
345	-164.920878	0.360000	11.070000
346	-164.840878	0.362000	11.020000
347	-164.840878	0.362000	11.330000
348	-164.820878	0.364000	10.870000
349	-164.800878	0.364000	11.150000
350	-164.750878	0.366000	11.140000
351	-164.730878	0.366000	11.140000
352	-164.700878	0.367000	11.180000
353	-164.700878	0.367000	11.220000
354	-164.680878	0.369000	10.920000
355	-164.600878	0.369000	10.850000
356	-164.480878	0.371000	11.110000
357	-164.410878	0.371000	11.010000
358	-164.300878	0.373000	11.070000
359	-164.290878	0.373000	11.280000
360	-164.260878	0.375000	11.280000
361	-164.250878	0.375000	11.330000
362	-164.070878	0.377000	11.390000
363	-163.950878	0.377000	11.160000
364	-163.860878	0.379000	11.170000
365	-163.850878	0.379000	11.100000
366	-163.850878	0.381000	11.210000
367	-163.780878	0.381000	11.080000
368	-163.740878	0.383000	11.410000
369	-163.700878	0.383000	10.860000
370	-163.630878	0.385000	11.350000
371	-163.580878	0.385000	11.490000
372	-163.440878	0.389000	11.250000
373	-163.400878	0.389000	11.480000
374	-163.330878	0.389000	11.230000
375	-163.120878	0.391000	11.140000
376	-163.110878	0.393000	11.130000
377	-162.950878	0.395000	11.250000
378	-162.790878	0.395000	11.510000
379	-162.650878	0.397000	11.050000
380	-162.520878	0.397000	11.340000
381	-162.520878	0.397000	11.610000
382	-162.420878	0.399000	11.030000
383	-162.390878	0.401000	11.210000
384	-162.360878	0.401000	11.170000
385	-162.120878	0.403000	11.170000
386	-162.090878	0.403000	11.180000
387	-162.010878	0.405000	11.260000
388	-162.000878	0.405000	11.380000
389	-161.950878	0.405000	11.420000
390	-161.930878	0.407000	11.160000
391	-161.900878	0.408000	11.190000
392	-161.800878	0.408000	11.410000
393	-161.470878	0.410000	11.150000
394	-161.270878	0.410000	11.130000
395	-161.020878	0.412000	11.320000
396	-161.000878	0.412000	11.240000
397	-160.940878	0.414000	11.360000
398	-160.780878	0.416000	11.100000
399	-160.570878	0.416000	11.390000
400	-160.530878	0.418000	11.350000
401	-160.470878	0.418000	11.350000
402	-160.450878	0.420000	11.260000
403	-160.420878	0.420000	11.260000
404	-160.410878	0.420000	11.330000
405	-160.400878	0.422000	11.390000
406	-160.390878	0.424000	11.200000
407	-160.360878	0.424000	11.170000
408	-160.330878	0.426000	11.210000
409	-160.320878	0.426000	11.290000
410	-160.230878	0.428000	11.280000
411	-160.190878	0.428000	11.330000
412	-160.160878	0.430000	11.290000
413	-160.140878	0.430000	11.220000
414	-160.120878	0.432000	11.290000
415	-160.070878	0.434000	11.190000
416	-160.010878	0.434000	11.380000
417	-159.880878	0.436000	11.270000
418	-159.860878	0.436000	11.440000
419	-159.820878	0.436000	11.310000
420	-159.810878	0.438000	11.360000
421	-159.780878	0.440000	11.270000
422	-159.770878	0.440000	11.180000
423	-159.700878	0.442000	11.370000
424	-159.650878	0.442000	11.360000
425	-159.580878	0.444000	11.360000
426	-159.450878	0.444000	11.340000
427	-159.440878	0.444000	11.330000
428	-159.370878	0.446000	10.960000
429	-159.330878	0.448000	11.350000
430	-159.330878	0.448000	11.140000
431	-158.920878	0.449000	11.330000
432	-158.780878	0.449000	11.420000
433	-158.700878	0.451000	11.270000
434	-158.700878	0.451000	11.320000
435	-158.600878	0.453000	11.450000
436	-158.490878	0.453000	11.300000
437	-158.370878	0.455000	11.480000
438	-158.370878	0.455000	11.620000
439	-158.240878	0.457000	11.370000
440	-158.160878	0.457000	11.490000
441	-158.120878	0.459000	11.490000
442	-158.110878	0.459000	11.430000
443	-158.070878	0.459000	11.550000
444	-158.040878	0.461000	11.490000
445	-158.040878	0.463000	11.330000
446	-157.930878	0.463000	11.500000
447	-157.920878	0.465000	11.360000
448	-157.890878	0.465000	11.500000
449	-157.820878	0.467000	11.380000
450	-157.800878	0.467000	11.380000
451	-157.590878	0.471000	11.360000
452	-157.560878	0.471000	11.300000
453	-157.550878	0.473000	11.660000
454	-157.550878	0.473000	11.440000
455	-157.520878	0.475000	11.310000
456	-157.320878	0.477000	11.450000
457	-157.270878	0.477000	11.610000
458	-157.110878	0.479000	11.550000
459	-157.080878	0.479000	11.560000
460	-157.030878	0.481000	11.540000
461	-156.930878	0.481000	11.510000
462	-156.790878	0.483000	11.580000
463	-156.720878	0.483000	11.460000
464	-156.680878	0.485000	11.390000
465	-156.590878	0.485000	11.600000
466	-156.510878	0.487000	11.740000
467	-156.430878	0.489000	11.480000
468	-156.180878	0.489000	11.630000
469	-156.170878	0.490000	11.720000
470	-156.170878	0.490000	11.580000
471	-156.120878	0.492000	11.900000
472	-155.990878	0.492000	11.510000
473	-155.970878	0.494000	11.560000
474	-155.920878	0.494000	11.720000
475	-155.780878	0.496000	11.650000
476	-155.630878	0.496000	11.580000
477	-155.590878	0.498000	11.770000
478	-155.530878	0.498000	11.780000
479	-155.360878	0.500000	11.500000
480	-155.310878	0.500000	11.740000
481	-155.190878	0.502000	11.810000
482	-155.170878	0.502000	11.620000
483	-155.040878	0.504000	11.660000
484	-155.000878	0.506000	11.720000
485	-154.970878	0.506000	11.550000
486	-154.960878	0.508000	11.830000
487	-154.910878	0.508000	11.780000
488	-154.800878	0.512000	11.650000
489	-154.690878	0.512000	11.710000
490	-154.520878	0.512000	11.680000
491	-154.470878	0.512000	11.860000
492	-154.320878	0.514000	11.630000
493	-154.300878	0.514000	11.660000
494	-154.250878	0.516000	11.640000
495	-154.230878	0.518000	11.560000
496	-154.120878	0.518000	11.760000
497	-154.060878	0.520000	11.750000
498	-154.010878	0.520000	11.800000
499	-153.890878	0.522000	11.660000
500	-153.880878	0.522000	11.650000
501	-153.790878	0.524000	11.820000
502	-153.770878	0.524000	11.920000
503	-153.730878	0.524000	11.770000
504	-153.630878	0.526000	11.730000
505	-153.540878	0.528000	11.740000
506	-153.490878	0.528000	11.730000
507	-153.430878	0.530000	11.700000
508	-153.270878	0.530000	11.770000
509	-153.270878	0.532000	11.860000
510	-153.010878	0.532000	11.750000
511	-152.990878	0.533000	11.710000
512	-152.990878	0.533000	11.940000
513	-152.970878	0.535000	11.760000
514	-152.880878	0.535000	11.730000
515	-152.790878	0.537000	11.700000
516	-152.690878	0.537000	11.650000
517	-152.670878	0.539000	11.710000
518	-152.500878	0.539000	11.840000
519	-152.400878	0.541000	11.780000
520	-152.390878	0.541000	11.700000
521	-152.250878	0.543000	11.970000
522	-152.240878	0.543000	11.720000
523	-152.220878	0.545000	11.770000
524	-152.220878	0.545000	11.850000
525	-152.170878	0.547000	11.910000
526	-152.070878	0.547000	11.750000
527	-152.070878	0.549000	11.950000
528	-151.980878	0.549000	12.000000
529	-151.960878	0.551000	11.850000
530	-151.740878	0.551000	11.950000
531	-151.700878	0.553000	11.870000
532	-151.630878	0.555000	11.630000
533	-151.560878	0.557000	11.930000
534	-151.500878	0.557000	12.000000
535	-151.430878	0.559000	12.050000
536	-151.330878	0.559000	11.980000
537	-151.290878	0.561000	12.090000
538	-151.290878	0.561000	11.980000
539	-151.220878	0.561000	12.060000
540	-151.210878	0.563000	11.790000
541	-151.200878	0.565000	12.170000
542	-151.050878	0.565000	12.190000
543	-150.910878	0.567000	12.050000
544	-150.740878	0.567000	12.000000
545	-150.700878	0.569000	11.870000
546	-150.700878	0.569000	12.140000
547	-150.690878	0.569000	11.830000
548	-150.410878	0.571000	12.010000
549	-150.280878	0.573000	12.130000
550	-150.200878	0.573000	12.250000
551	-150.090878	0.574000	12.090000
552	-150.050878	0.574000	12.240000
553	-149.810878	0.576000	12.040000
554	-149.800878	0.576000	12.030000
555	-149.780878	0.576000	11.990000
556	-149.520878	0.578000	12.120000
557	-149.460878	0.580000	12.470000
558	-149.420878	0.580000	12.030000
559	-149.320878	0.582000	11.860000
560	-149.250878	0.582000	12.280000
561	-149.230878	0.584000	11.760000
562	-149.200878	0.584000	12.400000
563	-149.180878	0.584000	11.830000
564	-149.130878	0.586000	12.090000
565	-149.030878	0.590000	12.110000
566	-149.000878	0.588000	12.160000
567	-148.950878	0.590000	12.200000
568	-148.840878	0.590000	12.040000
569	-148.800878	0.592000	12.030000
570	-148.610878	0.592000	12.070000
571	-148.580878	0.592000	12.080000
572	-148.490878	0.594000	12.140000
573	-148.470878	0.596000	12.080000
574	-148.470878	0.596000	12.140000
575	-148.460878	0.598000	12.040000
576	-148.370878	0.598000	12.350000
577	-148.340878	0.600000	12.130000
578	-148.330878	0.600000	12.020000
579	-148.290878	0.602000	12.180000
580	-148.220878	0.604000	12.130000
581	-148.030878	0.604000	12.110000
582	-147.990878	0.606000	11.960000
583	-147.900878	0.606000	12.040000
584	-147.890878	0.608000	12.030000
585	-147.800878	0.608000	11.990000
586	-147.720878	0.608000	12.110000
587	-147.470878	0.610000	12.260000
588	-147.200878	0.612000	12.280000
589	-147.150878	0.612000	12.170000
590	-147.100878	0.614000	12.170000
591	-146.970878	0.614000	12.280000
592	-146.840878	0.616000	12.210000
593	-146.810878	0.616000	12.200000
594	-146.770878	0.616000	12.310000
595	-146.760878	0.617000	12.360000
596	-146.750878	0.619000	12.070000
597	-146.750878	0.621000	12.130000
598	-146.620878	0.621000	12.610000
599	-146.610878	0.623000	12.170000
600	-146.600878	0.623000	12.150000
601	-146.580878	0.623000	12.370000
602	-146.360878	0.625000	12.310000
603	-146.210878	0.627000	12.210000
604	-146.140878	0.627000	12.070000
605	-146.060878	0.629000	12.190000
606	-146.000878	0.629000	12.250000
607	-145.930878	0.631000	12.310000
608	-145.800878	0.631000	12.160000
609	-145.720878	0.631000	12.350000
610	-145.690878	0.633000	12.510000
611	-145.680878	0.635000	12.290000
612	-145.590878	0.635000	12.340000
613	-145.580878	0.637000	12.290000
614	-145.550878	0.639000	12.260000
615	-145.280878	0.641000	12.300000
616	-145.250878	0.641000	12.390000
617	-145.180878	0.641000	12.460000
618	-145.070878	0.645000	12.370000
619	-145.030878	0.645000	12.360000
620	-145.000878	0.647000	12.180000
621	-144.820878	0.647000	12.340000
622	-144.790878	0.649000	12.290000
623	-144.690878	0.649000	12.160000
624	-144.650878	0.651000	12.420000
625	-144.590878	0.651000	12.220000
626	-144.370878	0.653000	12.420000
627	-144.320878	0.653000	12.230000
628	-144.260878	0.655000	12.350000
629	-144.000878	0.655000	12.500000
630	-143.980878	0.657000	12.580000
631	-143.950878	0.657000	12.570000
632	-143.830878	0.658000	12.310000
633	-143.820878	0.658000	12.330000
634	-143.520878	0.660000	12.340000
635	-143.480878	0.660000	12.270000
636	-143.450878	0.660000	12.340000
637	-143.430878	0.662000	12.370000
638	-143.320878	0.664000	12.520000
639	-143.300878	0.664000	12.410000
640	-143.240878	0.666000	12.560000
641	-143.000878	0.666000	12.530000
642	-142.980878	0.668000	12.420000
643	-142.900878	0.668000	12.490000
644	-142.850878	0.670000	12.500000
645	-142.820878	0.670000	12.380000
646	-142.720878	0.672000	12.620000
647	-142.690878	0.672000	12.580000
648	-142.670878	0.674000	12.720000
649	-142.650878	0.676000	12.350000
650	-142.620878	0.676000	12.490000
651	-142.610878	0.678000	12.440000
652	-142.520878	0.678000	12.390000
653	-142.480878	0.680000	12.560000
654	-142.460878	0.680000	12.590000
655	-142.420878	0.682000	12.760000
656	-142.390878	0.682000	12.760000
657	-142.170878	0.684000	12.430000
658	-142.080878	0.684000	12.670000
659	-142.020878	0.686000	12.490000
660	-142.020878	0.686000	12.530000
661	-142.000878	0.688000	12.790000
662	-141.990878	0.688000	12.840000
663	-141.810878	0.690000	12.660000
664	-141.660878	0.690000	12.600000
665	-141.620878	0.692000	12.480000
666	-141.460878	0.692000	12.570000
667	-141.410878	0.694000	12.640000
668	-141.390878	0.694000	12.550000
669	-141.280878	0.696000	12.770000
670	-141.120878	0.696000	12.600000
671	-141.040878	0.698000	12.660000
672	-140.990878	0.698000	12.710000
673	-140.940878	0.699000	12.420000
674	-140.750878	0.699000	12.720000
675	-140.720878	0.701000	12.610000
676	-140.700878	0.701000	12.640000
677	-140.700878	0.703000	12.630000
678	-140.670878	0.703000	12.730000
679	-140.650878	0.705000	12.620000
680	-140.490878	0.707000	12.720000
681	-140.420878	0.707000	12.560000
682	-140.400878	0.709000	12.700000
683	-140.380878	0.709000	12.730000
684	-140.120878	0.711000	12.970000
685	-140.020878	0.711000	12.740000
686	-139.990878	0.713000	12.610000
687	-139.950878	0.713000	12.610000
688	-139.880878	0.715000	12.710000
689	-139.870878	0.715000	12.620000
690	-139.820878	0.717000	12.830000
691	-139.770878	0.717000	12.770000
692	-139.730878	0.721000	12.790000
693	-139.720878	0.721000	12.740000
694	-139.600878	0.723000	12.700000
695	-139.590878	0.723000	12.760000
696	-139.510878	0.725000	12.880000
697	-139.400878	0.725000	12.690000
698	-139.320878	0.727000	12.790000
699	-139.220878	0.727000	12.890000
700	-139.200878	0.729000	12.920000
701	-139.120878	0.729000	12.810000
702	-138.990878	0.731000	12.800000
703	-138.940878	0.731000	12.560000
704	-138.940878	0.733000	12.740000
705	-138.210878	0.733000	12.860000
706	-138.140878	0.733000	12.860000
707	-137.980878	0.735000	12.970000
708	-137.960878	0.737000	12.850000
709	-137.960878	0.739000	12.900000
710	-137.950878	0.739000	12.860000
711	-137.880878	0.740000	12.740000
712	-137.860878	0.740000	12.940000
713	-137.810878	0.742000	12.880000
714	-137.780878	0.742000	13.050000
715	-137.700878	0.744000	12.950000
716	-137.670878	0.746000	12.880000
717	-137.650878	0.746000	13.020000
718	-137.580878	0.748000	13.060000
719	-137.520878	0.748000	12.970000
720	-137.470878	0.748000	13.060000
721	-137.360878	0.750000	12.890000
722	-137.250878	0.752000	13.090000
723	-137.230878	0.752000	12.910000
724	-137.230878	0.754000	12.770000
725	-137.210878	0.754000	13.000000
726	-137.150878	0.756000	13.000000
727	-137.100878	0.756000	12.840000
728	-136.930878	0.758000	13.080000
729	-136.750878	0.758000	12.980000
730	-136.750878	0.760000	13.170000
731	-136.710878	0.760000	12.870000
732	-136.620878	0.762000	12.860000
733	-136.610878	0.762000	12.960000
734	-136.540878	0.764000	12.880000
735	-136.410878	0.764000	12.840000
736	-136.230878	0.764000	13.130000
737	-136.040878	0.766000	13.100000
738	-136.030878	0.768000	13.020000
739	-135.980878	0.768000	13.050000
740	-135.800878	0.770000	13.060000
741	-135.790878	0.770000	12.790000
742	-135.760878	0.772000	12.930000
743	-135.750878	0.772000	13.030000
744	-135.650878	0.772000	12.960000
745	-135.640878	0.774000	13.030000
746	-135.620878	0.776000	13.180000
747	-135.490878	0.778000	13.050000
748	-135.450878	0.778000	13.120000
749	-135.440878	0.780000	13.110000
750	-135.400878	0.780000	13.100000
751	-135.300878	0.780000	13.160000
752	-135.250878	0.782000	13.210000
753	-135.200878	0.783000	13.120000
754	-135.100878	0.783000	13.060000
755	-135.040878	0.785000	13.110000
756	-135.000878	0.785000	13.180000
757	-134.930878	0.787000	13.190000
758	-134.790878	0.787000	13.120000
759	-134.760878	0.789000	13.150000
760	-134.570878	0.789000	13.100000
761	-134.560878	0.791000	13.130000
762	-134.520878	0.791000	13.160000
763	-134.490878	0.793000	13.210000
764	-134.400878	0.793000	13.060000
765	-134.390878	0.795000	13.170000
766	-134.120878	0.795000	13.210000
767	-134.110878	0.795000	13.190000
768	-134.050878	0.797000	13.140000
769	-134.040878	0.799000	13.100000
770	-134.040878	0.801000	13.110000
771	-133.890878	0.801000	13.310000
772	-133.780878	0.805000	13.010000
773	-133.780878	0.805000	13.130000
774	-133.640878	0.807000	13.200000
775	-133.620878	0.807000	13.280000
776	-133.520878	0.809000	13.160000
777	-133.510878	0.809000	13.320000
778	-133.380878	0.811000	13.150000
779	-133.030878	0.813000	13.330000
780	-132.940878	0.813000	13.400000
781	-132.780878	0.815000	13.240000
782	-132.710878	0.815000	13.620000
783	-132.680878	0.817000	13.450000
784	-132.680878	0.817000	13.220000
785	-132.560878	0.819000	13.180000
786	-132.550878	0.819000	13.220000
787	-132.480878	0.821000	13.210000
788	-132.400878	0.821000	13.470000
789	-132.300878	0.823000	13.100000
790	-132.260878	0.823000	13.210000
791	-132.240878	0.824000	13.300000
792	-132.080878	0.824000	13.300000
793	-131.980878	0.826000	13.210000
794	-131.820878	0.826000	13.240000
795	-131.700878	0.828000	13.460000
796	-131.700878	0.828000	13.390000
797	-131.580878	0.830000	13.100000
798	-131.480878	0.830000	13.440000
799	-131.430878	0.832000	13.260000
800	-131.390878	0.832000	13.380000
801	-131.330878	0.834000	13.410000
802	-131.330878	0.834000	13.230000
803	-131.320878	0.836000	13.320000
804	-131.150878	0.836000	13.400000
805	-131.150878	0.838000	13.360000
806	-131.130878	0.838000	13.290000
807	-131.090878	0.840000	13.390000
808	-131.040878	0.840000	13.290000
809	-130.910878	0.842000	13.400000
810	-130.860878	0.842000	13.240000
811	-130.820878	0.844000	13.340000
812	-130.790878	0.844000	13.230000
813	-130.590878	0.846000	13.440000
814	-130.560878	0.846000	13.260000
815	-130.520878	0.848000	13.460000
816	-130.490878	0.848000	13.230000
817	-130.350878	0.850000	13.580000
818	-130.260878	0.850000	13.590000
819	-130.260878	0.852000	13.440000
820	-130.090878	0.852000	13.520000
821	-129.760878	0.854000	13.530000
822	-129.740878	0.854000	13.550000
823	-129.510878	0.856000	13.460000
824	-129.450878	0.856000	13.560000
825	-129.390878	0.858000	13.530000
826	-129.360878	0.858000	13.490000
827	-129.320878	0.860000	13.600000
828	-129.270878	0.860000	13.540000
829	-129.240878	0.862000	13.480000
830	-129.130878	0.862000	13.370000
831	-129.050878	0.864000	13.590000
832	-129.020878	0.864000	13.540000
833	-128.990878	0.866000	13.620000
834	-128.970878	0.866000	13.450000
835	-128.940878	0.867000	13.400000
836	-128.930878	0.867000	13.450000
837	-128.840878	0.869000	13.430000
838	-128.800878	0.869000	13.450000
839	-128.790878	0.871000	13.400000
840	-128.720878	0.871000	13.420000
841	-128.640878	0.873000	13.690000
842	-128.300878	0.873000	13.600000
843	-127.750878	0.875000	13.600000
844	-127.740878	0.875000	13.550000
845	-127.710878	0.877000	13.570000
846	-127.690878	0.877000	13.500000
847	-127.670878	0.879000	13.730000
848	-127.640878	0.879000	13.610000
849	-127.610878	0.881000	13.660000
850	-127.570878	0.883000	13.490000
851	-127.540878	0.883000	13.550000
852	-127.480878	0.885000	13.580000
853	-127.440878	0.885000	13.470000
854	-127.440878	0.889000	13.520000
855	-127.350878	0.889000	13.610000
856	-127.170878	0.891000	13.540000
857	-126.990878	0.891000	13.720000
858	-126.890878	0.891000	13.600000
859	-126.870878	0.893000	13.440000
860	-126.830878	0.895000	13.550000
861	-126.830878	0.897000	13.620000
862	-126.710878	0.897000	13.570000
863	-126.700878	0.897000	13.570000
864	-126.670878	0.899000	13.590000
865	-126.660878	0.901000	13.540000
866	-126.560878	0.901000	13.520000
867	-126.440878	0.903000	13.420000
868	-126.440878	0.903000	13.770000
869	-126.370878	0.905000	13.660000
870	-126.270878	0.905000	13.570000
871	-126.250878	0.907000	13.670000
872	-126.210878	0.907000	13.880000
873	-126.150878	0.907000	13.520000
874	-126.140878	0.910000	13.690000
875	-126.090878	0.910000	13.640000
876	-125.970878	0.912000	13.650000
877	-125.920878	0.912000	13.530000
878	-125.890878	0.914000	14.000000
879	-125.670878	0.914000	13.780000
880	-125.600878	0.916000	13.700000
881	-125.450878	0.916000	13.740000
882	-125.340878	0.918000	13.610000
883	-125.340878	0.918000	13.700000
884	-125.290878	0.920000	13.560000
885	-125.150878	0.920000	13.890000
886	-125.130878	0.920000	13.770000
887	-125.070878	0.922000	13.770000
888	-125.030878	0.922000	13.670000
889	-124.900878	0.926000	13.670000
890	-124.760878	0.926000	13.870000
891	-124.610878	0.928000	13.820000
892	-124.570878	0.928000	13.840000
893	-124.500878	0.928000	13.630000
894	-124.250878	0.930000	13.780000
895	-124.240878	0.932000	13.910000
896	-124.180878	0.932000	13.740000
897	-124.180878	0.934000	13.900000
898	-124.110878	0.934000	13.900000
899	-124.080878	0.936000	13.820000
900	-124.050878	0.936000	13.660000
901	-123.980878	0.936000	13.810000
902	-123.960878	0.938000	13.740000
903	-123.950878	0.940000	13.780000
904	-123.880878	0.940000	13.660000
905	-123.860878	0.942000	13.890000
906	-123.830878	0.942000	13.970000
907	-123.820878	0.944000	13.940000
908	-123.750878	0.944000	13.920000
909	-123.620878	0.946000	14.020000
910	-123.540878	0.946000	13.900000
911	-123.470878	0.948000	13.620000
912	-123.440878	0.948000	13.800000
913	-123.440878	0.949000	13.990000
914	-123.330878	0.949000	13.920000
915	-123.140878	0.951000	13.910000
916	-123.120878	0.951000	13.740000
917	-122.990878	0.951000	13.950000
918	-122.830878	0.953000	13.870000
919	-122.790878	0.955000	13.980000
920	-122.750878	0.955000	14.000000
921	-122.750878	0.957000	13.900000
922	-122.690878	0.957000	13.710000
923	-122.620878	0.959000	13.900000
924	-122.600878	0.959000	13.970000
925	-122.380878	0.959000	13.770000
926	-122.360878	0.961000	13.980000
927	-122.340878	0.963000	13.780000
928	-122.300878	0.963000	13.990000
929	-122.230878	0.965000	13.970000
930	-122.120878	0.967000	14.060000
931	-122.050878	0.967000	13.930000
932	-121.880878	0.971000	14.030000
933	-121.850878	0.971000	13.800000
934	-121.810878	0.973000	13.820000
935	-121.780878	0.973000	14.070000
936	-121.730878	0.975000	14.090000
937	-121.670878	0.975000	13.780000
938	-121.620878	0.977000	14.000000
939	-121.530878	0.977000	14.260000
940	-121.330878	0.979000	13.720000
941	-121.210878	0.979000	13.990000
942	-120.880878	0.981000	13.910000
943	-120.800878	0.981000	14.080000
944	-120.730878	0.983000	14.110000
945	-120.460878	0.983000	13.810000
946	-120.460878	0.985000	14.220000
947	-120.310878	0.985000	14.000000
948	-120.240878	0.987000	14.210000
949	-120.210878	0.985000	13.950000
950	-120.200878	0.989000	14.250000
951	-120.170878	0.989000	13.900000
952	-120.160878	0.990000	14.150000
953	-120.130878	0.990000	14.160000
954	-119.950878	0.992000	13.970000
955	-119.940878	0.992000	14.050000
956	-119.920878	0.994000	14.070000
957	-119.880878	0.994000	13.950000
958	-119.770878	0.996000	14.240000
959	-119.550878	0.996000	14.190000
960	-119.510878	0.998000	14.060000
961	-119.310878	1.000000	14.000000
962	-119.260878	1.000000	14.090000
963	-119.200878	1.002000	14.130000
964	-119.200878	1.002000	14.120000
965	-119.190878	1.004000	14.150000
966	-119.110878	1.004000	14.190000
967	-119.100878	1.006000	14.060000
968	-119.060878	1.006000	14.290000
969	-119.050878	1.008000	14.070000
970	-119.030878	1.008000	14.090000
971	-118.950878	1.010000	14.200000
972	-118.840878	1.010000	14.200000
973	-118.770878	1.012000	14.100000
974	-118.690878	1.012000	13.970000
975	-118.550878	1.014000	13.890000
976	-118.450878	1.014000	14.170000
977	-118.380878	1.016000	14.090000
978	-118.350878	1.016000	14.160000
979	-118.340878	1.016000	14.370000
980	-118.000878	1.018000	14.150000
981	-117.960878	1.020000	14.170000
982	-117.820878	1.022000	14.270000
983	-117.660878	1.022000	14.350000
984	-117.640878	1.024000	14.480000
985	-117.620878	1.024000	14.330000
986	-117.540878	1.026000	14.440000
987	-117.490878	1.026000	14.390000
988	-117.380878	1.028000	14.530000
989	-117.300878	1.028000	14.100000
990	-117.300878	1.030000	14.170000
991	-117.300878	1.030000	14.370000
992	-117.190878	1.032000	14.500000
993	-117.050878	1.032000	14.230000
994	-116.990878	1.033000	14.240000
995	-116.920878	1.033000	14.230000
996	-116.880878	1.035000	14.270000
997	-116.880878	1.035000	14.320000
998	-116.830878	1.037000	14.420000
999	-116.820878	1.037000	14.410000
1000	-116.730878	1.039000	14.320000
1001	-116.300878	1.043000	14.230000
1002	-116.230878	1.041000	14.450000
1003	-116.130878	1.043000	14.380000
1004	-116.080878	1.043000	14.360000
1005	-116.080878	1.045000	14.430000
1006	-116.080878	1.045000	14.450000
1007	-115.880878	1.047000	14.520000
1008	-115.660878	1.047000	14.430000
1009	-115.660878	1.049000	14.370000
1010	-115.650878	1.049000	14.390000
1011	-115.560878	1.051000	14.370000
1012	-115.440878	1.051000	14.630000
1013	-115.430878	1.053000	14.320000
1014	-115.360878	1.055000	14.340000
1015	-115.340878	1.057000	14.460000
1016	-115.330878	1.057000	14.440000
1017	-115.330878	1.059000	14.430000
1018	-115.270878	1.059000	14.560000
1019	-115.180878	1.061000	14.240000
1020	-115.120878	1.061000	14.330000
1021	-115.080878	1.061000	14.410000
1022	-115.050878	1.063000	14.580000
1023	-115.040878	1.065000	14.400000
1024	-114.880878	1.065000	14.370000
1025	-114.850878	1.067000	14.420000
1026	-114.830878	1.067000	14.700000
1027	-114.700878	1.069000	14.420000
1028	-114.430878	1.069000	14.390000
1029	-114.430878	1.071000	14.410000
1030	-114.400878	1.071000	14.340000
1031	-114.040878	1.074000	14.590000
1032	-113.950878	1.074000	14.450000
1033	-113.880878	1.074000	14.480000
1034	-113.750878	1.076000	14.680000
1035	-113.520878	1.076000	14.630000
1036	-113.490878	1.078000	14.680000
1037	-113.430878	1.078000	14.540000
1038	-113.240878	1.078000	14.670000
1039	-113.240878	1.078000	14.700000
1040	-113.230878	1.082000	14.650000
1041	-113.230878	1.082000	14.610000
1042	-113.110878	1.084000	14.670000
1043	-113.010878	1.084000	14.550000
1044	-112.980878	1.084000	14.570000
1045	-112.980878	1.086000	14.760000
1046	-112.980878	1.088000	14.680000
1047	-112.910878	1.088000	14.670000
1048	-112.810878	1.090000	14.720000
1049	-112.750878	1.090000	14.640000
1050	-112.720878	1.092000	14.910000
1051	-112.720878	1.092000	14.700000
1052	-112.720878	1.094000	14.630000
1053	-112.680878	1.094000	14.800000
1054	-112.670878	1.096000	14.670000
1055	-112.650878	1.096000	14.600000
1056	-112.620878	1.098000	14.750000
1057	-112.330878	1.098000	14.750000
1058	-112.200878	1.100000	14.740000
1059	-112.200878	1.100000	14.580000
1060	-112.170878	1.100000	14.700000
1061	-112.170878	1.102000	14.620000
1062	-111.940878	1.104000	14.820000
1063	-111.840878	1.104000	14.570000
1064	-111.710878	1.106000	14.740000
1065	-111.650878	1.106000	14.550000
1066	-111.650878	1.108000	14.650000
1067	-111.590878	1.108000	14.630000
1068	-111.550878	1.108000	14.780000
1069	-111.520878	1.110000	14.670000
1070	-111.460878	1.112000	14.720000
1071	-111.250878	1.112000	14.660000
1072	-111.200878	1.114000	14.640000
1073	-111.040878	1.116000	14.690000
1074	-110.970878	1.116000	14.960000
1075	-110.870878	1.116000	14.740000
1076	-110.610878	1.117000	14.660000
1077	-110.580878	1.119000	14.730000
1078	-110.580878	1.119000	14.810000
1079	-110.490878	1.121000	14.740000
1080	-110.450878	1.121000	14.910000
1081	-110.350878	1.123000	14.740000
1082	-110.230878	1.123000	14.800000
1083	-110.200878	1.123000	15.020000
1084	-110.100878	1.125000	14.920000
1085	-110.060878	1.127000	14.720000
1086	-110.060878	1.127000	14.780000
1087	-110.000878	1.129000	14.710000
1088	-110.000878	1.129000	14.900000
1089	-109.840878	1.131000	14.820000
1090	-109.780878	1.131000	14.900000
1091	-109.750878	1.131000	14.830000
1092	-109.620878	1.133000	14.910000
1093	-109.550878	1.135000	14.860000
1094	-109.460878	1.135000	14.770000
1095	-109.250878	1.137000	15.010000
1096	-109.230878	1.139000	15.150000
1097	-109.160878	1.141000	14.840000
1098	-109.160878	1.141000	15.100000
1099	-109.100878	1.143000	14.980000
1100	-109.090878	1.143000	15.030000
1101	-109.000878	1.145000	14.940000
1102	-108.940878	1.145000	14.870000
1103	-108.890878	1.147000	14.900000
1104	-108.650878	1.147000	14.880000
1105	-108.610878	1.149000	15.010000
1106	-108.600878	1.149000	14.910000
1107	-108.570878	1.151000	14.870000
1108	-108.380878	1.151000	14.900000
1109	-108.350878	1.153000	14.910000
1110	-108.230878	1.153000	14.890000
1111	-108.190878	1.155000	15.010000
1112	-108.120878	1.155000	14.930000
1113	-108.070878	1.157000	14.840000
1114	-107.870878	1.157000	15.130000
1115	-107.700878	1.158000	15.050000
1116	-107.570878	1.158000	15.260000
1117	-107.540878	1.160000	14.900000
1118	-107.510878	1.160000	15.070000
1119	-107.430878	1.162000	15.150000
1120	-107.360878	1.162000	15.130000
1121	-107.030878	1.164000	15.040000
1122	-106.950878	1.164000	14.990000
1123	-106.830878	1.166000	15.100000
1124	-106.650878	1.166000	15.140000
1125	-106.620878	1.168000	15.210000
1126	-106.600878	1.168000	14.970000
1127	-106.530878	1.170000	15.200000
1128	-106.500878	1.170000	14.930000
1129	-106.480878	1.172000	15.100000
1130	-106.470878	1.172000	15.000000
1131	-106.390878	1.174000	15.130000
1132	-106.370878	1.174000	14.840000
1133	-106.320878	1.176000	14.940000
1134	-106.300878	1.176000	15.060000
1135	-105.960878	1.178000	15.140000
1136	-105.940878	1.178000	15.090000
1137	-105.940878	1.180000	15.220000
1138	-105.870878	1.180000	15.020000
1139	-105.860878	1.182000	15.180000
1140	-105.850878	1.182000	15.240000
1141	-105.840878	1.184000	15.130000
1142	-105.820878	1.184000	15.030000
1143	-105.660878	1.186000	15.230000
1144	-105.620878	1.188000	15.240000
1145	-105.610878	1.188000	15.210000
1146	-105.530878	1.190000	15.310000
1147	-105.530878	1.190000	15.100000
1148	-105.470878	1.192000	15.120000
1149	-105.330878	1.192000	15.100000
1150	-105.230878	1.194000	15.130000
1151	-105.210878	1.194000	15.080000
1152	-105.100878	1.196000	15.170000
1153	-105.060878	1.196000	15.230000
1154	-105.040878	1.198000	15.370000
1155	-104.890878	1.198000	15.130000
1156	-104.860878	1.199000	15.150000
1157	-104.520878	1.199000	15.160000
1158	-104.490878	1.201000	15.300000
1159	-104.430878	1.201000	15.120000
1160	-104.390878	1.203000	15.320000
1161	-104.360878	1.203000	15.100000
1162	-104.330878	1.205000	15.260000
1163	-104.300878	1.203000	15.180000
1164	-104.200878	1.207000	15.190000
1165	-104.170878	1.209000	15.280000
1166	-104.070878	1.209000	15.330000
1167	-104.040878	1.211000	15.190000
1168	-103.980878	1.211000	15.250000
1169	-103.870878	1.213000	15.250000
1170	-103.870878	1.213000	15.240000
1171	-103.740878	1.215000	15.170000
1172	-103.510878	1.215000	15.230000
1173	-103.320878	1.217000	15.330000
1174	-103.270878	1.217000	15.390000
1175	-103.240878	1.221000	15.340000
1176	-103.200878	1.221000	15.490000
1177	-103.190878	1.223000	15.420000
1178	-103.160878	1.223000	15.250000
1179	-103.090878	1.225000	15.420000
1180	-103.030878	1.225000	15.240000
1181	-103.000878	1.225000	15.300000
1182	-102.830878	1.227000	15.430000
1183	-102.810878	1.231000	15.410000
1184	-102.780878	1.229000	15.270000
1185	-102.410878	1.231000	15.470000
1186	-102.340878	1.231000	15.490000
1187	-102.330878	1.233000	15.320000
1188	-102.270878	1.233000	15.450000
1189	-102.230878	1.233000	15.380000
1190	-102.220878	1.235000	15.280000
1191	-102.200878	1.237000	15.360000
1192	-102.130878	1.237000	15.330000
1193	-102.080878	1.239000	15.300000
1194	-101.930878	1.239000	15.430000
1195	-101.620878	1.240000	15.310000
1196	-101.310878	1.240000	15.490000
1197	-101.310878	1.242000	15.640000
1198	-101.260878	1.244000	15.500000
1199	-101.220878	1.244000	15.470000
1200	-101.130878	1.246000	15.560000
1201	-101.120878	1.246000	15.320000
1202	-101.100878	1.248000	15.630000
1203	-101.070878	1.248000	15.380000
1204	-101.020878	1.250000	15.440000
1205	-100.980878	1.250000	15.590000
1206	-100.970878	1.252000	15.350000
1207	-100.940878	1.252000	15.550000
1208	-100.900878	1.254000	15.510000
1209	-100.830878	1.254000	15.640000
1210	-100.800878	1.256000	15.400000
1211	-100.730878	1.256000	15.450000
1212	-100.680878	1.258000	15.590000
1213	-100.540878	1.258000	15.540000
1214	-100.450878	1.260000	15.660000
1215	-100.390878	1.262000	15.320000
1216	-100.340878	1.262000	15.450000
1217	-100.320878	1.262000	15.510000
1218	-100.290878	1.264000	15.640000
1219	-100.270878	1.264000	15.730000
1220	-100.250878	1.264000	15.530000
1221	-100.010878	1.266000	15.590000
1222	-99.930878	1.268000	15.660000
1223	-99.840878	1.266000	15.510000
1224	-99.830878	1.270000	15.460000
1225	-99.760878	1.272000	15.610000
1226	-99.550878	1.272000	15.640000
1227	-99.450878	1.272000	15.460000
1228	-99.290878	1.274000	15.600000
1229	-99.260878	1.278000	15.590000
1230	-99.030878	1.278000	15.770000
1231	-98.930878	1.278000	15.240000
1232	-98.780878	1.278000	15.530000
1233	-98.730878	1.280000	15.650000
1234	-98.580878	1.280000	15.720000
1235	-98.520878	1.282000	15.640000
1236	-98.510878	1.282000	15.720000
1237	-98.510878	1.283000	15.630000
1238	-98.310878	1.283000	15.620000
1239	-98.210878	1.285000	15.530000
1240	-98.080878	1.285000	15.380000
1241	-98.010878	1.287000	15.780000
1242	-97.970878	1.287000	15.820000
1243	-97.960878	1.287000	15.740000
1244	-97.780878	1.289000	15.630000
1245	-97.750878	1.291000	15.490000
1246	-97.630878	1.291000	15.670000
1247	-97.590878	1.293000	15.770000
1248	-97.570878	1.293000	15.680000
1249	-97.380878	1.295000	15.570000
1250	-97.370878	1.295000	15.810000
1251	-97.350878	1.295000	15.770000
1252	-97.240878	1.297000	15.840000
1253	-97.200878	1.297000	15.740000
1254	-97.190878	1.297000	15.770000
1255	-97.160878	1.301000	15.940000
1256	-97.100878	1.305000	15.980000
1257	-97.080878	1.305000	15.840000
1258	-97.040878	1.307000	15.670000
1259	-97.030878	1.307000	15.680000
1260	-96.950878	1.309000	15.960000
1261	-96.890878	1.309000	15.830000
1262	-96.850878	1.311000	16.030000
1263	-96.700878	1.311000	15.710000
1264	-96.570878	1.313000	15.790000
1265	-96.550878	1.313000	15.790000
1266	-96.330878	1.315000	16.020000
1267	-96.320878	1.315000	15.890000
1268	-96.240878	1.317000	15.870000
1269	-96.210878	1.317000	15.860000
1270	-96.060878	1.319000	15.760000
1271	-96.050878	1.319000	15.890000
1272	-95.940878	1.321000	16.090000
1273	-95.890878	1.321000	15.810000
1274	-95.730878	1.324000	16.160000
1275	-95.490878	1.324000	15.870000
1276	-95.480878	1.324000	15.750000
1277	-95.390878	1.326000	15.800000
1278	-95.370878	1.326000	15.860000
1279	-95.190878	1.328000	15.860000
1280	-95.150878	1.328000	15.910000
1281	-95.140878	1.330000	15.710000
1282	-95.040878	1.330000	16.050000
1283	-94.960878	1.332000	15.910000
1284	-94.890878	1.332000	15.930000
1285	-94.820878	1.334000	16.020000
1286	-94.820878	1.334000	15.950000
1287	-94.780878	1.336000	15.960000
1288	-94.720878	1.336000	15.980000
1289	-94.710878	1.338000	15.890000
1290	-94.680878	1.338000	15.970000
1291	-94.660878	1.340000	16.120000
1292	-94.560878	1.340000	15.970000
1293	-94.510878	1.342000	15.940000
1294	-94.340878	1.342000	15.820000
1295	-94.270878	1.344000	15.980000
1296	-94.200878	1.344000	15.940000
1297	-94.160878	1.346000	15.960000
1298	-94.070878	1.344000	16.150000
1299	-94.070878	1.348000	15.930000
1300	-93.870878	1.348000	15.920000
1301	-93.770878	1.350000	15.940000
1302	-93.770878	1.350000	15.950000
1303	-93.680878	1.352000	15.770000
1304	-93.580878	1.352000	15.860000
1305	-93.490878	1.354000	15.890000
1306	-93.300878	1.356000	15.980000
1307	-93.160878	1.356000	15.910000
1308	-93.100878	1.358000	16.170000
1309	-92.910878	1.358000	16.190000
1310	-92.850878	1.360000	16.110000
1311	-92.770878	1.360000	16.100000
1312	-92.720878	1.362000	16.230000
1313	-92.570878	1.362000	16.050000
1314	-92.400878	1.364000	15.910000
1315	-92.390878	1.364000	15.910000
1316	-92.350878	1.366000	16.140000
1317	-92.340878	1.366000	15.990000
1318	-92.290878	1.367000	15.990000
1319	-92.280878	1.367000	16.190000
1320	-92.250878	1.369000	16.220000
1321	-92.230878	1.369000	16.060000
1322	-92.140878	1.371000	16.150000
1323	-92.130878	1.371000	16.090000
1324	-91.920878	1.373000	16.000000
1325	-91.920878	1.373000	16.070000
1326	-91.860878	1.375000	16.220000
1327	-91.860878	1.375000	16.020000
1328	-91.860878	1.377000	16.090000
1329	-91.850878	1.377000	15.930000
1330	-91.820878	1.379000	16.200000
1331	-91.790878	1.379000	16.090000
1332	-91.610878	1.381000	16.310000
1333	-91.610878	1.381000	16.280000
1334	-91.540878	1.383000	15.990000
1335	-91.430878	1.383000	15.610000
1336	-91.360878	1.385000	16.220000
1337	-91.350878	1.385000	16.240000
1338	-91.300878	1.389000	15.920000
1339	-91.130878	1.389000	16.160000
1340	-90.750878	1.389000	16.060000
1341	-90.720878	1.391000	16.230000
1342	-90.540878	1.393000	16.410000
1343	-90.470878	1.393000	16.340000
1344	-90.330878	1.395000	16.380000
1345	-90.320878	1.395000	16.180000
1346	-90.270878	1.397000	16.050000
1347	-90.150878	1.397000	16.170000
1348	-90.020878	1.399000	16.220000
1349	-90.000878	1.401000	16.360000
1350	-89.890878	1.401000	16.100000
1351	-89.890878	1.403000	16.410000
1352	-89.870878	1.403000	16.350000
1353	-89.820878	1.405000	16.470000
1354	-89.640878	1.405000	16.420000
1355	-89.640878	1.405000	16.430000
1356	-89.550878	1.407000	16.300000
1357	-89.400878	1.408000	16.340000
1358	-89.280878	1.410000	16.330000
1359	-89.050878	1.410000	16.290000
1360	-88.970878	1.412000	16.330000
1361	-88.960878	1.412000	16.210000
1362	-88.910878	1.414000	16.280000
1363	-88.900878	1.414000	16.360000
1364	-88.750878	1.418000	16.430000
1365	-88.660878	1.418000	16.360000
1366	-88.500878	1.418000	16.180000
1367	-88.450878	1.420000	16.360000
1368	-88.310878	1.420000	16.250000
1369	-88.290878	1.420000	16.440000
1370	-88.140878	1.422000	16.480000
1371	-88.000878	1.424000	16.080000
1372	-87.980878	1.422000	16.390000
1373	-87.930878	1.426000	16.400000
1374	-87.890878	1.426000	16.500000
1375	-87.810878	1.428000	16.370000
1376	-87.760878	1.428000	16.370000
1377	-87.720878	1.430000	16.370000
1378	-87.650878	1.432000	16.340000
1379	-87.610878	1.432000	16.320000
1380	-87.560878	1.434000	16.380000
1381	-87.540878	1.434000	16.420000
1382	-87.500878	1.436000	16.480000
1383	-87.480878	1.436000	16.270000
1384	-87.200878	1.438000	16.490000
1385	-87.200878	1.438000	16.270000
1386	-87.150878	1.440000	16.550000
1387	-87.150878	1.440000	16.400000
1388	-87.020878	1.442000	16.380000
1389	-87.020878	1.442000	16.410000
1390	-86.970878	1.444000	16.560000
1391	-86.870878	1.444000	16.480000
1392	-86.790878	1.446000	16.520000
1393	-86.640878	1.446000	16.690000
1394	-86.620878	1.448000	16.420000
1395	-86.610878	1.449000	16.470000
1396	-86.550878	1.449000	16.260000
1397	-86.450878	1.449000	16.510000
1398	-86.430878	1.451000	16.340000
1399	-86.320878	1.451000	16.260000
1400	-86.300878	1.451000	16.490000
1401	-86.060878	1.453000	16.570000
1402	-85.980878	1.455000	16.400000
1403	-85.970878	1.453000	16.620000
1404	-85.710878	1.457000	16.640000
1405	-85.680878	1.457000	16.660000
1406	-85.550878	1.459000	16.580000
1407	-85.520878	1.459000	16.570000
1408	-85.450878	1.459000	16.340000
1409	-85.380878	1.461000	16.760000
1410	-85.230878	1.463000	16.670000
1411	-85.020878	1.463000	16.570000
1412	-85.010878	1.465000	16.600000
1413	-84.970878	1.465000	16.580000
1414	-84.930878	1.467000	16.740000
1415	-84.910878	1.467000	16.760000
1416	-84.640878	1.471000	16.610000
1417	-84.640878	1.471000	16.630000
1418	-84.630878	1.473000	16.460000
1419	-84.480878	1.473000	16.670000
1420	-84.380878	1.475000	16.610000
1421	-84.290878	1.475000	16.800000
1422	-84.170878	1.477000	16.690000
1423	-84.160878	1.477000	16.660000
1424	-84.120878	1.479000	16.530000
1425	-83.960878	1.479000	16.580000
1426	-83.910878	1.481000	16.790000
1427	-83.880878	1.481000	16.750000
1428	-83.830878	1.483000	16.440000
1429	-83.810878	1.483000	16.910000
1430	-83.800878	1.485000	16.750000
1431	-83.710878	1.485000	16.700000
1432	-83.580878	1.487000	16.640000
1433	-83.550878	1.487000	16.640000
1434	-83.440878	1.489000	16.740000
1435	-83.400878	1.489000	16.790000
1436	-83.370878	1.490000	16.630000
1437	-83.260878	1.492000	16.410000
1438	-83.130878	1.492000	16.840000
1439	-83.100878	1.496000	16.240000
1440	-83.090878	1.496000	16.720000
1441	-83.080878	1.496000	16.690000
1442	-82.990878	1.496000	15.520000
1443	-82.670878	1.498000	16.870000
1444	-82.580878	1.498000	16.780000
1445	-82.550878	1.500000	16.590000
1446	-82.510878	1.500000	16.430000
1447	-82.400878	1.502000	16.180000
1448	-82.330878	1.502000	15.510000
1449	-82.130878	1.504000	15.440000
1450	-82.130878	1.504000	15.700000
1451	-82.110878	1.506000	16.650000
1452	-82.010878	1.506000	15.520000
1453	-81.940878	1.508000	15.610000
1454	-81.830878	1.508000	15.980000
1455	-81.790878	1.512000	15.440000
1456	-81.730878	1.512000	15.320000
1457	-81.600878	1.512000	15.510000
1458	-81.580878	1.514000	15.460000
1459	-81.560878	1.514000	15.520000
1460	-81.530878	1.516000	15.570000
1461	-81.530878	1.516000	15.580000
1462	-81.490878	1.518000	15.460000
1463	-81.460878	1.518000	15.340000
1464	-81.220878	1.520000	15.440000
1465	-81.090878	1.520000	15.530000
1466	-81.030878	1.522000	15.640000
1467	-81.000878	1.524000	15.540000
1468	-80.870878	1.524000	15.470000
1469	-80.600878	1.526000	15.570000
1470	-80.520878	1.526000	15.530000
1471	-80.360878	1.528000	15.770000
1472	-80.290878	1.528000	15.430000
1473	-80.250878	1.530000	15.650000
1474	-80.200878	1.530000	15.700000
1475	-80.110878	1.532000	15.790000
1476	-80.010878	1.532000	15.740000
1477	-79.930878	1.533000	15.580000
1478	-79.920878	1.533000	15.770000
1479	-79.810878	1.535000	15.710000
1480	-79.700878	1.535000	15.760000
1481	-79.510878	1.537000	15.650000
1482	-79.510878	1.537000	15.800000
1483	-79.470878	1.539000	15.730000
1484	-79.450878	1.539000	15.680000
1485	-79.390878	1.541000	15.780000
1486	-79.360878	1.541000	15.710000
1487	-79.330878	1.543000	15.700000
1488	-79.290878	1.543000	15.750000
1489	-79.230878	1.545000	15.700000
1490	-79.230878	1.545000	15.780000
1491	-79.160878	1.547000	15.590000
1492	-79.120878	1.547000	15.710000
1493	-78.990878	1.549000	15.680000
1494	-78.860878	1.549000	15.720000
1495	-78.740878	1.551000	15.760000
1496	-78.590878	1.551000	15.650000
1497	-78.450878	1.555000	15.940000
1498	-78.360878	1.555000	15.890000
1499	-78.260878	1.557000	15.680000
1500	-78.250878	1.557000	15.910000
1501	-78.240878	1.559000	15.640000
1502	-78.220878	1.559000	15.840000
1503	-78.090878	1.561000	16.000000
1504	-77.970878	1.561000	15.870000
1505	-77.960878	1.561000	15.750000
1506	-77.830878	1.563000	15.800000
1507	-77.800878	1.565000	15.640000
1508	-77.580878	1.565000	15.830000
1509	-77.560878	1.567000	15.780000
1510	-77.490878	1.567000	15.840000
1511	-77.480878	1.569000	15.790000
1512	-77.420878	1.569000	15.850000
1513	-77.330878	1.569000	15.740000
1514	-77.290878	1.571000	15.990000
1515	-77.250878	1.573000	15.890000
1516	-77.190878	1.573000	15.860000
1517	-77.160878	1.574000	15.720000
1518	-77.160878	1.574000	15.880000
1519	-77.160878	1.576000	15.860000
1520	-77.120878	1.576000	15.780000
1521	-77.020878	1.576000	15.820000
1522	-76.870878	1.578000	15.800000
1523	-76.870878	1.580000	15.810000
1524	-76.810878	1.580000	15.890000
1525	-76.610878	1.582000	15.850000
1526	-76.480878	1.582000	16.010000
1527	-76.420878	1.584000	15.840000
1528	-76.390878	1.584000	15.930000
1529	-76.320878	1.584000	16.010000
1530	-76.110878	1.586000	15.870000
1531	-76.090878	1.588000	15.870000
1532	-76.090878	1.588000	16.020000
1533	-75.980878	1.590000	16.110000
1534	-75.790878	1.590000	16.100000
1535	-75.780878	1.592000	15.970000
1536	-75.600878	1.592000	15.910000
1537	-75.470878	1.592000	16.110000
1538	-75.470878	1.594000	16.130000
1539	-75.460878	1.596000	16.040000
1540	-75.440878	1.598000	15.910000
1541	-75.230878	1.598000	15.940000
1542	-75.190878	1.600000	15.810000
1543	-75.060878	1.600000	16.050000
1544	-74.890878	1.600000	16.000000
1545	-74.840878	1.602000	15.850000
1546	-74.800878	1.606000	16.200000
1547	-74.760878	1.606000	15.950000
1548	-74.750878	1.606000	16.050000
1549	-74.700878	1.608000	16.150000
1550	-74.440878	1.608000	15.940000
1551	-74.430878	1.610000	16.070000
1552	-74.370878	1.610000	15.890000
1553	-73.930878	1.610000	16.150000
1554	-73.740878	1.610000	16.160000
1555	-73.660878	1.614000	16.150000
1556	-73.660878	1.614000	16.260000
1557	-73.660878	1.616000	16.280000
1558	-73.640878	1.616000	16.200000
1559	-73.550878	1.617000	16.080000
1560	-73.540878	1.619000	15.950000
1561	-73.310878	1.619000	16.150000
1562	-73.300878	1.621000	16.210000
1563	-73.250878	1.621000	16.020000
1564	-73.140878	1.623000	16.210000
1565	-73.080878	1.623000	16.160000
1566	-73.050878	1.625000	16.250000
1567	-72.990878	1.625000	16.250000
1568	-72.960878	1.627000	16.200000
1569	-72.930878	1.627000	16.220000
1570	-72.920878	1.629000	16.200000
1571	-72.660878	1.629000	16.220000
1572	-72.620878	1.631000	16.090000
1573	-72.550878	1.631000	16.190000
1574	-72.430878	1.631000	16.170000
1575	-72.390878	1.633000	16.330000
1576	-72.340878	1.635000	16.190000
1577	-72.330878	1.637000	16.200000
1578	-72.320878	1.639000	16.160000
1579	-72.170878	1.641000	16.180000
1580	-72.110878	1.641000	16.220000
1581	-72.090878	1.643000	16.320000
1582	-72.030878	1.643000	16.320000
1583	-71.920878	1.645000	16.200000
1584	-71.860878	1.645000	16.550000
1585	-71.820878	1.647000	16.320000
1586	-71.800878	1.647000	16.430000
1587	-71.790878	1.649000	16.290000
1588	-71.640878	1.649000	16.300000
1589	-71.630878	1.651000	16.350000
1590	-71.510878	1.651000	16.160000
1591	-71.500878	1.653000	16.160000
1592	-71.400878	1.653000	16.300000
1593	-71.300878	1.655000	16.400000
1594	-71.250878	1.655000	16.350000
1595	-71.160878	1.657000	16.270000
1596	-70.860878	1.657000	16.420000
1597	-70.860878	1.657000	16.450000
1598	-70.780878	1.660000	16.320000
1599	-70.550878	1.660000	16.390000
1600	-70.450878	1.662000	16.370000
1601	-70.220878	1.662000	16.350000
1602	-70.150878	1.664000	16.720000
1603	-70.110878	1.664000	16.400000
1604	-70.100878	1.666000	16.490000
1605	-69.970878	1.666000	16.470000
1606	-69.960878	1.668000	16.520000
1607	-69.880878	1.668000	16.450000
1608	-69.850878	1.670000	16.650000
1609	-69.780878	1.670000	16.360000
1610	-69.770878	1.672000	16.380000
1611	-69.750878	1.672000	16.410000
1612	-69.740878	1.674000	16.450000
1613	-69.730878	1.674000	16.370000
1614	-69.730878	1.676000	16.430000
1615	-69.700878	1.676000	16.380000
1616	-69.480878	1.676000	16.490000
1617	-69.270878	1.678000	16.430000
1618	-69.180878	1.680000	16.490000
1619	-69.110878	1.680000	16.540000
1620	-69.070878	1.682000	16.470000
1621	-69.040878	1.682000	16.390000
1622	-69.040878	1.684000	16.510000
1623	-68.990878	1.684000	16.440000
1624	-68.970878	1.686000	16.410000
1625	-68.970878	1.686000	16.570000
1626	-68.870878	1.688000	16.460000
1627	-68.730878	1.688000	16.510000
1628	-68.700878	1.690000	16.540000
1629	-68.630878	1.690000	16.490000
1630	-68.570878	1.692000	16.310000
1631	-68.560878	1.692000	16.430000
1632	-68.470878	1.694000	16.510000
1633	-68.340878	1.694000	16.640000
1634	-68.300878	1.696000	16.500000
1635	-68.280878	1.696000	16.560000
1636	-68.250878	1.698000	16.500000
1637	-68.190878	1.698000	16.480000
1638	-67.870878	1.699000	16.640000
1639	-67.800878	1.699000	16.590000
1640	-67.800878	1.701000	16.600000
1641	-67.590878	1.701000	16.660000
1642	-67.550878	1.703000	16.540000
1643	-67.530878	1.703000	16.600000
1644	-67.430878	1.705000	16.650000
1645	-67.350878	1.705000	16.640000
1646	-67.210878	1.707000	16.670000
1647	-67.160878	1.707000	16.700000
1648	-67.110878	1.709000	16.660000
1649	-67.100878	1.709000	16.630000
1650	-67.000878	1.711000	16.780000
1651	-66.950878	1.711000	16.850000
1652	-66.940878	1.713000	16.580000
1653	-66.870878	1.713000	16.600000
1654	-66.860878	1.715000	16.740000
1655	-66.850878	1.715000	16.630000
1656	-66.760878	1.717000	16.660000
1657	-66.730878	1.717000	16.770000
1658	-66.640878	1.721000	16.660000
1659	-66.590878	1.723000	16.650000
1660	-66.530878	1.723000	16.670000
1661	-66.430878	1.725000	16.700000
1662	-66.220878	1.725000	16.530000
1663	-66.210878	1.725000	16.720000
1664	-66.020878	1.727000	16.650000
1665	-65.830878	1.729000	16.630000
1666	-65.780878	1.729000	16.710000
1667	-65.740878	1.731000	16.800000
1668	-65.660878	1.731000	16.700000
1669	-65.520878	1.733000	16.670000
1670	-65.520878	1.733000	16.880000
1671	-65.370878	1.733000	16.740000
1672	-65.360878	1.735000	16.840000
1673	-65.130878	1.737000	16.760000
1674	-64.990878	1.737000	16.750000
1675	-64.830878	1.739000	16.900000
1676	-64.620878	1.739000	16.770000
1677	-64.620878	1.740000	16.900000
1678	-64.600878	1.740000	16.770000
1679	-64.580878	1.740000	16.790000
1680	-64.470878	1.742000	16.750000
1681	-64.450878	1.744000	16.870000
1682	-64.360878	1.744000	16.940000
1683	-64.300878	1.746000	16.870000
1684	-64.300878	1.746000	16.780000
1685	-64.240878	1.748000	16.800000
1686	-64.080878	1.748000	16.830000
1687	-63.850878	1.750000	16.880000
1688	-63.790878	1.750000	16.960000
1689	-63.620878	1.750000	16.910000
1690	-63.390878	1.754000	16.770000
1691	-63.370878	1.754000	16.920000
1692	-63.240878	1.756000	16.840000
1693	-63.220878	1.756000	16.950000
1694	-63.200878	1.758000	16.930000
1695	-63.120878	1.758000	16.970000
1696	-63.100878	1.762000	16.950000
1697	-63.060878	1.760000	17.000000
1698	-63.010878	1.762000	16.860000
1699	-63.010878	1.764000	16.880000
1700	-62.960878	1.764000	16.920000
1701	-62.950878	1.764000	16.830000
1702	-62.920878	1.766000	16.970000
1703	-62.700878	1.768000	17.010000
1704	-62.670878	1.768000	17.080000
1705	-62.640878	1.770000	17.020000
1706	-62.470878	1.770000	16.900000
1707	-62.450878	1.772000	16.910000
1708	-62.400878	1.772000	16.920000
1709	-62.390878	1.774000	17.020000
1710	-62.380878	1.776000	17.040000
1711	-62.300878	1.776000	16.960000
1712	-62.260878	1.778000	16.890000
1713	-62.210878	1.778000	16.920000
1714	-62.180878	1.780000	17.000000
1715	-62.130878	1.780000	17.120000
1716	-62.100878	1.780000	17.010000
1717	-61.890878	1.782000	16.970000
1718	-61.870878	1.783000	16.980000
1719	-61.860878	1.783000	16.960000
1720	-61.790878	1.785000	16.970000
1721	-61.750878	1.785000	16.920000
1722	-61.680878	1.787000	16.940000
1723	-61.660878	1.787000	16.900000
1724	-61.510878	1.789000	17.080000
1725	-61.510878	1.789000	17.180000
1726	-61.320878	1.793000	17.140000
1727	-61.040878	1.791000	16.900000
1728	-60.980878	1.793000	17.070000
1729	-60.620878	1.793000	17.130000
1730	-60.240878	1.795000	17.050000
1731	-60.000878	1.795000	17.110000
1732	-59.960878	1.795000	17.190000
1733	-59.910878	1.797000	17.150000
1734	-59.900878	1.799000	16.960000
1735	-59.860878	1.799000	17.140000
1736	-59.830878	1.801000	17.110000
1737	-59.780878	1.801000	17.050000
1738	-59.780878	1.805000	17.100000
1739	-59.770878	1.807000	17.160000
1740	-59.660878	1.807000	17.130000
1741	-59.510878	1.809000	16.980000
1742	-59.440878	1.809000	17.100000
1743	-59.370878	1.811000	17.220000
1744	-59.320878	1.811000	17.070000
1745	-59.270878	1.813000	17.130000
1746	-59.270878	1.813000	17.170000
1747	-59.180878	1.815000	17.290000
1748	-58.990878	1.815000	17.280000
1749	-58.980878	1.817000	17.130000
1750	-58.880878	1.817000	17.260000
1751	-58.830878	1.819000	17.160000
1752	-58.830878	1.819000	17.090000
1753	-58.700878	1.821000	17.150000
1754	-58.690878	1.821000	17.110000
1755	-58.690878	1.823000	17.200000
1756	-58.640878	1.823000	17.240000
1757	-58.590878	1.824000	17.290000
1758	-58.580878	1.826000	17.170000
1759	-58.580878	1.826000	17.240000
1760	-58.550878	1.828000	17.270000
1761	-58.360878	1.828000	17.440000
1762	-58.350878	1.830000	17.250000
1763	-58.330878	1.830000	17.190000
1764	-58.190878	1.832000	17.300000
1765	-58.080878	1.832000	17.330000
1766	-58.050878	1.834000	17.270000
1767	-57.970878	1.834000	17.290000
1768	-57.920878	1.836000	17.200000
1769	-57.850878	1.836000	17.230000
1770	-57.780878	1.838000	17.370000
1771	-57.700878	1.838000	17.370000
1772	-57.620878	1.840000	17.310000
1773	-57.530878	1.840000	17.410000
1774	-57.310878	1.842000	17.400000
1775	-57.310878	1.842000	17.370000
1776	-57.200878	1.844000	17.410000
1777	-57.140878	1.846000	17.250000
1778	-57.090878	1.846000	17.260000
1779	-56.970878	1.848000	17.210000
1780	-56.800878	1.848000	17.380000
1781	-56.750878	1.850000	17.430000
1782	-56.660878	1.850000	17.420000
1783	-56.420878	1.852000	17.430000
1784	-56.210878	1.852000	17.500000
1785	-56.200878	1.856000	17.480000
1786	-56.180878	1.854000	17.210000
1787	-56.130878	1.856000	17.540000
1788	-56.120878	1.856000	17.350000
1789	-56.120878	1.858000	17.320000
1790	-56.120878	1.858000	17.650000
1791	-56.110878	1.860000	17.520000
1792	-55.730878	1.860000	17.340000
1793	-55.520878	1.862000	17.460000
1794	-55.400878	1.862000	17.450000
1795	-55.400878	1.864000	17.530000
1796	-55.360878	1.864000	17.610000
1797	-55.350878	1.866000	17.460000
1798	-55.230878	1.867000	17.620000
1799	-55.160878	1.867000	17.520000
1800	-55.080878	1.869000	17.530000
1801	-54.970878	1.869000	17.480000
1802	-54.710878	1.871000	17.600000
1803	-54.590878	1.871000	17.520000
1804	-54.590878	1.873000	17.510000
1805	-54.570878	1.873000	17.620000
1806	-54.560878	1.875000	17.490000
1807	-54.540878	1.875000	17.550000
1808	-54.540878	1.877000	17.620000
1809	-54.490878	1.879000	17.540000
1810	-54.480878	1.879000	17.480000
1811	-54.430878	1.881000	17.480000
1812	-54.310878	1.881000	17.690000
1813	-54.240878	1.883000	17.550000
1814	-54.170878	1.883000	17.480000
1815	-53.960878	1.887000	17.520000
1816	-53.880878	1.885000	17.640000
1817	-53.820878	1.889000	17.620000
1818	-53.820878	1.889000	17.540000
1819	-53.590878	1.889000	17.450000
1820	-53.510878	1.891000	17.530000
1821	-53.440878	1.893000	17.460000
1822	-52.980878	1.893000	17.620000
1823	-52.880878	1.895000	17.690000
1824	-52.870878	1.895000	17.750000
1825	-52.850878	1.897000	17.640000
1826	-52.820878	1.897000	17.570000
1827	-52.770878	1.899000	17.690000
1828	-52.660878	1.899000	17.650000
1829	-52.570878	1.901000	17.650000
1830	-52.500878	1.901000	17.650000
1831	-52.480878	1.903000	17.730000
1832	-52.450878	1.903000	17.700000
1833	-52.430878	1.905000	17.660000
1834	-52.320878	1.905000	17.670000
1835	-52.320878	1.905000	17.600000
1836	-52.310878	1.907000	17.630000
1837	-52.280878	1.908000	17.750000
1838	-52.140878	1.908000	17.660000
1839	-52.120878	1.910000	17.600000
1840	-52.080878	1.910000	17.620000
1841	-51.990878	1.912000	17.580000
1842	-51.940878	1.912000	17.870000
1843	-51.920878	1.912000	17.720000
1844	-51.790878	1.914000	17.710000
1845	-51.740878	1.916000	17.690000
1846	-51.610878	1.918000	17.650000
1847	-51.580878	1.918000	17.690000
1848	-51.350878	1.920000	17.960000
1849	-50.840878	1.920000	17.750000
1850	-50.800878	1.920000	17.810000
1851	-50.750878	1.922000	17.870000
1852	-50.720878	1.924000	17.880000
1853	-50.680878	1.924000	17.850000
1854	-50.580878	1.926000	17.790000
1855	-50.540878	1.926000	17.820000
1856	-50.510878	1.928000	17.880000
1857	-50.470878	1.928000	17.850000
1858	-50.340878	1.930000	17.660000
1859	-50.340878	1.930000	17.990000
1860	-50.320878	1.932000	17.890000
1861	-50.270878	1.932000	17.810000
1862	-50.100878	1.934000	17.820000
1863	-50.080878	1.934000	17.910000
1864	-50.020878	1.936000	17.920000
1865	-49.870878	1.936000	17.700000
1866	-49.750878	1.936000	17.980000
1867	-49.680878	1.938000	18.090000
1868	-49.670878	1.940000	18.120000
1869	-49.630878	1.942000	17.820000
1870	-49.520878	1.942000	17.950000
1871	-49.260878	1.944000	18.000000
1872	-49.240878	1.944000	18.010000
1873	-49.170878	1.944000	17.880000
1874	-49.100878	1.946000	17.920000
1875	-49.030878	1.948000	17.990000
1876	-49.030878	1.948000	17.940000
1877	-48.940878	1.949000	17.920000
1878	-48.920878	1.949000	17.890000
1879	-48.910878	1.951000	18.070000
1880	-48.900878	1.951000	17.970000
1881	-48.870878	1.951000	18.080000
1882	-48.760878	1.953000	17.880000
1883	-48.730878	1.955000	18.050000
1884	-48.630878	1.955000	17.990000
1885	-48.320878	1.957000	18.070000
1886	-48.310878	1.957000	18.000000
1887	-48.310878	1.959000	18.050000
1888	-48.300878	1.959000	18.100000
1889	-48.290878	1.959000	18.080000
1890	-48.030878	1.961000	17.940000
1891	-47.990878	1.963000	17.890000
1892	-47.910878	1.963000	17.980000
1893	-47.890878	1.965000	18.160000
1894	-47.880878	1.965000	18.010000
1895	-47.680878	1.967000	18.030000
1896	-47.630878	1.967000	17.950000
1897	-47.530878	1.969000	18.230000
1898	-47.470878	1.973000	17.950000
1899	-47.470878	1.973000	18.020000
1900	-47.180878	1.975000	17.990000
1901	-47.070878	1.975000	17.970000
1902	-47.030878	1.977000	18.040000
1903	-46.900878	1.977000	18.000000
1904	-46.760878	1.979000	18.080000
1905	-46.760878	1.979000	18.200000
1906	-46.700878	1.981000	18.100000
1907	-46.690878	1.981000	17.930000
1908	-46.590878	1.983000	18.180000
1909	-46.460878	1.983000	18.170000
1910	-46.440878	1.985000	18.100000
1911	-46.300878	1.985000	18.160000
1912	-46.270878	1.987000	18.140000
1913	-46.260878	1.987000	18.190000
1914	-46.040878	1.989000	18.020000
1915	-46.040878	1.989000	18.120000
1916	-46.000878	1.990000	18.020000
1917	-45.990878	1.992000	18.210000
1918	-45.960878	1.992000	18.110000
1919	-45.840878	1.994000	18.020000
1920	-45.810878	1.994000	18.010000
1921	-45.790878	1.996000	18.250000
1922	-45.670878	1.996000	18.050000
1923	-45.650878	1.998000	18.210000
1924	-45.590878	1.998000	18.060000
1925	-45.580878	2.000000	18.050000
1926	-45.550878	2.000000	18.020000
1927	-45.390878	2.002000	18.220000
1928	-45.250878	2.002000	18.120000
1929	-44.920878	2.004000	18.250000
1930	-44.840878	2.004000	18.070000
1931	-44.840878	2.006000	18.250000
1932	-44.780878	2.006000	18.170000
1933	-44.770878	2.008000	18.200000
1934	-44.650878	2.008000	18.250000
1935	-44.330878	2.010000	18.080000
1936	-44.320878	2.012000	18.270000
1937	-44.310878	2.012000	18.130000
1938	-44.300878	2.012000	18.310000
1939	-44.200878	2.014000	18.100000
1940	-44.200878	2.014000	18.180000
1941	-44.190878	2.016000	18.290000
1942	-43.850878	2.016000	18.250000
1943	-43.820878	2.018000	18.220000
1944	-43.610878	2.018000	18.200000
1945	-43.580878	2.020000	18.280000
1946	-43.490878	2.020000	18.380000
1947	-43.490878	2.022000	18.170000
1948	-43.460878	2.024000	18.340000
1949	-43.400878	2.024000	18.280000
1950	-43.390878	2.026000	18.270000
1951	-43.200878	2.026000	18.350000
1952	-43.080878	2.028000	18.170000
1953	-42.970878	2.028000	18.300000
1954	-42.960878	2.030000	18.400000
1955	-42.860878	2.030000	18.450000
1956	-42.830878	2.032000	18.250000
1957	-42.820878	2.032000	18.280000
1958	-42.820878	2.033000	18.230000
1959	-42.780878	2.035000	18.430000
1960	-42.650878	2.035000	18.230000
1961	-42.650878	2.037000	18.360000
1962	-42.450878	2.037000	18.410000
1963	-42.200878	2.039000	18.460000
1964	-42.150878	2.039000	18.430000
1965	-42.140878	2.043000	18.330000
1966	-42.110878	2.041000	18.360000
1967	-41.980878	2.043000	18.430000
1968	-41.950878	2.045000	18.400000
1969	-41.930878	2.045000	18.400000
1970	-41.610878	2.047000	18.660000
1971	-41.530878	2.047000	18.640000
1972	-41.490878	2.049000	18.490000
1973	-41.430878	2.049000	18.410000
1974	-41.370878	2.051000	18.450000
1975	-41.340878	2.051000	18.330000
1976	-41.320878	2.055000	18.420000
1977	-41.220878	2.057000	18.280000
1978	-41.210878	2.057000	18.570000
1979	-41.130878	2.059000	18.600000
1980	-41.090878	2.059000	18.570000
1981	-40.880878	2.061000	18.840000
1982	-40.810878	2.061000	18.330000
1983	-40.700878	2.063000	18.500000
1984	-40.670878	2.063000	18.570000
1985	-40.560878	2.065000	18.540000
1986	-40.450878	2.067000	18.670000
1987	-40.420878	2.067000	18.570000
1988	-40.280878	2.069000	18.530000
1989	-40.280878	2.069000	18.530000
1990	-40.250878	2.069000	18.690000
1991	-40.160878	2.071000	18.520000
1992	-39.970878	2.073000	18.580000
1993	-39.950878	2.073000	18.650000
1994	-39.900878	2.074000	18.740000
1995	-39.820878	2.074000	18.810000
1996	-39.720878	2.076000	18.600000
1997	-39.570878	2.076000	18.630000
1998	-39.300878	2.076000	18.720000
1999	-39.040878	2.078000	18.600000
2000	-39.030878	2.080000	18.730000
2001	-38.920878	2.080000	18.780000
2002	-38.820878	2.082000	18.720000
2003	-38.800878	2.082000	18.670000
2004	-38.740878	2.084000	18.620000
2005	-38.700878	2.084000	18.630000
2006	-38.690878	2.086000	18.770000
2007	-38.590878	2.086000	18.490000
2008	-38.540878	2.088000	18.680000
2009	-38.380878	2.088000	18.740000
2010	-38.370878	2.090000	18.790000
2011	-38.360878	2.090000	18.690000
2012	-38.280878	2.092000	18.710000
2013	-38.260878	2.092000	18.700000
2014	-38.210878	2.092000	18.590000
2015	-38.160878	2.094000	18.880000
2016	-38.140878	2.096000	18.760000
2017	-38.130878	2.096000	18.640000
2018	-37.990878	2.098000	18.730000
2019	-37.980878	2.098000	18.670000
2020	-37.780878	2.100000	18.750000
2021	-37.730878	2.100000	18.770000
2022	-37.710878	2.100000	18.810000
2023	-37.650878	2.102000	18.750000
2024	-37.600878	2.104000	18.850000
2025	-37.560878	2.104000	18.840000
2026	-37.550878	2.106000	18.840000
2027	-37.540878	2.106000	18.720000
2028	-37.500878	2.108000	18.750000
2029	-37.400878	2.108000	18.770000
2030	-37.350878	2.108000	18.820000
2031	-37.140878	2.110000	18.800000
2032	-37.140878	2.112000	18.700000
2033	-37.120878	2.112000	18.810000
2034	-37.110878	2.114000	18.720000
2035	-37.040878	2.114000	18.860000
2036	-36.810878	2.116000	18.830000
2037	-36.720878	2.116000	18.800000
2038	-36.640878	2.117000	18.890000
2039	-36.600878	2.117000	18.860000
2040	-36.590878	2.119000	18.820000
2041	-36.590878	2.119000	18.810000
2042	-36.490878	2.121000	18.820000
2043	-36.290878	2.121000	18.850000
2044	-36.270878	2.123000	18.830000
2045	-36.260878	2.123000	18.820000
2046	-36.160878	2.123000	18.910000
2047	-36.130878	2.125000	18.820000
2048	-36.010878	2.127000	18.800000
2049	-36.010878	2.129000	18.750000
2050	-36.000878	2.129000	18.880000
2051	-35.940878	2.131000	18.820000
2052	-35.930878	2.131000	18.680000
2053	-35.790878	2.131000	18.950000
2054	-35.640878	2.133000	18.890000
2055	-35.610878	2.135000	18.860000
2056	-35.500878	2.135000	18.860000
2057	-35.200878	2.139000	18.800000
2058	-35.110878	2.139000	18.970000
2059	-34.970878	2.141000	18.980000
2060	-34.620878	2.141000	18.930000
2061	-34.510878	2.143000	18.870000
2062	-34.360878	2.143000	19.010000
2063	-34.180878	2.145000	19.030000
2064	-34.160878	2.145000	19.000000
2065	-34.150878	2.147000	19.150000
2066	-34.050878	2.147000	18.920000
2067	-33.940878	2.149000	18.940000
2068	-33.850878	2.149000	19.000000
2069	-33.810878	2.151000	19.010000
2070	-33.790878	2.151000	18.940000
2071	-33.790878	2.153000	19.080000
2072	-33.640878	2.153000	18.900000
2073	-33.570878	2.155000	19.070000
2074	-33.550878	2.155000	18.810000
2075	-33.540878	2.157000	19.030000
2076	-33.380878	2.157000	19.200000
2077	-33.340878	2.158000	19.010000
2078	-33.270878	2.158000	19.150000
2079	-33.270878	2.160000	19.050000
2080	-33.170878	2.160000	18.830000
2081	-33.040878	2.162000	19.020000
2082	-32.910878	2.162000	18.900000
2083	-32.880878	2.164000	19.080000
2084	-32.870878	2.164000	19.130000
2085	-32.810878	2.166000	19.140000
2086	-32.660878	2.166000	19.070000
2087	-32.610878	2.168000	19.200000
2088	-32.590878	2.168000	18.980000
2089	-32.330878	2.170000	19.080000
2090	-32.080878	2.170000	18.930000
2091	-32.050878	2.172000	19.160000
2092	-31.880878	2.172000	19.250000
2093	-31.840878	2.174000	19.110000
2094	-31.790878	2.174000	19.280000
2095	-31.670878	2.176000	19.130000
2096	-31.600878	2.176000	19.210000
2097	-31.420878	2.178000	19.090000
2098	-31.410878	2.178000	19.160000
2099	-31.390878	2.180000	19.130000
2100	-31.370878	2.180000	19.210000
2101	-31.370878	2.182000	19.260000
2102	-31.340878	2.182000	19.160000
2103	-31.300878	2.184000	19.190000
2104	-31.020878	2.184000	19.160000
2105	-30.990878	2.186000	19.270000
2106	-30.980878	2.186000	19.190000
2107	-30.930878	2.188000	19.200000
2108	-30.780878	2.188000	19.130000
2109	-30.680878	2.190000	19.200000
2110	-30.650878	2.190000	19.150000
2111	-30.630878	2.192000	19.110000
2112	-30.580878	2.192000	19.270000
2113	-30.580878	2.194000	19.160000
2114	-30.540878	2.194000	19.310000
2115	-30.510878	2.196000	19.240000
2116	-30.240878	2.196000	19.190000
2117	-30.040878	2.199000	19.240000
2118	-29.960878	2.199000	19.340000
2119	-29.940878	2.199000	19.430000
2120	-29.890878	2.201000	19.320000
2121	-29.800878	2.201000	19.250000
2122	-29.780878	2.203000	19.100000
2123	-29.780878	2.203000	19.260000
2124	-29.740878	2.205000	19.340000
2125	-29.610878	2.205000	19.590000
2126	-29.530878	2.207000	19.340000
2127	-29.520878	2.207000	19.420000
2128	-29.480878	2.209000	19.190000
2129	-29.420878	2.209000	19.230000
2130	-29.320878	2.211000	19.270000
2131	-29.120878	2.211000	19.390000
2132	-28.890878	2.213000	19.340000
2133	-28.850878	2.213000	19.400000
2134	-28.820878	2.215000	19.420000
2135	-28.780878	2.215000	19.450000
2136	-28.770878	2.217000	19.400000
2137	-28.690878	2.217000	19.300000
2138	-28.690878	2.221000	19.410000
2139	-28.620878	2.221000	19.440000
2140	-28.460878	2.223000	19.480000
2141	-28.460878	2.225000	19.630000
2142	-28.200878	2.225000	19.400000
2143	-28.130878	2.225000	19.410000
2144	-28.090878	2.227000	19.400000
2145	-28.090878	2.229000	19.360000
2146	-27.970878	2.229000	19.620000
2147	-27.960878	2.231000	19.430000
2148	-27.950878	2.231000	19.380000
2149	-27.890878	2.233000	19.410000
2150	-27.810878	2.233000	19.480000
2151	-27.790878	2.233000	19.440000
2152	-27.760878	2.235000	19.340000
2153	-27.740878	2.237000	19.330000
2154	-27.370878	2.237000	19.470000
2155	-27.300878	2.239000	19.520000
2156	-27.210878	2.239000	19.560000
2157	-27.170878	2.240000	19.490000
2158	-27.160878	2.240000	19.570000
2159	-27.000878	2.240000	19.500000
2160	-26.980878	2.244000	19.540000
2161	-26.930878	2.244000	19.620000
2162	-26.910878	2.246000	19.700000
2163	-26.810878	2.246000	19.510000
2164	-26.770878	2.248000	19.550000
2165	-26.630878	2.248000	19.630000
2166	-26.590878	2.248000	19.720000
2167	-26.460878	2.250000	19.690000
2168	-26.410878	2.252000	19.490000
2169	-25.940878	2.252000	19.730000
2170	-25.830878	2.254000	19.620000
2171	-25.740878	2.254000	19.590000
2172	-25.680878	2.256000	19.670000
2173	-25.670878	2.256000	19.580000
2174	-25.620878	2.256000	19.720000
2175	-25.510878	2.258000	19.620000
2176	-25.460878	2.260000	19.450000
2177	-25.360878	2.260000	19.540000
2178	-25.270878	2.262000	19.670000
2179	-25.250878	2.262000	19.560000
2180	-25.250878	2.264000	19.560000
2181	-25.230878	2.264000	19.730000
2182	-24.940878	2.266000	19.680000
2183	-24.920878	2.268000	19.540000
2184	-24.890878	2.268000	19.570000
2185	-24.720878	2.270000	19.690000
2186	-24.650878	2.270000	19.590000
2187	-24.620878	2.272000	19.650000
2188	-24.520878	2.272000	19.600000
2189	-24.440878	2.272000	19.530000
2190	-24.420878	2.274000	19.640000
2191	-24.390878	2.276000	19.720000
2192	-24.360878	2.276000	19.740000
2193	-24.310878	2.278000	19.610000
2194	-24.300878	2.278000	19.590000
2195	-24.250878	2.280000	19.700000
2196	-24.160878	2.280000	19.740000
2197	-24.150878	2.282000	20.030000
2198	-24.080878	2.282000	19.660000
2199	-24.060878	2.283000	19.850000
2200	-23.980878	2.285000	19.710000
2201	-23.960878	2.285000	19.850000
2202	-23.800878	2.287000	19.750000
2203	-23.780878	2.287000	19.730000
2204	-23.780878	2.287000	19.770000
2205	-23.730878	2.289000	19.790000
2206	-23.570878	2.291000	19.800000
2207	-23.550878	2.291000	19.790000
2208	-23.480878	2.293000	19.860000
2209	-23.410878	2.293000	19.930000
2210	-23.290878	2.295000	19.850000
2211	-23.150878	2.295000	19.950000
2212	-23.100878	2.295000	19.820000
2213	-23.060878	2.297000	19.620000
2214	-23.060878	2.299000	20.010000
2215	-22.940878	2.299000	19.650000
2216	-22.760878	2.301000	19.860000
2217	-22.700878	2.301000	19.860000
2218	-22.620878	2.305000	19.800000
2219	-22.520878	2.305000	20.010000
2220	-22.470878	2.307000	19.820000
2221	-22.390878	2.307000	19.940000
2222	-22.380878	2.309000	19.820000
2223	-22.360878	2.309000	19.870000
2224	-22.340878	2.311000	19.830000
2225	-22.300878	2.311000	19.960000
2226	-22.170878	2.313000	19.960000
2227	-22.120878	2.313000	19.860000
2228	-22.000878	2.315000	19.850000
2229	-21.790878	2.315000	20.020000
2230	-21.770878	2.317000	19.950000
2231	-21.660878	2.317000	19.870000
2232	-21.640878	2.319000	19.980000
2233	-21.520878	2.319000	20.020000
2234	-21.480878	2.321000	19.900000
2235	-21.320878	2.321000	19.940000
2236	-21.120878	2.323000	20.030000
2237	-21.000878	2.323000	20.110000
2238	-20.810878	2.324000	20.040000
2239	-20.740878	2.324000	20.020000
2240	-20.620878	2.326000	20.030000
2241	-20.610878	2.326000	20.040000
2242	-20.510878	2.328000	20.030000
2243	-20.500878	2.328000	20.050000
2244	-20.500878	2.330000	20.140000
2245	-20.330878	2.330000	20.050000
2246	-20.180878	2.332000	20.010000
2247	-20.090878	2.332000	19.950000
2248	-20.010878	2.334000	20.140000
2249	-19.940878	2.334000	20.060000
2250	-19.830878	2.336000	20.130000
2251	-19.690878	2.336000	19.990000
2252	-19.620878	2.338000	20.050000
2253	-19.600878	2.338000	20.050000
2254	-19.520878	2.340000	19.990000
2255	-19.390878	2.340000	20.130000
2256	-19.270878	2.342000	20.000000
2257	-19.270878	2.342000	20.270000
2258	-19.240878	2.344000	19.980000
2259	-19.190878	2.344000	20.190000
2260	-19.180878	2.346000	20.210000
2261	-19.150878	2.346000	20.020000
2262	-19.150878	2.348000	20.160000
2263	-19.010878	2.350000	20.150000
2264	-18.990878	2.350000	20.090000
2265	-18.820878	2.352000	20.010000
2266	-18.760878	2.352000	20.040000
2267	-18.760878	2.354000	20.100000
2268	-18.700878	2.354000	20.100000
2269	-18.680878	2.356000	20.250000
2270	-18.570878	2.356000	20.330000
2271	-18.550878	2.358000	20.440000
2272	-18.520878	2.358000	20.180000
2273	-18.410878	2.360000	20.180000
2274	-18.330878	2.360000	20.130000
2275	-18.300878	2.362000	20.220000
2276	-18.270878	2.362000	20.040000
2277	-18.260878	2.364000	20.110000
2278	-18.260878	2.364000	20.210000
2279	-18.240878	2.366000	20.290000
2280	-18.220878	2.366000	20.250000
2281	-18.160878	2.367000	20.400000
2282	-17.990878	2.369000	20.020000
2283	-17.930878	2.369000	20.200000
2284	-17.910878	2.371000	20.190000
2285	-17.900878	2.371000	20.390000
2286	-17.770878	2.373000	20.200000
2287	-17.700878	2.373000	20.260000
2288	-17.340878	2.375000	20.140000
2289	-17.290878	2.375000	20.160000
2290	-17.260878	2.377000	20.190000
2291	-17.220878	2.377000	20.260000
2292	-17.180878	2.379000	20.120000
2293	-17.160878	2.379000	20.250000
2294	-16.960878	2.381000	20.220000
2295	-16.780878	2.381000	20.420000
2296	-16.770878	2.383000	20.500000
2297	-16.620878	2.383000	20.260000
2298	-16.620878	2.385000	20.440000
2299	-16.510878	2.385000	20.310000
2300	-16.430878	2.389000	20.320000
2301	-16.320878	2.389000	20.330000
2302	-16.290878	2.391000	20.360000
2303	-16.110878	2.391000	20.410000
2304	-16.090878	2.393000	20.420000
2305	-16.060878	2.393000	20.360000
2306	-16.040878	2.395000	20.450000
2307	-15.880878	2.395000	20.350000
2308	-15.840878	2.397000	20.260000
2309	-15.800878	2.397000	20.430000
2310	-15.720878	2.397000	20.320000
2311	-15.690878	2.399000	20.390000
2312	-15.520878	2.401000	20.400000
2313	-15.500878	2.401000	20.420000
2314	-15.320878	2.403000	20.310000
2315	-15.200878	2.403000	20.440000
2316	-15.180878	2.405000	20.400000
2317	-15.100878	2.405000	20.480000
2318	-15.050878	2.405000	20.340000
2319	-14.890878	2.407000	20.390000
2320	-14.820878	2.408000	20.460000
2321	-14.820878	2.408000	20.560000
2322	-14.580878	2.408000	20.430000
2323	-14.530878	2.412000	20.240000
2324	-14.400878	2.412000	20.490000
2325	-14.370878	2.412000	20.450000
2326	-14.360878	2.414000	20.360000
2327	-14.350878	2.416000	20.580000
2328	-14.320878	2.416000	20.530000
2329	-14.310878	2.418000	20.460000
2330	-14.280878	2.418000	20.480000
2331	-14.190878	2.420000	20.390000
2332	-14.120878	2.420000	20.400000
2333	-14.070878	2.422000	20.570000
2334	-14.000878	2.422000	20.540000
2335	-13.860878	2.424000	20.550000
2336	-13.760878	2.424000	20.620000
2337	-13.750878	2.426000	20.590000
2338	-13.680878	2.426000	20.650000
2339	-13.590878	2.428000	20.460000
2340	-13.550878	2.428000	20.680000
2341	-13.360878	2.428000	20.550000
2342	-13.350878	2.430000	20.490000
2343	-13.020878	2.432000	20.650000
2344	-12.970878	2.434000	20.580000
2345	-12.920878	2.434000	20.630000
2346	-12.750878	2.436000	20.590000
2347	-12.690878	2.436000	20.660000
2348	-12.620878	2.436000	20.650000
2349	-12.310878	2.438000	20.700000
2350	-12.300878	2.440000	20.630000
2351	-12.210878	2.440000	20.590000
2352	-12.150878	2.442000	20.580000
2353	-12.080878	2.442000	20.540000
2354	-12.080878	2.444000	20.690000
2355	-12.030878	2.444000	20.560000
2356	-11.910878	2.444000	20.670000
2357	-11.850878	2.446000	20.740000
2358	-11.640878	2.448000	20.530000
2359	-11.640878	2.448000	20.680000
2360	-11.580878	2.449000	20.630000
2361	-11.210878	2.449000	20.610000
2362	-10.820878	2.451000	20.720000
2363	-10.770878	2.453000	20.710000
2364	-10.630878	2.453000	20.750000
2365	-10.610878	2.455000	20.640000
2366	-10.600878	2.455000	20.630000
2367	-10.470878	2.457000	20.820000
2368	-10.440878	2.457000	20.560000
2369	-10.370878	2.459000	20.750000
2370	-10.320878	2.459000	20.610000
2371	-10.310878	2.459000	20.750000
2372	-10.310878	2.461000	20.700000
2373	-10.210878	2.463000	20.710000
2374	-10.140878	2.463000	20.630000
2375	-10.100878	2.465000	20.770000
2376	-10.090878	2.465000	20.660000
2377	-10.040878	2.467000	20.810000
2378	-9.980878	2.467000	20.650000
2379	-9.950878	2.471000	20.650000
2380	-9.930878	2.471000	20.720000
2381	-9.860878	2.473000	20.740000
2382	-9.800878	2.473000	20.760000
2383	-9.750878	2.475000	20.760000
2384	-9.720878	2.477000	20.770000
2385	-9.620878	2.477000	20.510000
2386	-9.600878	2.479000	20.830000
2387	-9.390878	2.479000	20.710000
2388	-9.360878	2.481000	20.730000
2389	-9.280878	2.481000	20.770000
2390	-9.270878	2.483000	20.920000
2391	-9.190878	2.483000	20.790000
2392	-9.120878	2.485000	20.770000
2393	-8.970878	2.485000	20.730000
2394	-8.830878	2.487000	20.830000
2395	-8.700878	2.487000	20.870000
2396	-8.640878	2.489000	20.950000
2397	-8.600878	2.489000	20.780000
2398	-8.560878	2.490000	20.920000
2399	-8.470878	2.490000	20.700000
2400	-8.430878	2.492000	20.710000
2401	-8.430878	2.492000	20.890000
2402	-8.340878	2.494000	20.950000
2403	-8.180878	2.496000	20.830000
2404	-8.150878	2.496000	20.870000
2405	-8.080878	2.498000	20.920000
2406	-8.010878	2.498000	20.820000
2407	-7.970878	2.500000	20.960000
2408	-7.870878	2.500000	21.000000
2409	-7.770878	2.502000	20.980000
2410	-7.770878	2.502000	20.850000
2411	-7.770878	2.504000	21.000000
2412	-7.560878	2.504000	20.810000
2413	-7.510878	2.506000	20.900000
2414	-7.430878	2.506000	21.020000
2415	-7.320878	2.508000	20.830000
2416	-7.240878	2.508000	20.900000
2417	-7.230878	2.510000	20.950000
2418	-7.230878	2.510000	21.010000
2419	-7.210878	2.512000	20.930000
2420	-7.140878	2.512000	20.990000
2421	-7.130878	2.514000	21.060000
2422	-6.750878	2.514000	20.860000
2423	-6.630878	2.516000	21.040000
2424	-6.510878	2.518000	20.980000
2425	-6.410878	2.518000	20.990000
2426	-6.160878	2.520000	21.020000
2427	-6.130878	2.520000	21.030000
2428	-6.100878	2.522000	21.120000
2429	-6.070878	2.522000	21.110000
2430	-5.990878	2.524000	21.090000
2431	-5.920878	2.524000	21.110000
2432	-5.840878	2.526000	21.140000
2433	-5.750878	2.526000	20.910000
2434	-5.560878	2.528000	21.150000
2435	-5.550878	2.528000	21.140000
2436	-5.460878	2.530000	21.160000
2437	-5.430878	2.530000	21.010000
2438	-5.300878	2.532000	21.170000
2439	-5.190878	2.532000	21.120000
2440	-4.980878	2.533000	21.230000
2441	-4.940878	2.533000	21.130000
2442	-4.910878	2.535000	21.140000
2443	-4.910878	2.535000	21.160000
2444	-4.900878	2.537000	21.300000
2445	-4.900878	2.537000	21.180000
2446	-4.850878	2.539000	21.140000
2447	-4.850878	2.539000	21.120000
2448	-4.770878	2.543000	21.100000
2449	-4.680878	2.543000	21.390000
2450	-4.660878	2.543000	21.000000
2451	-4.420878	2.543000	21.150000
2452	-4.000878	2.545000	21.230000
2453	-3.960878	2.547000	21.340000
2454	-3.920878	2.547000	21.230000
2455	-3.890878	2.549000	21.210000
2456	-3.760878	2.549000	21.180000
2457	-3.730878	2.551000	21.270000
2458	-3.710878	2.551000	21.220000
2459	-3.690878	2.555000	21.330000
2460	-3.670878	2.555000	21.230000
2461	-3.620878	2.559000	21.220000
2462	-3.610878	2.557000	21.230000
2463	-3.590878	2.559000	21.280000
2464	-3.560878	2.559000	21.210000
2465	-3.490878	2.561000	21.330000
2466	-3.480878	2.561000	20.930000
2467	-3.320878	2.561000	21.240000
2468	-3.210878	2.563000	21.320000
2469	-3.190878	2.565000	21.170000
2470	-3.180878	2.565000	21.290000
2471	-3.080878	2.567000	21.210000
2472	-2.820878	2.567000	21.230000
2473	-2.410878	2.569000	21.260000
2474	-2.270878	2.569000	21.230000
2475	-2.230878	2.569000	21.340000
2476	-2.200878	2.571000	21.430000
2477	-2.190878	2.573000	21.330000
2478	-2.140878	2.573000	21.220000
2479	-2.130878	2.574000	21.280000
2480	-1.900878	2.574000	21.380000
2481	-1.780878	2.576000	21.220000
2482	-1.770878	2.576000	21.360000
2483	-1.620878	2.576000	21.350000
2484	-1.510878	2.580000	21.370000
2485	-1.460878	2.580000	21.250000
2486	-1.410878	2.582000	21.440000
2487	-1.370878	2.582000	21.350000
2488	-0.820878	2.584000	21.290000
2489	-0.570878	2.584000	21.360000
2490	-0.440878	2.584000	21.360000
2491	-0.280878	2.586000	21.440000
