1	-189.439742	0.000000	9.500000
2	-189.299742	0.002000	9.450000
3	-189.209742	0.004000	9.660000
4	-189.199742	0.004000	9.510000
5	-188.829742	0.006000	9.740000
6	-188.769742	0.006000	9.610000
7	-188.699742	0.008000	9.630000
8	-188.649742	0.008000	9.550000
9	-188.559742	0.008000	9.870000
10	-188.549742	0.010000	9.550000
11	-188.339742	0.012000	9.690000
12	-188.149742	0.014000	9.450000
13	-188.099742	0.014000	9.770000
14	-187.809742	0.016000	9.930000
15	-187.789742	0.016000	9.530000
16	-187.649742	0.016000	9.900000
17	-187.589742	0.018000	9.610000
18	-187.509742	0.020000	9.620000
19	-187.349742	0.020000	9.400000
20	-187.239742	0.022000	9.740000
21	-187.239742	0.022000	9.780000
22	-187.009742	0.024000	9.570000
23	-186.999742	0.024000	9.880000
24	-186.919742	0.024000	9.500000
25	-186.919742	0.026000	9.550000
26	-186.859742	0.028000	9.620000
27	-186.669742	0.028000	9.690000
28	-186.639742	0.029000	9.850000
29	-186.489742	0.029000	9.680000
30	-186.429742	0.031000	9.770000
31	-186.229742	0.031000	9.720000
32	-186.129742	0.031000	9.760000
33	-185.859742	0.035000	9.720000
34	-185.819742	0.035000	9.630000
35	-185.789742	0.037000	9.570000
36	-185.779742	0.037000	10.200000
37	-185.739742	0.039000	9.780000
38	-185.719742	0.039000	9.540000
39	-185.719742	0.039000	9.910000
40	-185.719742	0.041000	9.860000
41	-185.689742	0.043000	10.010000
42	-185.669742	0.043000	9.720000
43	-185.619742	0.043000	9.670000
44	-185.319742	0.045000	9.930000
45	-185.279742	0.047000	9.840000
46	-185.259742	0.047000	9.730000
47	-185.219742	0.051000	10.130000
48	-185.179742	0.051000	9.680000
49	-185.149742	0.053000	10.160000
50	-185.059742	0.053000	9.880000
51	-185.029742	0.055000	9.820000
52	-184.979742	0.055000	9.640000
53	-184.939742	0.057000	9.630000
54	-184.709742	0.059000	9.700000
55	-184.639742	0.059000	9.820000
56	-184.569742	0.061000	9.730000
57	-184.539742	0.061000	9.630000
58	-184.539742	0.063000	9.720000
59	-184.399742	0.063000	10.120000
60	-184.349742	0.065000	9.910000
61	-184.269742	0.065000	10.400000
62	-184.169742	0.067000	10.390000
63	-183.999742	0.067000	9.900000
64	-183.999742	0.069000	9.990000
65	-183.899742	0.069000	9.990000
66	-183.739742	0.070000	9.820000
67	-183.669742	0.070000	10.180000
68	-183.629742	0.072000	10.240000
69	-183.519742	0.072000	9.890000
70	-183.489742	0.074000	10.170000
71	-183.489742	0.074000	10.510000
72	-183.319742	0.076000	9.810000
73	-183.249742	0.078000	9.790000
74	-183.169742	0.078000	9.980000
75	-183.129742	0.080000	10.190000
76	-183.109742	0.080000	10.260000
77	-182.999742	0.082000	9.900000
78	-182.959742	0.082000	9.810000
79	-182.699742	0.084000	10.440000
80	-182.659742	0.084000	9.920000
81	-182.419742	0.086000	10.260000
82	-182.309742	0.086000	9.770000
83	-182.279742	0.088000	9.890000
84	-182.169742	0.088000	9.770000
85	-182.169742	0.090000	9.810000
86	-182.009742	0.090000	10.240000
87	-181.989742	0.092000	10.040000
88	-181.949742	0.092000	10.080000
89	-181.949742	0.094000	10.080000
90	-181.889742	0.094000	10.380000
91	-181.819742	0.096000	10.000000
92	-181.799742	0.096000	9.860000
93	-181.719742	0.098000	9.900000
94	-181.689742	0.100000	10.010000
95	-181.669742	0.100000	9.890000
96	-181.659742	0.102000	10.020000
97	-181.629742	0.102000	10.030000
98	-181.619742	0.104000	9.960000
99	-181.489742	0.104000	9.970000
100	-181.349742	0.106000	10.180000
101	-181.299742	0.106000	10.110000
102	-181.199742	0.108000	10.110000
103	-181.179742	0.108000	9.940000
104	-180.749742	0.110000	10.120000
105	-180.729742	0.110000	9.950000
106	-180.719742	0.112000	10.000000
107	-180.719742	0.112000	10.010000
108	-180.649742	0.113000	9.970000
109	-180.539742	0.113000	9.950000
110	-180.469742	0.115000	10.050000
111	-180.389742	0.115000	10.160000
112	-180.349742	0.117000	10.370000
113	-180.319742	0.119000	10.080000
114	-180.129742	0.119000	10.210000
115	-180.089742	0.121000	10.700000
116	-180.079742	0.121000	10.670000
117	-180.009742	0.123000	10.030000
118	-179.739742	0.123000	10.100000
119	-179.689742	0.125000	10.080000
120	-179.649742	0.125000	10.700000
121	-179.649742	0.127000	10.090000
122	-179.509742	0.127000	9.990000
123	-179.459742	0.129000	10.440000
124	-179.439742	0.129000	10.290000
125	-179.249742	0.131000	10.200000
126	-179.199742	0.131000	10.410000
127	-179.179742	0.133000	10.100000
128	-179.179742	0.135000	9.910000
129	-179.049742	0.137000	10.220000
130	-179.029742	0.137000	10.230000
131	-179.029742	0.139000	10.170000
132	-178.979742	0.139000	10.300000
133	-178.939742	0.141000	10.190000
134	-178.879742	0.141000	10.680000
135	-178.859742	0.143000	10.280000
136	-178.779742	0.145000	10.230000
137	-178.769742	0.145000	10.030000
138	-178.689742	0.147000	10.040000
139	-178.589742	0.147000	10.230000
140	-178.569742	0.149000	10.170000
141	-178.029742	0.149000	10.230000
142	-177.999742	0.149000	10.070000
143	-177.879742	0.153000	10.310000
144	-177.639742	0.153000	10.160000
145	-177.529742	0.154000	10.210000
146	-177.489742	0.154000	10.530000
147	-177.419742	0.156000	10.100000
148	-177.279742	0.156000	10.270000
149	-177.269742	0.156000	10.200000
150	-177.209742	0.158000	10.270000
151	-177.189742	0.160000	10.310000
152	-177.139742	0.160000	10.260000
153	-177.109742	0.162000	10.290000
154	-177.009742	0.162000	10.330000
155	-176.969742	0.164000	10.340000
156	-176.899742	0.164000	10.650000
157	-176.679742	0.164000	10.340000
158	-176.619742	0.166000	10.200000
159	-176.609742	0.168000	10.110000
160	-176.609742	0.170000	10.340000
161	-176.389742	0.170000	10.330000
162	-176.339742	0.172000	10.110000
163	-176.329742	0.172000	10.180000
164	-176.319742	0.172000	10.410000
165	-176.309742	0.174000	10.220000
166	-176.139742	0.176000	10.510000
167	-176.079742	0.176000	10.230000
168	-176.069742	0.178000	10.440000
169	-176.059742	0.178000	10.330000
170	-176.049742	0.180000	10.400000
171	-175.919742	0.180000	10.210000
172	-175.899742	0.182000	10.460000
173	-175.879742	0.182000	10.540000
174	-175.749742	0.184000	10.260000
175	-175.559742	0.184000	10.230000
176	-175.549742	0.186000	10.490000
177	-175.439742	0.186000	10.760000
178	-175.439742	0.188000	10.420000
179	-175.429742	0.188000	10.550000
180	-175.389742	0.188000	10.470000
181	-175.309742	0.190000	10.420000
182	-175.269742	0.192000	10.420000
183	-175.239742	0.192000	10.280000
184	-174.979742	0.194000	10.440000
185	-174.729742	0.194000	10.250000
186	-174.699742	0.196000	10.570000
187	-174.669742	0.196000	10.420000
188	-174.659742	0.196000	10.490000
189	-174.609742	0.197000	10.410000
190	-174.599742	0.199000	10.480000
191	-174.599742	0.199000	10.500000
192	-174.379742	0.199000	10.470000
193	-174.359742	0.201000	10.780000
194	-174.339742	0.203000	10.400000
195	-174.279742	0.203000	10.540000
196	-174.149742	0.203000	10.680000
197	-174.049742	0.205000	10.650000
198	-174.029742	0.207000	10.460000
199	-173.959742	0.207000	10.450000
200	-173.919742	0.209000	10.520000
201	-173.789742	0.209000	10.300000
202	-173.709742	0.211000	10.420000
203	-173.669742	0.213000	10.920000
204	-173.599742	0.213000	10.370000
205	-173.579742	0.215000	10.660000
206	-173.559742	0.215000	10.460000
207	-173.549742	0.217000	10.520000
208	-173.499742	0.219000	10.520000
209	-173.349742	0.221000	10.490000
210	-173.109742	0.221000	10.410000
211	-173.019742	0.223000	10.480000
212	-172.999742	0.223000	10.320000
213	-172.999742	0.225000	10.410000
214	-172.879742	0.225000	10.590000
215	-172.779742	0.227000	10.360000
216	-172.639742	0.227000	10.620000
217	-172.629742	0.229000	10.660000
218	-172.619742	0.229000	10.500000
219	-172.579742	0.233000	10.290000
220	-172.539742	0.231000	10.380000
221	-172.499742	0.233000	10.520000
222	-172.369742	0.233000	10.430000
223	-172.259742	0.235000	10.550000
224	-172.259742	0.237000	10.560000
225	-172.169742	0.237000	10.610000
226	-172.099742	0.238000	10.790000
227	-171.899742	0.238000	10.540000
228	-171.839742	0.240000	10.650000
229	-171.789742	0.240000	10.450000
230	-171.639742	0.242000	10.520000
231	-171.639742	0.242000	10.960000
232	-171.529742	0.244000	10.730000
233	-171.449742	0.244000	10.560000
234	-171.429742	0.246000	10.640000
235	-171.319742	0.246000	10.680000
236	-171.299742	0.248000	10.900000
237	-171.179742	0.248000	10.580000
238	-171.119742	0.250000	10.450000
239	-171.119742	0.250000	11.160000
240	-170.969742	0.252000	10.710000
241	-170.919742	0.252000	10.670000
242	-170.919742	0.254000	10.750000
243	-170.879742	0.256000	10.570000
244	-170.859742	0.256000	10.450000
245	-170.839742	0.258000	10.530000
246	-170.739742	0.258000	11.060000
247	-170.719742	0.260000	10.650000
248	-170.589742	0.260000	10.760000
249	-170.489742	0.262000	10.450000
250	-170.169742	0.264000	10.620000
251	-170.099742	0.264000	10.810000
252	-170.049742	0.264000	10.610000
253	-169.919742	0.266000	10.450000
254	-169.879742	0.268000	10.770000
255	-169.789742	0.268000	10.760000
256	-169.649742	0.270000	10.610000
257	-169.639742	0.270000	10.750000
258	-169.619742	0.272000	10.690000
259	-169.619742	0.272000	10.720000
260	-169.529742	0.274000	10.800000
261	-169.489742	0.274000	10.650000
262	-169.459742	0.276000	10.890000
263	-169.439742	0.276000	10.690000
264	-169.379742	0.278000	10.690000
265	-169.179742	0.278000	10.700000
266	-169.159742	0.279000	10.670000
267	-169.159742	0.279000	10.800000
268	-168.989742	0.281000	10.700000
269	-168.859742	0.281000	10.830000
270	-168.729742	0.283000	10.860000
271	-168.709742	0.283000	10.780000
272	-168.709742	0.285000	10.820000
273	-168.609742	0.287000	10.770000
274	-168.319742	0.287000	11.000000
275	-168.299742	0.289000	10.940000
276	-168.209742	0.289000	10.910000
277	-168.149742	0.291000	10.770000
278	-168.139742	0.291000	10.900000
279	-168.109742	0.293000	10.970000
280	-168.059742	0.293000	10.800000
281	-167.969742	0.295000	11.190000
282	-167.919742	0.295000	10.540000
283	-167.909742	0.297000	10.860000
284	-167.869742	0.297000	10.910000
285	-167.849742	0.301000	10.620000
286	-167.819742	0.301000	10.730000
287	-167.789742	0.303000	10.810000
288	-167.659742	0.303000	10.860000
289	-167.579742	0.305000	10.860000
290	-167.439742	0.305000	10.900000
291	-167.339742	0.305000	10.900000
292	-167.259742	0.309000	10.930000
293	-167.219742	0.309000	11.120000
294	-167.209742	0.311000	10.790000
295	-167.109742	0.311000	10.770000
296	-167.049742	0.313000	10.930000
297	-167.049742	0.313000	10.890000
298	-167.019742	0.313000	10.730000
299	-166.849742	0.315000	10.970000
300	-166.619742	0.317000	10.910000
301	-166.459742	0.315000	10.700000
302	-166.329742	0.319000	10.970000
303	-166.289742	0.320000	10.850000
304	-166.189742	0.320000	11.140000
305	-165.909742	0.320000	11.170000
306	-165.839742	0.322000	11.250000
307	-165.799742	0.324000	11.050000
308	-165.589742	0.324000	10.840000
309	-165.469742	0.326000	11.040000
310	-165.419742	0.326000	11.080000
311	-165.379742	0.328000	11.070000
312	-165.269742	0.328000	11.110000
313	-165.199742	0.330000	11.150000
314	-165.189742	0.332000	10.870000
315	-165.169742	0.332000	11.050000
316	-165.129742	0.334000	10.960000
317	-164.999742	0.334000	10.990000
318	-164.989742	0.336000	11.080000
319	-164.969742	0.336000	11.290000
320	-164.949742	0.336000	11.120000
321	-164.939742	0.340000	11.110000
322	-164.929742	0.340000	11.180000
323	-164.849742	0.342000	11.030000
324	-164.649742	0.342000	11.120000
325	-164.609742	0.344000	10.950000
326	-164.369742	0.344000	11.080000
327	-164.359742	0.344000	11.280000
328	-164.279742	0.346000	11.140000
329	-164.019742	0.348000	10.990000
330	-163.989742	0.348000	11.120000
331	-163.979742	0.350000	11.060000
332	-163.959742	0.350000	11.310000
333	-163.849742	0.352000	11.210000
334	-163.839742	0.352000	11.120000
335	-163.779742	0.352000	11.270000
336	-163.699742	0.354000	11.020000
337	-163.699742	0.356000	10.970000
338	-163.629742	0.358000	11.110000
339	-163.459742	0.358000	11.090000
340	-163.359742	0.358000	11.240000
341	-163.359742	0.360000	11.230000
342	-163.269742	0.360000	11.060000
343	-163.099742	0.360000	11.160000
344	-163.099742	0.362000	11.410000
345	-163.049742	0.363000	11.270000
346	-163.039742	0.363000	11.100000
347	-163.029742	0.365000	11.440000
348	-162.989742	0.365000	11.190000
349	-162.959742	0.367000	11.250000
350	-162.789742	0.367000	11.270000
351	-162.759742	0.367000	11.280000
352	-162.639742	0.369000	11.150000
353	-162.599742	0.371000	11.060000
354	-162.539742	0.371000	11.250000
355	-162.519742	0.373000	11.300000
356	-162.359742	0.373000	11.320000
357	-162.349742	0.375000	11.180000
358	-162.179742	0.375000	11.140000
359	-162.079742	0.375000	11.290000
360	-162.029742	0.377000	11.140000
361	-161.929742	0.377000	11.240000
362	-161.749742	0.381000	11.420000
363	-161.689742	0.381000	11.200000
364	-161.629742	0.385000	11.280000
365	-161.609742	0.385000	11.300000
366	-161.509742	0.387000	11.440000
367	-161.389742	0.387000	11.120000
368	-161.319742	0.389000	11.260000
369	-161.279742	0.389000	11.230000
370	-161.159742	0.391000	11.400000
371	-161.149742	0.391000	11.240000
372	-161.099742	0.393000	11.600000
373	-161.079742	0.393000	11.300000
374	-161.059742	0.395000	11.260000
375	-161.049742	0.395000	11.470000
376	-161.039742	0.397000	11.130000
377	-160.919742	0.397000	11.300000
378	-160.869742	0.399000	11.240000
379	-160.829742	0.399000	11.190000
380	-160.809742	0.401000	11.420000
381	-160.589742	0.401000	11.130000
382	-160.449742	0.403000	11.250000
383	-160.409742	0.404000	11.250000
384	-160.369742	0.404000	11.170000
385	-160.269742	0.406000	11.240000
386	-160.259742	0.406000	11.550000
387	-160.239742	0.408000	11.330000
388	-160.089742	0.408000	11.230000
389	-159.989742	0.410000	11.370000
390	-159.979742	0.410000	11.210000
391	-159.919742	0.412000	11.190000
392	-159.719742	0.414000	11.430000
393	-159.549742	0.414000	11.510000
394	-159.529742	0.416000	11.440000
395	-159.489742	0.416000	11.370000
396	-159.469742	0.418000	11.540000
397	-159.309742	0.418000	11.500000
398	-159.169742	0.420000	11.480000
399	-159.129742	0.420000	11.280000
400	-159.069742	0.422000	11.360000
401	-159.029742	0.422000	11.270000
402	-159.019742	0.424000	11.680000
403	-158.929742	0.424000	11.270000
404	-158.889742	0.426000	11.230000
405	-158.729742	0.426000	11.660000
406	-158.709742	0.428000	11.540000
407	-158.569742	0.428000	11.380000
408	-158.439742	0.430000	11.470000
409	-158.169742	0.430000	11.270000
410	-158.159742	0.432000	11.500000
411	-157.989742	0.432000	11.490000
412	-157.839742	0.434000	11.390000
413	-157.819742	0.436000	11.540000
414	-157.759742	0.436000	11.260000
415	-157.439742	0.438000	11.310000
416	-157.379742	0.438000	11.320000
417	-157.339742	0.440000	11.430000
418	-157.329742	0.440000	11.630000
419	-157.249742	0.442000	11.730000
420	-157.119742	0.440000	11.420000
421	-157.069742	0.444000	11.310000
422	-156.849742	0.446000	11.970000
423	-156.789742	0.446000	11.380000
424	-156.769742	0.447000	11.580000
425	-156.709742	0.447000	11.320000
426	-156.669742	0.449000	11.520000
427	-156.639742	0.449000	11.720000
428	-156.639742	0.451000	11.520000
429	-156.579742	0.451000	11.370000
430	-156.549742	0.453000	11.590000
431	-156.519742	0.453000	11.660000
432	-156.499742	0.455000	11.430000
433	-156.499742	0.455000	11.540000
434	-156.469742	0.457000	11.610000
435	-156.419742	0.457000	11.340000
436	-156.349742	0.459000	11.420000
437	-156.289742	0.459000	11.710000
438	-156.269742	0.461000	11.750000
439	-156.219742	0.461000	11.610000
440	-156.209742	0.463000	11.720000
441	-155.989742	0.463000	11.590000
442	-155.949742	0.465000	11.580000
443	-155.919742	0.465000	11.600000
444	-155.889742	0.469000	11.620000
445	-155.829742	0.469000	11.590000
446	-155.769742	0.469000	11.560000
447	-155.729742	0.471000	11.600000
448	-155.679742	0.473000	11.490000
449	-155.599742	0.473000	11.560000
450	-155.589742	0.475000	11.710000
451	-155.409742	0.477000	11.740000
452	-155.399742	0.477000	11.570000
453	-155.369742	0.477000	11.730000
454	-155.279742	0.479000	11.510000
455	-155.149742	0.481000	11.630000
456	-155.049742	0.481000	11.770000
457	-155.049742	0.483000	11.530000
458	-154.909742	0.483000	11.790000
459	-154.719742	0.485000	11.630000
460	-154.659742	0.485000	11.610000
461	-154.509742	0.487000	11.740000
462	-154.379742	0.488000	11.580000
463	-154.219742	0.488000	11.680000
464	-153.759742	0.490000	11.770000
465	-153.729742	0.490000	11.820000
466	-153.709742	0.492000	11.640000
467	-153.559742	0.492000	11.880000
468	-153.539742	0.492000	11.780000
469	-153.539742	0.494000	11.800000
470	-153.529742	0.496000	11.790000
471	-153.469742	0.498000	11.830000
472	-153.369742	0.498000	11.680000
473	-153.299742	0.500000	11.830000
474	-153.119742	0.500000	11.820000
475	-153.069742	0.500000	12.050000
476	-152.919742	0.502000	12.080000
477	-152.889742	0.504000	11.820000
478	-152.779742	0.504000	12.010000
479	-152.739742	0.504000	11.860000
480	-152.719742	0.506000	11.900000
481	-152.609742	0.508000	11.800000
482	-152.569742	0.508000	11.780000
483	-152.519742	0.508000	11.780000
484	-152.429742	0.510000	11.980000
485	-152.379742	0.512000	11.910000
486	-152.169742	0.512000	11.820000
487	-152.149742	0.514000	12.010000
488	-152.149742	0.514000	11.920000
489	-152.139742	0.516000	11.720000
490	-152.139742	0.518000	11.960000
491	-152.139742	0.518000	11.860000
492	-152.029742	0.520000	11.710000
493	-151.979742	0.520000	11.870000
494	-151.849742	0.522000	11.920000
495	-151.709742	0.522000	11.910000
496	-151.689742	0.524000	12.280000
497	-151.679742	0.524000	11.900000
498	-151.589742	0.524000	12.000000
499	-151.589742	0.526000	12.140000
500	-151.489742	0.528000	11.980000
501	-151.469742	0.529000	11.970000
502	-151.459742	0.529000	11.800000
503	-151.449742	0.531000	11.890000
504	-151.429742	0.531000	11.960000
505	-151.309742	0.531000	11.900000
506	-151.289742	0.533000	11.900000
507	-151.239742	0.535000	11.950000
508	-151.159742	0.535000	11.930000
509	-151.109742	0.535000	11.870000
510	-151.069742	0.537000	11.970000
511	-150.989742	0.539000	11.650000
512	-150.969742	0.539000	11.990000
513	-150.879742	0.539000	11.950000
514	-150.879742	0.541000	11.720000
515	-150.839742	0.543000	12.020000
516	-150.779742	0.543000	11.810000
517	-150.779742	0.545000	11.900000
518	-150.609742	0.545000	11.970000
519	-150.589742	0.547000	12.030000
520	-150.579742	0.549000	11.930000
521	-150.379742	0.551000	11.930000
522	-150.159742	0.553000	11.910000
523	-150.059742	0.553000	12.120000
524	-150.039742	0.555000	12.250000
525	-149.919742	0.555000	11.950000
526	-149.849742	0.557000	12.060000
527	-149.829742	0.557000	12.100000
528	-149.719742	0.557000	12.020000
529	-149.639742	0.559000	12.070000
530	-148.999742	0.561000	12.390000
531	-148.989742	0.561000	11.970000
532	-148.969742	0.563000	12.020000
533	-148.939742	0.563000	12.000000
534	-148.909742	0.565000	12.190000
535	-148.899742	0.565000	11.990000
536	-148.879742	0.567000	12.180000
537	-148.699742	0.565000	12.180000
538	-148.699742	0.569000	12.170000
539	-148.569742	0.569000	12.160000
540	-148.469742	0.570000	12.350000
541	-148.389742	0.572000	12.210000
542	-148.339742	0.572000	12.000000
543	-148.329742	0.574000	12.140000
544	-148.289742	0.574000	12.350000
545	-148.289742	0.576000	12.150000
546	-148.199742	0.576000	12.500000
547	-148.129742	0.578000	12.380000
548	-147.959742	0.578000	12.010000
549	-147.929742	0.580000	12.440000
550	-147.819742	0.580000	12.120000
551	-147.769742	0.582000	12.170000
552	-147.659742	0.582000	12.100000
553	-147.649742	0.584000	12.290000
554	-147.589742	0.584000	12.020000
555	-147.549742	0.586000	12.190000
556	-147.509742	0.586000	12.170000
557	-147.469742	0.588000	12.470000
558	-147.409742	0.588000	12.400000
559	-147.399742	0.590000	12.260000
560	-147.369742	0.592000	12.290000
561	-147.189742	0.592000	12.420000
562	-147.159742	0.594000	12.280000
563	-147.109742	0.594000	12.240000
564	-147.049742	0.596000	12.250000
565	-146.919742	0.596000	12.060000
566	-146.859742	0.598000	12.120000
567	-146.779742	0.598000	12.650000
568	-146.639742	0.600000	12.380000
569	-146.579742	0.600000	12.350000
570	-146.579742	0.602000	12.170000
571	-146.549742	0.602000	12.330000
572	-146.539742	0.604000	12.220000
573	-146.409742	0.604000	12.570000
574	-145.879742	0.606000	12.180000
575	-145.789742	0.606000	12.360000
576	-145.699742	0.608000	12.390000
577	-145.609742	0.608000	12.450000
578	-145.549742	0.610000	12.260000
579	-145.439742	0.610000	12.470000
580	-145.409742	0.612000	12.320000
581	-145.359742	0.612000	12.250000
582	-145.319742	0.613000	12.460000
583	-145.009742	0.613000	12.380000
584	-144.979742	0.615000	12.460000
585	-144.889742	0.615000	12.390000
586	-144.879742	0.617000	12.340000
587	-144.859742	0.617000	12.240000
588	-144.829742	0.619000	12.430000
589	-144.819742	0.621000	12.430000
590	-144.799742	0.621000	12.340000
591	-144.729742	0.623000	12.350000
592	-144.719742	0.623000	12.590000
593	-144.609742	0.625000	12.070000
594	-144.499742	0.625000	12.480000
595	-144.359742	0.627000	12.450000
596	-144.319742	0.627000	12.510000
597	-144.319742	0.629000	12.290000
598	-144.259742	0.627000	12.420000
599	-144.209742	0.631000	12.580000
600	-144.169742	0.631000	12.500000
601	-143.999742	0.633000	12.410000
602	-143.849742	0.635000	12.370000
603	-143.839742	0.637000	12.470000
604	-143.709742	0.637000	12.470000
605	-143.669742	0.639000	12.270000
606	-143.599742	0.639000	12.440000
607	-143.529742	0.641000	12.600000
608	-143.429742	0.641000	12.670000
609	-143.419742	0.643000	12.470000
610	-143.319742	0.645000	12.490000
611	-143.309742	0.645000	12.390000
612	-143.199742	0.647000	12.640000
613	-143.119742	0.647000	12.490000
614	-143.109742	0.649000	12.520000
615	-142.899742	0.649000	12.570000
616	-142.819742	0.649000	12.520000
617	-142.809742	0.651000	12.580000
618	-142.729742	0.654000	12.520000
619	-142.709742	0.653000	12.650000
620	-142.689742	0.653000	12.450000
621	-142.669742	0.654000	12.610000
622	-142.639742	0.656000	12.400000
623	-142.639742	0.656000	12.470000
624	-142.599742	0.656000	12.520000
625	-142.529742	0.658000	12.590000
626	-142.299742	0.660000	12.670000
627	-142.269742	0.660000	12.600000
628	-142.259742	0.662000	12.450000
629	-142.189742	0.664000	12.650000
630	-142.029742	0.664000	12.670000
631	-141.769742	0.664000	12.820000
632	-141.579742	0.666000	12.570000
633	-141.569742	0.668000	12.660000
634	-141.509742	0.668000	12.520000
635	-141.449742	0.670000	12.560000
636	-141.119742	0.670000	12.580000
637	-141.049742	0.672000	12.850000
638	-140.979742	0.672000	12.610000
639	-140.979742	0.674000	12.660000
640	-140.869742	0.674000	12.600000
641	-140.809742	0.676000	12.460000
642	-140.759742	0.676000	12.930000
643	-140.699742	0.678000	12.630000
644	-140.619742	0.678000	12.660000
645	-140.619742	0.680000	12.700000
646	-140.509742	0.680000	12.790000
647	-140.429742	0.682000	12.760000
648	-140.369742	0.682000	12.610000
649	-140.359742	0.684000	12.670000
650	-140.329742	0.686000	12.820000
651	-140.249742	0.686000	12.770000
652	-140.219742	0.688000	12.550000
653	-140.209742	0.688000	12.550000
654	-140.189742	0.688000	12.540000
655	-140.139742	0.690000	12.720000
656	-140.109742	0.692000	12.720000
657	-140.079742	0.692000	12.680000
658	-140.079742	0.694000	12.680000
659	-139.849742	0.696000	12.690000
660	-139.799742	0.696000	12.720000
661	-139.759742	0.696000	12.740000
662	-139.609742	0.697000	12.690000
663	-139.429742	0.699000	12.690000
664	-139.379742	0.699000	12.950000
665	-139.369742	0.701000	12.790000
666	-139.199742	0.701000	12.830000
667	-139.129742	0.703000	12.570000
668	-139.059742	0.703000	12.920000
669	-139.009742	0.703000	12.660000
670	-138.859742	0.705000	12.870000
671	-138.659742	0.707000	12.660000
672	-138.649742	0.707000	12.640000
673	-138.639742	0.709000	12.760000
674	-138.609742	0.709000	12.770000
675	-138.599742	0.711000	12.670000
676	-138.579742	0.711000	12.630000
677	-138.519742	0.711000	12.670000
678	-138.409742	0.713000	12.790000
679	-138.289742	0.715000	12.880000
680	-138.279742	0.717000	12.780000
681	-138.079742	0.719000	12.780000
682	-137.989742	0.721000	12.770000
683	-137.889742	0.721000	12.840000
684	-137.809742	0.723000	12.760000
685	-137.699742	0.723000	13.070000
686	-137.599742	0.725000	12.800000
687	-137.309742	0.725000	12.990000
688	-137.179742	0.725000	12.760000
689	-137.169742	0.727000	12.800000
690	-137.069742	0.729000	12.900000
691	-137.059742	0.729000	13.020000
692	-137.039742	0.731000	12.850000
693	-136.989742	0.731000	12.610000
694	-136.959742	0.733000	12.840000
695	-136.939742	0.733000	12.740000
696	-136.919742	0.735000	12.910000
697	-136.829742	0.735000	12.770000
698	-136.769742	0.737000	12.990000
699	-136.719742	0.737000	12.820000
700	-136.599742	0.738000	13.000000
701	-136.549742	0.738000	12.950000
702	-136.409742	0.740000	13.100000
703	-136.279742	0.740000	13.070000
704	-136.179742	0.742000	13.040000
705	-136.129742	0.742000	13.150000
706	-136.049742	0.744000	12.890000
707	-135.959742	0.744000	12.920000
708	-135.909742	0.746000	12.760000
709	-135.599742	0.748000	12.860000
710	-135.589742	0.748000	13.150000
711	-135.579742	0.750000	13.150000
712	-135.519742	0.750000	12.960000
713	-135.489742	0.752000	13.070000
714	-135.479742	0.752000	13.050000
715	-135.329742	0.754000	12.990000
716	-135.279742	0.754000	13.010000
717	-135.259742	0.756000	13.050000
718	-135.129742	0.756000	13.090000
719	-135.119742	0.758000	13.080000
720	-135.019742	0.760000	13.070000
721	-134.919742	0.760000	12.990000
722	-134.909742	0.762000	13.080000
723	-134.759742	0.762000	12.900000
724	-134.729742	0.764000	13.030000
725	-134.619742	0.764000	12.970000
726	-134.599742	0.766000	13.080000
727	-134.489742	0.766000	13.160000
728	-134.479742	0.768000	12.950000
729	-134.399742	0.768000	12.950000
730	-134.149742	0.770000	13.150000
731	-134.139742	0.770000	12.940000
732	-134.109742	0.772000	13.170000
733	-133.669742	0.772000	13.230000
734	-133.609742	0.774000	13.160000
735	-133.559742	0.774000	12.940000
736	-133.559742	0.776000	13.040000
737	-133.519742	0.776000	13.200000
738	-133.489742	0.778000	13.340000
739	-133.439742	0.778000	13.220000
740	-133.429742	0.779000	13.210000
741	-133.409742	0.779000	13.020000
742	-133.359742	0.781000	13.130000
743	-133.359742	0.781000	13.190000
744	-133.309742	0.783000	13.190000
745	-133.179742	0.783000	13.190000
746	-133.159742	0.785000	13.180000
747	-133.159742	0.785000	13.190000
748	-132.949742	0.787000	13.370000
749	-132.909742	0.787000	13.330000
750	-132.769742	0.789000	13.030000
751	-132.699742	0.789000	13.280000
752	-132.619742	0.791000	13.350000
753	-132.549742	0.791000	13.320000
754	-132.479742	0.793000	13.220000
755	-132.279742	0.793000	13.230000
756	-132.219742	0.795000	13.220000
757	-132.219742	0.795000	13.330000
758	-132.199742	0.797000	13.360000
759	-132.169742	0.797000	13.190000
760	-131.989742	0.801000	13.260000
761	-131.919742	0.803000	13.320000
762	-131.909742	0.803000	13.180000
763	-131.899742	0.805000	13.410000
764	-131.839742	0.805000	13.300000
765	-131.819742	0.805000	13.320000
766	-131.799742	0.807000	13.450000
767	-131.609742	0.809000	13.330000
768	-131.489742	0.809000	13.380000
769	-131.469742	0.809000	13.390000
770	-131.309742	0.811000	13.140000
771	-131.229742	0.813000	13.470000
772	-131.109742	0.813000	13.760000
773	-130.839742	0.813000	13.230000
774	-130.769742	0.815000	13.310000
775	-130.719742	0.817000	13.410000
776	-130.659742	0.815000	13.360000
777	-130.539742	0.819000	13.340000
778	-130.529742	0.819000	13.310000
779	-130.519742	0.820000	13.340000
780	-130.479742	0.820000	13.550000
781	-130.439742	0.820000	13.280000
782	-130.329742	0.822000	13.310000
783	-130.219742	0.824000	13.450000
784	-130.059742	0.824000	13.210000
785	-130.029742	0.826000	13.310000
786	-129.929742	0.826000	13.370000
787	-129.879742	0.828000	13.460000
788	-129.799742	0.828000	13.280000
789	-129.779742	0.828000	13.320000
790	-129.669742	0.832000	13.360000
791	-129.609742	0.832000	13.630000
792	-129.569742	0.834000	13.540000
793	-129.479742	0.834000	13.560000
794	-129.419742	0.836000	13.290000
795	-129.379742	0.836000	13.320000
796	-129.379742	0.836000	13.420000
797	-129.189742	0.838000	13.480000
798	-129.079742	0.840000	13.410000
799	-128.899742	0.840000	13.430000
800	-128.829742	0.842000	13.510000
801	-128.799742	0.842000	13.760000
802	-128.769742	0.844000	13.430000
803	-128.619742	0.844000	13.750000
804	-128.509742	0.844000	13.380000
805	-128.469742	0.846000	13.640000
806	-128.359742	0.846000	13.510000
807	-128.209742	0.848000	13.540000
808	-128.159742	0.848000	13.600000
809	-127.959742	0.850000	13.520000
810	-127.879742	0.852000	13.670000
811	-127.859742	0.852000	13.370000
812	-127.849742	0.854000	13.540000
813	-127.739742	0.856000	13.570000
814	-127.479742	0.856000	13.570000
815	-127.479742	0.858000	13.610000
816	-127.479742	0.858000	13.560000
817	-127.459742	0.860000	13.500000
818	-127.399742	0.860000	13.610000
819	-127.389742	0.860000	13.470000
820	-127.379742	0.863000	13.690000
821	-127.259742	0.863000	13.460000
822	-127.249742	0.865000	13.480000
823	-127.249742	0.865000	13.570000
824	-127.219742	0.867000	13.600000
825	-127.059742	0.867000	13.710000
826	-127.019742	0.867000	13.590000
827	-126.779742	0.869000	13.690000
828	-126.709742	0.871000	13.520000
829	-126.699742	0.871000	13.470000
830	-126.379742	0.871000	13.590000
831	-126.349742	0.873000	13.720000
832	-126.289742	0.875000	13.460000
833	-126.289742	0.875000	13.660000
834	-126.249742	0.875000	13.580000
835	-126.239742	0.877000	13.630000
836	-126.219742	0.879000	13.680000
837	-126.189742	0.879000	13.550000
838	-126.179742	0.881000	13.540000
839	-126.149742	0.885000	13.640000
840	-126.009742	0.885000	13.670000
841	-125.959742	0.887000	13.750000
842	-125.939742	0.887000	13.540000
843	-125.909742	0.889000	13.630000
844	-125.869742	0.889000	13.810000
845	-125.819742	0.891000	13.590000
846	-125.789742	0.891000	13.830000
847	-125.509742	0.893000	13.740000
848	-125.369742	0.893000	13.740000
849	-125.339742	0.895000	13.650000
850	-125.319742	0.897000	13.710000
851	-125.129742	0.897000	13.860000
852	-124.999742	0.899000	13.620000
853	-124.999742	0.899000	14.080000
854	-124.919742	0.901000	13.810000
855	-124.889742	0.901000	13.560000
856	-124.859742	0.903000	13.920000
857	-124.679742	0.903000	14.000000
858	-124.679742	0.904000	14.060000
859	-124.659742	0.904000	13.780000
860	-124.639742	0.906000	13.800000
861	-124.589742	0.906000	13.900000
862	-124.559742	0.908000	13.760000
863	-124.429742	0.908000	13.600000
864	-124.419742	0.910000	13.710000
865	-124.349742	0.910000	13.580000
866	-124.339742	0.912000	13.890000
867	-124.209742	0.912000	13.920000
868	-124.199742	0.914000	13.930000
869	-124.009742	0.916000	13.970000
870	-123.709742	0.916000	13.980000
871	-123.649742	0.918000	14.050000
872	-123.299742	0.918000	13.980000
873	-123.219742	0.920000	13.960000
874	-123.099742	0.920000	13.870000
875	-123.089742	0.922000	14.000000
876	-123.039742	0.922000	14.100000
877	-122.999742	0.924000	13.890000
878	-122.939742	0.924000	13.940000
879	-122.899742	0.926000	14.200000
880	-122.879742	0.928000	13.850000
881	-122.819742	0.928000	14.090000
882	-122.809742	0.930000	14.080000
883	-122.709742	0.930000	14.050000
884	-122.689742	0.932000	13.800000
885	-122.689742	0.932000	14.040000
886	-122.679742	0.936000	14.220000
887	-122.659742	0.934000	14.070000
888	-122.639742	0.936000	14.110000
889	-122.559742	0.936000	14.060000
890	-122.549742	0.938000	13.940000
891	-122.549742	0.938000	13.890000
892	-122.539742	0.940000	13.860000
893	-122.539742	0.940000	14.030000
894	-122.519742	0.942000	14.110000
895	-122.489742	0.942000	13.880000
896	-122.479742	0.944000	13.920000
897	-122.419742	0.944000	14.060000
898	-122.399742	0.946000	14.010000
899	-122.349742	0.946000	13.850000
900	-122.319742	0.947000	14.070000
901	-122.299742	0.947000	13.820000
902	-122.299742	0.949000	13.990000
903	-122.289742	0.949000	13.890000
904	-122.239742	0.951000	14.000000
905	-122.199742	0.951000	14.140000
906	-122.199742	0.953000	13.910000
907	-122.169742	0.953000	14.000000
908	-122.159742	0.955000	13.850000
909	-122.159742	0.955000	14.050000
910	-122.159742	0.957000	14.020000
911	-122.159742	0.957000	13.860000
912	-122.139742	0.959000	13.870000
913	-122.139742	0.959000	13.990000
914	-122.109742	0.961000	13.930000
915	-122.049742	0.961000	14.000000
916	-121.979742	0.963000	13.980000
917	-121.969742	0.963000	13.850000
918	-121.899742	0.965000	14.010000
919	-121.869742	0.965000	13.810000
920	-121.869742	0.969000	14.020000
921	-121.849742	0.969000	13.870000
922	-121.779742	0.969000	13.990000
923	-121.779742	0.971000	14.010000
924	-121.619742	0.973000	13.950000
925	-121.579742	0.973000	14.010000
926	-121.519742	0.975000	14.120000
927	-121.299742	0.975000	14.020000
928	-121.069742	0.977000	13.900000
929	-120.749742	0.977000	14.010000
930	-120.329742	0.979000	14.180000
931	-120.099742	0.981000	14.090000
932	-119.679742	0.981000	14.230000
933	-119.649742	0.983000	14.150000
934	-119.549742	0.983000	14.200000
935	-119.449742	0.985000	14.290000
936	-119.389742	0.985000	14.260000
937	-119.329742	0.987000	14.310000
938	-119.069742	0.987000	14.310000
939	-119.029742	0.988000	14.230000
940	-119.029742	0.988000	14.340000
941	-118.939742	0.990000	14.260000
942	-118.939742	0.990000	14.360000
943	-118.889742	0.992000	14.050000
944	-118.809742	0.992000	14.270000
945	-118.739742	0.992000	14.280000
946	-118.649742	0.994000	14.250000
947	-118.609742	0.996000	14.140000
948	-118.159742	0.996000	14.270000
949	-118.159742	0.998000	14.510000
950	-118.129742	1.000000	14.210000
951	-117.679742	1.000000	14.280000
952	-117.609742	1.000000	14.210000
953	-117.519742	1.002000	14.380000
954	-117.429742	1.004000	14.580000
955	-117.419742	1.004000	14.400000
956	-117.379742	1.006000	14.390000
957	-117.319742	1.006000	14.490000
958	-117.299742	1.008000	14.550000
959	-117.189742	1.010000	14.430000
960	-117.129742	1.010000	14.420000
961	-117.039742	1.012000	14.520000
962	-117.029742	1.012000	14.270000
963	-116.999742	1.014000	14.410000
964	-116.909742	1.014000	14.470000
965	-116.869742	1.016000	14.550000
966	-116.809742	1.016000	14.540000
967	-116.799742	1.016000	14.310000
968	-116.739742	1.018000	14.660000
969	-116.679742	1.020000	14.460000
970	-116.639742	1.020000	14.460000
971	-116.539742	1.022000	14.570000
972	-116.479742	1.022000	14.520000
973	-116.479742	1.024000	14.680000
974	-116.479742	1.024000	14.600000
975	-116.479742	1.024000	14.530000
976	-116.349742	1.026000	14.490000
977	-116.159742	1.029000	14.420000
978	-116.089742	1.028000	14.430000
979	-116.089742	1.029000	14.490000
980	-115.839742	1.031000	14.610000
981	-115.839742	1.031000	14.430000
982	-115.579742	1.031000	14.620000
983	-115.569742	1.033000	14.450000
984	-115.569742	1.035000	14.540000
985	-115.519742	1.035000	14.600000
986	-115.449742	1.037000	14.530000
987	-115.379742	1.037000	14.560000
988	-115.329742	1.039000	14.600000
989	-114.929742	1.039000	14.760000
990	-114.899742	1.039000	14.600000
991	-114.889742	1.041000	14.540000
992	-114.849742	1.045000	14.580000
993	-114.339742	1.045000	14.500000
994	-114.309742	1.045000	14.560000
995	-114.279742	1.045000	14.630000
996	-114.279742	1.047000	14.570000
997	-114.149742	1.047000	14.640000
998	-114.119742	1.049000	14.700000
999	-114.079742	1.051000	14.660000
1000	-114.019742	1.053000	14.540000
1001	-113.759742	1.055000	14.580000
1002	-113.529742	1.055000	14.710000
1003	-113.509742	1.057000	14.730000
1004	-113.479742	1.057000	14.530000
1005	-113.399742	1.059000	14.590000
1006	-113.209742	1.059000	14.610000
1007	-113.159742	1.061000	14.590000
1008	-113.149742	1.061000	14.860000
1009	-113.079742	1.063000	14.680000
1010	-113.059742	1.063000	14.780000
1011	-112.809742	1.065000	14.660000
1012	-112.749742	1.065000	14.620000
1013	-112.739742	1.067000	14.890000
1014	-112.719742	1.067000	14.570000
1015	-112.659742	1.069000	14.680000
1016	-112.649742	1.069000	14.930000
1017	-112.499742	1.070000	14.690000
1018	-112.389742	1.070000	14.760000
1019	-112.339742	1.072000	14.750000
1020	-112.269742	1.074000	14.850000
1021	-112.169742	1.074000	14.660000
1022	-112.129742	1.076000	14.610000
1023	-112.109742	1.076000	14.740000
1024	-111.979742	1.078000	14.750000
1025	-111.949742	1.078000	14.690000
1026	-111.729742	1.080000	14.850000
1027	-111.679742	1.080000	14.820000
1028	-111.579742	1.080000	14.900000
1029	-111.159742	1.082000	14.820000
1030	-110.979742	1.084000	14.840000
1031	-110.949742	1.084000	14.860000
1032	-110.929742	1.086000	14.710000
1033	-110.879742	1.086000	14.930000
1034	-110.809742	1.088000	14.660000
1035	-110.689742	1.088000	14.780000
1036	-110.689742	1.092000	14.720000
1037	-110.689742	1.092000	14.720000
1038	-110.669742	1.092000	14.720000
1039	-110.589742	1.092000	15.070000
1040	-110.569742	1.094000	15.010000
1041	-110.419742	1.094000	14.780000
1042	-110.369742	1.096000	14.700000
1043	-110.359742	1.096000	14.930000
1044	-110.229742	1.098000	14.950000
1045	-110.099742	1.098000	14.850000
1046	-110.099742	1.100000	14.860000
1047	-110.099742	1.100000	14.760000
1048	-110.089742	1.102000	14.860000
1049	-110.079742	1.102000	14.780000
1050	-110.069742	1.104000	14.880000
1051	-110.049742	1.104000	14.960000
1052	-110.009742	1.106000	14.860000
1053	-109.949742	1.106000	14.710000
1054	-109.879742	1.108000	14.840000
1055	-109.839742	1.108000	14.900000
1056	-109.819742	1.110000	14.640000
1057	-109.809742	1.110000	14.590000
1058	-109.679742	1.112000	14.670000
1059	-109.649742	1.112000	14.960000
1060	-109.559742	1.113000	15.040000
1061	-109.429742	1.113000	14.800000
1062	-109.199742	1.115000	14.760000
1063	-109.199742	1.115000	14.920000
1064	-109.099742	1.117000	14.690000
1065	-109.039742	1.117000	14.830000
1066	-108.969742	1.119000	14.930000
1067	-108.859742	1.119000	14.930000
1068	-108.859742	1.121000	15.020000
1069	-108.449742	1.121000	14.850000
1070	-108.399742	1.123000	14.990000
1071	-108.279742	1.125000	14.810000
1072	-108.109742	1.125000	15.000000
1073	-108.049742	1.127000	14.970000
1074	-108.049742	1.127000	14.860000
1075	-107.999742	1.129000	14.770000
1076	-107.929742	1.129000	14.940000
1077	-107.849742	1.131000	14.840000
1078	-107.839742	1.131000	14.930000
1079	-107.839742	1.133000	14.820000
1080	-107.789742	1.137000	14.950000
1081	-107.639742	1.137000	15.060000
1082	-107.549742	1.139000	15.060000
1083	-107.459742	1.139000	15.030000
1084	-107.359742	1.141000	14.910000
1085	-107.319742	1.141000	15.040000
1086	-107.209742	1.141000	14.960000
1087	-106.949742	1.143000	14.960000
1088	-106.949742	1.145000	14.980000
1089	-106.919742	1.145000	14.780000
1090	-106.709742	1.147000	15.130000
1091	-106.689742	1.147000	14.880000
1092	-106.569742	1.149000	15.100000
1093	-106.519742	1.149000	15.110000
1094	-106.329742	1.149000	15.110000
1095	-106.289742	1.151000	14.750000
1096	-106.259742	1.154000	14.930000
1097	-106.089742	1.154000	14.970000
1098	-106.049742	1.154000	14.960000
1099	-105.729742	1.154000	15.110000
1100	-105.719742	1.156000	15.200000
1101	-105.629742	1.156000	15.080000
1102	-105.459742	1.156000	15.190000
1103	-105.449742	1.158000	15.020000
1104	-105.439742	1.160000	14.990000
1105	-105.409742	1.160000	15.140000
1106	-105.399742	1.162000	15.020000
1107	-105.359742	1.162000	15.160000
1108	-105.319742	1.164000	15.110000
1109	-105.239742	1.164000	15.060000
1110	-105.229742	1.166000	15.120000
1111	-105.209742	1.168000	15.200000
1112	-105.139742	1.168000	15.140000
1113	-105.109742	1.170000	15.140000
1114	-105.059742	1.170000	15.140000
1115	-104.969742	1.172000	15.140000
1116	-104.879742	1.172000	15.140000
1117	-104.809742	1.172000	15.240000
1118	-104.729742	1.174000	15.230000
1119	-104.719742	1.174000	15.330000
1120	-104.679742	1.176000	15.080000
1121	-104.679742	1.176000	15.150000
1122	-104.639742	1.178000	15.150000
1123	-104.529742	1.180000	15.180000
1124	-104.329742	1.180000	15.150000
1125	-104.319742	1.180000	15.180000
1126	-104.219742	1.182000	15.250000
1127	-104.149742	1.184000	15.350000
1128	-104.109742	1.184000	15.260000
1129	-104.069742	1.186000	15.260000
1130	-104.049742	1.186000	15.190000
1131	-103.959742	1.188000	15.190000
1132	-103.949742	1.188000	15.180000
1133	-103.789742	1.188000	15.330000
1134	-103.729742	1.190000	15.410000
1135	-103.709742	1.192000	15.210000
1136	-103.549742	1.192000	15.500000
1137	-103.469742	1.194000	15.160000
1138	-103.459742	1.194000	15.460000
1139	-103.409742	1.196000	15.300000
1140	-103.299742	1.196000	14.970000
1141	-103.239742	1.197000	15.460000
1142	-103.169742	1.201000	15.330000
1143	-103.069742	1.199000	15.200000
1144	-102.779742	1.201000	15.470000
1145	-102.759742	1.201000	15.300000
1146	-102.709742	1.203000	15.370000
1147	-102.589742	1.203000	15.280000
1148	-102.559742	1.203000	15.320000
1149	-102.519742	1.205000	15.360000
1150	-102.459742	1.205000	15.340000
1151	-102.439742	1.207000	15.230000
1152	-102.139742	1.209000	15.560000
1153	-101.879742	1.211000	15.320000
1154	-101.819742	1.211000	15.260000
1155	-101.809742	1.211000	15.380000
1156	-101.639742	1.213000	15.290000
1157	-101.569742	1.215000	15.350000
1158	-101.559742	1.215000	15.500000
1159	-101.529742	1.217000	15.510000
1160	-101.519742	1.219000	15.360000
1161	-101.389742	1.221000	15.470000
1162	-101.369742	1.221000	15.540000
1163	-101.329742	1.223000	15.560000
1164	-101.309742	1.221000	15.390000
1165	-101.289742	1.225000	15.430000
1166	-101.229742	1.225000	15.240000
1167	-101.209742	1.227000	15.380000
1168	-101.159742	1.227000	15.540000
1169	-100.989742	1.229000	15.270000
1170	-100.799742	1.229000	15.480000
1171	-100.739742	1.231000	15.460000
1172	-100.549742	1.233000	15.730000
1173	-100.499742	1.233000	15.650000
1174	-100.309742	1.235000	15.630000
1175	-100.209742	1.235000	15.600000
1176	-100.119742	1.237000	15.770000
1177	-99.959742	1.237000	15.630000
1178	-99.909742	1.238000	15.790000
1179	-99.779742	1.238000	15.780000
1180	-99.759742	1.240000	15.670000
1181	-99.739742	1.240000	15.660000
1182	-99.649742	1.242000	15.710000
1183	-99.629742	1.242000	15.570000
1184	-99.609742	1.244000	15.780000
1185	-99.549742	1.244000	15.740000
1186	-99.499742	1.246000	15.620000
1187	-99.419742	1.246000	15.600000
1188	-99.399742	1.248000	15.560000
1189	-99.369742	1.248000	15.560000
1190	-99.299742	1.250000	15.790000
1191	-99.289742	1.252000	15.540000
1192	-99.259742	1.252000	15.730000
1193	-99.179742	1.254000	15.440000
1194	-99.099742	1.254000	15.570000
1195	-98.989742	1.256000	15.670000
1196	-98.979742	1.256000	15.590000
1197	-98.979742	1.258000	15.640000
1198	-98.859742	1.258000	15.790000
1199	-98.859742	1.260000	15.590000
1200	-98.659742	1.260000	15.820000
1201	-98.529742	1.262000	15.840000
1202	-98.519742	1.264000	15.650000
1203	-98.489742	1.264000	15.610000
1204	-98.459742	1.266000	15.780000
1205	-98.309742	1.266000	15.620000
1206	-98.139742	1.268000	15.650000
1207	-97.999742	1.268000	15.830000
1208	-97.969742	1.270000	15.540000
1209	-97.889742	1.270000	15.720000
1210	-97.849742	1.272000	15.690000
1211	-97.749742	1.274000	15.700000
1212	-97.659742	1.274000	15.770000
1213	-97.629742	1.276000	15.750000
1214	-97.569742	1.276000	15.820000
1215	-97.439742	1.278000	15.780000
1216	-97.269742	1.278000	15.700000
1217	-97.189742	1.279000	15.750000
1218	-97.169742	1.279000	15.550000
1219	-97.129742	1.281000	15.770000
1220	-97.059742	1.281000	15.620000
1221	-97.009742	1.283000	15.850000
1222	-96.899742	1.283000	15.960000
1223	-96.799742	1.285000	15.580000
1224	-96.749742	1.285000	15.660000
1225	-96.459742	1.287000	15.660000
1226	-96.349742	1.287000	15.790000
1227	-96.319742	1.289000	15.930000
1228	-96.259742	1.289000	15.750000
1229	-96.039742	1.291000	15.860000
1230	-96.039742	1.291000	15.880000
1231	-96.019742	1.293000	15.710000
1232	-96.019742	1.295000	15.820000
1233	-95.909742	1.295000	15.930000
1234	-95.869742	1.297000	15.890000
1235	-95.779742	1.297000	15.750000
1236	-95.779742	1.301000	15.720000
1237	-95.609742	1.301000	15.920000
1238	-95.519742	1.303000	15.960000
1239	-95.499742	1.303000	15.810000
1240	-95.469742	1.305000	15.790000
1241	-95.399742	1.305000	16.000000
1242	-95.349742	1.305000	16.140000
1243	-95.299742	1.307000	15.710000
1244	-95.229742	1.309000	15.830000
1245	-95.129742	1.309000	15.770000
1246	-95.119742	1.311000	15.930000
1247	-94.979742	1.311000	15.730000
1248	-94.739742	1.313000	15.940000
1249	-94.739742	1.313000	16.020000
1250	-94.699742	1.315000	15.850000
1251	-94.529742	1.317000	15.900000
1252	-94.239742	1.317000	16.010000
1253	-94.139742	1.319000	16.090000
1254	-94.119742	1.319000	16.040000
1255	-94.019742	1.320000	16.090000
1256	-93.959742	1.320000	16.000000
1257	-93.919742	1.320000	15.770000
1258	-93.829742	1.322000	15.890000
1259	-93.799742	1.324000	16.060000
1260	-93.589742	1.324000	15.950000
1261	-93.489742	1.326000	16.020000
1262	-93.469742	1.326000	15.960000
1263	-93.369742	1.328000	15.930000
1264	-93.299742	1.328000	15.890000
1265	-93.299742	1.328000	15.950000
1266	-93.269742	1.330000	16.100000
1267	-93.199742	1.332000	16.000000
1268	-92.939742	1.332000	16.040000
1269	-92.889742	1.332000	15.890000
1270	-92.869742	1.336000	16.150000
1271	-92.789742	1.336000	15.950000
1272	-92.669742	1.336000	16.080000
1273	-92.529742	1.338000	15.930000
1274	-92.509742	1.340000	15.740000
1275	-92.499742	1.340000	16.020000
1276	-92.329742	1.342000	16.010000
1277	-92.229742	1.342000	15.990000
1278	-92.179742	1.344000	16.110000
1279	-92.099742	1.344000	16.010000
1280	-92.029742	1.346000	16.100000
1281	-91.959742	1.346000	15.860000
1282	-91.659742	1.348000	16.030000
1283	-91.639742	1.348000	15.980000
1284	-91.619742	1.350000	16.120000
1285	-91.379742	1.350000	16.350000
1286	-91.359742	1.352000	16.190000
1287	-91.309742	1.352000	16.150000
1288	-91.219742	1.352000	15.950000
1289	-91.209742	1.354000	16.270000
1290	-91.019742	1.356000	16.290000
1291	-90.999742	1.358000	16.110000
1292	-90.999742	1.358000	16.330000
1293	-90.989742	1.360000	16.170000
1294	-90.989742	1.360000	16.150000
1295	-90.879742	1.360000	16.110000
1296	-90.839742	1.362000	16.130000
1297	-90.829742	1.363000	16.260000
1298	-90.789742	1.363000	16.230000
1299	-90.689742	1.363000	16.350000
1300	-90.669742	1.365000	16.270000
1301	-90.649742	1.367000	16.450000
1302	-90.629742	1.367000	16.210000
1303	-90.629742	1.367000	16.340000
1304	-90.419742	1.369000	16.220000
1305	-90.399742	1.371000	16.220000
1306	-90.309742	1.373000	16.280000
1307	-90.299742	1.373000	16.370000
1308	-90.229742	1.373000	16.200000
1309	-90.059742	1.375000	16.270000
1310	-90.049742	1.377000	16.070000
1311	-89.919742	1.377000	16.240000
1312	-89.899742	1.379000	16.360000
1313	-89.809742	1.379000	16.200000
1314	-89.769742	1.381000	16.580000
1315	-89.679742	1.381000	16.160000
1316	-89.649742	1.385000	16.370000
1317	-89.549742	1.385000	16.240000
1318	-89.409742	1.387000	16.340000
1319	-89.319742	1.387000	16.260000
1320	-89.159742	1.389000	16.240000
1321	-89.099742	1.389000	16.360000
1322	-89.079742	1.391000	16.170000
1323	-89.019742	1.391000	16.370000
1324	-88.919742	1.393000	16.430000
1325	-88.829742	1.393000	16.360000
1326	-88.759742	1.395000	16.290000
1327	-88.589742	1.395000	16.300000
1328	-88.579742	1.397000	16.130000
1329	-88.489742	1.397000	16.410000
1330	-88.379742	1.399000	16.380000
1331	-88.359742	1.401000	16.200000
1332	-88.349742	1.401000	16.390000
1333	-88.269742	1.403000	16.530000
1334	-88.119742	1.403000	16.260000
1335	-87.839742	1.404000	16.520000
1336	-87.729742	1.404000	16.440000
1337	-87.639742	1.406000	16.260000
1338	-87.449742	1.406000	16.420000
1339	-87.379742	1.408000	16.280000
1340	-87.359742	1.408000	16.410000
1341	-87.299742	1.410000	16.460000
1342	-87.259742	1.410000	16.290000
1343	-87.119742	1.412000	16.500000
1344	-87.079742	1.412000	16.510000
1345	-86.929742	1.414000	16.590000
1346	-86.919742	1.414000	16.660000
1347	-86.889742	1.416000	16.500000
1348	-86.839742	1.416000	16.490000
1349	-86.789742	1.418000	16.600000
1350	-86.789742	1.418000	16.580000
1351	-86.749742	1.420000	16.520000
1352	-86.679742	1.420000	16.400000
1353	-86.649742	1.422000	16.520000
1354	-86.639742	1.422000	16.550000
1355	-86.579742	1.424000	16.520000
1356	-86.559742	1.424000	16.430000
1357	-86.549742	1.426000	16.640000
1358	-86.459742	1.426000	16.480000
1359	-86.319742	1.428000	16.670000
1360	-85.979742	1.428000	16.590000
1361	-85.889742	1.430000	16.550000
1362	-85.779742	1.430000	16.600000
1363	-85.519742	1.432000	16.420000
1364	-85.459742	1.432000	16.660000
1365	-85.369742	1.434000	16.710000
1366	-85.299742	1.434000	16.580000
1367	-85.249742	1.436000	16.650000
1368	-85.189742	1.436000	16.020000
1369	-85.149742	1.438000	16.670000
1370	-85.139742	1.438000	16.620000
1371	-85.089742	1.440000	16.550000
1372	-85.019742	1.442000	16.590000
1373	-85.019742	1.442000	16.500000
1374	-85.009742	1.444000	16.710000
1375	-84.869742	1.444000	16.550000
1376	-84.739742	1.446000	16.550000
1377	-84.639742	1.446000	16.570000
1378	-84.589742	1.447000	16.660000
1379	-84.579742	1.447000	16.530000
1380	-84.569742	1.449000	16.600000
1381	-84.559742	1.449000	16.450000
1382	-84.499742	1.451000	16.570000
1383	-84.469742	1.451000	16.320000
1384	-84.469742	1.453000	16.750000
1385	-84.439742	1.453000	16.690000
1386	-84.359742	1.455000	16.680000
1387	-84.159742	1.455000	16.550000
1388	-83.899742	1.457000	16.790000
1389	-83.819742	1.457000	16.510000
1390	-83.609742	1.459000	16.790000
1391	-83.599742	1.461000	16.790000
1392	-83.389742	1.461000	16.790000
1393	-83.129742	1.463000	16.520000
1394	-83.119742	1.463000	16.650000
1395	-82.979742	1.465000	16.750000
1396	-82.829742	1.465000	16.590000
1397	-82.729742	1.469000	15.860000
1398	-82.659742	1.469000	16.640000
1399	-82.579742	1.469000	16.580000
1400	-82.569742	1.473000	15.450000
1401	-82.549742	1.473000	15.550000
1402	-82.509742	1.475000	15.830000
1403	-82.409742	1.475000	15.520000
1404	-82.309742	1.477000	15.390000
1405	-82.169742	1.477000	15.330000
1406	-82.159742	1.477000	16.710000
1407	-82.079742	1.479000	15.660000
1408	-82.029742	1.481000	15.440000
1409	-82.029742	1.481000	15.360000
1410	-81.969742	1.481000	15.600000
1411	-81.809742	1.483000	15.480000
1412	-81.779742	1.485000	15.390000
1413	-81.539742	1.485000	15.310000
1414	-81.539742	1.485000	15.350000
1415	-81.459742	1.487000	15.370000
1416	-81.409742	1.488000	15.420000
1417	-81.129742	1.488000	15.350000
1418	-81.119742	1.490000	15.630000
1419	-81.089742	1.490000	15.500000
1420	-80.949742	1.492000	15.420000
1421	-80.919742	1.492000	15.410000
1422	-80.869742	1.492000	15.800000
1423	-80.839742	1.494000	15.500000
1424	-80.759742	1.496000	15.860000
1425	-80.729742	1.496000	15.380000
1426	-80.599742	1.498000	15.630000
1427	-80.509742	1.498000	15.780000
1428	-80.439742	1.500000	15.820000
1429	-80.379742	1.500000	15.530000
1430	-80.219742	1.502000	15.670000
1431	-80.169742	1.502000	15.690000
1432	-80.169742	1.504000	15.740000
1433	-80.149742	1.504000	15.600000
1434	-80.109742	1.506000	15.720000
1435	-80.039742	1.506000	15.710000
1436	-80.019742	1.508000	15.700000
1437	-79.999742	1.508000	15.650000
1438	-79.979742	1.508000	15.780000
1439	-79.839742	1.510000	15.650000
1440	-79.709742	1.514000	15.760000
1441	-79.699742	1.514000	15.720000
1442	-79.509742	1.514000	15.950000
1443	-79.469742	1.516000	15.640000
1444	-79.449742	1.516000	15.630000
1445	-79.419742	1.516000	15.810000
1446	-79.219742	1.518000	15.750000
1447	-79.179742	1.520000	15.820000
1448	-79.109742	1.520000	15.830000
1449	-79.049742	1.522000	15.780000
1450	-78.969742	1.522000	15.690000
1451	-78.959742	1.524000	15.870000
1452	-78.949742	1.524000	15.720000
1453	-78.759742	1.524000	15.740000
1454	-78.689742	1.526000	15.720000
1455	-78.669742	1.528000	15.770000
1456	-78.589742	1.528000	15.780000
1457	-78.519742	1.529000	15.760000
1458	-78.299742	1.529000	15.840000
1459	-78.269742	1.531000	15.930000
1460	-78.139742	1.531000	15.680000
1461	-78.099742	1.533000	15.850000
1462	-78.079742	1.535000	15.870000
1463	-78.059742	1.535000	15.820000
1464	-77.989742	1.537000	15.820000
1465	-77.829742	1.537000	15.830000
1466	-77.619742	1.539000	15.630000
1467	-77.549742	1.539000	15.920000
1468	-77.539742	1.541000	15.750000
1469	-77.369742	1.541000	15.800000
1470	-77.029742	1.543000	15.940000
1471	-76.989742	1.543000	15.680000
1472	-76.919742	1.545000	15.950000
1473	-76.919742	1.545000	15.910000
1474	-76.879742	1.547000	15.860000
1475	-76.839742	1.547000	16.070000
1476	-76.769742	1.551000	15.850000
1477	-76.709742	1.551000	16.010000
1478	-76.709742	1.553000	16.020000
1479	-76.559742	1.553000	15.900000
1480	-76.509742	1.555000	15.950000
1481	-76.489742	1.557000	15.820000
1482	-76.439742	1.557000	15.990000
1483	-76.409742	1.559000	16.180000
1484	-76.149742	1.559000	15.910000
1485	-76.139742	1.561000	15.790000
1486	-76.129742	1.561000	15.830000
1487	-76.119742	1.563000	15.990000
1488	-75.999742	1.563000	15.930000
1489	-75.989742	1.565000	16.000000
1490	-75.969742	1.565000	16.040000
1491	-75.949742	1.567000	15.920000
1492	-75.909742	1.567000	15.860000
1493	-75.899742	1.569000	15.970000
1494	-75.739742	1.569000	16.010000
1495	-75.699742	1.570000	15.930000
1496	-75.499742	1.570000	15.850000
1497	-75.359742	1.572000	16.070000
1498	-75.269742	1.572000	16.010000
1499	-75.199742	1.576000	15.920000
1500	-75.179742	1.574000	16.070000
1501	-74.989742	1.576000	16.050000
1502	-74.889742	1.576000	16.150000
1503	-74.819742	1.578000	15.990000
1504	-74.559742	1.578000	16.010000
1505	-74.519742	1.580000	16.130000
1506	-74.519742	1.580000	16.100000
1507	-74.179742	1.582000	16.370000
1508	-74.139742	1.582000	16.070000
1509	-74.059742	1.584000	16.060000
1510	-73.929742	1.584000	16.210000
1511	-73.809742	1.586000	16.220000
1512	-73.759742	1.588000	16.050000
1513	-73.759742	1.588000	16.220000
1514	-73.689742	1.590000	16.050000
1515	-73.669742	1.590000	16.130000
1516	-73.569742	1.592000	16.260000
1517	-73.509742	1.592000	16.130000
1518	-73.499742	1.594000	16.090000
1519	-73.449742	1.594000	16.240000
1520	-73.439742	1.596000	16.100000
1521	-73.369742	1.596000	16.030000
1522	-73.289742	1.598000	16.160000
1523	-73.279742	1.598000	16.140000
1524	-73.259742	1.600000	16.140000
1525	-73.249742	1.600000	16.170000
1526	-73.249742	1.602000	16.190000
1527	-73.189742	1.602000	16.160000
1528	-73.139742	1.604000	16.280000
1529	-73.039742	1.604000	16.210000
1530	-72.999742	1.606000	16.220000
1531	-72.969742	1.606000	16.080000
1532	-72.729742	1.608000	16.170000
1533	-72.659742	1.610000	16.250000
1534	-72.629742	1.610000	16.150000
1535	-72.579742	1.612000	16.150000
1536	-72.509742	1.612000	16.200000
1537	-72.419742	1.613000	16.080000
1538	-72.369742	1.613000	16.190000
1539	-72.359742	1.615000	16.310000
1540	-72.329742	1.615000	16.240000
1541	-72.239742	1.617000	16.120000
1542	-72.179742	1.619000	16.210000
1543	-72.119742	1.619000	16.220000
1544	-72.099742	1.621000	16.270000
1545	-71.969742	1.621000	16.140000
1546	-71.939742	1.623000	16.170000
1547	-71.859742	1.623000	16.230000
1548	-71.609742	1.625000	16.220000
1549	-71.579742	1.625000	16.270000
1550	-71.429742	1.627000	16.110000
1551	-71.129742	1.629000	16.400000
1552	-71.109742	1.629000	16.360000
1553	-70.969742	1.631000	16.430000
1554	-70.799742	1.631000	16.350000
1555	-70.799742	1.633000	16.300000
1556	-70.749742	1.635000	16.360000
1557	-70.689742	1.637000	16.370000
1558	-70.649742	1.637000	16.400000
1559	-70.469742	1.637000	16.340000
1560	-70.419742	1.639000	16.420000
1561	-70.249742	1.641000	16.340000
1562	-70.219742	1.641000	16.420000
1563	-70.189742	1.641000	16.530000
1564	-70.169742	1.643000	16.400000
1565	-70.139742	1.645000	16.570000
1566	-70.059742	1.645000	16.200000
1567	-70.039742	1.647000	16.550000
1568	-69.999742	1.647000	16.370000
1569	-69.989742	1.649000	16.460000
1570	-69.979742	1.649000	16.340000
1571	-69.919742	1.649000	16.430000
1572	-69.789742	1.651000	16.500000
1573	-69.779742	1.653000	16.560000
1574	-69.769742	1.653000	16.320000
1575	-69.759742	1.654000	16.340000
1576	-69.629742	1.654000	16.320000
1577	-69.529742	1.656000	16.480000
1578	-69.199742	1.656000	16.510000
1579	-69.119742	1.656000	16.600000
1580	-68.789742	1.658000	16.490000
1581	-68.749742	1.660000	16.460000
1582	-68.739742	1.662000	16.370000
1583	-68.679742	1.662000	16.390000
1584	-68.679742	1.664000	16.440000
1585	-68.679742	1.664000	16.460000
1586	-68.619742	1.664000	16.350000
1587	-68.559742	1.666000	16.570000
1588	-68.529742	1.670000	16.420000
1589	-68.469742	1.670000	16.590000
1590	-68.359742	1.670000	16.490000
1591	-68.299742	1.670000	16.580000
1592	-68.229742	1.672000	16.540000
1593	-68.219742	1.672000	16.460000
1594	-68.189742	1.672000	16.520000
1595	-68.059742	1.674000	16.420000
1596	-67.959742	1.676000	16.600000
1597	-67.929742	1.674000	16.520000
1598	-67.839742	1.678000	16.600000
1599	-67.639742	1.678000	16.580000
1600	-67.519742	1.680000	16.650000
1601	-67.379742	1.680000	16.600000
1602	-67.299742	1.682000	16.480000
1603	-67.219742	1.684000	16.460000
1604	-67.199742	1.684000	16.580000
1605	-67.149742	1.686000	16.560000
1606	-66.999742	1.686000	16.650000
1607	-66.779742	1.688000	16.710000
1608	-66.719742	1.688000	16.580000
1609	-66.639742	1.688000	16.730000
1610	-66.599742	1.692000	16.880000
1611	-66.469742	1.692000	16.590000
1612	-66.399742	1.694000	17.000000
1613	-66.249742	1.694000	16.770000
1614	-66.219742	1.696000	16.760000
1615	-66.199742	1.696000	16.740000
1616	-66.169742	1.696000	16.650000
1617	-66.089742	1.697000	16.690000
1618	-66.079742	1.699000	16.720000
1619	-66.069742	1.699000	16.670000
1620	-66.069742	1.699000	16.730000
1621	-66.019742	1.701000	16.750000
1622	-66.019742	1.703000	16.760000
1623	-65.779742	1.703000	16.640000
1624	-65.609742	1.703000	16.760000
1625	-65.509742	1.705000	16.710000
1626	-65.469742	1.707000	16.720000
1627	-65.359742	1.705000	16.630000
1628	-65.349742	1.709000	16.600000
1629	-65.189742	1.709000	16.560000
1630	-65.019742	1.711000	16.780000
1631	-64.839742	1.711000	16.720000
1632	-64.819742	1.713000	16.940000
1633	-64.789742	1.715000	16.760000
1634	-64.709742	1.715000	16.850000
1635	-64.649742	1.717000	16.960000
1636	-64.539742	1.719000	16.930000
1637	-64.539742	1.721000	17.000000
1638	-64.479742	1.721000	16.830000
1639	-64.429742	1.723000	16.970000
1640	-64.429742	1.723000	17.020000
1641	-64.399742	1.725000	16.860000
1642	-64.399742	1.725000	16.940000
1643	-64.359742	1.727000	16.960000
1644	-64.219742	1.727000	16.820000
1645	-64.079742	1.729000	16.900000
1646	-64.069742	1.729000	16.990000
1647	-63.969742	1.731000	16.900000
1648	-63.729742	1.731000	16.900000
1649	-63.519742	1.733000	17.020000
1650	-63.359742	1.733000	16.780000
1651	-63.269742	1.735000	16.850000
1652	-63.249742	1.735000	16.950000
1653	-63.239742	1.737000	16.930000
1654	-63.149742	1.737000	17.020000
1655	-63.139742	1.738000	16.870000
1656	-63.129742	1.738000	16.880000
1657	-62.969742	1.740000	16.910000
1658	-62.739742	1.740000	16.910000
1659	-62.559742	1.742000	16.910000
1660	-62.509742	1.742000	16.810000
1661	-62.379742	1.744000	16.820000
1662	-62.289742	1.746000	16.800000
1663	-62.049742	1.746000	16.920000
1664	-62.029742	1.748000	17.020000
1665	-61.919742	1.748000	17.050000
1666	-61.749742	1.750000	17.250000
1667	-61.719742	1.750000	17.100000
1668	-61.689742	1.752000	17.150000
1669	-61.679742	1.752000	17.010000
1670	-61.659742	1.754000	17.000000
1671	-61.639742	1.754000	17.080000
1672	-61.589742	1.756000	17.070000
1673	-61.349742	1.756000	17.080000
1674	-61.319742	1.758000	17.070000
1675	-61.249742	1.758000	17.220000
1676	-61.099742	1.760000	16.920000
1677	-61.079742	1.760000	17.170000
1678	-61.049742	1.762000	16.940000
1679	-60.979742	1.762000	17.060000
1680	-60.899742	1.764000	17.220000
1681	-60.899742	1.766000	17.140000
1682	-60.879742	1.766000	17.110000
1683	-60.859742	1.768000	17.120000
1684	-60.649742	1.768000	16.980000
1685	-60.609742	1.770000	17.100000
1686	-60.449742	1.770000	17.170000
1687	-60.339742	1.772000	17.000000
1688	-60.319742	1.772000	17.160000
1689	-60.089742	1.774000	17.160000
1690	-60.089742	1.774000	16.930000
1691	-60.019742	1.776000	17.120000
1692	-59.969742	1.776000	16.950000
1693	-59.839742	1.778000	17.180000
1694	-59.789742	1.778000	17.090000
1695	-59.779742	1.779000	17.390000
1696	-59.769742	1.779000	17.140000
1697	-59.719742	1.781000	17.040000
1698	-59.719742	1.781000	17.250000
1699	-59.719742	1.783000	17.350000
1700	-59.689742	1.783000	16.990000
1701	-59.489742	1.785000	17.350000
1702	-59.459742	1.785000	17.100000
1703	-59.299742	1.787000	17.190000
1704	-59.219742	1.787000	17.150000
1705	-59.159742	1.789000	17.180000
1706	-59.139742	1.789000	17.340000
1707	-59.039742	1.791000	17.280000
1708	-59.019742	1.791000	17.190000
1709	-58.749742	1.795000	17.140000
1710	-58.709742	1.795000	17.290000
1711	-58.679742	1.795000	17.350000
1712	-58.479742	1.795000	17.220000
1713	-58.439742	1.797000	17.170000
1714	-58.359742	1.797000	17.340000
1715	-58.299742	1.801000	17.240000
1716	-58.299742	1.801000	17.310000
1717	-58.299742	1.803000	17.020000
1718	-58.169742	1.803000	17.310000
1719	-57.929742	1.805000	17.420000
1720	-57.889742	1.805000	17.180000
1721	-57.799742	1.807000	17.160000
1722	-57.769742	1.809000	17.190000
1723	-57.619742	1.809000	17.230000
1724	-57.619742	1.811000	17.210000
1725	-57.529742	1.811000	17.200000
1726	-57.529742	1.813000	17.220000
1727	-57.429742	1.813000	17.300000
1728	-57.349742	1.813000	17.240000
1729	-57.309742	1.815000	17.250000
1730	-57.259742	1.815000	17.380000
1731	-57.259742	1.817000	17.260000
1732	-57.229742	1.817000	17.330000
1733	-57.119742	1.819000	17.320000
1734	-56.909742	1.820000	17.330000
1735	-56.909742	1.820000	17.200000
1736	-56.879742	1.820000	17.350000
1737	-56.719742	1.822000	17.210000
1738	-56.709742	1.824000	17.340000
1739	-56.689742	1.824000	17.340000
1740	-56.509742	1.826000	17.400000
1741	-56.419742	1.826000	17.420000
1742	-56.319742	1.828000	17.170000
1743	-56.259742	1.828000	17.400000
1744	-56.259742	1.828000	17.300000
1745	-56.259742	1.830000	17.340000
1746	-56.039742	1.832000	17.580000
1747	-55.859742	1.832000	17.470000
1748	-55.649742	1.834000	17.540000
1749	-55.489742	1.834000	17.370000
1750	-55.339742	1.836000	17.420000
1751	-55.259742	1.836000	17.530000
1752	-55.129742	1.838000	17.530000
1753	-55.069742	1.838000	17.540000
1754	-55.039742	1.840000	17.310000
1755	-55.039742	1.840000	17.490000
1756	-54.989742	1.842000	17.410000
1757	-54.969742	1.842000	17.420000
1758	-54.969742	1.844000	17.470000
1759	-54.959742	1.844000	17.490000
1760	-54.799742	1.846000	17.520000
1761	-54.799742	1.846000	17.340000
1762	-54.699742	1.848000	17.570000
1763	-54.689742	1.848000	17.540000
1764	-54.679742	1.850000	17.560000
1765	-54.659742	1.850000	17.350000
1766	-54.629742	1.852000	17.440000
1767	-54.369742	1.852000	17.410000
1768	-54.319742	1.852000	17.500000
1769	-54.229742	1.854000	17.510000
1770	-54.219742	1.856000	17.440000
1771	-54.169742	1.856000	17.610000
1772	-54.159742	1.858000	17.440000
1773	-54.079742	1.860000	17.590000
1774	-53.969742	1.860000	17.680000
1775	-53.929742	1.860000	17.350000
1776	-53.839742	1.862000	17.690000
1777	-53.649742	1.863000	17.660000
1778	-53.609742	1.863000	17.620000
1779	-53.549742	1.865000	17.440000
1780	-53.459742	1.865000	17.730000
1781	-53.359742	1.867000	17.580000
1782	-53.309742	1.867000	17.740000
1783	-53.269742	1.867000	17.620000
1784	-53.249742	1.869000	17.670000
1785	-53.059742	1.871000	17.660000
1786	-52.889742	1.871000	17.510000
1787	-52.829742	1.873000	17.790000
1788	-52.819742	1.873000	17.560000
1789	-52.809742	1.875000	17.730000
1790	-52.669742	1.875000	17.720000
1791	-52.649742	1.877000	17.680000
1792	-52.619742	1.877000	17.540000
1793	-52.599742	1.879000	17.570000
1794	-52.459742	1.881000	17.790000
1795	-52.289742	1.881000	17.640000
1796	-52.289742	1.885000	17.740000
1797	-52.209742	1.885000	17.770000
1798	-52.189742	1.887000	17.680000
1799	-52.049742	1.887000	17.820000
1800	-51.899742	1.889000	17.830000
1801	-51.879742	1.889000	17.650000
1802	-51.879742	1.891000	17.730000
1803	-51.859742	1.893000	17.820000
1804	-51.759742	1.893000	17.760000
1805	-51.499742	1.895000	17.750000
1806	-51.459742	1.895000	17.940000
1807	-51.359742	1.897000	17.850000
1808	-51.339742	1.897000	17.950000
1809	-51.249742	1.899000	17.880000
1810	-51.159742	1.899000	17.760000
1811	-51.139742	1.901000	17.740000
1812	-51.139742	1.901000	17.830000
1813	-51.119742	1.903000	17.920000
1814	-51.049742	1.903000	17.590000
1815	-51.029742	1.904000	17.780000
1816	-50.989742	1.904000	17.690000
1817	-50.779742	1.906000	17.730000
1818	-50.709742	1.906000	17.780000
1819	-50.699742	1.908000	17.730000
1820	-50.569742	1.908000	17.760000
1821	-50.469742	1.910000	17.840000
1822	-50.459742	1.910000	17.840000
1823	-50.029742	1.912000	17.910000
1824	-49.819742	1.914000	17.810000
1825	-49.789742	1.914000	17.880000
1826	-49.669742	1.916000	17.900000
1827	-49.569742	1.916000	17.890000
1828	-49.209742	1.918000	17.850000
1829	-49.089742	1.918000	17.880000
1830	-49.049742	1.920000	18.010000
1831	-48.959742	1.920000	18.080000
1832	-48.949742	1.922000	17.740000
1833	-48.929742	1.922000	17.910000
1834	-48.869742	1.924000	17.890000
1835	-48.859742	1.924000	17.920000
1836	-48.759742	1.926000	17.920000
1837	-48.619742	1.926000	17.910000
1838	-48.569742	1.928000	17.950000
1839	-48.559742	1.928000	17.860000
1840	-48.529742	1.930000	17.930000
1841	-48.429742	1.930000	17.890000
1842	-48.419742	1.932000	18.030000
1843	-48.329742	1.932000	18.050000
1844	-48.299742	1.934000	17.910000
1845	-48.239742	1.934000	18.190000
1846	-48.229742	1.936000	17.960000
1847	-48.129742	1.936000	17.920000
1848	-48.119742	1.938000	18.040000
1849	-48.049742	1.938000	17.930000
1850	-47.969742	1.940000	17.970000
1851	-47.879742	1.940000	17.940000
1852	-47.859742	1.940000	17.920000
1853	-47.809742	1.942000	17.910000
1854	-47.779742	1.944000	17.950000
1855	-47.729742	1.946000	18.060000
1856	-47.679742	1.946000	17.850000
1857	-47.659742	1.947000	18.060000
1858	-47.629742	1.947000	17.940000
1859	-47.629742	1.949000	18.180000
1860	-47.539742	1.949000	18.030000
1861	-47.379742	1.951000	18.020000
1862	-47.379742	1.951000	17.930000
1863	-47.269742	1.953000	18.200000
1864	-47.179742	1.953000	18.050000
1865	-46.849742	1.955000	18.060000
1866	-46.819742	1.955000	18.070000
1867	-46.519742	1.957000	18.030000
1868	-46.509742	1.957000	18.090000
1869	-46.489742	1.959000	18.000000
1870	-46.479742	1.959000	18.080000
1871	-46.469742	1.961000	18.130000
1872	-46.189742	1.961000	18.110000
1873	-46.069742	1.963000	18.140000
1874	-45.989742	1.963000	18.170000
1875	-45.929742	1.965000	18.170000
1876	-45.919742	1.965000	18.030000
1877	-45.919742	1.969000	18.080000
1878	-45.899742	1.969000	18.080000
1879	-45.819742	1.969000	18.160000
1880	-45.739742	1.971000	18.130000
1881	-45.639742	1.973000	18.190000
1882	-45.369742	1.973000	18.110000
1883	-45.339742	1.973000	18.040000
1884	-45.319742	1.975000	18.050000
1885	-45.279742	1.977000	18.290000
1886	-45.199742	1.977000	18.340000
1887	-44.979742	1.977000	18.260000
1888	-44.879742	1.979000	18.390000
1889	-44.729742	1.981000	18.180000
1890	-44.669742	1.981000	18.210000
1891	-44.589742	1.983000	18.250000
1892	-44.519742	1.983000	18.250000
1893	-44.509742	1.985000	18.310000
1894	-44.439742	1.985000	18.320000
1895	-44.339742	1.985000	18.240000
1896	-44.269742	1.987000	18.250000
1897	-44.229742	1.988000	18.380000
1898	-44.169742	1.988000	18.410000
1899	-44.039742	1.990000	18.260000
1900	-43.939742	1.990000	18.360000
1901	-43.829742	1.992000	18.140000
1902	-43.819742	1.992000	18.160000
1903	-43.779742	1.992000	18.160000
1904	-43.699742	1.996000	18.280000
1905	-43.689742	1.996000	18.140000
1906	-43.549742	1.998000	18.400000
1907	-43.379742	1.998000	18.420000
1908	-43.269742	2.000000	18.480000
1909	-43.219742	2.000000	18.320000
1910	-43.209742	2.000000	18.280000
1911	-43.109742	2.002000	18.290000
1912	-43.009742	2.004000	18.300000
1913	-42.989742	2.004000	18.440000
1914	-42.859742	2.004000	18.300000
1915	-42.819742	2.006000	18.490000
1916	-42.759742	2.008000	18.490000
1917	-42.749742	2.008000	18.410000
1918	-42.729742	2.008000	18.340000
1919	-42.639742	2.010000	18.390000
1920	-42.619742	2.012000	18.280000
1921	-42.569742	2.012000	18.490000
1922	-42.549742	2.014000	18.390000
1923	-42.509742	2.014000	18.420000
1924	-42.429742	2.016000	18.410000
1925	-42.329742	2.016000	18.310000
1926	-42.249742	2.018000	18.260000
1927	-42.199742	2.020000	18.550000
1928	-42.059742	2.020000	18.490000
1929	-41.949742	2.022000	18.590000
1930	-41.939742	2.022000	18.590000
1931	-41.869742	2.024000	18.450000
1932	-41.649742	2.024000	18.480000
1933	-41.549742	2.026000	18.540000
1934	-41.549742	2.026000	18.450000
1935	-41.439742	2.028000	18.380000
1936	-41.329742	2.028000	18.460000
1937	-41.069742	2.029000	18.550000
1938	-41.019742	2.029000	18.490000
1939	-40.949742	2.031000	18.640000
1940	-40.889742	2.031000	18.580000
1941	-40.639742	2.031000	18.580000
1942	-40.619742	2.033000	18.480000
1943	-40.539742	2.033000	18.630000
1944	-40.539742	2.035000	18.550000
1945	-40.469742	2.037000	18.510000
1946	-40.459742	2.037000	18.740000
1947	-40.279742	2.039000	18.670000
1948	-40.229742	2.039000	18.660000
1949	-40.209742	2.039000	18.660000
1950	-40.209742	2.041000	18.680000
1951	-40.169742	2.043000	18.590000
1952	-40.149742	2.043000	18.710000
1953	-40.109742	2.045000	18.620000
1954	-40.089742	2.045000	18.630000
1955	-39.979742	2.047000	18.630000
1956	-39.969742	2.047000	18.600000
1957	-39.739742	2.051000	18.600000
1958	-39.619742	2.051000	18.560000
1959	-39.599742	2.053000	18.590000
1960	-39.589742	2.053000	18.610000
1961	-39.569742	2.055000	18.570000
1962	-39.479742	2.055000	18.520000
1963	-39.239742	2.057000	18.770000
1964	-39.209742	2.057000	18.660000
1965	-39.139742	2.059000	18.650000
1966	-39.109742	2.061000	18.570000
1967	-38.999742	2.061000	18.710000
1968	-38.959742	2.063000	18.580000
1969	-38.769742	2.063000	18.530000
1970	-38.749742	2.065000	18.710000
1971	-38.749742	2.065000	18.810000
1972	-38.619742	2.067000	18.690000
1973	-38.559742	2.067000	18.910000
1974	-38.429742	2.069000	18.610000
1975	-38.359742	2.069000	18.710000
1976	-38.269742	2.070000	18.860000
1977	-38.249742	2.070000	18.660000
1978	-37.929742	2.072000	18.890000
1979	-37.919742	2.072000	18.640000
1980	-37.829742	2.076000	18.660000
1981	-37.729742	2.076000	18.890000
1982	-37.699742	2.076000	18.650000
1983	-37.699742	2.076000	18.930000
1984	-37.679742	2.078000	18.660000
1985	-37.549742	2.080000	18.780000
1986	-37.409742	2.080000	18.840000
1987	-37.249742	2.082000	18.590000
1988	-37.229742	2.082000	18.710000
1989	-37.209742	2.084000	18.530000
1990	-36.999742	2.084000	18.830000
1991	-36.959742	2.086000	18.940000
1992	-36.879742	2.086000	18.740000
1993	-36.859742	2.088000	18.800000
1994	-36.769742	2.088000	18.820000
1995	-36.589742	2.090000	18.880000
1996	-36.289742	2.092000	18.850000
1997	-36.209742	2.092000	18.790000
1998	-36.169742	2.094000	18.760000
1999	-36.119742	2.094000	18.760000
2000	-36.069742	2.096000	18.660000
2001	-35.969742	2.096000	18.800000
2002	-35.929742	2.096000	18.790000
2003	-35.899742	2.096000	18.870000
2004	-35.779742	2.100000	18.770000
2005	-35.709742	2.100000	18.870000
2006	-35.669742	2.102000	18.830000
2007	-35.629742	2.102000	18.820000
2008	-35.559742	2.104000	18.760000
2009	-35.549742	2.104000	18.780000
2010	-35.469742	2.106000	19.090000
2011	-35.329742	2.106000	18.790000
2012	-35.179742	2.108000	18.860000
2013	-35.149742	2.108000	18.860000
2014	-35.149742	2.110000	18.790000
2015	-35.089742	2.112000	18.840000
2016	-34.849742	2.112000	18.760000
2017	-34.629742	2.113000	18.990000
2018	-34.499742	2.113000	18.730000
2019	-34.499742	2.115000	19.130000
2020	-34.449742	2.115000	18.880000
2021	-34.379742	2.117000	18.860000
2022	-34.279742	2.117000	18.970000
2023	-34.179742	2.119000	18.950000
2024	-34.159742	2.119000	19.020000
2025	-34.079742	2.121000	19.080000
2026	-33.789742	2.121000	19.110000
2027	-33.769742	2.123000	19.110000
2028	-33.759742	2.123000	18.860000
2029	-33.699742	2.125000	19.070000
2030	-33.659742	2.125000	18.990000
2031	-33.579742	2.127000	19.130000
2032	-33.519742	2.127000	19.010000
2033	-33.409742	2.129000	19.010000
2034	-33.379742	2.129000	19.080000
2035	-33.359742	2.131000	18.910000
2036	-33.319742	2.131000	19.090000
2037	-33.269742	2.133000	18.940000
2038	-33.159742	2.135000	19.110000
2039	-33.139742	2.137000	19.180000
2040	-33.059742	2.137000	19.050000
2041	-33.049742	2.139000	18.940000
2042	-32.989742	2.139000	19.020000
2043	-32.809742	2.141000	19.130000
2044	-32.709742	2.141000	19.180000
2045	-32.519742	2.143000	19.150000
2046	-32.439742	2.145000	18.960000
2047	-32.299742	2.145000	19.040000
2048	-32.239742	2.147000	19.100000
2049	-32.239742	2.147000	19.100000
2050	-32.229742	2.149000	19.230000
2051	-32.179742	2.149000	19.010000
2052	-32.149742	2.151000	19.170000
2053	-32.079742	2.151000	19.100000
2054	-32.079742	2.153000	19.100000
2055	-31.989742	2.153000	19.150000
2056	-31.939742	2.154000	19.120000
2057	-31.649742	2.154000	19.030000
2058	-31.649742	2.156000	19.150000
2059	-31.599742	2.156000	19.100000
2060	-31.579742	2.156000	19.140000
2061	-31.509742	2.158000	19.040000
2062	-31.489742	2.160000	19.170000
2063	-31.419742	2.158000	19.160000
2064	-31.309742	2.162000	19.100000
2065	-31.269742	2.164000	19.070000
2066	-31.169742	2.164000	19.160000
2067	-30.959742	2.164000	19.360000
2068	-30.789742	2.166000	19.400000
2069	-30.739742	2.168000	19.240000
2070	-30.339742	2.168000	19.250000
2071	-30.289742	2.170000	19.210000
2072	-30.219742	2.170000	19.310000
2073	-30.219742	2.172000	19.330000
2074	-30.059742	2.172000	19.180000
2075	-29.959742	2.174000	19.280000
2076	-29.889742	2.176000	19.300000
2077	-29.879742	2.176000	19.190000
2078	-29.809742	2.178000	19.380000
2079	-29.779742	2.178000	19.200000
2080	-29.769742	2.180000	19.250000
2081	-29.719742	2.180000	19.280000
2082	-29.619742	2.182000	19.300000
2083	-29.609742	2.182000	19.170000
2084	-29.609742	2.184000	19.330000
2085	-29.539742	2.184000	19.330000
2086	-29.399742	2.186000	19.330000
2087	-29.339742	2.186000	19.170000
2088	-29.179742	2.188000	19.350000
2089	-29.119742	2.188000	19.210000
2090	-29.099742	2.188000	19.270000
2091	-29.049742	2.190000	19.270000
2092	-29.049742	2.192000	19.420000
2093	-28.679742	2.192000	19.370000
2094	-28.599742	2.194000	19.300000
2095	-28.479742	2.196000	19.400000
2096	-28.399742	2.196000	19.190000
2097	-28.389742	2.196000	19.420000
2098	-28.229742	2.197000	19.320000
2099	-28.099742	2.199000	19.380000
2100	-27.999742	2.199000	19.530000
2101	-27.999742	2.201000	19.370000
2102	-27.989742	2.201000	19.450000
2103	-27.849742	2.203000	19.420000
2104	-27.649742	2.203000	19.570000
2105	-27.539742	2.205000	19.460000
2106	-27.429742	2.207000	19.410000
2107	-27.359742	2.207000	19.430000
2108	-27.359742	2.209000	19.420000
2109	-27.289742	2.209000	19.280000
2110	-27.249742	2.211000	19.500000
2111	-27.089742	2.211000	19.410000
2112	-27.089742	2.211000	19.500000
2113	-27.059742	2.213000	19.360000
2114	-27.059742	2.215000	19.460000
2115	-27.049742	2.215000	19.600000
2116	-26.699742	2.217000	19.490000
2117	-26.609742	2.219000	19.490000
2118	-26.589742	2.221000	19.840000
2119	-26.549742	2.221000	19.430000
2120	-26.529742	2.221000	19.550000
2121	-26.489742	2.221000	19.410000
2122	-26.489742	2.225000	19.530000
2123	-26.279742	2.225000	19.450000
2124	-26.219742	2.227000	19.460000
2125	-26.209742	2.229000	19.460000
2126	-26.089742	2.229000	19.490000
2127	-26.039742	2.231000	19.610000
2128	-25.949742	2.231000	19.440000
2129	-25.899742	2.233000	19.480000
2130	-25.829742	2.233000	19.310000
2131	-25.669742	2.235000	19.480000
2132	-25.399742	2.235000	19.750000
2133	-25.329742	2.237000	19.820000
2134	-25.319742	2.237000	19.680000
2135	-25.279742	2.238000	19.510000
2136	-25.279742	2.238000	19.690000
2137	-25.239742	2.240000	19.480000
2138	-25.109742	2.240000	19.640000
2139	-25.069742	2.242000	19.700000
2140	-25.039742	2.242000	19.730000
2141	-24.879742	2.244000	19.650000
2142	-24.869742	2.244000	19.550000
2143	-24.869742	2.248000	19.630000
2144	-24.849742	2.246000	19.630000
2145	-24.839742	2.248000	19.550000
2146	-24.719742	2.248000	19.560000
2147	-24.709742	2.250000	19.550000
2148	-24.479742	2.250000	19.580000
2149	-24.389742	2.252000	19.700000
2150	-24.339742	2.252000	19.680000
2151	-24.239742	2.254000	19.660000
2152	-24.159742	2.254000	19.720000
2153	-24.069742	2.256000	19.820000
2154	-24.009742	2.256000	19.780000
2155	-23.869742	2.258000	19.620000
2156	-23.679742	2.260000	19.890000
2157	-23.619742	2.260000	19.760000
2158	-23.569742	2.262000	19.820000
2159	-23.559742	2.262000	19.740000
2160	-23.459742	2.264000	19.780000
2161	-23.349742	2.264000	19.680000
2162	-23.319742	2.266000	19.780000
2163	-23.309742	2.266000	19.770000
2164	-23.159742	2.268000	19.860000
2165	-23.089742	2.270000	19.780000
2166	-23.019742	2.270000	19.850000
2167	-22.949742	2.272000	19.860000
2168	-22.769742	2.272000	19.870000
2169	-22.699742	2.274000	19.910000
2170	-22.639742	2.274000	19.890000
2171	-22.599742	2.276000	19.730000
2172	-22.499742	2.276000	19.870000
2173	-22.409742	2.278000	19.840000
2174	-22.369742	2.278000	19.840000
2175	-22.349742	2.279000	19.910000
2176	-22.329742	2.279000	19.870000
2177	-22.319742	2.281000	19.840000
2178	-22.249742	2.281000	19.740000
2179	-22.239742	2.283000	19.890000
2180	-22.189742	2.283000	19.880000
2181	-22.139742	2.285000	19.860000
2182	-21.709742	2.285000	19.840000
2183	-21.669742	2.287000	19.920000
2184	-21.599742	2.287000	19.880000
2185	-21.489742	2.289000	19.760000
2186	-21.459742	2.291000	19.780000
2187	-21.349742	2.291000	19.840000
2188	-21.259742	2.293000	19.850000
2189	-21.229742	2.293000	19.760000
2190	-21.189742	2.295000	19.990000
2191	-20.959742	2.295000	19.890000
2192	-20.929742	2.297000	19.850000
2193	-20.869742	2.297000	19.730000
2194	-20.869742	2.301000	19.840000
2195	-20.829742	2.301000	19.840000
2196	-20.779742	2.303000	20.050000
2197	-20.729742	2.303000	19.950000
2198	-20.619742	2.305000	19.890000
2199	-20.479742	2.305000	19.830000
2200	-20.479742	2.305000	19.780000
2201	-20.449742	2.307000	19.930000
2202	-20.359742	2.311000	19.900000
2203	-20.229742	2.311000	19.900000
2204	-20.209742	2.311000	19.850000
2205	-19.909742	2.313000	19.940000
2206	-19.889742	2.313000	19.820000
2207	-19.819742	2.313000	19.870000
2208	-19.629742	2.315000	20.070000
2209	-19.549742	2.317000	19.900000
2210	-19.479742	2.317000	20.140000
2211	-19.409742	2.319000	20.140000
2212	-19.359742	2.319000	19.900000
2213	-19.329742	2.320000	19.900000
2214	-19.189742	2.320000	19.930000
2215	-19.079742	2.320000	20.020000
2216	-19.029742	2.322000	19.970000
2217	-19.019742	2.324000	19.990000
2218	-19.019742	2.324000	20.040000
2219	-18.969742	2.326000	20.030000
2220	-18.939742	2.326000	20.130000
2221	-18.869742	2.328000	20.050000
2222	-18.859742	2.328000	19.950000
2223	-18.729742	2.328000	20.050000
2224	-18.709742	2.330000	20.100000
2225	-18.589742	2.332000	19.950000
2226	-18.509742	2.332000	20.050000
2227	-18.439742	2.334000	19.970000
2228	-18.409742	2.334000	20.020000
2229	-18.409742	2.336000	20.290000
2230	-18.299742	2.336000	20.000000
2231	-18.199742	2.336000	19.950000
2232	-18.159742	2.338000	20.060000
2233	-18.129742	2.340000	20.140000
2234	-17.859742	2.340000	20.110000
2235	-17.839742	2.342000	20.010000
2236	-17.629742	2.344000	20.200000
2237	-17.599742	2.344000	20.050000
2238	-17.569742	2.344000	20.190000
2239	-17.399742	2.346000	20.120000
2240	-17.359742	2.348000	20.160000
2241	-17.229742	2.348000	20.200000
2242	-17.209742	2.350000	20.000000
2243	-17.059742	2.350000	20.160000
2244	-17.049742	2.352000	20.230000
2245	-17.029742	2.352000	20.230000
2246	-16.949742	2.352000	20.280000
2247	-16.849742	2.354000	20.100000
2248	-16.839742	2.356000	20.190000
2249	-16.769742	2.356000	20.230000
2250	-16.559742	2.358000	20.320000
2251	-16.549742	2.358000	20.200000
2252	-16.509742	2.360000	20.120000
2253	-16.509742	2.360000	20.120000
2254	-16.439742	2.362000	20.080000
2255	-16.229742	2.363000	20.260000
2256	-16.189742	2.363000	20.280000
2257	-15.979742	2.365000	20.300000
2258	-15.949742	2.365000	20.070000
2259	-15.879742	2.367000	20.150000
2260	-15.879742	2.367000	20.390000
2261	-15.839742	2.367000	20.220000
2262	-15.829742	2.369000	20.500000
2263	-15.749742	2.373000	20.420000
2264	-15.599742	2.371000	20.510000
2265	-15.459742	2.373000	20.390000
2266	-15.409742	2.373000	20.450000
2267	-15.229742	2.375000	20.380000
2268	-15.179742	2.375000	20.350000
2269	-15.079742	2.375000	20.390000
2270	-14.989742	2.377000	20.310000
2271	-14.739742	2.379000	20.340000
2272	-14.699742	2.379000	20.490000
2273	-14.639742	2.381000	20.530000
2274	-14.509742	2.381000	20.370000
2275	-14.459742	2.385000	20.450000
2276	-14.449742	2.385000	20.350000
2277	-14.449742	2.387000	20.330000
2278	-14.439742	2.387000	20.430000
2279	-14.439742	2.389000	20.490000
2280	-14.409742	2.389000	20.300000
2281	-14.289742	2.391000	20.440000
2282	-14.169742	2.391000	20.350000
2283	-13.829742	2.393000	20.480000
2284	-13.729742	2.393000	20.220000
2285	-13.729742	2.395000	20.480000
2286	-13.639742	2.397000	20.500000
2287	-13.639742	2.397000	20.380000
2288	-13.309742	2.399000	20.290000
2289	-13.249742	2.399000	20.500000
2290	-13.209742	2.401000	20.390000
2291	-13.049742	2.401000	20.320000
2292	-12.919742	2.403000	20.450000
2293	-12.899742	2.403000	20.400000
2294	-12.819742	2.404000	20.460000
2295	-12.789742	2.404000	20.410000
2296	-12.619742	2.406000	20.520000
2297	-12.599742	2.406000	20.480000
2298	-12.599742	2.408000	20.500000
2299	-12.569742	2.408000	20.530000
2300	-12.459742	2.410000	20.370000
2301	-12.439742	2.410000	20.500000
2302	-12.359742	2.412000	20.490000
2303	-12.309742	2.412000	20.570000
2304	-12.259742	2.414000	20.520000
2305	-12.169742	2.414000	20.500000
2306	-12.139742	2.416000	20.490000
2307	-12.099742	2.416000	20.580000
2308	-11.999742	2.418000	20.490000
2309	-11.989742	2.418000	20.530000
2310	-11.989742	2.420000	20.550000
2311	-11.949742	2.420000	20.580000
2312	-11.929742	2.422000	20.710000
2313	-11.899742	2.422000	20.430000
2314	-11.639742	2.424000	20.630000
2315	-11.399742	2.424000	20.510000
2316	-11.389742	2.426000	20.520000
2317	-11.359742	2.428000	20.580000
2318	-11.359742	2.428000	20.610000
2319	-11.129742	2.430000	20.510000
2320	-10.889742	2.430000	20.460000
2321	-10.859742	2.432000	20.610000
2322	-10.839742	2.432000	20.880000
2323	-10.829742	2.434000	20.550000
2324	-10.829742	2.434000	20.590000
2325	-10.829742	2.436000	20.600000
2326	-10.619742	2.436000	20.700000
2327	-10.509742	2.438000	20.670000
2328	-10.489742	2.438000	20.780000
2329	-10.469742	2.440000	20.680000
2330	-10.309742	2.440000	20.560000
2331	-10.299742	2.440000	20.880000
2332	-10.259742	2.440000	20.730000
2333	-10.209742	2.444000	20.560000
2334	-10.179742	2.444000	20.740000
2335	-10.179742	2.446000	20.630000
2336	-10.159742	2.446000	20.820000
2337	-10.119742	2.447000	20.750000
2338	-10.039742	2.447000	20.580000
2339	-10.039742	2.449000	20.740000
2340	-9.909742	2.449000	20.760000
2341	-9.889742	2.451000	20.650000
2342	-9.779742	2.451000	20.970000
2343	-9.699742	2.453000	20.920000
2344	-9.679742	2.453000	20.680000
2345	-9.639742	2.455000	20.850000
2346	-9.219742	2.455000	20.840000
2347	-8.909742	2.455000	20.840000
2348	-8.869742	2.457000	20.610000
2349	-8.819742	2.459000	20.760000
2350	-8.759742	2.459000	20.950000
2351	-8.709742	2.461000	20.890000
2352	-8.669742	2.461000	20.840000
2353	-8.579742	2.463000	20.990000
2354	-8.559742	2.463000	20.880000
2355	-8.529742	2.467000	20.830000
2356	-8.459742	2.465000	20.920000
2357	-8.439742	2.469000	20.840000
2358	-8.399742	2.469000	20.950000
2359	-8.399742	2.471000	20.840000
2360	-8.339742	2.473000	20.990000
2361	-8.309742	2.473000	20.880000
2362	-8.259742	2.475000	20.860000
2363	-8.199742	2.475000	20.970000
2364	-8.029742	2.477000	20.930000
2365	-7.989742	2.477000	20.910000
2366	-7.909742	2.477000	20.990000
2367	-7.909742	2.479000	20.970000
2368	-7.829742	2.481000	20.990000
2369	-7.809742	2.481000	21.060000
2370	-7.709742	2.483000	20.930000
2371	-7.689742	2.483000	20.970000
2372	-7.569742	2.485000	20.850000
2373	-7.299742	2.485000	20.850000
2374	-6.979742	2.485000	21.060000
2375	-6.759742	2.487000	21.030000
2376	-6.739742	2.488000	20.980000
2377	-6.609742	2.490000	20.840000
2378	-6.579742	2.490000	21.050000
2379	-6.259742	2.492000	21.040000
2380	-6.239742	2.492000	21.060000
2381	-6.239742	2.492000	21.150000
2382	-6.109742	2.494000	20.990000
2383	-6.099742	2.496000	21.190000
2384	-6.079742	2.496000	21.090000
2385	-6.079742	2.496000	21.040000
2386	-6.059742	2.498000	21.060000
2387	-5.939742	2.500000	21.010000
2388	-5.929742	2.500000	21.060000
2389	-5.789742	2.500000	21.020000
2390	-5.619742	2.502000	21.150000
2391	-5.559742	2.504000	21.210000
2392	-5.549742	2.504000	21.030000
2393	-5.519742	2.506000	21.040000
2394	-5.489742	2.506000	21.050000
2395	-5.249742	2.508000	21.090000
2396	-5.199742	2.508000	21.120000
2397	-5.159742	2.508000	21.070000
2398	-5.079742	2.510000	21.310000
2399	-5.049742	2.512000	21.150000
2400	-5.039742	2.512000	21.150000
2401	-4.959742	2.514000	21.200000
2402	-4.929742	2.514000	21.070000
2403	-4.899742	2.516000	21.000000
2404	-4.869742	2.516000	21.170000
2405	-4.869742	2.516000	21.100000
2406	-4.729742	2.518000	21.110000
2407	-4.629742	2.520000	21.210000
2408	-4.429742	2.520000	21.220000
2409	-4.429742	2.522000	21.270000
2410	-4.339742	2.522000	21.180000
2411	-4.219742	2.524000	21.230000
2412	-4.159742	2.524000	21.240000
2413	-4.069742	2.524000	21.230000
2414	-4.069742	2.526000	21.220000
2415	-4.039742	2.528000	21.250000
2416	-3.979742	2.528000	21.240000
2417	-3.929742	2.528000	21.270000
2418	-3.899742	2.529000	21.210000
2419	-3.839742	2.531000	21.320000
2420	-3.839742	2.531000	21.320000
2421	-3.829742	2.531000	21.370000
2422	-3.809742	2.533000	21.190000
2423	-3.689742	2.535000	21.300000
2424	-3.539742	2.535000	21.280000
2425	-3.449742	2.537000	21.290000
2426	-3.389742	2.537000	21.240000
2427	-3.299742	2.539000	21.350000
2428	-3.269742	2.539000	21.340000
2429	-3.129742	2.541000	21.220000
2430	-2.949742	2.543000	21.060000
2431	-2.769742	2.543000	21.390000
2432	-2.679742	2.545000	21.480000
2433	-2.649742	2.545000	21.320000
2434	-2.509742	2.547000	21.320000
2435	-2.479742	2.547000	21.310000
2436	-2.359742	2.549000	21.220000
2437	-2.029742	2.553000	21.400000
2438	-1.799742	2.553000	21.440000
2439	-1.739742	2.555000	21.320000
2440	-1.699742	2.555000	21.310000
2441	-1.699742	2.557000	21.370000
2442	-1.649742	2.557000	21.440000
2443	-1.379742	2.559000	21.370000
2444	-0.699742	2.561000	21.370000
