1	-184.381565	0.000000	9.640000
2	-184.211565	0.002000	9.780000
3	-184.171565	0.002000	9.430000
4	-183.851565	0.002000	9.720000
5	-183.721565	0.004000	9.660000
6	-183.631565	0.006000	9.770000
7	-183.611565	0.006000	9.810000
8	-183.611565	0.008000	9.810000
9	-183.601565	0.008000	9.780000
10	-183.511565	0.010000	9.500000
11	-183.511565	0.010000	9.510000
12	-183.481565	0.010000	9.640000
13	-183.451565	0.012000	9.540000
14	-183.361565	0.014000	9.720000
15	-183.091565	0.016000	9.600000
16	-183.031565	0.016000	9.930000
17	-182.941565	0.017000	9.910000
18	-182.941565	0.017000	9.510000
19	-182.801565	0.017000	9.880000
20	-182.561565	0.019000	9.720000
21	-182.521565	0.021000	10.200000
22	-182.471565	0.021000	10.240000
23	-182.341565	0.021000	9.970000
24	-182.291565	0.023000	9.830000
25	-182.261565	0.025000	9.860000
26	-182.241565	0.025000	9.740000
27	-182.201565	0.025000	9.710000
28	-182.141565	0.027000	9.970000
29	-182.121565	0.027000	9.960000
30	-182.111565	0.029000	9.870000
31	-182.091565	0.031000	10.060000
32	-182.031565	0.031000	9.910000
33	-181.921565	0.033000	9.940000
34	-181.721565	0.033000	9.710000
35	-181.691565	0.035000	9.660000
36	-181.641565	0.037000	9.900000
37	-181.491565	0.037000	9.690000
38	-181.451565	0.039000	9.870000
39	-181.421565	0.039000	9.920000
40	-181.321565	0.041000	9.940000
41	-181.271565	0.041000	9.780000
42	-181.231565	0.041000	9.760000
43	-181.211565	0.045000	10.020000
44	-181.061565	0.045000	9.980000
45	-180.921565	0.047000	9.970000
46	-180.911565	0.047000	9.950000
47	-180.881565	0.049000	9.940000
48	-180.821565	0.049000	9.990000
49	-180.711565	0.049000	10.290000
50	-180.401565	0.051000	10.080000
51	-180.191565	0.053000	9.920000
52	-180.131565	0.053000	9.880000
53	-180.101565	0.055000	9.850000
54	-180.081565	0.055000	9.960000
55	-179.931565	0.057000	9.940000
56	-179.781565	0.057000	9.870000
57	-179.731565	0.057000	10.000000
58	-179.661565	0.059000	10.110000
59	-179.571565	0.060000	9.920000
60	-179.501565	0.060000	10.440000
61	-179.501565	0.062000	10.110000
62	-179.501565	0.062000	10.250000
63	-179.501565	0.064000	10.010000
64	-179.461565	0.064000	9.950000
65	-179.061565	0.064000	10.260000
66	-179.051565	0.066000	10.150000
67	-179.031565	0.068000	9.910000
68	-179.011565	0.068000	10.240000
69	-178.991565	0.070000	10.000000
70	-178.791565	0.070000	10.470000
71	-178.771565	0.072000	10.180000
72	-178.691565	0.072000	10.120000
73	-178.671565	0.074000	10.110000
74	-178.351565	0.076000	10.250000
75	-178.271565	0.076000	9.980000
76	-178.151565	0.078000	10.440000
77	-177.971565	0.078000	10.250000
78	-177.861565	0.082000	10.690000
79	-177.721565	0.082000	10.220000
80	-177.571565	0.086000	10.100000
81	-177.501565	0.084000	10.240000
82	-177.431565	0.086000	10.170000
83	-177.311565	0.086000	10.260000
84	-177.271565	0.088000	10.280000
85	-177.181565	0.088000	10.120000
86	-177.121565	0.090000	10.180000
87	-177.121565	0.090000	10.000000
88	-177.111565	0.092000	10.280000
89	-177.111565	0.092000	10.200000
90	-177.041565	0.094000	10.240000
91	-176.791565	0.094000	10.230000
92	-176.771565	0.096000	10.260000
93	-176.761565	0.096000	10.230000
94	-176.741565	0.098000	10.140000
95	-176.741565	0.098000	10.140000
96	-176.741565	0.100000	9.970000
97	-176.711565	0.100000	10.260000
98	-176.601565	0.101000	10.190000
99	-176.451565	0.101000	10.000000
100	-176.181565	0.103000	10.090000
101	-176.141565	0.103000	10.290000
102	-176.041565	0.105000	10.180000
103	-175.851565	0.105000	10.130000
104	-174.991565	0.107000	10.570000
105	-174.971565	0.109000	10.190000
106	-174.951565	0.109000	10.670000
107	-174.791565	0.111000	10.480000
108	-174.791565	0.111000	10.560000
109	-174.751565	0.113000	10.440000
110	-174.671565	0.113000	10.530000
111	-174.621565	0.115000	10.460000
112	-174.611565	0.115000	10.470000
113	-174.601565	0.117000	10.650000
114	-174.581565	0.117000	10.380000
115	-174.551565	0.119000	10.540000
116	-174.391565	0.119000	10.520000
117	-174.371565	0.121000	10.380000
118	-174.311565	0.121000	10.500000
119	-174.311565	0.123000	10.710000
120	-174.211565	0.123000	10.300000
121	-174.191565	0.125000	10.370000
122	-174.071565	0.125000	10.520000
123	-173.701565	0.127000	10.230000
124	-173.511565	0.129000	10.710000
125	-173.331565	0.129000	10.300000
126	-173.331565	0.131000	10.520000
127	-173.321565	0.131000	10.540000
128	-173.321565	0.133000	10.320000
129	-173.311565	0.133000	10.240000
130	-173.111565	0.135000	10.360000
131	-173.101565	0.135000	10.400000
132	-173.041565	0.137000	10.540000
133	-173.031565	0.137000	10.340000
134	-173.001565	0.139000	10.420000
135	-172.961565	0.139000	10.300000
136	-172.851565	0.141000	10.540000
137	-172.791565	0.141000	10.380000
138	-172.761565	0.143000	10.280000
139	-172.761565	0.143000	10.400000
140	-172.761565	0.144000	10.720000
141	-172.641565	0.144000	10.550000
142	-172.631565	0.148000	10.440000
143	-172.621565	0.148000	10.180000
144	-172.591565	0.148000	10.280000
145	-172.451565	0.150000	10.540000
146	-172.301565	0.150000	10.470000
147	-172.291565	0.152000	10.370000
148	-172.281565	0.152000	10.370000
149	-172.251565	0.154000	10.490000
150	-172.251565	0.154000	10.230000
151	-172.211565	0.156000	10.450000
152	-172.181565	0.156000	10.390000
153	-172.141565	0.158000	10.530000
154	-172.111565	0.160000	10.280000
155	-172.081565	0.160000	10.510000
156	-171.841565	0.162000	10.590000
157	-171.751565	0.162000	10.380000
158	-171.741565	0.166000	10.550000
159	-171.621565	0.166000	10.480000
160	-171.531565	0.166000	10.390000
161	-171.531565	0.168000	10.520000
162	-171.481565	0.170000	10.540000
163	-171.401565	0.172000	10.700000
164	-171.291565	0.172000	10.460000
165	-171.191565	0.174000	10.500000
166	-171.071565	0.174000	10.560000
167	-171.021565	0.174000	10.410000
168	-170.971565	0.176000	10.490000
169	-170.761565	0.178000	10.670000
170	-170.581565	0.178000	10.290000
171	-170.481565	0.178000	10.670000
172	-170.451565	0.180000	10.460000
173	-170.441565	0.182000	10.640000
174	-170.361565	0.182000	10.480000
175	-170.361565	0.182000	10.700000
176	-170.311565	0.184000	10.620000
177	-170.101565	0.185000	10.450000
178	-170.071565	0.185000	10.530000
179	-169.931565	0.187000	10.520000
180	-169.861565	0.187000	10.760000
181	-169.801565	0.189000	10.710000
182	-169.771565	0.189000	10.700000
183	-169.731565	0.189000	10.950000
184	-169.681565	0.191000	10.540000
185	-169.631565	0.195000	10.590000
186	-169.381565	0.195000	10.940000
187	-169.051565	0.195000	10.590000
188	-168.961565	0.195000	10.750000
189	-168.881565	0.197000	10.700000
190	-168.801565	0.197000	10.580000
191	-168.701565	0.197000	10.620000
192	-168.691565	0.199000	10.840000
193	-168.681565	0.201000	10.610000
194	-168.651565	0.201000	10.540000
195	-168.611565	0.203000	10.820000
196	-168.601565	0.203000	10.620000
197	-168.581565	0.205000	10.690000
198	-168.551565	0.205000	10.540000
199	-168.451565	0.205000	10.570000
200	-168.431565	0.207000	10.750000
201	-168.421565	0.209000	10.760000
202	-168.341565	0.209000	10.720000
203	-168.301565	0.211000	10.680000
204	-168.131565	0.213000	10.570000
205	-168.131565	0.213000	10.940000
206	-168.111565	0.213000	10.760000
207	-168.101565	0.215000	10.810000
208	-168.021565	0.217000	10.790000
209	-167.881565	0.217000	10.720000
210	-167.871565	0.219000	10.900000
211	-167.721565	0.219000	10.920000
212	-167.671565	0.221000	10.700000
213	-167.431565	0.221000	10.740000
214	-167.131565	0.221000	11.130000
215	-167.051565	0.223000	10.900000
216	-167.011565	0.225000	10.950000
217	-166.811565	0.225000	10.970000
218	-166.581565	0.226000	10.840000
219	-166.511565	0.226000	11.090000
220	-166.401565	0.228000	10.960000
221	-166.331565	0.228000	11.110000
222	-166.311565	0.230000	11.050000
223	-166.291565	0.230000	10.940000
224	-166.281565	0.232000	11.040000
225	-166.231565	0.232000	10.920000
226	-166.211565	0.234000	10.880000
227	-166.121565	0.234000	10.950000
228	-166.101565	0.236000	10.900000
229	-166.101565	0.236000	10.900000
230	-166.081565	0.236000	10.850000
231	-165.881565	0.238000	10.800000
232	-165.871565	0.240000	11.110000
233	-165.751565	0.242000	10.890000
234	-165.721565	0.242000	10.780000
235	-165.641565	0.244000	11.050000
236	-165.561565	0.244000	11.210000
237	-165.471565	0.248000	10.940000
238	-165.461565	0.248000	10.900000
239	-165.441565	0.250000	11.160000
240	-165.271565	0.250000	11.040000
241	-165.241565	0.252000	10.960000
242	-165.041565	0.254000	11.160000
243	-165.001565	0.254000	11.000000
244	-164.961565	0.256000	10.890000
245	-164.951565	0.256000	10.890000
246	-164.611565	0.258000	10.970000
247	-164.291565	0.258000	11.130000
248	-164.271565	0.260000	11.090000
249	-164.181565	0.260000	11.030000
250	-164.051565	0.262000	11.200000
251	-163.831565	0.262000	11.370000
252	-163.711565	0.264000	11.100000
253	-163.641565	0.264000	11.180000
254	-163.531565	0.266000	11.110000
255	-163.481565	0.266000	11.010000
256	-163.431565	0.267000	11.100000
257	-163.411565	0.267000	11.040000
258	-163.391565	0.269000	11.010000
259	-163.321565	0.269000	11.230000
260	-163.271565	0.271000	11.070000
261	-163.141565	0.273000	10.970000
262	-163.101565	0.273000	10.930000
263	-163.051565	0.275000	11.110000
264	-162.981565	0.275000	11.330000
265	-162.961565	0.277000	11.120000
266	-162.891565	0.277000	11.140000
267	-162.801565	0.279000	11.010000
268	-162.681565	0.279000	11.190000
269	-162.531565	0.281000	11.170000
270	-162.331565	0.281000	11.230000
271	-162.291565	0.283000	11.290000
272	-162.291565	0.283000	11.290000
273	-162.241565	0.285000	11.210000
274	-162.111565	0.285000	11.230000
275	-161.841565	0.287000	11.140000
276	-161.771565	0.287000	11.280000
277	-161.761565	0.289000	11.230000
278	-161.741565	0.289000	11.110000
279	-161.741565	0.291000	11.280000
280	-161.701565	0.291000	11.190000
281	-161.451565	0.293000	11.320000
282	-161.431565	0.293000	11.290000
283	-161.401565	0.295000	10.980000
284	-161.141565	0.295000	11.310000
285	-161.031565	0.297000	11.350000
286	-161.011565	0.297000	11.360000
287	-160.961565	0.299000	11.470000
288	-160.961565	0.299000	11.360000
289	-160.951565	0.301000	11.040000
290	-160.911565	0.301000	11.310000
291	-160.891565	0.303000	11.180000
292	-160.821565	0.303000	11.300000
293	-160.811565	0.305000	11.370000
294	-160.811565	0.307000	11.160000
295	-160.621565	0.307000	11.530000
296	-160.611565	0.309000	11.390000
297	-160.471565	0.309000	11.320000
298	-160.371565	0.310000	11.350000
299	-160.131565	0.310000	11.360000
300	-160.041565	0.312000	11.200000
301	-159.911565	0.312000	11.430000
302	-159.881565	0.314000	11.520000
303	-159.841565	0.314000	11.430000
304	-159.711565	0.316000	11.130000
305	-159.491565	0.316000	11.380000
306	-159.411565	0.318000	11.420000
307	-159.081565	0.318000	11.470000
308	-159.071565	0.320000	11.330000
309	-158.901565	0.320000	11.600000
310	-158.801565	0.322000	11.620000
311	-158.671565	0.322000	11.520000
312	-158.621565	0.324000	11.380000
313	-158.501565	0.324000	11.380000
314	-158.471565	0.326000	11.510000
315	-158.461565	0.326000	11.410000
316	-158.281565	0.328000	11.310000
317	-158.241565	0.328000	11.580000
318	-158.071565	0.330000	11.550000
319	-158.061565	0.332000	11.460000
320	-158.041565	0.334000	11.670000
321	-158.021565	0.334000	11.480000
322	-158.011565	0.336000	11.390000
323	-158.001565	0.336000	11.540000
324	-157.971565	0.338000	11.590000
325	-157.971565	0.338000	11.410000
326	-157.941565	0.338000	11.650000
327	-157.891565	0.340000	11.330000
328	-157.801565	0.342000	11.560000
329	-157.771565	0.340000	11.640000
330	-157.691565	0.344000	11.660000
331	-157.681565	0.344000	11.240000
332	-157.621565	0.346000	11.470000
333	-157.601565	0.346000	11.550000
334	-157.601565	0.346000	11.570000
335	-157.581565	0.348000	11.510000
336	-157.441565	0.350000	11.630000
337	-157.441565	0.350000	11.570000
338	-157.421565	0.351000	11.410000
339	-157.151565	0.351000	11.400000
340	-157.061565	0.353000	11.560000
341	-157.001565	0.353000	11.540000
342	-156.951565	0.353000	11.380000
343	-156.941565	0.355000	11.920000
344	-156.551565	0.357000	11.560000
345	-156.501565	0.357000	11.390000
346	-156.451565	0.359000	11.540000
347	-156.231565	0.359000	11.580000
348	-156.151565	0.361000	11.570000
349	-156.071565	0.361000	11.420000
350	-155.861565	0.361000	11.600000
351	-155.801565	0.363000	11.600000
352	-155.761565	0.365000	11.650000
353	-155.611565	0.365000	11.460000
354	-155.601565	0.367000	11.840000
355	-155.501565	0.367000	11.640000
356	-155.491565	0.369000	11.600000
357	-155.351565	0.369000	11.650000
358	-155.301565	0.369000	11.660000
359	-155.291565	0.371000	11.740000
360	-155.281565	0.373000	11.500000
361	-155.271565	0.373000	11.770000
362	-155.181565	0.375000	11.720000
363	-155.131565	0.375000	11.630000
364	-154.821565	0.377000	11.660000
365	-154.821565	0.377000	11.550000
366	-154.821565	0.377000	11.440000
367	-154.811565	0.379000	11.630000
368	-154.621565	0.381000	11.560000
369	-154.601565	0.381000	11.660000
370	-154.581565	0.383000	11.810000
371	-154.511565	0.383000	11.680000
372	-154.331565	0.385000	11.690000
373	-154.171565	0.385000	11.750000
374	-153.901565	0.385000	11.860000
375	-153.831565	0.387000	11.590000
376	-153.761565	0.389000	11.670000
377	-153.671565	0.389000	11.880000
378	-153.591565	0.391000	11.780000
379	-153.551565	0.391000	11.640000
380	-153.491565	0.393000	11.780000
381	-153.431565	0.393000	11.860000
382	-153.401565	0.393000	11.630000
383	-153.381565	0.394000	11.740000
384	-153.361565	0.398000	11.910000
385	-153.361565	0.396000	11.800000
386	-153.261565	0.398000	11.870000
387	-153.201565	0.398000	11.640000
388	-153.201565	0.400000	11.720000
389	-153.101565	0.400000	11.780000
390	-153.021565	0.400000	11.830000
391	-152.961565	0.402000	11.760000
392	-152.851565	0.404000	11.760000
393	-152.631565	0.404000	11.890000
394	-152.611565	0.406000	11.760000
395	-152.611565	0.406000	11.590000
396	-152.481565	0.408000	11.810000
397	-152.371565	0.408000	11.900000
398	-152.371565	0.410000	11.800000
399	-152.321565	0.412000	11.840000
400	-152.161565	0.412000	11.900000
401	-152.131565	0.414000	11.850000
402	-152.051565	0.416000	11.740000
403	-151.971565	0.418000	11.890000
404	-151.971565	0.418000	11.840000
405	-151.891565	0.420000	12.060000
406	-151.781565	0.420000	11.810000
407	-151.631565	0.422000	11.880000
408	-151.601565	0.422000	11.940000
409	-151.421565	0.424000	11.940000
410	-151.331565	0.424000	11.980000
411	-151.331565	0.426000	11.940000
412	-151.311565	0.426000	11.740000
413	-151.291565	0.428000	11.740000
414	-151.251565	0.428000	11.920000
415	-151.091565	0.430000	11.870000
416	-151.031565	0.430000	12.250000
417	-150.961565	0.432000	12.030000
418	-150.831565	0.432000	11.950000
419	-150.561565	0.434000	12.060000
420	-150.551565	0.434000	11.870000
421	-150.511565	0.434000	12.300000
422	-150.491565	0.434000	11.950000
423	-150.431565	0.437000	11.910000
424	-150.411565	0.437000	11.850000
425	-150.381565	0.439000	12.030000
426	-150.361565	0.441000	12.160000
427	-150.181565	0.441000	12.130000
428	-150.161565	0.443000	12.030000
429	-150.111565	0.443000	12.030000
430	-150.061565	0.445000	11.980000
431	-149.831565	0.445000	12.080000
432	-149.701565	0.447000	12.160000
433	-149.591565	0.447000	12.190000
434	-149.541565	0.449000	12.000000
435	-149.441565	0.449000	11.980000
436	-149.341565	0.451000	12.110000
437	-149.201565	0.451000	12.160000
438	-149.141565	0.453000	12.100000
439	-149.041565	0.453000	12.070000
440	-148.921565	0.455000	12.100000
441	-148.911565	0.455000	12.100000
442	-148.711565	0.457000	12.170000
443	-148.681565	0.457000	12.150000
444	-148.671565	0.459000	12.180000
445	-148.641565	0.459000	12.030000
446	-148.501565	0.461000	12.210000
447	-148.461565	0.461000	12.110000
448	-148.351565	0.463000	12.100000
449	-148.301565	0.463000	12.110000
450	-148.151565	0.465000	12.310000
451	-148.141565	0.465000	12.110000
452	-148.071565	0.467000	12.070000
453	-148.021565	0.467000	12.100000
454	-147.911565	0.469000	12.090000
455	-147.821565	0.469000	12.480000
456	-147.821565	0.471000	12.160000
457	-147.751565	0.471000	12.290000
458	-147.731565	0.473000	12.210000
459	-147.681565	0.473000	12.170000
460	-147.301565	0.475000	12.380000
461	-147.281565	0.475000	12.350000
462	-147.011565	0.476000	12.280000
463	-147.001565	0.476000	12.070000
464	-146.831565	0.478000	12.340000
465	-146.551565	0.478000	12.160000
466	-146.521565	0.480000	12.200000
467	-146.421565	0.480000	12.330000
468	-146.311565	0.482000	12.290000
469	-146.311565	0.482000	12.290000
470	-146.241565	0.484000	12.240000
471	-146.181565	0.484000	12.260000
472	-146.121565	0.486000	12.270000
473	-146.041565	0.486000	12.500000
474	-146.021565	0.488000	12.250000
475	-145.951565	0.488000	12.490000
476	-145.941565	0.490000	12.160000
477	-145.831565	0.490000	12.190000
478	-145.691565	0.492000	12.440000
479	-145.611565	0.494000	12.310000
480	-145.551565	0.494000	12.350000
481	-145.451565	0.498000	12.360000
482	-145.331565	0.498000	12.250000
483	-145.311565	0.500000	12.330000
484	-145.261565	0.500000	12.400000
485	-145.201565	0.502000	12.540000
486	-145.191565	0.502000	12.430000
487	-145.181565	0.504000	12.380000
488	-145.151565	0.506000	12.480000
489	-145.011565	0.506000	12.260000
490	-144.781565	0.508000	12.440000
491	-144.661565	0.508000	12.390000
492	-144.621565	0.510000	12.480000
493	-144.601565	0.510000	12.370000
494	-144.431565	0.512000	12.320000
495	-144.371565	0.512000	12.330000
496	-144.321565	0.514000	12.380000
497	-144.281565	0.514000	12.190000
498	-144.261565	0.516000	12.420000
499	-144.261565	0.516000	12.480000
500	-144.231565	0.517000	12.420000
501	-144.171565	0.517000	12.570000
502	-144.081565	0.517000	12.380000
503	-143.941565	0.519000	12.620000
504	-143.941565	0.521000	12.690000
505	-143.841565	0.523000	12.490000
506	-143.821565	0.523000	12.580000
507	-143.751565	0.525000	12.490000
508	-143.721565	0.525000	12.620000
509	-143.641565	0.525000	12.560000
510	-143.511565	0.527000	12.440000
511	-143.461565	0.529000	12.460000
512	-143.351565	0.529000	12.560000
513	-143.081565	0.531000	12.510000
514	-143.031565	0.531000	12.720000
515	-142.981565	0.533000	12.640000
516	-142.901565	0.533000	12.960000
517	-142.861565	0.535000	12.500000
518	-142.841565	0.537000	12.620000
519	-142.681565	0.537000	12.520000
520	-142.651565	0.539000	12.460000
521	-142.621565	0.539000	12.590000
522	-142.461565	0.541000	12.580000
523	-142.401565	0.541000	12.610000
524	-142.391565	0.543000	12.620000
525	-142.231565	0.543000	12.690000
526	-142.231565	0.545000	12.530000
527	-142.221565	0.545000	12.460000
528	-142.061565	0.547000	12.740000
529	-142.001565	0.547000	12.490000
530	-141.811565	0.549000	12.590000
531	-141.741565	0.549000	12.590000
532	-141.741565	0.549000	12.600000
533	-141.631565	0.551000	12.580000
534	-141.551565	0.553000	12.610000
535	-141.381565	0.553000	12.760000
536	-141.311565	0.553000	12.720000
537	-141.251565	0.557000	12.610000
538	-141.251565	0.557000	12.540000
539	-141.141565	0.557000	12.660000
540	-141.001565	0.559000	12.610000
541	-140.831565	0.560000	12.760000
542	-140.831565	0.560000	12.510000
543	-140.811565	0.562000	12.650000
544	-140.781565	0.562000	12.710000
545	-140.771565	0.564000	12.610000
546	-140.721565	0.564000	12.720000
547	-140.631565	0.566000	12.550000
548	-140.421565	0.566000	12.700000
549	-140.381565	0.568000	12.570000
550	-140.371565	0.568000	12.770000
551	-140.371565	0.570000	12.690000
552	-140.301565	0.570000	12.610000
553	-140.261565	0.572000	12.690000
554	-140.241565	0.572000	12.740000
555	-139.911565	0.572000	12.940000
556	-139.831565	0.574000	12.740000
557	-139.811565	0.576000	12.720000
558	-139.751565	0.578000	12.960000
559	-139.711565	0.578000	12.770000
560	-139.651565	0.582000	12.810000
561	-139.401565	0.582000	12.660000
562	-139.271565	0.584000	12.640000
563	-138.971565	0.584000	12.880000
564	-138.971565	0.586000	12.630000
565	-138.891565	0.586000	12.790000
566	-138.831565	0.588000	12.830000
567	-138.751565	0.590000	12.810000
568	-138.701565	0.590000	12.760000
569	-138.681565	0.592000	12.830000
570	-138.631565	0.592000	12.850000
571	-138.511565	0.594000	12.880000
572	-138.481565	0.594000	12.860000
573	-138.421565	0.596000	12.870000
574	-138.361565	0.596000	12.710000
575	-138.341565	0.598000	12.870000
576	-138.291565	0.598000	12.890000
577	-138.281565	0.600000	12.970000
578	-138.221565	0.600000	13.040000
579	-138.211565	0.601000	12.720000
580	-138.191565	0.601000	12.840000
581	-138.041565	0.603000	12.810000
582	-137.871565	0.603000	12.730000
583	-137.531565	0.605000	12.840000
584	-137.341565	0.605000	13.000000
585	-137.221565	0.607000	13.010000
586	-137.201565	0.607000	12.930000
587	-137.121565	0.609000	13.090000
588	-137.111565	0.609000	13.090000
589	-137.081565	0.611000	13.040000
590	-137.051565	0.611000	12.990000
591	-137.041565	0.613000	12.960000
592	-136.911565	0.613000	12.980000
593	-136.871565	0.615000	12.830000
594	-136.841565	0.615000	12.970000
595	-136.741565	0.617000	12.990000
596	-136.701565	0.617000	13.000000
597	-136.671565	0.619000	13.060000
598	-136.671565	0.619000	12.950000
599	-136.581565	0.621000	12.890000
600	-136.521565	0.621000	13.030000
601	-136.501565	0.621000	12.990000
602	-136.381565	0.621000	12.890000
603	-136.361565	0.625000	12.800000
604	-136.231565	0.625000	13.000000
605	-136.081565	0.627000	13.020000
606	-136.031565	0.627000	13.020000
607	-136.021565	0.629000	12.880000
608	-136.001565	0.629000	12.940000
609	-135.761565	0.631000	12.970000
610	-135.661565	0.631000	13.150000
611	-135.431565	0.633000	12.990000
612	-135.331565	0.633000	13.030000
613	-135.291565	0.635000	13.100000
614	-135.271565	0.635000	13.160000
615	-135.091565	0.637000	13.010000
616	-134.901565	0.637000	13.010000
617	-134.891565	0.639000	13.180000
618	-134.861565	0.639000	13.040000
619	-134.801565	0.641000	13.150000
620	-134.581565	0.641000	13.250000
621	-134.511565	0.643000	13.030000
622	-134.501565	0.643000	12.990000
623	-134.451565	0.644000	13.140000
624	-134.371565	0.644000	13.140000
625	-134.331565	0.646000	12.950000
626	-134.211565	0.646000	13.210000
627	-134.181565	0.648000	13.040000
628	-134.181565	0.648000	13.050000
629	-134.041565	0.650000	12.930000
630	-133.941565	0.650000	13.120000
631	-133.811565	0.652000	13.360000
632	-133.721565	0.652000	13.110000
633	-133.421565	0.654000	13.350000
634	-133.411565	0.654000	13.160000
635	-133.301565	0.656000	13.190000
636	-133.121565	0.656000	13.260000
637	-133.081565	0.658000	13.160000
638	-133.051565	0.660000	13.260000
639	-133.001565	0.660000	13.260000
640	-132.991565	0.662000	13.320000
641	-132.931565	0.662000	13.290000
642	-132.901565	0.666000	12.900000
643	-132.801565	0.666000	13.320000
644	-132.721565	0.666000	13.430000
645	-132.481565	0.668000	13.250000
646	-132.451565	0.670000	13.390000
647	-132.351565	0.668000	13.390000
648	-132.321565	0.672000	13.320000
649	-132.271565	0.674000	13.280000
650	-132.241565	0.674000	13.440000
651	-132.201565	0.674000	13.370000
652	-132.171565	0.676000	13.490000
653	-132.141565	0.678000	13.320000
654	-132.031565	0.678000	13.390000
655	-132.031565	0.680000	12.980000
656	-132.011565	0.680000	13.350000
657	-132.001565	0.682000	13.460000
658	-131.981565	0.682000	13.190000
659	-131.911565	0.684000	13.430000
660	-131.771565	0.685000	13.310000
661	-131.711565	0.685000	13.390000
662	-131.661565	0.687000	13.500000
663	-131.421565	0.687000	13.250000
664	-131.361565	0.689000	13.450000
665	-131.331565	0.689000	13.480000
666	-131.331565	0.691000	13.350000
667	-131.291565	0.691000	13.520000
668	-131.251565	0.693000	13.480000
669	-131.141565	0.693000	13.410000
670	-131.131565	0.695000	13.550000
671	-131.111565	0.695000	13.380000
672	-131.031565	0.697000	13.450000
673	-131.011565	0.697000	13.400000
674	-130.991565	0.697000	13.240000
675	-130.981565	0.699000	13.540000
676	-130.941565	0.701000	13.520000
677	-130.861565	0.701000	13.470000
678	-130.821565	0.703000	13.440000
679	-130.711565	0.705000	13.330000
680	-130.671565	0.705000	13.420000
681	-130.601565	0.705000	13.490000
682	-130.551565	0.707000	13.560000
683	-130.521565	0.709000	13.410000
684	-130.391565	0.709000	13.530000
685	-130.321565	0.711000	13.440000
686	-130.291565	0.711000	13.580000
687	-130.261565	0.713000	13.320000
688	-130.131565	0.713000	13.600000
689	-130.031565	0.715000	13.610000
690	-130.001565	0.715000	13.350000
691	-129.911565	0.717000	13.390000
692	-129.891565	0.717000	13.580000
693	-129.891565	0.719000	13.570000
694	-128.921565	0.719000	13.430000
695	-128.711565	0.721000	13.650000
696	-128.711565	0.721000	13.610000
697	-128.611565	0.723000	13.660000
698	-128.491565	0.725000	13.570000
699	-128.491565	0.725000	13.630000
700	-128.451565	0.726000	13.560000
701	-128.321565	0.726000	13.430000
702	-128.311565	0.728000	13.580000
703	-128.241565	0.728000	13.570000
704	-128.181565	0.728000	13.500000
705	-128.111565	0.730000	13.390000
706	-128.071565	0.732000	13.680000
707	-128.021565	0.732000	13.620000
708	-128.011565	0.734000	13.570000
709	-127.971565	0.734000	13.620000
710	-127.951565	0.736000	13.440000
711	-127.821565	0.736000	13.640000
712	-127.811565	0.736000	13.490000
713	-127.801565	0.738000	13.580000
714	-127.781565	0.740000	13.620000
715	-127.771565	0.742000	13.640000
716	-127.471565	0.742000	13.910000
717	-127.431565	0.744000	13.760000
718	-127.301565	0.744000	13.570000
719	-127.231565	0.748000	13.750000
720	-127.211565	0.748000	13.700000
721	-127.011565	0.750000	13.560000
722	-126.981565	0.750000	13.850000
723	-126.961565	0.752000	13.780000
724	-126.921565	0.752000	13.490000
725	-126.831565	0.754000	13.530000
726	-126.771565	0.754000	13.790000
727	-126.721565	0.756000	13.720000
728	-126.621565	0.758000	13.820000
729	-126.491565	0.758000	13.720000
730	-126.371565	0.760000	13.910000
731	-126.371565	0.760000	13.680000
732	-126.291565	0.762000	13.910000
733	-126.231565	0.762000	13.660000
734	-125.911565	0.762000	13.780000
735	-125.881565	0.764000	13.830000
736	-125.861565	0.766000	13.870000
737	-125.771565	0.766000	13.680000
738	-125.771565	0.767000	13.670000
739	-125.521565	0.767000	13.720000
740	-125.481565	0.769000	13.720000
741	-125.451565	0.769000	13.850000
742	-125.371565	0.771000	13.930000
743	-125.311565	0.771000	13.810000
744	-125.281565	0.773000	13.840000
745	-125.231565	0.773000	13.800000
746	-125.171565	0.773000	13.820000
747	-125.161565	0.775000	13.680000
748	-125.151565	0.777000	13.690000
749	-125.121565	0.777000	13.590000
750	-124.631565	0.779000	13.830000
751	-124.621565	0.779000	14.010000
752	-124.421565	0.781000	13.790000
753	-124.381565	0.781000	13.980000
754	-124.091565	0.783000	14.050000
755	-124.011565	0.783000	13.850000
756	-123.951565	0.785000	13.940000
757	-123.891565	0.787000	13.910000
758	-123.831565	0.787000	13.890000
759	-123.771565	0.789000	13.980000
760	-123.761565	0.789000	13.910000
761	-123.691565	0.791000	13.920000
762	-123.671565	0.791000	13.840000
763	-123.571565	0.793000	13.960000
764	-123.521565	0.793000	14.040000
765	-123.431565	0.795000	13.900000
766	-123.421565	0.795000	13.840000
767	-123.351565	0.797000	13.740000
768	-122.961565	0.797000	13.910000
769	-122.891565	0.799000	13.860000
770	-122.861565	0.799000	13.940000
771	-122.851565	0.801000	14.150000
772	-122.841565	0.801000	14.030000
773	-122.771565	0.805000	13.890000
774	-122.691565	0.805000	13.850000
775	-122.571565	0.805000	13.940000
776	-122.561565	0.805000	14.070000
777	-122.521565	0.807000	13.980000
778	-122.461565	0.809000	14.090000
779	-122.461565	0.809000	14.000000
780	-122.441565	0.810000	14.000000
781	-122.401565	0.810000	13.910000
782	-122.311565	0.812000	14.030000
783	-122.211565	0.812000	13.920000
784	-122.041565	0.814000	13.880000
785	-121.951565	0.814000	14.140000
786	-121.951565	0.816000	14.120000
787	-121.951565	0.820000	13.940000
788	-121.741565	0.818000	14.130000
789	-121.701565	0.820000	14.020000
790	-121.511565	0.820000	13.960000
791	-121.481565	0.822000	13.870000
792	-121.471565	0.822000	14.030000
793	-121.431565	0.824000	14.040000
794	-121.381565	0.824000	14.080000
795	-121.381565	0.824000	14.100000
796	-121.261565	0.828000	14.030000
797	-121.211565	0.828000	13.910000
798	-121.171565	0.830000	14.310000
799	-121.101565	0.789000	14.120000
800	-121.001565	0.789000	14.010000
801	-120.951565	0.791000	13.990000
802	-120.681565	0.791000	14.190000
803	-120.671565	0.793000	13.960000
804	-120.551565	0.795000	14.100000
805	-120.541565	0.795000	14.090000
806	-120.421565	0.797000	14.080000
807	-120.361565	0.797000	13.910000
808	-120.341565	0.799000	14.190000
809	-120.271565	0.799000	14.030000
810	-120.201565	0.801000	14.300000
811	-120.161565	0.803000	14.100000
812	-120.131565	0.803000	14.320000
813	-120.011565	0.805000	14.160000
814	-119.941565	0.805000	14.130000
815	-119.801565	0.807000	14.250000
816	-119.801565	0.807000	14.160000
817	-119.781565	0.809000	14.010000
818	-119.581565	0.810000	14.160000
819	-119.571565	0.810000	14.030000
820	-119.491565	0.812000	14.100000
821	-119.461565	0.812000	14.320000
822	-119.311565	0.812000	14.200000
823	-119.221565	0.814000	14.200000
824	-119.141565	0.814000	14.390000
825	-119.121565	0.816000	14.140000
826	-119.081565	0.818000	14.290000
827	-119.021565	0.818000	13.970000
828	-118.951565	0.820000	14.000000
829	-118.951565	0.820000	14.240000
830	-118.701565	0.820000	14.300000
831	-118.511565	0.822000	14.200000
832	-118.201565	0.822000	14.290000
833	-118.191565	0.824000	14.290000
834	-118.061565	0.824000	14.300000
835	-118.051565	0.826000	14.380000
836	-117.631565	0.828000	14.200000
837	-117.631565	0.828000	14.340000
838	-117.591565	0.832000	14.220000
839	-117.571565	0.834000	14.250000
840	-117.441565	0.834000	14.230000
841	-117.441565	0.836000	14.270000
842	-117.331565	0.836000	14.270000
843	-117.191565	0.836000	14.420000
844	-117.191565	0.838000	14.450000
845	-117.041565	0.838000	14.290000
846	-117.001565	0.840000	14.380000
847	-116.871565	0.842000	14.410000
848	-116.831565	0.842000	14.610000
849	-116.711565	0.842000	14.570000
850	-116.641565	0.844000	14.270000
851	-116.541565	0.846000	14.340000
852	-116.531565	0.846000	14.320000
853	-116.461565	0.846000	14.180000
854	-116.411565	0.848000	14.310000
855	-116.371565	0.850000	14.390000
856	-116.271565	0.851000	14.500000
857	-116.271565	0.851000	14.070000
858	-116.211565	0.851000	14.360000
859	-116.171565	0.853000	14.480000
860	-116.151565	0.853000	14.240000
861	-116.091565	0.855000	14.470000
862	-116.091565	0.857000	14.390000
863	-115.991565	0.857000	14.340000
864	-115.971565	0.859000	14.470000
865	-115.921565	0.859000	14.370000
866	-115.851565	0.861000	14.330000
867	-115.751565	0.861000	14.310000
868	-115.751565	0.861000	14.340000
869	-115.661565	0.863000	14.410000
870	-115.451565	0.865000	14.370000
871	-115.401565	0.865000	14.440000
872	-115.341565	0.867000	14.600000
873	-115.281565	0.867000	14.450000
874	-115.271565	0.867000	14.310000
875	-115.251565	0.869000	14.540000
876	-115.251565	0.871000	14.320000
877	-115.241565	0.873000	14.450000
878	-115.241565	0.873000	14.330000
879	-115.201565	0.873000	14.570000
880	-115.161565	0.875000	14.680000
881	-115.111565	0.877000	14.430000
882	-115.081565	0.877000	14.460000
883	-114.841565	0.877000	14.390000
884	-114.621565	0.879000	14.490000
885	-114.561565	0.881000	14.710000
886	-114.431565	0.883000	14.570000
887	-114.161565	0.883000	14.630000
888	-114.101565	0.883000	14.490000
889	-114.071565	0.885000	14.730000
890	-114.031565	0.885000	14.680000
891	-114.011565	0.887000	14.570000
892	-114.011565	0.889000	14.540000
893	-113.841565	0.889000	14.540000
894	-113.761565	0.891000	15.020000
895	-113.711565	0.893000	14.590000
896	-113.671565	0.893000	14.550000
897	-113.621565	0.893000	14.690000
898	-113.611565	0.894000	14.530000
899	-113.521565	0.896000	14.760000
900	-113.521565	0.896000	14.720000
901	-113.501565	0.898000	14.570000
902	-113.011565	0.898000	14.470000
903	-112.981565	0.898000	14.530000
904	-112.871565	0.900000	14.450000
905	-112.831565	0.900000	14.680000
906	-112.711565	0.902000	14.690000
907	-112.701565	0.904000	14.600000
908	-112.601565	0.904000	14.660000
909	-112.481565	0.904000	14.610000
910	-112.471565	0.906000	14.760000
911	-112.091565	0.908000	14.930000
912	-111.991565	0.908000	14.870000
913	-111.901565	0.908000	14.800000
914	-111.811565	0.910000	14.780000
915	-111.721565	0.912000	14.690000
916	-111.571565	0.912000	14.730000
917	-111.471565	0.914000	14.780000
918	-111.431565	0.916000	14.830000
919	-111.421565	0.916000	14.690000
920	-111.291565	0.918000	14.810000
921	-111.211565	0.920000	14.780000
922	-111.181565	0.920000	14.880000
923	-111.181565	0.922000	14.610000
924	-111.161565	0.922000	14.590000
925	-111.161565	0.922000	14.840000
926	-111.101565	0.924000	14.840000
927	-111.101565	0.924000	14.760000
928	-111.071565	0.926000	14.540000
929	-110.991565	0.928000	14.560000
930	-110.981565	0.928000	14.710000
931	-110.861565	0.930000	14.860000
932	-110.851565	0.930000	14.740000
933	-110.791565	0.930000	14.630000
934	-110.781565	0.932000	14.800000
935	-110.691565	0.934000	14.700000
936	-110.691565	0.934000	14.820000
937	-110.661565	0.935000	14.770000
938	-110.561565	0.935000	14.710000
939	-110.281565	0.937000	14.890000
940	-110.171565	0.937000	14.730000
941	-110.081565	0.937000	14.760000
942	-110.061565	0.939000	15.010000
943	-109.811565	0.939000	15.060000
944	-109.741565	0.941000	14.970000
945	-109.691565	0.941000	14.790000
946	-109.671565	0.943000	14.960000
947	-109.611565	0.945000	14.980000
948	-109.591565	0.945000	14.880000
949	-109.461565	0.945000	14.880000
950	-109.441565	0.947000	14.980000
951	-109.421565	0.947000	14.950000
952	-109.331565	0.949000	14.870000
953	-109.291565	0.951000	14.970000
954	-109.261565	0.951000	15.020000
955	-109.251565	0.953000	15.000000
956	-108.991565	0.953000	14.850000
957	-108.841565	0.953000	14.990000
958	-108.721565	0.955000	15.000000
959	-108.571565	0.955000	14.800000
960	-108.491565	0.957000	14.890000
961	-108.421565	0.959000	15.080000
962	-108.321565	0.959000	15.020000
963	-108.311565	0.961000	15.040000
964	-108.251565	0.961000	15.100000
965	-108.011565	0.961000	15.120000
966	-108.001565	0.965000	15.240000
967	-107.801565	0.965000	15.050000
968	-107.761565	0.967000	14.910000
969	-107.711565	0.967000	15.180000
970	-107.571565	0.969000	15.140000
971	-107.491565	0.969000	15.060000
972	-107.411565	0.969000	15.220000
973	-107.381565	0.971000	15.100000
974	-107.341565	0.971000	15.140000
975	-107.281565	0.973000	15.050000
976	-107.191565	0.973000	15.250000
977	-107.061565	0.975000	15.200000
978	-107.021565	0.976000	15.240000
979	-107.021565	0.976000	15.180000
980	-106.981565	0.976000	15.010000
981	-106.801565	0.978000	15.110000
982	-106.771565	0.978000	14.990000
983	-106.381565	0.980000	15.200000
984	-106.281565	0.980000	15.000000
985	-106.281565	0.980000	15.220000
986	-106.251565	0.984000	15.140000
987	-106.241565	0.984000	15.180000
988	-106.181565	0.986000	15.030000
989	-106.121565	0.986000	15.150000
990	-105.991565	0.988000	15.250000
991	-105.821565	0.990000	13.860000
992	-105.821565	0.990000	13.920000
993	-105.601565	0.992000	13.800000
994	-105.551565	0.992000	15.110000
995	-105.471565	0.992000	13.750000
996	-105.471565	0.994000	13.770000
997	-105.271565	0.998000	14.030000
998	-105.251565	0.998000	15.120000
999	-105.211565	0.998000	15.230000
1000	-105.181565	1.000000	13.910000
1001	-105.181565	1.002000	13.940000
1002	-105.051565	1.002000	13.970000
1003	-105.011565	1.002000	13.970000
1004	-104.981565	1.004000	13.990000
1005	-104.951565	1.004000	13.950000
1006	-104.921565	1.006000	14.100000
1007	-104.861565	1.008000	13.950000
1008	-104.861565	1.008000	15.010000
1009	-104.691565	1.008000	14.010000
1010	-104.301565	1.010000	14.150000
1011	-104.271565	1.010000	13.940000
1012	-104.231565	1.012000	14.000000
1013	-104.111565	1.014000	14.010000
1014	-104.071565	1.014000	13.930000
1015	-104.041565	1.014000	15.030000
1016	-103.981565	1.016000	14.260000
1017	-103.981565	1.017000	13.990000
1018	-103.951565	1.017000	14.690000
1019	-103.651565	1.017000	14.170000
1020	-103.531565	1.019000	14.020000
1021	-103.201565	1.021000	14.190000
1022	-103.141565	1.021000	14.110000
1023	-103.131565	1.023000	13.990000
1024	-103.111565	1.023000	14.250000
1025	-103.101565	1.023000	14.110000
1026	-103.101565	1.025000	13.970000
1027	-103.071565	1.025000	14.010000
1028	-103.041565	1.027000	14.000000
1029	-103.011565	1.029000	14.130000
1030	-102.881565	1.027000	14.210000
1031	-102.821565	1.029000	14.080000
1032	-102.771565	1.031000	14.050000
1033	-102.751565	1.033000	14.040000
1034	-102.711565	1.033000	14.060000
1035	-102.691565	1.033000	14.160000
1036	-102.681565	1.035000	14.110000
1037	-102.561565	1.037000	14.170000
1038	-102.221565	1.039000	14.190000
1039	-102.101565	1.039000	14.220000
1040	-102.091565	1.039000	14.180000
1041	-102.001565	1.041000	14.060000
1042	-101.961565	1.041000	14.010000
1043	-101.701565	1.043000	14.250000
1044	-101.611565	1.045000	14.060000
1045	-101.581565	1.045000	14.270000
1046	-101.561565	1.045000	14.120000
1047	-101.551565	1.049000	14.240000
1048	-101.551565	1.049000	14.150000
1049	-101.521565	1.049000	14.110000
1050	-101.481565	1.051000	14.100000
1051	-101.461565	1.053000	14.400000
1052	-101.411565	1.053000	14.300000
1053	-101.411565	1.055000	14.190000
1054	-101.381565	1.055000	14.270000
1055	-101.381565	1.055000	14.180000
1056	-101.121565	1.057000	14.040000
1057	-101.071565	1.059000	14.500000
1058	-101.051565	1.060000	14.170000
1059	-101.051565	1.060000	14.150000
1060	-101.021565	1.060000	14.220000
1061	-101.001565	1.062000	14.230000
1062	-100.971565	1.064000	14.160000
1063	-100.971565	1.064000	14.030000
1064	-100.931565	1.064000	14.410000
1065	-100.931565	1.066000	14.370000
1066	-100.871565	1.068000	14.170000
1067	-100.841565	1.068000	14.190000
1068	-100.751565	1.070000	14.260000
1069	-100.581565	1.070000	14.290000
1070	-100.331565	1.070000	14.510000
1071	-100.291565	1.072000	14.290000
1072	-100.131565	1.072000	14.240000
1073	-99.711565	1.074000	14.480000
1074	-99.651565	1.074000	14.460000
1075	-99.481565	1.076000	14.370000
1076	-99.301565	1.076000	14.450000
1077	-99.221565	1.078000	14.270000
1078	-98.931565	1.080000	14.300000
1079	-98.901565	1.082000	14.380000
1080	-98.881565	1.084000	14.410000
1081	-98.851565	1.084000	14.360000
1082	-98.711565	1.086000	14.390000
1083	-98.661565	1.086000	14.360000
1084	-98.621565	1.086000	14.380000
1085	-98.611565	1.088000	14.280000
1086	-98.591565	1.090000	14.490000
1087	-98.481565	1.092000	14.460000
1088	-98.401565	1.092000	14.370000
1089	-98.371565	1.094000	14.370000
1090	-98.101565	1.094000	14.540000
1091	-98.101565	1.094000	14.350000
1092	-98.071565	1.096000	14.430000
1093	-97.651565	1.098000	14.460000
1094	-97.581565	1.098000	14.660000
1095	-97.551565	1.098000	14.400000
1096	-97.541565	1.100000	14.660000
1097	-97.521565	1.101000	14.360000
1098	-97.431565	1.101000	14.490000
1099	-97.421565	1.101000	14.390000
1100	-97.391565	1.103000	14.410000
1101	-97.391565	1.103000	14.350000
1102	-97.281565	1.105000	14.480000
1103	-97.261565	1.107000	14.550000
1104	-97.091565	1.107000	14.430000
1105	-97.071565	1.109000	14.570000
1106	-97.051565	1.111000	14.520000
1107	-97.021565	1.111000	14.440000
1108	-96.751565	1.111000	14.720000
1109	-96.741565	1.113000	14.660000
1110	-96.731565	1.115000	14.620000
1111	-96.721565	1.115000	14.670000
1112	-96.471565	1.117000	14.650000
1113	-96.381565	1.117000	14.470000
1114	-96.251565	1.117000	14.560000
1115	-95.991565	1.119000	14.460000
1116	-95.881565	1.121000	14.460000
1117	-95.741565	1.121000	14.450000
1118	-95.701565	1.123000	14.640000
1119	-95.531565	1.123000	14.740000
1120	-95.471565	1.125000	14.520000
1121	-95.431565	1.125000	14.840000
1122	-95.181565	1.125000	14.770000
1123	-95.111565	1.127000	14.620000
1124	-95.001565	1.127000	14.650000
1125	-94.981565	1.129000	14.650000
1126	-94.951565	1.131000	14.730000
1127	-94.901565	1.133000	14.740000
1128	-94.861565	1.133000	14.700000
1129	-94.821565	1.133000	14.800000
1130	-94.661565	1.135000	14.730000
1131	-94.601565	1.135000	14.700000
1132	-94.601565	1.137000	14.620000
1133	-94.561565	1.137000	14.700000
1134	-94.521565	1.139000	14.770000
1135	-94.461565	1.141000	14.740000
1136	-94.421565	1.141000	14.660000
1137	-94.351565	1.141000	14.740000
1138	-94.271565	1.143000	14.810000
1139	-94.201565	1.143000	14.740000
1140	-94.071565	1.144000	14.600000
1141	-94.061565	1.146000	14.690000
1142	-93.921565	1.146000	14.710000
1143	-93.901565	1.148000	14.630000
1144	-93.851565	1.148000	14.860000
1145	-93.811565	1.148000	14.790000
1146	-93.771565	1.150000	14.730000
1147	-93.761565	1.150000	14.640000
1148	-93.651565	1.152000	15.070000
1149	-93.651565	1.154000	14.670000
1150	-93.511565	1.154000	14.820000
1151	-93.501565	1.156000	15.010000
1152	-93.491565	1.156000	14.950000
1153	-93.431565	1.158000	14.850000
1154	-93.341565	1.158000	14.940000
1155	-93.301565	1.158000	14.830000
1156	-93.271565	1.160000	14.750000
1157	-93.211565	1.162000	14.790000
1158	-93.171565	1.162000	14.890000
1159	-93.131565	1.164000	15.000000
1160	-93.111565	1.166000	14.900000
1161	-93.031565	1.166000	14.870000
1162	-92.751565	1.168000	14.490000
1163	-92.671565	1.170000	14.920000
1164	-92.651565	1.170000	14.970000
1165	-92.281565	1.170000	14.780000
1166	-92.241565	1.172000	14.920000
1167	-92.241565	1.174000	14.930000
1168	-92.211565	1.174000	14.760000
1169	-92.061565	1.174000	14.830000
1170	-92.051565	1.176000	14.770000
1171	-92.041565	1.178000	14.940000
1172	-92.021565	1.178000	14.970000
1173	-92.021565	1.180000	14.760000
1174	-91.831565	1.180000	14.820000
1175	-91.811565	1.180000	14.870000
1176	-91.801565	1.182000	14.970000
1177	-91.721565	1.182000	15.150000
1178	-91.711565	1.184000	14.950000
1179	-91.471565	1.185000	14.880000
1180	-91.451565	1.185000	14.790000
1181	-91.421565	1.185000	14.780000
1182	-91.401565	1.187000	14.810000
1183	-91.191565	1.189000	14.880000
1184	-91.101565	1.189000	14.850000
1185	-91.051565	1.189000	14.660000
1186	-91.021565	1.191000	14.810000
1187	-90.971565	1.193000	14.780000
1188	-90.951565	1.193000	14.990000
1189	-90.931565	1.195000	14.910000
1190	-90.921565	1.195000	14.890000
1191	-90.841565	1.195000	14.850000
1192	-90.611565	1.197000	14.990000
1193	-90.561565	1.197000	14.910000
1194	-90.421565	1.199000	14.950000
1195	-90.361565	1.201000	14.940000
1196	-90.341565	1.201000	14.900000
1197	-90.321565	1.203000	15.000000
1198	-90.221565	1.205000	14.970000
1199	-90.201565	1.205000	15.020000
1200	-90.161565	1.205000	14.970000
1201	-90.001565	1.207000	14.930000
1202	-89.871565	1.209000	15.010000
1203	-89.781565	1.209000	14.920000
1204	-89.731565	1.211000	15.000000
1205	-89.681565	1.211000	14.830000
1206	-89.561565	1.213000	15.050000
1207	-89.411565	1.213000	14.930000
1208	-89.281565	1.215000	15.080000
1209	-89.231565	1.217000	15.090000
1210	-89.231565	1.217000	14.860000
1211	-89.051565	1.217000	15.060000
1212	-88.781565	1.219000	15.060000
1213	-88.761565	1.221000	15.070000
1214	-88.551565	1.221000	14.970000
1215	-88.551565	1.221000	15.140000
1216	-88.521565	1.225000	15.040000
1217	-88.501565	1.225000	15.160000
1218	-88.421565	1.226000	15.170000
1219	-88.331565	1.226000	15.090000
1220	-88.331565	1.226000	15.140000
1221	-88.291565	1.228000	15.080000
1222	-88.191565	1.228000	15.250000
1223	-88.181565	1.230000	15.230000
1224	-88.181565	1.232000	15.100000
1225	-88.171565	1.232000	15.140000
1226	-88.081565	1.232000	15.160000
1227	-88.041565	1.234000	15.090000
1228	-88.001565	1.236000	15.190000
1229	-87.921565	1.236000	15.330000
1230	-87.921565	1.236000	15.150000
1231	-87.901565	1.238000	15.320000
1232	-87.851565	1.240000	15.340000
1233	-87.801565	1.240000	15.230000
1234	-87.741565	1.242000	15.070000
1235	-87.541565	1.242000	15.030000
1236	-87.471565	1.244000	15.190000
1237	-87.421565	1.246000	15.220000
1238	-87.331565	1.248000	15.280000
1239	-87.271565	1.250000	15.220000
1240	-86.991565	1.250000	15.410000
1241	-86.971565	1.250000	15.240000
1242	-86.911565	1.252000	15.270000
1243	-86.881565	1.252000	15.530000
1244	-86.821565	1.254000	15.420000
1245	-86.781565	1.254000	15.250000
1246	-86.641565	1.258000	15.380000
1247	-86.481565	1.258000	15.240000
1248	-86.371565	1.258000	15.250000
1249	-86.291565	1.260000	15.280000
1250	-86.221565	1.260000	15.180000
1251	-86.201565	1.262000	15.440000
1252	-86.021565	1.264000	15.290000
1253	-85.831565	1.262000	15.320000
1254	-85.751565	1.266000	15.400000
1255	-85.691565	1.266000	15.420000
1256	-85.491565	1.266000	15.120000
1257	-85.291565	1.267000	15.340000
1258	-85.281565	1.267000	15.320000
1259	-84.981565	1.269000	15.380000
1260	-84.951565	1.271000	15.390000
1261	-84.861565	1.271000	15.330000
1262	-84.821565	1.273000	15.240000
1263	-84.631565	1.273000	15.380000
1264	-84.521565	1.273000	15.240000
1265	-84.521565	1.275000	15.380000
1266	-84.481565	1.277000	15.580000
1267	-84.471565	1.279000	15.410000
1268	-84.381565	1.279000	15.480000
1269	-84.381565	1.281000	15.400000
1270	-84.331565	1.281000	15.450000
1271	-84.291565	1.281000	15.240000
1272	-84.181565	1.283000	15.200000
1273	-84.121565	1.283000	15.340000
1274	-84.111565	1.285000	15.230000
1275	-84.061565	1.287000	15.560000
1276	-84.021565	1.289000	15.230000
1277	-83.981565	1.289000	15.450000
1278	-83.951565	1.289000	15.350000
1279	-83.921565	1.291000	15.760000
1280	-83.881565	1.291000	15.320000
1281	-83.811565	1.293000	15.480000
1282	-83.721565	1.295000	15.470000
1283	-83.441565	1.295000	15.550000
1284	-83.431565	1.295000	15.560000
1285	-83.381565	1.297000	15.600000
1286	-83.211565	1.299000	15.410000
1287	-83.211565	1.299000	15.380000
1288	-83.171565	1.301000	15.400000
1289	-83.141565	1.303000	15.480000
1290	-83.041565	1.303000	15.630000
1291	-82.961565	1.305000	15.520000
1292	-82.821565	1.305000	15.370000
1293	-82.771565	1.305000	15.520000
1294	-82.681565	1.307000	15.310000
1295	-82.641565	1.309000	15.580000
1296	-82.641565	1.310000	15.410000
1297	-82.431565	1.310000	15.540000
1298	-82.411565	1.312000	15.590000
1299	-82.331565	1.312000	15.360000
1300	-82.191565	1.312000	15.550000
1301	-82.021565	1.314000	15.500000
1302	-82.001565	1.314000	15.610000
1303	-81.911565	1.316000	15.800000
1304	-81.911565	1.316000	15.770000
1305	-81.861565	1.318000	15.690000
1306	-81.811565	1.320000	15.660000
1307	-81.711565	1.320000	15.640000
1308	-81.691565	1.320000	15.730000
1309	-81.581565	1.322000	15.680000
1310	-81.431565	1.322000	15.500000
1311	-81.421565	1.324000	15.560000
1312	-81.371565	1.324000	15.600000
1313	-81.321565	1.326000	15.710000
1314	-81.151565	1.326000	15.610000
1315	-81.111565	1.328000	15.740000
1316	-80.561565	1.328000	15.630000
1317	-80.481565	1.332000	15.600000
1318	-80.411565	1.334000	15.650000
1319	-80.401565	1.334000	15.680000
1320	-80.391565	1.336000	15.620000
1321	-80.221565	1.336000	15.780000
1322	-80.171565	1.336000	15.770000
1323	-80.161565	1.338000	15.860000
1324	-79.981565	1.340000	15.730000
1325	-79.861565	1.340000	15.800000
1326	-79.781565	1.340000	15.740000
1327	-79.761565	1.342000	15.600000
1328	-79.751565	1.342000	15.620000
1329	-79.731565	1.344000	15.840000
1330	-79.721565	1.346000	15.690000
1331	-79.601565	1.346000	15.930000
1332	-79.601565	1.346000	15.660000
1333	-79.501565	1.348000	15.610000
1334	-79.471565	1.348000	15.690000
1335	-79.471565	1.350000	15.750000
1336	-79.241565	1.351000	15.750000
1337	-79.211565	1.351000	15.710000
1338	-79.091565	1.351000	15.660000
1339	-79.071565	1.353000	15.890000
1340	-78.991565	1.353000	15.890000
1341	-78.961565	1.355000	16.010000
1342	-78.961565	1.355000	15.780000
1343	-78.851565	1.357000	15.780000
1344	-78.841565	1.359000	15.790000
1345	-78.791565	1.359000	15.720000
1346	-78.781565	1.361000	15.820000
1347	-78.731565	1.361000	15.740000
1348	-78.601565	1.363000	15.860000
1349	-78.481565	1.365000	15.780000
1350	-78.361565	1.365000	15.900000
1351	-78.051565	1.367000	15.960000
1352	-77.901565	1.367000	15.840000
1353	-77.881565	1.367000	15.890000
1354	-77.851565	1.369000	15.970000
1355	-77.781565	1.369000	15.970000
1356	-77.711565	1.371000	15.940000
1357	-77.671565	1.373000	16.010000
1358	-77.521565	1.373000	15.940000
1359	-77.431565	1.373000	15.940000
1360	-77.381565	1.375000	15.840000
1361	-77.291565	1.377000	16.020000
1362	-77.051565	1.377000	15.870000
1363	-77.021565	1.377000	15.960000
1364	-76.981565	1.379000	15.870000
1365	-76.751565	1.381000	15.840000
1366	-76.641565	1.383000	15.950000
1367	-76.521565	1.383000	15.800000
1368	-76.441565	1.383000	16.030000
1369	-76.421565	1.385000	15.940000
1370	-76.411565	1.385000	16.050000
1371	-76.381565	1.387000	15.870000
1372	-76.351565	1.389000	16.020000
1373	-76.331565	1.389000	16.130000
1374	-76.331565	1.389000	15.980000
1375	-76.311565	1.393000	16.010000
1376	-76.271565	1.393000	16.020000
1377	-76.261565	1.393000	16.110000
1378	-76.141565	1.394000	16.020000
1379	-76.121565	1.396000	15.990000
1380	-76.061565	1.396000	16.060000
1381	-75.991565	1.398000	16.000000
1382	-75.971565	1.398000	16.020000
1383	-75.591565	1.398000	16.030000
1384	-75.581565	1.400000	16.080000
1385	-75.571565	1.402000	16.000000
1386	-75.381565	1.404000	16.140000
1387	-75.051565	1.404000	15.990000
1388	-74.991565	1.404000	16.090000
1389	-74.961565	1.406000	16.180000
1390	-74.861565	1.408000	15.960000
1391	-74.861565	1.408000	16.050000
1392	-74.801565	1.408000	16.180000
1393	-74.611565	1.410000	16.140000
1394	-74.591565	1.412000	16.020000
1395	-74.501565	1.414000	16.100000
1396	-74.461565	1.416000	16.100000
1397	-74.391565	1.416000	16.130000
1398	-74.391565	1.418000	16.060000
1399	-74.381565	1.420000	16.010000
1400	-74.321565	1.420000	16.320000
1401	-74.311565	1.422000	16.010000
1402	-74.301565	1.422000	16.070000
1403	-74.211565	1.422000	15.990000
1404	-74.201565	1.424000	16.050000
1405	-74.161565	1.426000	16.200000
1406	-74.111565	1.428000	15.970000
1407	-74.071565	1.428000	16.040000
1408	-73.981565	1.430000	16.120000
1409	-73.931565	1.430000	16.310000
1410	-73.911565	1.432000	16.030000
1411	-73.851565	1.432000	16.200000
1412	-73.801565	1.432000	16.220000
1413	-73.671565	1.434000	16.150000
1414	-73.551565	1.434000	15.990000
1415	-73.391565	1.435000	16.280000
1416	-73.191565	1.437000	16.160000
1417	-73.071565	1.437000	16.260000
1418	-73.001565	1.437000	16.330000
1419	-72.921565	1.439000	16.180000
1420	-72.781565	1.439000	16.300000
1421	-72.711565	1.441000	16.320000
1422	-72.461565	1.443000	16.230000
1423	-72.451565	1.445000	16.340000
1424	-72.351565	1.445000	16.210000
1425	-72.281565	1.445000	16.250000
1426	-72.271565	1.447000	16.320000
1427	-71.991565	1.447000	16.120000
1428	-71.981565	1.449000	16.240000
1429	-71.951565	1.451000	16.230000
1430	-71.931565	1.451000	16.120000
1431	-71.861565	1.453000	16.220000
1432	-71.671565	1.453000	16.070000
1433	-71.621565	1.453000	16.260000
1434	-71.611565	1.455000	16.240000
1435	-71.411565	1.455000	16.170000
1436	-71.411565	1.457000	16.270000
1437	-71.381565	1.459000	16.130000
1438	-71.311565	1.459000	16.250000
1439	-71.281565	1.461000	16.180000
1440	-71.251565	1.461000	16.210000
1441	-71.241565	1.461000	16.290000
1442	-71.201565	1.463000	16.300000
1443	-71.051565	1.465000	16.430000
1444	-70.961565	1.467000	16.270000
1445	-70.861565	1.467000	16.190000
1446	-70.811565	1.469000	16.290000
1447	-70.581565	1.469000	16.300000
1448	-70.481565	1.469000	16.420000
1449	-70.421565	1.471000	16.290000
1450	-70.401565	1.471000	16.430000
1451	-70.271565	1.473000	16.580000
1452	-70.051565	1.473000	16.450000
1453	-70.021565	1.475000	16.300000
1454	-69.921565	1.476000	16.500000
1455	-69.891565	1.476000	16.320000
1456	-69.861565	1.476000	16.360000
1457	-69.851565	1.478000	16.620000
1458	-69.831565	1.478000	16.400000
1459	-69.791565	1.480000	16.380000
1460	-69.791565	1.482000	16.360000
1461	-69.771565	1.480000	16.410000
1462	-69.701565	1.484000	16.480000
1463	-69.681565	1.484000	16.390000
1464	-69.621565	1.484000	16.650000
1465	-69.591565	1.486000	16.290000
1466	-69.541565	1.486000	16.490000
1467	-69.531565	1.488000	16.510000
1468	-69.511565	1.490000	16.330000
1469	-69.411565	1.490000	16.530000
1470	-69.371565	1.492000	16.620000
1471	-69.161565	1.492000	16.580000
1472	-69.161565	1.492000	16.190000
1473	-69.141565	1.494000	16.370000
1474	-69.121565	1.498000	16.600000
1475	-69.021565	1.498000	16.510000
1476	-68.991565	1.498000	16.510000
1477	-68.991565	1.500000	16.510000
1478	-68.751565	1.502000	16.510000
1479	-68.721565	1.502000	16.510000
1480	-68.281565	1.502000	16.520000
1481	-68.201565	1.504000	16.420000
1482	-68.121565	1.506000	16.490000
1483	-67.851565	1.508000	16.540000
1484	-67.841565	1.508000	16.550000
1485	-67.831565	1.508000	16.390000
1486	-67.781565	1.510000	16.640000
1487	-67.551565	1.510000	16.740000
1488	-67.441565	1.512000	16.610000
1489	-67.331565	1.514000	16.640000
1490	-67.141565	1.514000	16.770000
1491	-66.751565	1.514000	16.680000
1492	-66.661565	1.516000	16.710000
1493	-66.631565	1.516000	16.600000
1494	-66.611565	1.517000	16.870000
1495	-66.591565	1.517000	16.740000
1496	-66.571565	1.519000	16.720000
1497	-66.421565	1.519000	16.680000
1498	-66.391565	1.523000	16.640000
1499	-66.341565	1.523000	16.690000
1500	-66.291565	1.523000	16.770000
1501	-66.181565	1.523000	16.800000
1502	-66.131565	1.525000	16.510000
1503	-66.071565	1.525000	16.720000
1504	-66.041565	1.529000	16.700000
1505	-66.031565	1.529000	16.650000
1506	-66.021565	1.529000	16.730000
1507	-65.961565	1.531000	16.900000
1508	-65.951565	1.533000	16.810000
1509	-65.901565	1.533000	16.850000
1510	-65.891565	1.533000	16.750000
1511	-65.751565	1.535000	16.670000
1512	-65.631565	1.537000	16.750000
1513	-65.611565	1.537000	16.690000
1514	-65.591565	1.539000	16.650000
1515	-65.571565	1.539000	16.720000
1516	-65.561565	1.541000	16.710000
1517	-65.541565	1.541000	16.780000
1518	-65.451565	1.543000	16.790000
1519	-65.411565	1.545000	16.750000
1520	-65.321565	1.545000	16.750000
1521	-65.301565	1.547000	16.750000
1522	-65.291565	1.547000	16.740000
1523	-65.271565	1.549000	16.900000
1524	-65.231565	1.549000	16.730000
1525	-65.211565	1.549000	16.870000
1526	-65.011565	1.551000	16.850000
1527	-64.921565	1.553000	16.800000
1528	-64.821565	1.553000	16.810000
1529	-64.651565	1.555000	16.800000
1530	-64.361565	1.555000	16.850000
1531	-64.331565	1.555000	16.870000
1532	-64.271565	1.557000	16.980000
1533	-64.201565	1.557000	16.830000
1534	-64.181565	1.559000	16.990000
1535	-64.021565	1.560000	16.810000
1536	-63.931565	1.560000	17.030000
1537	-63.861565	1.562000	16.870000
1538	-63.801565	1.564000	17.000000
1539	-63.781565	1.564000	17.020000
1540	-63.771565	1.564000	16.890000
1541	-63.681565	1.566000	16.830000
1542	-63.661565	1.568000	16.870000
1543	-63.491565	1.568000	16.960000
1544	-63.361565	1.570000	16.860000
1545	-63.321565	1.570000	16.980000
1546	-63.251565	1.572000	16.850000
1547	-63.221565	1.572000	16.980000
1548	-63.211565	1.574000	16.910000
1549	-62.961565	1.576000	16.940000
1550	-62.941565	1.576000	16.750000
1551	-62.911565	1.576000	16.900000
1552	-62.881565	1.578000	17.000000
1553	-62.871565	1.582000	16.930000
1554	-62.831565	1.582000	16.890000
1555	-62.781565	1.584000	17.010000
1556	-62.751565	1.584000	16.980000
1557	-62.401565	1.586000	17.060000
1558	-62.361565	1.586000	16.930000
1559	-62.241565	1.586000	17.000000
1560	-62.241565	1.588000	17.130000
1561	-62.141565	1.588000	17.010000
1562	-62.131565	1.590000	16.990000
1563	-62.111565	1.592000	16.980000
1564	-62.041565	1.594000	16.950000
1565	-62.001565	1.594000	17.010000
1566	-61.621565	1.594000	17.030000
1567	-61.601565	1.596000	17.100000
1568	-61.601565	1.596000	17.020000
1569	-61.581565	1.598000	17.130000
1570	-61.581565	1.600000	16.990000
1571	-61.531565	1.600000	17.160000
1572	-61.421565	1.600000	16.930000
1573	-61.381565	1.601000	17.110000
1574	-61.321565	1.603000	16.940000
1575	-61.241565	1.603000	16.990000
1576	-61.221565	1.605000	17.020000
1577	-61.121565	1.605000	17.030000
1578	-61.081565	1.605000	17.040000
1579	-61.011565	1.609000	17.180000
1580	-60.991565	1.609000	17.030000
1581	-60.831565	1.611000	16.980000
1582	-60.751565	1.613000	17.090000
1583	-60.741565	1.613000	17.220000
1584	-60.741565	1.615000	17.260000
1585	-60.721565	1.615000	17.180000
1586	-60.631565	1.617000	17.090000
1587	-60.551565	1.617000	16.960000
1588	-60.521565	1.617000	17.130000
1589	-60.351565	1.619000	17.170000
1590	-60.351565	1.619000	17.130000
1591	-60.241565	1.621000	17.050000
1592	-60.191565	1.621000	17.140000
1593	-60.181565	1.623000	17.120000
1594	-59.901565	1.625000	17.090000
1595	-59.831565	1.625000	17.100000
1596	-59.811565	1.627000	17.070000
1597	-59.791565	1.627000	17.060000
1598	-59.571565	1.627000	16.950000
1599	-59.561565	1.629000	17.190000
1600	-59.541565	1.629000	17.110000
1601	-59.501565	1.633000	17.200000
1602	-59.481565	1.633000	17.210000
1603	-59.461565	1.633000	16.930000
1604	-59.451565	1.635000	17.110000
1605	-59.431565	1.635000	17.140000
1606	-59.311565	1.637000	17.190000
1607	-59.181565	1.639000	17.050000
1608	-59.041565	1.639000	17.240000
1609	-58.721565	1.641000	17.500000
1610	-58.641565	1.641000	17.160000
1611	-58.621565	1.641000	17.230000
1612	-58.591565	1.643000	17.180000
1613	-58.571565	1.644000	17.310000
1614	-58.571565	1.646000	17.160000
1615	-58.531565	1.646000	17.200000
1616	-58.371565	1.648000	17.250000
1617	-58.141565	1.648000	17.330000
1618	-58.031565	1.648000	17.250000
1619	-57.891565	1.650000	17.420000
1620	-57.851565	1.650000	17.450000
1621	-57.781565	1.652000	17.290000
1622	-57.681565	1.652000	17.300000
1623	-57.471565	1.656000	17.230000
1624	-57.391565	1.656000	17.420000
1625	-57.281565	1.656000	17.230000
1626	-57.211565	1.658000	17.300000
1627	-57.011565	1.658000	17.280000
1628	-56.851565	1.660000	17.310000
1629	-56.811565	1.662000	17.300000
1630	-56.761565	1.662000	17.440000
1631	-56.751565	1.664000	17.270000
1632	-56.701565	1.666000	17.420000
1633	-56.681565	1.666000	17.400000
1634	-56.681565	1.668000	17.310000
1635	-56.671565	1.670000	17.400000
1636	-56.661565	1.670000	17.550000
1637	-56.631565	1.670000	17.510000
1638	-56.591565	1.672000	17.420000
1639	-56.581565	1.674000	17.440000
1640	-56.551565	1.674000	17.330000
1641	-56.431565	1.676000	17.470000
1642	-56.311565	1.676000	17.430000
1643	-56.301565	1.680000	17.330000
1644	-56.271565	1.678000	17.410000
1645	-56.201565	1.680000	17.370000
1646	-56.201565	1.680000	17.450000
1647	-56.191565	1.680000	17.320000
1648	-56.061565	1.682000	17.540000
1649	-56.021565	1.682000	17.470000
1650	-56.011565	1.684000	17.350000
1651	-55.971565	1.684000	17.460000
1652	-55.891565	1.685000	17.380000
1653	-55.861565	1.687000	17.550000
1654	-55.831565	1.687000	17.450000
1655	-55.821565	1.689000	17.430000
1656	-55.811565	1.689000	17.510000
1657	-55.761565	1.689000	17.350000
1658	-55.731565	1.691000	17.330000
1659	-55.661565	1.693000	17.460000
1660	-55.641565	1.693000	17.380000
1661	-55.631565	1.695000	17.500000
1662	-55.631565	1.695000	17.360000
1663	-55.601565	1.697000	17.490000
1664	-55.601565	1.697000	17.450000
1665	-55.571565	1.699000	17.630000
1666	-55.521565	1.701000	17.400000
1667	-55.501565	1.701000	17.480000
1668	-55.471565	1.701000	17.460000
1669	-55.401565	1.703000	17.500000
1670	-55.371565	1.705000	17.520000
1671	-55.341565	1.705000	17.460000
1672	-55.321565	1.707000	17.510000
1673	-55.321565	1.709000	17.630000
1674	-55.281565	1.709000	17.420000
1675	-55.271565	1.711000	17.450000
1676	-55.221565	1.711000	17.490000
1677	-55.091565	1.711000	17.500000
1678	-54.921565	1.713000	17.430000
1679	-54.901565	1.713000	17.580000
1680	-54.871565	1.715000	17.460000
1681	-54.851565	1.717000	17.470000
1682	-54.841565	1.717000	17.370000
1683	-54.811565	1.719000	17.430000
1684	-54.811565	1.721000	17.410000
1685	-54.801565	1.721000	17.430000
1686	-54.781565	1.721000	17.580000
1687	-54.721565	1.723000	17.470000
1688	-54.621565	1.725000	17.640000
1689	-54.611565	1.725000	17.420000
1690	-54.571565	1.726000	17.600000
1691	-54.521565	1.728000	17.510000
1692	-54.501565	1.728000	17.620000
1693	-54.481565	1.728000	17.430000
1694	-54.461565	1.730000	17.510000
1695	-54.461565	1.732000	17.510000
1696	-54.451565	1.732000	17.650000
1697	-54.421565	1.732000	17.510000
1698	-54.361565	1.734000	17.440000
1699	-54.341565	1.736000	17.590000
1700	-54.311565	1.736000	17.530000
1701	-54.281565	1.736000	17.560000
1702	-54.281565	1.738000	17.470000
1703	-54.161565	1.740000	17.520000
1704	-54.141565	1.740000	17.600000
1705	-54.081565	1.742000	17.670000
1706	-54.001565	1.742000	17.420000
1707	-53.941565	1.742000	17.720000
1708	-53.921565	1.744000	17.620000
1709	-53.801565	1.744000	17.640000
1710	-53.721565	1.746000	17.720000
1711	-53.681565	1.748000	17.430000
1712	-53.441565	1.750000	17.480000
1713	-53.351565	1.750000	17.590000
1714	-53.301565	1.752000	17.630000
1715	-53.281565	1.752000	17.600000
1716	-53.091565	1.754000	17.820000
1717	-53.001565	1.756000	17.630000
1718	-52.941565	1.756000	17.800000
1719	-52.811565	1.758000	17.790000
1720	-52.741565	1.758000	17.570000
1721	-52.591565	1.760000	17.690000
1722	-52.581565	1.760000	17.870000
1723	-52.571565	1.760000	17.520000
1724	-52.441565	1.762000	17.800000
1725	-52.351565	1.764000	17.780000
1726	-52.341565	1.764000	17.750000
1727	-52.321565	1.766000	17.920000
1728	-52.211565	1.766000	17.660000
1729	-52.111565	1.766000	17.780000
1730	-52.061565	1.767000	17.810000
1731	-52.041565	1.767000	17.760000
1732	-52.031565	1.769000	17.740000
1733	-51.961565	1.771000	17.780000
1734	-51.911565	1.771000	17.750000
1735	-51.851565	1.773000	17.730000
1736	-51.761565	1.773000	17.830000
1737	-51.701565	1.773000	17.830000
1738	-51.411565	1.775000	17.840000
1739	-51.381565	1.775000	17.900000
1740	-51.331565	1.777000	17.850000
1741	-51.171565	1.779000	17.720000
1742	-51.151565	1.781000	17.930000
1743	-51.131565	1.781000	17.970000
1744	-51.101565	1.781000	17.880000
1745	-51.061565	1.783000	17.880000
1746	-51.031565	1.783000	17.750000
1747	-50.801565	1.785000	18.210000
1748	-50.781565	1.787000	18.040000
1749	-50.681565	1.787000	17.780000
1750	-50.671565	1.789000	17.900000
1751	-50.531565	1.789000	17.770000
1752	-50.521565	1.791000	17.970000
1753	-50.271565	1.791000	17.820000
1754	-50.231565	1.793000	17.840000
1755	-50.191565	1.795000	17.850000
1756	-50.101565	1.795000	17.950000
1757	-49.851565	1.797000	17.810000
1758	-49.821565	1.797000	17.880000
1759	-49.671565	1.799000	17.950000
1760	-49.651565	1.799000	17.880000
1761	-49.651565	1.799000	17.820000
1762	-49.611565	1.801000	17.900000
1763	-49.481565	1.803000	17.770000
1764	-49.151565	1.803000	17.660000
1765	-49.111565	1.805000	17.770000
1766	-48.811565	1.805000	17.970000
1767	-48.731565	1.805000	17.900000
1768	-48.491565	1.807000	18.010000
1769	-48.281565	1.809000	17.820000
1770	-48.251565	1.809000	17.880000
1771	-48.241565	1.809000	18.090000
1772	-48.211565	1.812000	17.960000
1773	-48.091565	1.812000	18.050000
1774	-48.081565	1.812000	17.980000
1775	-48.041565	1.814000	17.830000
1776	-48.031565	1.814000	18.020000
1777	-48.011565	1.816000	18.070000
1778	-47.991565	1.818000	17.850000
1779	-47.931565	1.818000	17.960000
1780	-47.901565	1.820000	18.080000
1781	-47.881565	1.820000	17.940000
1782	-47.861565	1.820000	17.910000
1783	-47.811565	1.822000	17.950000
1784	-47.791565	1.822000	17.970000
1785	-47.771565	1.824000	17.890000
1786	-47.751565	1.826000	17.990000
1787	-47.731565	1.824000	18.010000
1788	-47.721565	1.828000	17.880000
1789	-47.721565	1.828000	17.990000
1790	-47.651565	1.828000	18.110000
1791	-47.391565	1.832000	18.030000
1792	-47.351565	1.834000	18.070000
1793	-47.181565	1.836000	18.000000
1794	-47.071565	1.836000	17.990000
1795	-47.061565	1.836000	18.190000
1796	-46.801565	1.836000	18.130000
1797	-46.631565	1.838000	18.150000
1798	-46.591565	1.838000	18.010000
1799	-46.571565	1.840000	17.900000
1800	-46.531565	1.842000	18.110000
1801	-46.501565	1.840000	18.140000
1802	-46.451565	1.844000	18.150000
1803	-46.391565	1.846000	18.150000
1804	-46.361565	1.846000	18.180000
1805	-46.341565	1.846000	18.210000
1806	-46.281565	1.848000	18.160000
1807	-46.231565	1.850000	18.070000
1808	-46.201565	1.850000	18.150000
1809	-46.131565	1.851000	18.040000
1810	-46.081565	1.851000	18.120000
1811	-45.821565	1.853000	18.170000
1812	-45.801565	1.853000	18.070000
1813	-45.791565	1.855000	18.130000
1814	-45.771565	1.857000	18.160000
1815	-45.721565	1.857000	18.090000
1816	-45.711565	1.857000	18.250000
1817	-45.571565	1.859000	18.110000
1818	-45.491565	1.861000	18.210000
1819	-45.461565	1.861000	18.230000
1820	-45.461565	1.861000	18.290000
1821	-45.431565	1.863000	18.210000
1822	-45.431565	1.865000	18.080000
1823	-45.101565	1.865000	18.290000
1824	-44.931565	1.867000	18.220000
1825	-44.851565	1.867000	18.180000
1826	-44.761565	1.867000	18.190000
1827	-44.751565	1.869000	18.290000
1828	-44.231565	1.869000	18.230000
1829	-43.861565	1.871000	18.280000
1830	-43.831565	1.873000	18.350000
1831	-43.801565	1.873000	18.530000
1832	-43.751565	1.875000	18.330000
1833	-43.721565	1.877000	18.260000
1834	-43.681565	1.877000	18.270000
1835	-43.681565	1.877000	18.270000
1836	-43.611565	1.879000	18.380000
1837	-43.601565	1.881000	18.370000
1838	-43.601565	1.881000	18.340000
1839	-43.481565	1.883000	18.270000
1840	-43.481565	1.883000	18.300000
1841	-43.461565	1.885000	18.320000
1842	-43.411565	1.885000	18.440000
1843	-43.231565	1.885000	18.460000
1844	-43.101565	1.887000	18.330000
1845	-43.091565	1.889000	18.330000
1846	-43.001565	1.889000	18.350000
1847	-42.941565	1.889000	18.440000
1848	-42.901565	1.891000	18.360000
1849	-42.861565	1.893000	18.600000
1850	-42.651565	1.893000	18.580000
1851	-42.591565	1.894000	18.490000
1852	-42.551565	1.894000	18.370000
1853	-42.341565	1.898000	18.560000
1854	-42.281565	1.896000	18.570000
1855	-42.221565	1.898000	18.450000
1856	-42.091565	1.898000	18.370000
1857	-42.061565	1.898000	18.400000
1858	-42.021565	1.900000	18.520000
1859	-41.991565	1.900000	18.400000
1860	-41.921565	1.902000	18.390000
1861	-41.811565	1.902000	18.430000
1862	-41.811565	1.904000	18.440000
1863	-41.801565	1.904000	18.300000
1864	-41.791565	1.906000	18.540000
1865	-41.791565	1.908000	18.410000
1866	-41.781565	1.908000	18.480000
1867	-41.771565	1.908000	18.350000
1868	-41.761565	1.910000	18.460000
1869	-41.681565	1.912000	18.260000
1870	-41.591565	1.914000	18.420000
1871	-41.531565	1.914000	18.590000
1872	-41.441565	1.916000	18.430000
1873	-41.261565	1.916000	18.420000
1874	-41.091565	1.918000	18.480000
1875	-41.071565	1.920000	18.510000
1876	-40.871565	1.920000	18.630000
1877	-40.781565	1.922000	18.600000
1878	-40.761565	1.922000	18.580000
1879	-40.731565	1.922000	18.470000
1880	-40.641565	1.924000	18.640000
1881	-40.591565	1.924000	18.590000
1882	-40.591565	1.926000	18.690000
1883	-40.571565	1.930000	18.660000
1884	-40.481565	1.930000	18.550000
1885	-40.411565	1.930000	18.660000
1886	-40.371565	1.930000	18.630000
1887	-40.371565	1.932000	18.630000
1888	-40.361565	1.932000	18.600000
1889	-40.341565	1.934000	18.630000
1890	-40.181565	1.935000	18.610000
1891	-40.141565	1.935000	18.620000
1892	-40.121565	1.937000	18.600000
1893	-40.101565	1.939000	18.730000
1894	-40.031565	1.939000	18.630000
1895	-40.001565	1.939000	18.640000
1896	-40.001565	1.941000	18.580000
1897	-39.961565	1.943000	18.730000
1898	-39.941565	1.943000	18.790000
1899	-39.861565	1.945000	18.610000
1900	-39.851565	1.945000	18.610000
1901	-39.751565	1.945000	18.650000
1902	-39.691565	1.947000	18.430000
1903	-39.191565	1.947000	18.690000
1904	-38.991565	1.949000	18.580000
1905	-38.941565	1.951000	18.800000
1906	-38.881565	1.951000	18.760000
1907	-38.821565	1.953000	18.750000
1908	-38.591565	1.953000	18.830000
1909	-38.371565	1.953000	18.710000
1910	-38.361565	1.955000	18.810000
1911	-38.361565	1.955000	18.630000
1912	-38.361565	1.957000	18.760000
1913	-38.261565	1.959000	18.610000
1914	-38.061565	1.961000	18.830000
1915	-38.001565	1.961000	18.760000
1916	-37.921565	1.961000	18.710000
1917	-37.901565	1.963000	18.730000
1918	-37.861565	1.963000	18.850000
1919	-37.841565	1.965000	18.680000
1920	-37.821565	1.967000	18.770000
1921	-37.761565	1.967000	18.740000
1922	-37.721565	1.967000	18.800000
1923	-37.661565	1.969000	18.760000
1924	-37.631565	1.969000	18.780000
1925	-37.601565	1.971000	18.740000
1926	-37.581565	1.971000	18.780000
1927	-37.571565	1.973000	18.730000
1928	-37.291565	1.975000	18.880000
1929	-37.181565	1.975000	18.920000
1930	-36.821565	1.976000	18.860000
1931	-36.821565	1.976000	18.740000
1932	-36.791565	1.978000	18.760000
1933	-36.741565	1.978000	18.880000
1934	-36.641565	1.980000	18.830000
1935	-36.511565	1.982000	18.870000
1936	-36.361565	1.982000	18.790000
1937	-36.111565	1.984000	18.600000
1938	-36.071565	1.984000	18.970000
1939	-36.061565	1.984000	19.280000
1940	-36.061565	1.986000	18.920000
1941	-36.021565	1.986000	18.900000
1942	-36.001565	1.988000	18.740000
1943	-36.001565	1.988000	18.800000
1944	-35.961565	1.990000	18.860000
1945	-35.861565	1.992000	18.890000
1946	-35.841565	1.992000	18.790000
1947	-35.711565	1.992000	18.830000
1948	-35.681565	1.994000	18.880000
1949	-35.661565	1.998000	18.940000
1950	-35.591565	1.998000	18.830000
1951	-35.571565	2.000000	18.810000
1952	-35.531565	2.000000	18.970000
1953	-35.401565	2.002000	18.850000
1954	-35.361565	2.002000	18.980000
1955	-35.331565	2.002000	18.970000
1956	-35.251565	2.004000	18.850000
1957	-35.201565	2.006000	18.840000
1958	-35.051565	2.006000	18.990000
1959	-35.011565	2.008000	18.980000
1960	-34.981565	2.008000	18.880000
1961	-34.661565	2.008000	18.850000
1962	-34.571565	2.010000	18.940000
1963	-34.441565	2.012000	19.020000
1964	-34.301565	2.014000	18.970000
1965	-34.291565	2.014000	18.970000
1966	-34.251565	2.014000	19.020000
1967	-34.251565	2.016000	19.010000
1968	-34.111565	2.017000	18.970000
1969	-33.921565	2.017000	19.110000
1970	-33.911565	2.017000	19.180000
1971	-33.911565	2.019000	19.060000
1972	-33.901565	2.023000	19.160000
1973	-33.841565	2.023000	19.030000
1974	-33.811565	2.023000	19.040000
1975	-33.761565	2.023000	19.130000
1976	-33.761565	2.025000	18.920000
1977	-33.741565	2.025000	19.180000
1978	-33.711565	2.027000	19.070000
1979	-33.571565	2.027000	19.010000
1980	-33.571565	2.029000	19.030000
1981	-33.541565	2.029000	19.160000
1982	-33.481565	2.031000	19.030000
1983	-33.471565	2.033000	19.000000
1984	-33.211565	2.033000	19.100000
1985	-33.121565	2.033000	19.140000
1986	-33.001565	2.035000	19.010000
1987	-32.861565	2.037000	19.150000
1988	-32.831565	2.037000	19.210000
1989	-32.571565	2.039000	19.100000
1990	-32.361565	2.039000	19.150000
1991	-32.351565	2.041000	19.100000
1992	-32.261565	2.041000	19.150000
1993	-32.211565	2.043000	19.010000
1994	-32.161565	2.045000	19.060000
1995	-32.051565	2.045000	19.070000
1996	-31.881565	2.045000	19.140000
1997	-31.841565	2.047000	19.220000
1998	-31.651565	2.049000	19.180000
1999	-31.501565	2.049000	19.030000
2000	-31.491565	2.049000	19.100000
2001	-31.481565	2.051000	19.230000
2002	-31.421565	2.053000	19.120000
2003	-31.401565	2.053000	19.250000
2004	-31.301565	2.055000	19.300000
2005	-31.291565	2.055000	19.250000
2006	-31.291565	2.055000	19.000000
2007	-31.271565	2.057000	19.150000
2008	-31.171565	2.057000	19.280000
2009	-31.161565	2.059000	19.180000
2010	-31.141565	2.060000	19.150000
2011	-30.891565	2.060000	19.300000
2012	-30.881565	2.060000	19.350000
2013	-30.871565	2.062000	19.150000
2014	-30.851565	2.064000	19.260000
2015	-30.781565	2.064000	19.210000
2016	-30.491565	2.064000	19.230000
2017	-30.421565	2.066000	19.250000
2018	-30.421565	2.068000	19.520000
2019	-30.011565	2.068000	19.140000
2020	-29.961565	2.070000	19.370000
2021	-29.931565	2.070000	19.370000
2022	-29.741565	2.072000	19.150000
2023	-29.691565	2.072000	19.300000
2024	-29.131565	2.074000	19.480000
2025	-28.981565	2.076000	19.530000
2026	-28.911565	2.076000	19.370000
2027	-28.881565	2.076000	19.350000
2028	-28.811565	2.078000	19.440000
2029	-28.701565	2.082000	19.450000
2030	-28.631565	2.082000	19.340000
2031	-28.561565	2.084000	19.520000
2032	-28.541565	2.086000	19.480000
2033	-28.391565	2.086000	19.450000
2034	-28.321565	2.086000	19.460000
2035	-28.261565	2.088000	19.510000
2036	-28.261565	2.088000	19.480000
2037	-28.151565	2.090000	19.420000
2038	-28.151565	2.092000	19.720000
2039	-28.151565	2.092000	19.520000
2040	-28.141565	2.092000	19.540000
2041	-28.081565	2.094000	19.520000
2042	-28.081565	2.096000	19.440000
2043	-28.021565	2.096000	19.460000
2044	-27.991565	2.098000	19.590000
2045	-27.901565	2.100000	19.570000
2046	-27.861565	2.100000	19.520000
2047	-27.861565	2.101000	19.480000
2048	-27.851565	2.101000	19.500000
2049	-27.851565	2.101000	19.500000
2050	-27.821565	2.103000	19.500000
2051	-27.811565	2.103000	19.440000
2052	-27.751565	2.105000	19.500000
2053	-27.661565	2.107000	19.600000
2054	-27.661565	2.107000	19.460000
2055	-27.561565	2.109000	19.580000
2056	-27.441565	2.109000	19.430000
2057	-27.391565	2.109000	19.470000
2058	-27.291565	2.111000	19.680000
2059	-27.211565	2.111000	19.410000
2060	-27.161565	2.113000	19.500000
2061	-27.131565	2.113000	19.460000
2062	-27.111565	2.115000	19.520000
2063	-26.941565	2.117000	19.640000
2064	-26.881565	2.117000	19.700000
2065	-26.861565	2.117000	19.550000
2066	-26.531565	2.119000	19.560000
2067	-26.491565	2.119000	19.600000
2068	-26.461565	2.121000	19.650000
2069	-26.401565	2.123000	19.700000
2070	-26.241565	2.121000	19.570000
2071	-26.091565	2.125000	19.610000
2072	-26.021565	2.125000	19.610000
2073	-25.981565	2.127000	19.680000
2074	-25.871565	2.127000	19.610000
2075	-25.871565	2.127000	19.710000
2076	-25.781565	2.129000	19.580000
2077	-25.781565	2.131000	19.610000
2078	-25.691565	2.131000	19.640000
2079	-25.641565	2.133000	19.610000
2080	-25.461565	2.133000	19.570000
2081	-25.401565	2.133000	19.740000
2082	-25.371565	2.135000	19.770000
2083	-25.331565	2.137000	19.690000
2084	-25.321565	2.139000	19.540000
2085	-25.261565	2.139000	19.650000
2086	-25.171565	2.141000	19.810000
2087	-25.131565	2.141000	19.670000
2088	-25.081565	2.141000	19.710000
2089	-25.041565	2.143000	19.610000
2090	-25.041565	2.143000	19.630000
2091	-24.951565	2.144000	19.690000
2092	-24.921565	2.146000	19.640000
2093	-24.751565	2.148000	19.730000
2094	-24.701565	2.148000	19.540000
2095	-24.631565	2.148000	19.560000
2096	-24.481565	2.150000	19.710000
2097	-24.401565	2.150000	19.670000
2098	-24.341565	2.152000	19.670000
2099	-24.171565	2.154000	19.680000
2100	-24.121565	2.154000	19.840000
2101	-24.091565	2.156000	19.740000
2102	-24.011565	2.156000	19.760000
2103	-23.991565	2.158000	19.810000
2104	-23.641565	2.158000	19.820000
2105	-23.621565	2.160000	19.810000
2106	-23.451565	2.162000	19.820000
2107	-23.441565	2.162000	19.800000
2108	-23.421565	2.164000	19.800000
2109	-23.341565	2.166000	19.730000
2110	-23.311565	2.168000	19.800000
2111	-23.291565	2.170000	19.780000
2112	-23.161565	2.170000	19.760000
2113	-23.141565	2.170000	19.770000
2114	-23.051565	2.172000	19.670000
2115	-23.031565	2.174000	19.860000
2116	-22.981565	2.174000	19.800000
2117	-22.811565	2.174000	19.810000
2118	-22.801565	2.176000	19.910000
2119	-22.801565	2.178000	19.740000
2120	-22.761565	2.180000	19.900000
2121	-22.751565	2.180000	19.820000
2122	-22.721565	2.180000	19.950000
2123	-22.511565	2.182000	19.890000
2124	-22.401565	2.182000	19.960000
2125	-22.331565	2.184000	19.910000
2126	-22.151565	2.185000	19.840000
2127	-22.131565	2.185000	19.790000
2128	-21.951565	2.185000	19.840000
2129	-21.941565	2.189000	20.000000
2130	-21.821565	2.189000	19.890000
2131	-21.781565	2.189000	19.890000
2132	-21.721565	2.191000	19.890000
2133	-21.721565	2.193000	19.990000
2134	-21.621565	2.193000	20.040000
2135	-21.591565	2.195000	19.910000
2136	-21.571565	2.195000	20.000000
2137	-21.531565	2.195000	20.010000
2138	-21.521565	2.197000	19.890000
2139	-21.511565	2.197000	19.950000
2140	-21.501565	2.199000	19.930000
2141	-21.471565	2.201000	20.020000
2142	-21.391565	2.201000	19.870000
2143	-21.371565	2.201000	19.960000
2144	-21.361565	2.203000	20.090000
2145	-21.111565	2.205000	19.960000
2146	-21.021565	2.205000	19.970000
2147	-21.021565	2.205000	19.960000
2148	-21.011565	2.207000	19.880000
2149	-20.981565	2.209000	20.020000
2150	-20.871565	2.211000	19.950000
2151	-20.851565	2.211000	19.890000
2152	-20.741565	2.211000	19.970000
2153	-20.731565	2.213000	19.960000
2154	-20.681565	2.213000	19.970000
2155	-20.331565	2.215000	19.970000
2156	-20.321565	2.217000	20.050000
2157	-20.211565	2.217000	19.990000
2158	-20.161565	2.219000	19.890000
2159	-20.131565	2.221000	19.970000
2160	-20.101565	2.221000	20.020000
2161	-19.931565	2.221000	20.030000
2162	-19.821565	2.223000	20.000000
2163	-19.821565	2.225000	19.980000
2164	-19.801565	2.225000	20.040000
2165	-19.701565	2.226000	20.040000
2166	-19.591565	2.226000	20.100000
2167	-19.451565	2.226000	19.910000
2168	-19.451565	2.228000	20.130000
2169	-19.281565	2.230000	19.920000
2170	-19.221565	2.232000	20.180000
2171	-19.111565	2.232000	20.050000
2172	-19.101565	2.232000	20.050000
2173	-19.091565	2.234000	19.860000
2174	-19.071565	2.236000	20.140000
2175	-19.071565	2.236000	20.050000
2176	-18.961565	2.236000	20.010000
2177	-18.861565	2.238000	20.080000
2178	-18.821565	2.240000	19.970000
2179	-18.791565	2.240000	20.120000
2180	-18.631565	2.242000	20.010000
2181	-18.581565	2.242000	20.030000
2182	-18.391565	2.242000	20.110000
2183	-18.391565	2.244000	20.060000
2184	-18.211565	2.246000	19.990000
2185	-18.131565	2.246000	20.030000
2186	-18.061565	2.250000	20.100000
2187	-18.021565	2.250000	20.200000
2188	-17.791565	2.252000	20.010000
2189	-17.791565	2.252000	20.030000
2190	-17.751565	2.254000	20.130000
2191	-17.661565	2.256000	20.050000
2192	-17.641565	2.256000	19.970000
2193	-17.621565	2.258000	20.090000
2194	-17.611565	2.258000	20.200000
2195	-17.581565	2.260000	20.090000
2196	-17.471565	2.260000	20.160000
2197	-17.391565	2.260000	20.090000
2198	-17.371565	2.262000	20.020000
2199	-17.331565	2.264000	20.230000
2200	-17.281565	2.264000	20.110000
2201	-17.271565	2.266000	20.110000
2202	-17.101565	2.266000	20.190000
2203	-17.091565	2.266000	20.170000
2204	-17.011565	2.267000	20.000000
2205	-16.971565	2.267000	20.080000
2206	-16.921565	2.269000	20.090000
2207	-16.791565	2.269000	20.070000
2208	-16.791565	2.273000	20.180000
2209	-16.761565	2.273000	19.970000
2210	-16.681565	2.273000	20.040000
2211	-16.641565	2.275000	20.450000
2212	-16.571565	2.275000	20.200000
2213	-16.571565	2.277000	20.170000
2214	-16.241565	2.279000	20.300000
2215	-16.161565	2.277000	19.980000
2216	-16.151565	2.279000	20.320000
2217	-16.101565	2.281000	20.310000
2218	-15.871565	2.283000	20.200000
2219	-15.871565	2.283000	20.230000
2220	-15.761565	2.285000	20.240000
2221	-15.631565	2.285000	20.330000
2222	-15.591565	2.289000	20.300000
2223	-15.561565	2.289000	20.260000
2224	-15.561565	2.289000	20.010000
2225	-15.511565	2.289000	20.280000
2226	-15.501565	2.291000	20.200000
2227	-15.391565	2.293000	20.310000
2228	-15.381565	2.293000	20.200000
2229	-15.331565	2.295000	20.240000
2230	-15.261565	2.295000	20.290000
2231	-14.861565	2.297000	20.390000
2232	-14.591565	2.297000	20.290000
2233	-14.581565	2.297000	20.480000
2234	-14.521565	2.299000	20.290000
2235	-14.481565	2.299000	20.220000
2236	-14.451565	2.301000	20.350000
2237	-14.411565	2.303000	20.420000
2238	-14.371565	2.305000	20.510000
2239	-14.301565	2.305000	20.380000
2240	-14.231565	2.305000	20.330000
2241	-14.101565	2.305000	20.240000
2242	-14.051565	2.307000	20.320000
2243	-13.731565	2.307000	20.230000
2244	-13.681565	2.309000	20.400000
2245	-13.641565	2.309000	20.310000
2246	-13.641565	2.310000	20.450000
2247	-13.621565	2.312000	20.380000
2248	-13.601565	2.312000	20.340000
2249	-13.551565	2.314000	20.330000
2250	-13.521565	2.314000	20.350000
2251	-13.521565	2.316000	20.420000
2252	-13.491565	2.318000	20.340000
2253	-13.441565	2.318000	20.260000
2254	-13.321565	2.320000	20.270000
2255	-13.301565	2.320000	20.520000
2256	-13.281565	2.320000	20.320000
2257	-13.131565	2.322000	20.330000
2258	-12.971565	2.324000	20.490000
2259	-12.861565	2.326000	20.520000
2260	-12.851565	2.326000	20.490000
2261	-12.671565	2.328000	20.400000
2262	-12.571565	2.328000	20.480000
2263	-12.571565	2.328000	20.280000
2264	-12.561565	2.332000	20.400000
2265	-12.521565	2.332000	20.300000
2266	-12.431565	2.334000	20.430000
2267	-12.351565	2.336000	20.390000
2268	-12.301565	2.336000	20.470000
2269	-12.301565	2.338000	20.430000
2270	-12.271565	2.338000	20.380000
2271	-12.031565	2.340000	20.560000
2272	-11.911565	2.342000	20.490000
2273	-11.891565	2.342000	20.420000
2274	-11.851565	2.342000	20.520000
2275	-11.801565	2.344000	20.380000
2276	-11.731565	2.346000	20.380000
2277	-11.641565	2.346000	20.430000
2278	-11.571565	2.348000	20.320000
2279	-11.561565	2.350000	20.510000
2280	-11.411565	2.350000	20.610000
2281	-11.331565	2.351000	20.480000
2282	-11.291565	2.351000	20.420000
2283	-11.291565	2.351000	20.410000
2284	-11.251565	2.353000	20.570000
2285	-11.211565	2.355000	20.610000
2286	-11.201565	2.357000	20.500000
2287	-11.131565	2.357000	20.370000
2288	-11.051565	2.357000	20.540000
2289	-11.041565	2.359000	20.430000
2290	-11.011565	2.361000	20.550000
2291	-10.771565	2.361000	20.380000
2292	-10.741565	2.363000	20.670000
2293	-10.651565	2.363000	20.440000
2294	-10.641565	2.365000	20.690000
2295	-10.621565	2.365000	20.600000
2296	-10.611565	2.367000	20.440000
2297	-10.601565	2.367000	20.520000
2298	-10.351565	2.367000	20.540000
2299	-10.301565	2.369000	20.510000
2300	-10.251565	2.369000	20.700000
2301	-10.221565	2.371000	20.630000
2302	-10.221565	2.373000	20.460000
2303	-10.191565	2.373000	20.430000
2304	-10.181565	2.373000	20.620000
2305	-10.151565	2.375000	20.480000
2306	-9.941565	2.377000	20.620000
2307	-9.911565	2.377000	20.660000
2308	-9.871565	2.379000	20.540000
2309	-9.761565	2.381000	20.520000
2310	-9.561565	2.381000	20.640000
2311	-9.301565	2.383000	20.480000
2312	-9.291565	2.383000	20.670000
2313	-9.081565	2.383000	20.690000
2314	-8.871565	2.385000	20.770000
2315	-8.821565	2.385000	20.850000
2316	-8.711565	2.387000	20.610000
2317	-8.691565	2.389000	20.690000
2318	-8.631565	2.389000	20.800000
2319	-8.601565	2.389000	20.750000
2320	-8.531565	2.391000	20.710000
2321	-8.491565	2.393000	20.790000
2322	-8.471565	2.393000	20.760000
2323	-8.441565	2.393000	20.680000
2324	-8.371565	2.394000	20.590000
2325	-8.351565	2.396000	20.650000
2326	-8.321565	2.398000	20.680000
2327	-8.261565	2.398000	20.720000
2328	-8.251565	2.398000	20.610000
2329	-8.241565	2.400000	20.760000
2330	-8.231565	2.400000	20.690000
2331	-8.091565	2.402000	20.670000
2332	-8.051565	2.404000	20.660000
2333	-7.941565	2.404000	20.610000
2334	-7.931565	2.406000	20.780000
2335	-7.821565	2.406000	20.770000
2336	-7.771565	2.408000	20.520000
2337	-7.501565	2.408000	20.870000
2338	-7.421565	2.408000	20.730000
2339	-7.301565	2.410000	20.810000
2340	-6.741565	2.412000	20.920000
2341	-6.741565	2.412000	20.730000
2342	-6.561565	2.414000	20.890000
2343	-6.551565	2.416000	20.660000
2344	-6.521565	2.416000	20.820000
2345	-6.411565	2.418000	20.860000
2346	-6.351565	2.420000	20.790000
2347	-6.241565	2.418000	20.890000
2348	-6.141565	2.422000	20.810000
2349	-6.141565	2.422000	20.700000
2350	-6.131565	2.422000	20.820000
2351	-6.101565	2.424000	20.880000
2352	-6.091565	2.424000	20.800000
2353	-6.081565	2.426000	20.760000
2354	-6.081565	2.428000	20.890000
2355	-5.871565	2.428000	20.870000
2356	-5.831565	2.430000	20.850000
2357	-5.801565	2.430000	21.030000
2358	-5.771565	2.430000	20.830000
2359	-5.631565	2.432000	20.820000
2360	-5.561565	2.432000	20.750000
2361	-5.551565	2.434000	20.940000
2362	-5.541565	2.435000	20.940000
2363	-5.341565	2.435000	21.070000
2364	-5.341565	2.437000	21.010000
2365	-5.271565	2.437000	20.900000
2366	-5.221565	2.439000	20.930000
2367	-5.141565	2.439000	20.930000
2368	-5.051565	2.439000	20.730000
2369	-5.021565	2.441000	20.950000
2370	-4.931565	2.443000	20.880000
2371	-4.801565	2.443000	21.090000
2372	-4.761565	2.445000	20.980000
2373	-4.721565	2.445000	20.930000
2374	-4.661565	2.445000	21.110000
2375	-4.651565	2.447000	21.080000
2376	-4.541565	2.447000	21.120000
2377	-4.421565	2.449000	20.960000
2378	-4.151565	2.449000	21.060000
2379	-4.081565	2.451000	20.960000
2380	-3.891565	2.453000	21.040000
2381	-3.851565	2.453000	21.030000
2382	-3.841565	2.453000	20.970000
2383	-3.801565	2.455000	21.050000
2384	-3.731565	2.455000	21.070000
2385	-3.621565	2.457000	20.920000
2386	-3.601565	2.459000	21.030000
2387	-3.581565	2.461000	20.960000
2388	-3.581565	2.461000	21.050000
2389	-3.551565	2.461000	20.990000
2390	-3.541565	2.463000	20.990000
2391	-3.521565	2.463000	20.970000
2392	-3.471565	2.465000	21.040000
2393	-3.311565	2.467000	21.040000
2394	-3.091565	2.467000	21.100000
2395	-3.001565	2.469000	20.880000
2396	-2.981565	2.469000	21.080000
2397	-2.881565	2.471000	21.010000
2398	-2.771565	2.471000	21.080000
2399	-2.761565	2.473000	20.970000
2400	-2.521565	2.475000	21.080000
2401	-2.511565	2.475000	21.050000
2402	-2.411565	2.476000	21.170000
2403	-2.261565	2.476000	21.040000
2404	-2.231565	2.476000	21.010000
2405	-2.091565	2.478000	21.090000
2406	-2.051565	2.480000	21.030000
2407	-2.041565	2.482000	21.100000
2408	-1.981565	2.482000	21.020000
2409	-1.951565	2.484000	21.040000
2410	-1.861565	2.484000	21.020000
2411	-1.701565	2.484000	21.090000
2412	-1.611565	2.486000	21.130000
2413	-1.571565	2.486000	21.250000
2414	-1.511565	2.488000	21.190000
2415	-1.311565	2.488000	21.170000
2416	-1.241565	2.492000	21.270000
2417	-1.211565	2.492000	21.130000
2418	-1.121565	2.492000	21.080000
2419	-1.071565	2.494000	21.230000
2420	-1.061565	2.498000	21.300000
2421	-1.061565	2.498000	21.020000
2422	-1.001565	2.498000	21.280000
2423	-0.971565	2.500000	21.130000
2424	-0.951565	2.502000	21.140000
2425	-0.891565	2.502000	21.070000
2426	-0.861565	2.502000	21.100000
2427	-0.771565	2.504000	21.240000
2428	-0.691565	2.506000	21.270000
2429	-0.501565	2.506000	21.310000
2430	-0.471565	2.508000	21.190000
2431	-0.411565	2.508000	21.220000
2432	-0.401565	2.508000	21.300000
2433	-0.381565	2.510000	21.170000
2434	-0.371565	2.510000	21.210000
2435	-0.211565	2.512000	21.290000
2436	-0.171565	2.514000	21.240000
2437	-0.141565	2.514000	21.260000
2438	-0.141565	2.514000	21.180000
2439	-0.141565	2.516000	21.270000
2440	-0.091565	2.517000	21.140000
2441	-0.071565	2.517000	21.270000
2442	-0.021565	2.517000	21.360000
2443	0.008435	2.519000	21.170000
2444	0.128435	2.523000	21.200000
2445	0.238435	2.521000	21.140000
2446	0.318435	2.523000	21.220000
2447	0.348435	2.523000	21.200000
2448	0.428435	2.525000	21.170000
2449	0.478435	2.525000	21.210000
2450	0.548435	2.525000	21.170000
2451	0.818435	2.527000	21.280000
2452	0.898435	2.529000	21.260000
2453	0.908435	2.529000	21.310000
2454	1.018435	2.529000	21.370000
2455	1.038435	2.531000	21.260000
2456	1.138435	2.531000	21.330000
2457	1.328435	2.533000	21.430000
2458	1.348435	2.533000	21.400000
2459	1.368435	2.535000	21.460000
2460	1.398435	2.537000	21.460000
2461	1.458435	2.537000	21.500000
2462	1.468435	2.539000	21.530000
2463	1.488435	2.539000	21.360000
2464	1.508435	2.539000	21.310000
2465	1.578435	2.541000	21.450000
2466	1.618435	2.541000	21.380000
2467	1.628435	2.545000	21.330000
2468	1.648435	2.545000	21.420000
2469	1.828435	2.545000	21.420000
2470	1.848435	2.547000	21.240000
2471	1.928435	2.549000	21.420000
2472	2.028435	2.549000	21.490000
2473	2.048435	2.549000	21.310000
2474	2.078435	2.551000	21.240000
2475	2.088435	2.553000	21.450000
2476	2.088435	2.555000	21.380000
2477	2.168435	2.555000	21.470000
2478	2.308435	2.555000	21.440000
2479	2.618435	2.557000	21.500000
2480	2.788435	2.557000	21.500000
2481	3.008435	2.559000	21.240000
2482	3.028435	2.560000	21.620000
2483	3.078435	2.560000	21.520000
2484	3.108435	2.562000	21.550000
2485	3.308435	2.562000	21.490000
2486	3.368435	2.564000	21.550000
2487	3.538435	2.564000	21.500000
2488	3.648435	2.566000	21.480000
2489	3.658435	2.566000	21.450000
2490	3.738435	2.570000	21.560000
2491	3.768435	2.570000	21.460000
2492	4.538435	2.570000	21.530000
2493	4.848435	2.572000	21.500000
