1	-187.105396	0.000000	9.550000
2	-187.085396	0.002000	10.030000
3	-186.955396	0.002000	9.650000
4	-186.795396	0.002000	9.800000
5	-186.695396	0.004000	10.530000
6	-186.675396	0.004000	9.750000
7	-186.455396	0.006000	9.670000
8	-186.395396	0.006000	9.650000
9	-186.305396	0.008000	9.610000
10	-186.265396	0.010000	9.530000
11	-186.195396	0.010000	9.580000
12	-185.965396	0.010000	9.640000
13	-185.945396	0.012000	9.830000
14	-185.685396	0.014000	9.410000
15	-185.675396	0.014000	9.670000
16	-185.645396	0.014000	10.130000
17	-185.625396	0.016000	10.090000
18	-185.425396	0.018000	9.910000
19	-185.275396	0.018000	9.620000
20	-184.845396	0.019000	9.870000
21	-184.675396	0.019000	9.880000
22	-184.665396	0.021000	9.840000
23	-184.625396	0.021000	9.680000
24	-184.595396	0.023000	9.670000
25	-184.405396	0.025000	9.690000
26	-184.375396	0.025000	9.710000
27	-184.325396	0.025000	9.810000
28	-184.275396	0.027000	9.650000
29	-184.245396	0.029000	9.900000
30	-184.205396	0.029000	9.680000
31	-184.195396	0.029000	9.770000
32	-184.115396	0.031000	9.870000
33	-184.105396	0.031000	9.660000
34	-184.065396	0.033000	9.770000
35	-184.005396	0.033000	9.840000
36	-183.965396	0.035000	9.570000
37	-183.915396	0.035000	9.710000
38	-183.685396	0.037000	9.790000
39	-183.575396	0.037000	9.750000
40	-183.565396	0.041000	10.030000
41	-183.475396	0.043000	9.630000
42	-183.305396	0.043000	9.770000
43	-183.265396	0.043000	9.690000
44	-182.875396	0.045000	9.660000
45	-182.875396	0.047000	9.690000
46	-182.865396	0.049000	9.810000
47	-182.815396	0.049000	9.920000
48	-182.805396	0.051000	9.820000
49	-182.665396	0.051000	9.860000
50	-182.625396	0.051000	10.020000
51	-182.615396	0.053000	9.890000
52	-182.575396	0.053000	9.940000
53	-182.485396	0.055000	9.770000
54	-182.485396	0.055000	9.960000
55	-182.475396	0.057000	9.710000
56	-182.465396	0.059000	9.710000
57	-182.435396	0.059000	10.310000
58	-182.215396	0.059000	9.980000
59	-182.175396	0.060000	9.970000
60	-182.115396	0.060000	9.890000
61	-182.115396	0.062000	9.780000
62	-182.085396	0.064000	10.190000
63	-182.035396	0.064000	9.940000
64	-182.005396	0.064000	9.670000
65	-181.985396	0.066000	10.230000
66	-181.875396	0.068000	9.870000
67	-181.815396	0.068000	9.690000
68	-181.625396	0.070000	9.650000
69	-181.315396	0.072000	10.250000
70	-181.305396	0.072000	9.930000
71	-181.215396	0.074000	9.940000
72	-180.855396	0.074000	10.180000
73	-180.595396	0.074000	9.970000
74	-180.575396	0.076000	9.840000
75	-180.505396	0.078000	9.930000
76	-180.425396	0.080000	9.890000
77	-180.335396	0.080000	10.110000
78	-180.185396	0.082000	9.940000
79	-180.015396	0.082000	9.930000
80	-180.005396	0.082000	10.030000
81	-179.965396	0.084000	9.980000
82	-179.935396	0.084000	10.000000
83	-179.925396	0.086000	9.860000
84	-179.925396	0.088000	9.920000
85	-179.915396	0.088000	10.060000
86	-179.875396	0.090000	9.920000
87	-179.755396	0.090000	9.970000
88	-179.615396	0.092000	9.970000
89	-179.535396	0.092000	10.050000
90	-179.485396	0.092000	10.480000
91	-179.465396	0.094000	10.160000
92	-179.355396	0.094000	9.990000
93	-179.285396	0.096000	10.180000
94	-179.175396	0.098000	10.110000
95	-179.165396	0.098000	10.130000
96	-179.065396	0.100000	10.130000
97	-179.055396	0.100000	10.060000
98	-178.935396	0.102000	10.190000
99	-178.845396	0.103000	10.250000
100	-178.845396	0.103000	10.240000
101	-178.765396	0.105000	10.430000
102	-178.505396	0.105000	10.150000
103	-178.485396	0.105000	10.010000
104	-178.395396	0.107000	10.070000
105	-178.375396	0.107000	10.230000
106	-178.315396	0.109000	10.720000
107	-178.255396	0.111000	10.150000
108	-178.205396	0.111000	10.700000
109	-177.815396	0.113000	10.890000
110	-177.735396	0.113000	10.050000
111	-177.735396	0.115000	10.800000
112	-177.645396	0.115000	10.270000
113	-177.615396	0.115000	10.760000
114	-177.575396	0.119000	10.580000
115	-177.555396	0.119000	10.330000
116	-177.345396	0.121000	10.100000
117	-176.935396	0.121000	10.590000
118	-176.915396	0.121000	10.270000
119	-176.905396	0.125000	10.500000
120	-176.665396	0.127000	10.510000
121	-176.615396	0.127000	10.950000
122	-176.555396	0.129000	10.210000
123	-176.525396	0.129000	10.500000
124	-176.425396	0.131000	10.550000
125	-176.355396	0.131000	10.270000
126	-176.345396	0.131000	10.190000
127	-176.285396	0.133000	10.600000
128	-176.235396	0.135000	10.350000
129	-176.215396	0.135000	10.250000
130	-176.075396	0.135000	10.490000
131	-175.945396	0.137000	10.280000
132	-175.925396	0.139000	10.350000
133	-175.855396	0.139000	10.440000
134	-175.835396	0.141000	10.410000
135	-175.825396	0.143000	10.560000
136	-175.805396	0.143000	10.580000
137	-175.715396	0.144000	10.230000
138	-175.605396	0.144000	10.300000
139	-175.605396	0.144000	10.670000
140	-175.455396	0.146000	10.330000
141	-175.255396	0.148000	10.370000
142	-175.095396	0.148000	10.430000
143	-175.085396	0.148000	10.590000
144	-175.085396	0.150000	10.270000
145	-175.065396	0.150000	10.330000
146	-174.865396	0.152000	10.610000
147	-174.645396	0.154000	10.240000
148	-174.605396	0.154000	10.250000
149	-174.545396	0.154000	10.440000
150	-174.495396	0.156000	10.220000
151	-174.405396	0.158000	10.320000
152	-174.325396	0.158000	10.280000
153	-174.215396	0.160000	10.430000
154	-174.155396	0.162000	10.490000
155	-174.095396	0.162000	10.280000
156	-174.035396	0.162000	10.420000
157	-173.765396	0.164000	10.560000
158	-173.745396	0.166000	10.520000
159	-173.675396	0.166000	10.660000
160	-173.585396	0.166000	10.560000
161	-173.575396	0.168000	10.590000
162	-173.395396	0.170000	10.560000
163	-173.315396	0.170000	10.620000
164	-173.175396	0.170000	10.440000
165	-173.055396	0.172000	10.450000
166	-173.035396	0.174000	10.400000
167	-172.965396	0.174000	10.360000
168	-172.965396	0.176000	10.490000
169	-172.775396	0.176000	10.580000
170	-172.695396	0.176000	10.400000
171	-172.685396	0.178000	10.530000
172	-172.605396	0.178000	10.210000
173	-172.565396	0.180000	10.530000
174	-172.525396	0.182000	10.290000
175	-172.495396	0.182000	10.480000
176	-172.435396	0.184000	10.350000
177	-172.245396	0.186000	10.370000
178	-172.035396	0.186000	10.650000
179	-171.875396	0.186000	10.580000
180	-171.695396	0.187000	10.720000
181	-171.645396	0.189000	10.820000
182	-171.435396	0.189000	10.990000
183	-171.415396	0.189000	10.590000
184	-171.365396	0.191000	10.600000
185	-171.145396	0.191000	10.770000
186	-171.075396	0.193000	10.610000
187	-171.035396	0.193000	10.670000
188	-171.015396	0.195000	10.700000
189	-170.945396	0.197000	10.710000
190	-170.795396	0.197000	10.710000
191	-170.795396	0.197000	10.740000
192	-170.795396	0.199000	10.690000
193	-170.755396	0.201000	10.730000
194	-170.725396	0.201000	10.950000
195	-170.645396	0.203000	10.620000
196	-170.535396	0.205000	10.720000
197	-170.365396	0.205000	10.760000
198	-170.265396	0.207000	10.780000
199	-170.215396	0.209000	10.610000
200	-170.165396	0.209000	10.670000
201	-170.145396	0.211000	11.080000
202	-170.145396	0.213000	10.740000
203	-170.095396	0.213000	10.630000
204	-170.015396	0.215000	10.590000
205	-169.965396	0.215000	10.760000
206	-169.965396	0.217000	10.710000
207	-169.925396	0.217000	10.610000
208	-169.835396	0.219000	10.870000
209	-169.755396	0.221000	10.730000
210	-169.745396	0.221000	10.630000
211	-169.705396	0.223000	10.820000
212	-169.655396	0.223000	10.710000
213	-169.575396	0.225000	10.920000
214	-169.525396	0.225000	10.640000
215	-169.515396	0.227000	10.750000
216	-169.365396	0.228000	10.840000
217	-169.365396	0.228000	10.710000
218	-169.335396	0.230000	10.690000
219	-169.215396	0.230000	10.790000
220	-169.015396	0.232000	10.640000
221	-168.945396	0.232000	10.910000
222	-168.895396	0.232000	10.790000
223	-168.855396	0.236000	10.850000
224	-168.835396	0.236000	10.800000
225	-168.805396	0.238000	10.730000
226	-168.585396	0.238000	10.980000
227	-168.535396	0.238000	10.870000
228	-168.525396	0.240000	10.790000
229	-168.365396	0.240000	10.780000
230	-168.365396	0.242000	10.830000
231	-168.095396	0.242000	10.860000
232	-168.075396	0.244000	10.850000
233	-168.025396	0.246000	11.270000
234	-168.005396	0.246000	10.890000
235	-167.955396	0.248000	10.680000
236	-167.925396	0.248000	10.650000
237	-167.735396	0.250000	10.820000
238	-167.665396	0.252000	10.910000
239	-167.565396	0.252000	10.870000
240	-167.555396	0.254000	11.250000
241	-167.425396	0.254000	10.960000
242	-167.405396	0.256000	10.790000
243	-167.215396	0.256000	10.880000
244	-167.185396	0.256000	10.960000
245	-167.135396	0.258000	10.760000
246	-167.075396	0.260000	10.830000
247	-167.035396	0.260000	10.880000
248	-166.975396	0.262000	10.930000
249	-166.745396	0.262000	10.920000
250	-166.485396	0.262000	11.050000
251	-166.305396	0.264000	11.060000
252	-166.195396	0.266000	10.920000
253	-166.035396	0.266000	10.840000
254	-165.975396	0.268000	10.860000
255	-165.875396	0.268000	11.020000
256	-165.775396	0.269000	10.960000
257	-165.775396	0.269000	11.030000
258	-165.755396	0.269000	10.830000
259	-165.685396	0.271000	11.000000
260	-165.645396	0.271000	10.820000
261	-165.585396	0.273000	10.920000
262	-165.555396	0.275000	10.920000
263	-165.495396	0.277000	10.910000
264	-165.405396	0.277000	10.940000
265	-165.385396	0.277000	10.840000
266	-165.255396	0.279000	10.950000
267	-165.215396	0.279000	11.010000
268	-165.035396	0.281000	11.090000
269	-164.975396	0.283000	10.990000
270	-164.925396	0.283000	11.130000
271	-164.775396	0.285000	11.030000
272	-164.735396	0.287000	11.470000
273	-164.725396	0.287000	11.060000
274	-164.655396	0.291000	11.240000
275	-164.615396	0.291000	10.990000
276	-164.595396	0.291000	11.060000
277	-164.555396	0.293000	10.960000
278	-164.545396	0.295000	11.150000
279	-164.475396	0.295000	11.070000
280	-164.355396	0.295000	10.780000
281	-164.275396	0.297000	11.110000
282	-164.245396	0.299000	10.850000
283	-164.215396	0.301000	11.100000
284	-163.905396	0.301000	11.230000
285	-163.825396	0.301000	11.140000
286	-163.795396	0.303000	11.180000
287	-163.765396	0.303000	10.990000
288	-163.465396	0.305000	11.140000
289	-163.075396	0.307000	11.190000
290	-163.065396	0.307000	11.080000
291	-163.065396	0.309000	11.250000
292	-163.005396	0.309000	11.120000
293	-162.925396	0.310000	11.180000
294	-162.785396	0.310000	11.170000
295	-162.515396	0.310000	11.260000
296	-162.485396	0.312000	11.240000
297	-162.225396	0.314000	11.120000
298	-162.115396	0.314000	11.140000
299	-162.075396	0.316000	11.210000
300	-162.035396	0.316000	11.300000
301	-161.855396	0.318000	11.400000
302	-161.815396	0.318000	11.130000
303	-161.695396	0.318000	11.140000
304	-161.665396	0.320000	11.160000
305	-161.635396	0.322000	11.680000
306	-161.635396	0.322000	11.140000
307	-161.545396	0.324000	11.200000
308	-161.545396	0.324000	11.170000
309	-161.525396	0.326000	11.350000
310	-161.295396	0.326000	11.420000
311	-161.245396	0.328000	11.280000
312	-161.185396	0.330000	11.280000
313	-161.135396	0.330000	11.100000
314	-161.105396	0.332000	11.290000
315	-161.095396	0.332000	11.150000
316	-161.065396	0.332000	11.340000
317	-161.025396	0.334000	11.440000
318	-160.985396	0.334000	11.290000
319	-160.905396	0.336000	11.540000
320	-160.745396	0.336000	11.480000
321	-160.675396	0.338000	11.080000
322	-160.615396	0.340000	11.650000
323	-160.555396	0.342000	11.300000
324	-160.545396	0.342000	11.370000
325	-160.445396	0.342000	11.540000
326	-160.305396	0.344000	11.210000
327	-160.085396	0.346000	11.360000
328	-160.075396	0.346000	11.260000
329	-160.015396	0.348000	11.240000
330	-160.005396	0.348000	11.150000
331	-159.965396	0.350000	11.250000
332	-159.955396	0.350000	11.230000
333	-159.725396	0.352000	11.370000
334	-159.645396	0.353000	11.610000
335	-159.555396	0.353000	11.240000
336	-159.445396	0.353000	11.600000
337	-159.325396	0.355000	11.260000
338	-159.205396	0.357000	11.360000
339	-159.165396	0.357000	11.260000
340	-159.155396	0.359000	11.320000
341	-159.145396	0.361000	11.720000
342	-159.025396	0.361000	11.320000
343	-158.955396	0.363000	11.250000
344	-158.915396	0.363000	11.280000
345	-158.845396	0.363000	11.360000
346	-158.795396	0.365000	11.110000
347	-158.705396	0.367000	11.290000
348	-158.685396	0.367000	11.380000
349	-158.675396	0.369000	11.460000
350	-158.475396	0.369000	11.450000
351	-158.405396	0.369000	11.590000
352	-158.305396	0.371000	11.380000
353	-158.265396	0.373000	11.400000
354	-158.235396	0.375000	11.320000
355	-158.175396	0.377000	11.520000
356	-158.015396	0.377000	11.330000
357	-157.955396	0.379000	11.690000
358	-157.715396	0.379000	11.370000
359	-157.645396	0.379000	11.410000
360	-157.555396	0.381000	11.770000
361	-157.525396	0.381000	11.530000
362	-157.515396	0.383000	11.700000
363	-157.405396	0.385000	11.400000
364	-157.125396	0.385000	11.590000
365	-157.095396	0.387000	11.440000
366	-157.095396	0.387000	11.570000
367	-157.035396	0.387000	11.460000
368	-157.025396	0.389000	11.650000
369	-156.985396	0.389000	11.520000
370	-156.985396	0.393000	11.570000
371	-156.935396	0.393000	11.670000
372	-156.895396	0.394000	11.640000
373	-156.885396	0.394000	11.470000
374	-156.855396	0.394000	11.800000
375	-156.805396	0.396000	11.540000
376	-156.725396	0.396000	11.710000
377	-156.675396	0.398000	11.550000
378	-156.665396	0.400000	11.520000
379	-156.505396	0.398000	11.580000
380	-156.435396	0.402000	11.620000
381	-156.425396	0.402000	11.650000
382	-156.135396	0.402000	11.740000
383	-156.055396	0.404000	11.500000
384	-156.035396	0.404000	11.510000
385	-155.845396	0.406000	11.570000
386	-155.835396	0.408000	11.640000
387	-155.755396	0.408000	11.640000
388	-155.745396	0.410000	11.880000
389	-155.725396	0.410000	11.610000
390	-155.415396	0.412000	11.820000
391	-155.345396	0.412000	11.720000
392	-155.175396	0.414000	11.590000
393	-155.125396	0.416000	11.540000
394	-155.115396	0.416000	11.640000
395	-155.105396	0.418000	11.730000
396	-154.965396	0.418000	11.860000
397	-154.915396	0.418000	11.700000
398	-154.805396	0.420000	11.690000
399	-154.785396	0.420000	11.840000
400	-154.685396	0.422000	11.630000
401	-154.645396	0.422000	11.650000
402	-154.565396	0.424000	11.810000
403	-154.505396	0.426000	11.640000
404	-154.495396	0.426000	11.780000
405	-154.495396	0.426000	11.830000
406	-154.395396	0.428000	11.870000
407	-154.385396	0.428000	11.620000
408	-154.345396	0.430000	11.720000
409	-154.285396	0.432000	11.810000
410	-154.195396	0.432000	11.870000
411	-154.165396	0.434000	11.880000
412	-154.135396	0.434000	11.760000
413	-154.105396	0.436000	12.000000
414	-153.985396	0.436000	11.850000
415	-153.875396	0.437000	11.720000
416	-153.615396	0.439000	11.890000
417	-153.535396	0.439000	11.770000
418	-153.425396	0.441000	11.910000
419	-153.415396	0.441000	11.790000
420	-153.275396	0.441000	12.030000
421	-153.125396	0.443000	11.750000
422	-153.105396	0.445000	11.890000
423	-152.905396	0.447000	11.980000
424	-152.905396	0.447000	11.760000
425	-152.835396	0.449000	12.050000
426	-152.785396	0.449000	11.750000
427	-152.715396	0.451000	11.860000
428	-152.685396	0.451000	11.940000
429	-152.635396	0.451000	12.010000
430	-152.615396	0.453000	11.830000
431	-152.605396	0.455000	11.740000
432	-152.585396	0.455000	11.640000
433	-152.495396	0.457000	11.820000
434	-152.275396	0.459000	11.840000
435	-152.085396	0.459000	11.790000
436	-152.025396	0.461000	11.840000
437	-151.905396	0.463000	11.830000
438	-151.855396	0.463000	11.830000
439	-151.695396	0.461000	12.030000
440	-151.505396	0.467000	11.780000
441	-151.475396	0.467000	11.980000
442	-151.455396	0.467000	11.950000
443	-151.375396	0.469000	11.900000
444	-151.025396	0.471000	12.090000
445	-150.995396	0.471000	11.860000
446	-150.935396	0.473000	12.060000
447	-150.935396	0.473000	11.880000
448	-150.665396	0.473000	12.040000
449	-150.655396	0.475000	11.920000
450	-150.565396	0.475000	11.740000
451	-150.535396	0.477000	12.010000
452	-150.495396	0.478000	11.960000
453	-150.165396	0.477000	12.130000
454	-150.115396	0.480000	12.100000
455	-150.105396	0.480000	12.080000
456	-150.105396	0.482000	12.070000
457	-150.055396	0.482000	12.050000
458	-149.955396	0.482000	12.080000
459	-149.935396	0.484000	11.970000
460	-149.885396	0.486000	12.140000
461	-149.795396	0.488000	12.080000
462	-149.715396	0.488000	12.030000
463	-149.475396	0.488000	12.080000
464	-149.385396	0.490000	12.160000
465	-149.285396	0.490000	12.310000
466	-149.115396	0.492000	12.010000
467	-149.025396	0.494000	12.040000
468	-148.975396	0.494000	12.090000
469	-148.915396	0.494000	12.190000
470	-148.905396	0.496000	12.140000
471	-148.875396	0.498000	12.210000
472	-148.845396	0.498000	12.090000
473	-148.825396	0.498000	12.180000
474	-148.825396	0.500000	12.150000
475	-148.665396	0.502000	12.060000
476	-148.595396	0.502000	12.130000
477	-148.595396	0.504000	12.030000
478	-148.525396	0.504000	12.160000
479	-148.465396	0.506000	12.060000
480	-148.405396	0.506000	12.240000
481	-148.375396	0.508000	12.000000
482	-148.325396	0.510000	12.170000
483	-148.325396	0.510000	12.040000
484	-148.305396	0.510000	12.200000
485	-148.275396	0.512000	12.270000
486	-148.225396	0.514000	12.090000
487	-148.025396	0.514000	12.070000
488	-147.905396	0.514000	12.080000
489	-147.845396	0.516000	12.080000
490	-147.795396	0.518000	12.230000
491	-147.645396	0.518000	12.160000
492	-147.605396	0.519000	12.030000
493	-147.575396	0.519000	12.290000
494	-147.555396	0.519000	11.900000
495	-147.395396	0.521000	12.180000
496	-147.245396	0.521000	12.230000
497	-147.135396	0.523000	12.080000
498	-147.085396	0.523000	12.510000
499	-147.055396	0.525000	12.280000
500	-147.025396	0.527000	12.350000
501	-146.905396	0.529000	12.290000
502	-146.875396	0.529000	12.220000
503	-146.855396	0.529000	12.280000
504	-146.855396	0.531000	12.260000
505	-146.795396	0.533000	12.370000
506	-146.675396	0.533000	12.270000
507	-146.665396	0.535000	12.240000
508	-146.545396	0.535000	12.220000
509	-146.525396	0.535000	12.280000
510	-146.275396	0.537000	12.100000
511	-146.185396	0.537000	12.410000
512	-146.185396	0.541000	12.340000
513	-146.115396	0.543000	12.540000
514	-146.105396	0.543000	12.280000
515	-146.035396	0.543000	12.230000
516	-145.975396	0.545000	12.160000
517	-145.875396	0.547000	12.530000
518	-145.785396	0.547000	12.400000
519	-145.635396	0.547000	12.500000
520	-145.615396	0.549000	12.550000
521	-145.365396	0.549000	12.210000
522	-145.175396	0.551000	12.400000
523	-144.885396	0.551000	12.260000
524	-144.775396	0.553000	12.460000
525	-144.695396	0.553000	12.500000
526	-144.565396	0.555000	12.570000
527	-144.545396	0.557000	12.470000
528	-144.525396	0.557000	12.390000
529	-144.475396	0.559000	12.560000
530	-144.475396	0.560000	12.310000
531	-144.435396	0.560000	12.710000
532	-144.405396	0.560000	12.530000
533	-144.305396	0.562000	12.650000
534	-144.295396	0.564000	12.480000
535	-144.255396	0.564000	12.650000
536	-144.255396	0.566000	12.750000
537	-144.115396	0.566000	12.530000
538	-144.075396	0.566000	12.480000
539	-143.995396	0.568000	12.550000
540	-143.895396	0.570000	12.410000
541	-143.875396	0.572000	12.520000
542	-143.805396	0.572000	12.540000
543	-143.775396	0.574000	12.420000
544	-143.335396	0.574000	12.500000
545	-143.315396	0.574000	12.460000
546	-143.075396	0.576000	12.490000
547	-143.065396	0.578000	12.670000
548	-143.055396	0.578000	12.650000
549	-143.045396	0.578000	12.480000
550	-143.015396	0.582000	12.620000
551	-142.955396	0.582000	12.700000
552	-142.945396	0.582000	12.510000
553	-142.875396	0.584000	12.470000
554	-142.865396	0.584000	12.550000
555	-142.715396	0.586000	12.540000
556	-142.655396	0.588000	12.480000
557	-142.645396	0.588000	12.530000
558	-142.605396	0.588000	12.520000
559	-142.575396	0.592000	12.410000
560	-142.545396	0.592000	12.570000
561	-142.485396	0.592000	12.570000
562	-142.395396	0.594000	12.650000
563	-142.395396	0.596000	12.560000
564	-142.365396	0.596000	12.490000
565	-142.355396	0.598000	12.620000
566	-142.345396	0.598000	12.650000
567	-142.345396	0.598000	12.380000
568	-142.275396	0.600000	12.570000
569	-142.105396	0.600000	12.560000
570	-141.915396	0.602000	12.510000
571	-141.645396	0.602000	12.670000
572	-141.595396	0.602000	12.530000
573	-141.495396	0.605000	12.810000
574	-141.375396	0.605000	12.540000
575	-141.235396	0.607000	12.510000
576	-141.065396	0.607000	12.680000
577	-140.895396	0.607000	12.560000
578	-140.615396	0.609000	12.430000
579	-140.595396	0.609000	12.910000
580	-140.585396	0.611000	12.640000
581	-140.565396	0.613000	12.720000
582	-140.455396	0.613000	12.840000
583	-140.315396	0.613000	13.040000
584	-140.245396	0.615000	12.590000
585	-140.125396	0.615000	12.720000
586	-140.085396	0.617000	12.850000
587	-140.015396	0.619000	12.730000
588	-139.945396	0.619000	12.650000
589	-139.915396	0.621000	12.680000
590	-139.835396	0.621000	12.760000
591	-139.755396	0.625000	12.780000
592	-139.675396	0.627000	12.820000
593	-139.645396	0.627000	12.830000
594	-139.645396	0.629000	12.780000
595	-139.585396	0.629000	12.800000
596	-139.525396	0.629000	12.730000
597	-139.455396	0.631000	12.910000
598	-139.445396	0.631000	12.630000
599	-139.415396	0.633000	12.770000
600	-139.405396	0.635000	12.790000
601	-139.295396	0.635000	12.740000
602	-139.215396	0.635000	12.780000
603	-139.095396	0.637000	12.730000
604	-139.065396	0.639000	12.690000
605	-138.975396	0.639000	12.770000
606	-138.955396	0.639000	12.790000
607	-138.795396	0.641000	12.640000
608	-138.525396	0.643000	13.140000
609	-138.305396	0.643000	13.090000
610	-138.225396	0.643000	13.020000
611	-138.175396	0.644000	12.940000
612	-138.025396	0.644000	12.970000
613	-137.905396	0.646000	12.930000
614	-137.875396	0.646000	12.900000
615	-137.765396	0.648000	12.920000
616	-137.755396	0.650000	13.050000
617	-137.755396	0.650000	13.010000
618	-137.655396	0.652000	12.830000
619	-137.535396	0.652000	12.800000
620	-137.455396	0.654000	12.950000
621	-137.445396	0.654000	13.010000
622	-137.415396	0.656000	12.890000
623	-137.395396	0.658000	12.950000
624	-137.385396	0.658000	12.870000
625	-137.365396	0.660000	13.040000
626	-137.265396	0.660000	12.980000
627	-137.215396	0.662000	13.080000
628	-137.085396	0.662000	12.890000
629	-137.075396	0.662000	13.060000
630	-137.065396	0.664000	12.990000
631	-136.875396	0.666000	12.890000
632	-136.835396	0.666000	13.370000
633	-136.665396	0.666000	12.890000
634	-136.645396	0.668000	13.030000
635	-136.455396	0.670000	13.100000
636	-136.235396	0.670000	13.040000
637	-136.185396	0.670000	12.900000
638	-136.175396	0.672000	13.130000
639	-136.165396	0.674000	13.300000
640	-136.095396	0.674000	13.040000
641	-135.665396	0.676000	13.240000
642	-135.655396	0.676000	13.320000
643	-135.605396	0.678000	13.140000
644	-135.605396	0.678000	13.130000
645	-135.355396	0.680000	13.200000
646	-135.245396	0.682000	13.170000
647	-135.205396	0.682000	13.020000
648	-135.075396	0.682000	13.150000
649	-134.945396	0.684000	13.180000
650	-134.865396	0.686000	13.060000
651	-134.855396	0.686000	13.140000
652	-134.835396	0.686000	13.010000
653	-134.705396	0.687000	13.100000
654	-134.635396	0.689000	13.040000
655	-134.625396	0.689000	13.220000
656	-134.565396	0.691000	13.180000
657	-134.545396	0.691000	13.140000
658	-134.485396	0.691000	13.050000
659	-134.465396	0.693000	13.290000
660	-134.445396	0.693000	13.160000
661	-134.365396	0.697000	12.960000
662	-134.245396	0.697000	13.040000
663	-134.215396	0.697000	13.120000
664	-134.205396	0.699000	13.280000
665	-134.185396	0.701000	13.350000
666	-134.175396	0.701000	13.180000
667	-134.165396	0.701000	13.170000
668	-134.085396	0.703000	13.110000
669	-133.945396	0.703000	13.050000
670	-133.795396	0.705000	13.100000
671	-133.715396	0.707000	13.120000
672	-133.585396	0.709000	12.940000
673	-133.445396	0.709000	13.100000
674	-133.415396	0.711000	13.300000
675	-133.385396	0.711000	13.100000
676	-133.355396	0.711000	13.260000
677	-133.255396	0.715000	13.230000
678	-133.245396	0.715000	13.360000
679	-133.215396	0.715000	13.260000
680	-133.195396	0.717000	13.140000
681	-133.165396	0.717000	13.160000
682	-133.085396	0.719000	13.380000
683	-132.875396	0.721000	13.230000
684	-132.825396	0.721000	13.340000
685	-132.655396	0.723000	13.270000
686	-132.575396	0.723000	13.300000
687	-132.515396	0.723000	13.320000
688	-132.495396	0.725000	13.250000
689	-132.385396	0.725000	13.280000
690	-132.385396	0.727000	13.190000
691	-132.355396	0.728000	13.460000
692	-132.325396	0.730000	13.220000
693	-132.065396	0.730000	13.490000
694	-131.775396	0.730000	13.420000
695	-131.725396	0.732000	13.290000
696	-131.665396	0.732000	13.770000
697	-131.615396	0.734000	13.310000
698	-131.595396	0.736000	13.270000
699	-131.555396	0.738000	13.260000
700	-131.315396	0.738000	13.390000
701	-131.265396	0.738000	13.420000
702	-131.215396	0.738000	13.380000
703	-131.205396	0.740000	13.360000
704	-131.185396	0.740000	13.430000
705	-131.125396	0.742000	13.380000
706	-130.965396	0.744000	13.400000
707	-130.905396	0.744000	13.520000
708	-130.845396	0.746000	13.410000
709	-130.805396	0.746000	13.300000
710	-130.775396	0.746000	13.610000
711	-130.765396	0.748000	13.290000
712	-130.495396	0.748000	13.440000
713	-130.495396	0.750000	13.300000
714	-130.255396	0.752000	13.530000
715	-130.225396	0.752000	13.540000
716	-129.995396	0.754000	13.440000
717	-129.875396	0.754000	13.450000
718	-129.865396	0.754000	13.480000
719	-129.865396	0.756000	13.510000
720	-129.705396	0.756000	13.590000
721	-129.685396	0.758000	13.730000
722	-129.655396	0.760000	13.570000
723	-129.655396	0.760000	13.530000
724	-129.535396	0.762000	13.600000
725	-129.255396	0.762000	13.850000
726	-129.165396	0.762000	13.640000
727	-129.155396	0.764000	13.560000
728	-129.155396	0.764000	13.530000
729	-129.145396	0.766000	13.540000
730	-129.145396	0.768000	13.640000
731	-129.025396	0.768000	13.610000
732	-128.895396	0.768000	13.660000
733	-128.835396	0.769000	13.830000
734	-128.825396	0.769000	13.520000
735	-128.815396	0.771000	13.450000
736	-128.805396	0.771000	13.610000
737	-128.435396	0.773000	13.550000
738	-128.405396	0.775000	13.700000
739	-128.355396	0.775000	13.730000
740	-128.325396	0.777000	13.650000
741	-128.315396	0.777000	13.720000
742	-128.265396	0.779000	13.680000
743	-128.265396	0.779000	13.840000
744	-128.255396	0.779000	13.590000
745	-128.245396	0.781000	13.660000
746	-128.125396	0.781000	13.360000
747	-128.105396	0.785000	13.640000
748	-128.055396	0.785000	13.620000
749	-127.975396	0.785000	13.550000
750	-127.925396	0.785000	13.810000
751	-127.855396	0.787000	13.620000
752	-127.775396	0.791000	13.560000
753	-127.745396	0.791000	13.890000
754	-127.695396	0.793000	13.680000
755	-127.675396	0.795000	13.590000
756	-127.665396	0.795000	13.630000
757	-127.445396	0.795000	13.650000
758	-127.415396	0.797000	13.690000
759	-127.315396	0.799000	13.660000
760	-126.915396	0.799000	13.670000
761	-126.625396	0.799000	13.510000
762	-126.595396	0.801000	13.820000
763	-126.555396	0.801000	13.820000
764	-126.385396	0.803000	13.640000
765	-126.335396	0.803000	14.020000
766	-126.295396	0.805000	13.540000
767	-126.245396	0.807000	13.850000
768	-126.205396	0.807000	13.830000
769	-126.115396	0.807000	13.980000
770	-126.015396	0.809000	13.970000
771	-125.925396	0.810000	13.760000
772	-125.925396	0.810000	13.790000
773	-125.875396	0.810000	13.900000
774	-125.685396	0.812000	13.810000
775	-125.515396	0.814000	13.970000
776	-125.345396	0.814000	13.850000
777	-125.325396	0.816000	13.820000
778	-125.255396	0.816000	14.030000
779	-125.205396	0.816000	13.670000
780	-125.145396	0.818000	13.980000
781	-125.135396	0.818000	13.850000
782	-125.045396	0.820000	13.800000
783	-125.015396	0.822000	13.850000
784	-124.915396	0.822000	13.850000
785	-124.855396	0.824000	13.860000
786	-124.835396	0.826000	13.920000
787	-124.825396	0.826000	13.940000
788	-124.785396	0.826000	13.950000
789	-124.755396	0.828000	13.890000
790	-124.685396	0.828000	13.960000
791	-124.625396	0.830000	13.830000
792	-124.505396	0.830000	14.020000
793	-124.465396	0.832000	13.970000
794	-124.265396	0.832000	13.930000
795	-124.185396	0.834000	14.030000
796	-124.165396	0.834000	14.090000
797	-123.875396	0.836000	14.080000
798	-123.845396	0.838000	14.000000
799	-123.815396	0.838000	13.890000
800	-123.615396	0.838000	14.060000
801	-123.555396	0.840000	14.060000
802	-123.475396	0.842000	14.060000
803	-123.415396	0.842000	13.950000
804	-123.295396	0.844000	13.970000
805	-123.225396	0.846000	13.980000
806	-123.095396	0.846000	13.830000
807	-123.075396	0.848000	14.010000
808	-122.985396	0.848000	13.920000
809	-122.905396	0.848000	14.070000
810	-122.885396	0.850000	14.070000
811	-122.855396	0.850000	14.010000
812	-122.775396	0.852000	14.080000
813	-122.755396	0.853000	13.970000
814	-122.735396	0.853000	13.980000
815	-122.685396	0.853000	14.040000
816	-122.655396	0.855000	14.040000
817	-122.555396	0.857000	13.900000
818	-122.415396	0.857000	13.990000
819	-122.345396	0.857000	14.050000
820	-122.335396	0.859000	13.850000
821	-122.095396	0.861000	13.790000
822	-121.915396	0.861000	14.200000
823	-121.515396	0.863000	14.000000
824	-121.295396	0.863000	14.250000
825	-121.185396	0.865000	14.120000
826	-120.865396	0.865000	14.340000
827	-120.395396	0.867000	14.280000
828	-120.365396	0.869000	14.150000
829	-120.345396	0.869000	14.350000
830	-120.345396	0.867000	14.110000
831	-120.345396	0.871000	14.270000
832	-120.305396	0.875000	14.070000
833	-120.265396	0.877000	14.500000
834	-120.215396	0.877000	14.280000
835	-120.125396	0.879000	14.420000
836	-120.085396	0.879000	14.330000
837	-119.915396	0.879000	14.290000
838	-119.915396	0.881000	14.130000
839	-119.825396	0.883000	14.300000
840	-119.775396	0.883000	14.160000
841	-119.775396	0.883000	14.380000
842	-119.735396	0.885000	14.300000
843	-119.695396	0.887000	14.330000
844	-119.635396	0.887000	14.120000
845	-119.565396	0.887000	14.390000
846	-119.535396	0.889000	14.210000
847	-119.505396	0.889000	14.260000
848	-119.415396	0.891000	14.350000
849	-119.415396	0.893000	14.430000
850	-119.395396	0.893000	14.370000
851	-119.365396	0.894000	14.230000
852	-119.225396	0.896000	14.310000
853	-119.215396	0.896000	14.380000
854	-119.135396	0.896000	14.250000
855	-119.135396	0.898000	14.080000
856	-119.135396	0.900000	14.380000
857	-119.075396	0.900000	14.200000
858	-119.025396	0.902000	14.220000
859	-119.005396	0.902000	14.450000
860	-118.925396	0.902000	14.240000
861	-118.915396	0.904000	14.130000
862	-118.905396	0.906000	14.180000
863	-118.765396	0.908000	14.350000
864	-118.745396	0.908000	14.130000
865	-118.715396	0.910000	13.360000
866	-118.685396	0.910000	14.430000
867	-118.605396	0.910000	14.250000
868	-118.445396	0.912000	12.970000
869	-118.425396	0.912000	14.310000
870	-118.385396	0.914000	14.500000
871	-118.265396	0.916000	13.140000
872	-118.265396	0.916000	12.930000
873	-118.165396	0.918000	14.310000
874	-118.095396	0.918000	13.920000
875	-118.055396	0.918000	14.200000
876	-117.835396	0.920000	12.970000
877	-117.745396	0.920000	12.980000
878	-117.585396	0.922000	13.120000
879	-117.535396	0.924000	13.120000
880	-117.445396	0.924000	14.350000
881	-117.435396	0.924000	13.190000
882	-117.405396	0.926000	13.130000
883	-117.025396	0.928000	13.340000
884	-116.985396	0.928000	13.020000
885	-116.975396	0.930000	13.070000
886	-116.945396	0.932000	13.080000
887	-116.825396	0.932000	13.010000
888	-116.805396	0.934000	13.210000
889	-116.715396	0.934000	13.390000
890	-116.635396	0.934000	13.270000
891	-116.475396	0.936000	13.190000
892	-116.445396	0.936000	13.010000
893	-116.405396	0.937000	13.140000
894	-116.365396	0.939000	13.040000
895	-116.195396	0.939000	13.380000
896	-116.015396	0.941000	13.200000
897	-115.955396	0.941000	13.120000
898	-115.895396	0.943000	13.120000
899	-115.795396	0.943000	13.380000
900	-115.755396	0.943000	13.190000
901	-115.655396	0.945000	13.330000
902	-115.595396	0.947000	13.430000
903	-115.575396	0.949000	13.170000
904	-115.525396	0.949000	13.390000
905	-115.525396	0.949000	13.260000
906	-115.305396	0.951000	13.190000
907	-115.205396	0.951000	13.430000
908	-115.195396	0.953000	13.600000
909	-115.185396	0.955000	13.430000
910	-115.155396	0.955000	13.220000
911	-114.985396	0.959000	13.340000
912	-114.945396	0.959000	13.300000
913	-114.945396	0.959000	13.460000
914	-114.845396	0.961000	13.330000
915	-114.765396	0.961000	13.460000
916	-114.755396	0.961000	13.300000
917	-114.495396	0.965000	13.400000
918	-114.395396	0.965000	13.320000
919	-114.335396	0.967000	13.540000
920	-114.155396	0.967000	13.200000
921	-114.145396	0.967000	13.180000
922	-114.145396	0.969000	13.330000
923	-113.975396	0.971000	13.470000
924	-113.915396	0.971000	13.370000
925	-113.775396	0.973000	13.220000
926	-113.675396	0.973000	13.420000
927	-113.625396	0.973000	13.390000
928	-113.625396	0.975000	13.360000
929	-113.525396	0.975000	13.290000
930	-113.485396	0.977000	13.390000
931	-113.405396	0.978000	13.480000
932	-113.395396	0.978000	13.500000
933	-113.345396	0.980000	13.470000
934	-113.075396	0.982000	13.390000
935	-112.875396	0.982000	13.460000
936	-112.835396	0.982000	13.590000
937	-112.815396	0.984000	13.450000
938	-112.755396	0.986000	13.620000
939	-112.735396	0.986000	13.540000
940	-112.695396	0.988000	13.530000
941	-112.585396	0.990000	13.530000
942	-112.485396	0.990000	13.620000
943	-112.425396	0.990000	13.600000
944	-112.395396	0.992000	13.310000
945	-112.385396	0.994000	13.570000
946	-112.315396	0.994000	13.560000
947	-112.135396	0.992000	13.590000
948	-111.965396	0.996000	13.590000
949	-111.835396	0.998000	13.480000
950	-111.785396	0.998000	13.510000
951	-111.545396	1.000000	13.750000
952	-111.525396	1.002000	13.710000
953	-111.525396	1.002000	13.590000
954	-111.445396	1.004000	13.670000
955	-111.375396	1.004000	13.560000
956	-111.175396	1.004000	13.580000
957	-111.075396	1.006000	13.660000
958	-111.035396	1.006000	13.490000
959	-111.025396	1.008000	13.680000
960	-110.865396	1.010000	13.580000
961	-110.785396	1.010000	13.630000
962	-110.695396	1.012000	13.670000
963	-110.675396	1.012000	13.480000
964	-110.595396	1.014000	13.560000
965	-110.575396	1.014000	13.600000
966	-110.475396	1.014000	13.650000
967	-110.445396	1.016000	13.780000
968	-110.275396	1.018000	13.530000
969	-110.195396	1.018000	13.650000
970	-110.185396	1.019000	13.570000
971	-110.165396	1.019000	13.470000
972	-110.055396	1.021000	13.860000
973	-110.025396	1.021000	13.580000
974	-109.915396	1.023000	13.580000
975	-109.895396	1.025000	13.550000
976	-109.865396	1.025000	13.770000
977	-109.695396	1.025000	13.690000
978	-109.675396	1.027000	13.790000
979	-109.615396	1.029000	13.670000
980	-109.515396	1.029000	13.510000
981	-109.465396	1.029000	13.560000
982	-109.455396	1.031000	13.820000
983	-109.395396	1.033000	13.740000
984	-109.385396	1.033000	13.670000
985	-109.295396	1.035000	13.600000
986	-109.275396	1.035000	13.650000
987	-109.255396	1.035000	13.900000
988	-109.235396	1.037000	13.670000
989	-109.235396	1.037000	13.770000
990	-109.185396	1.041000	13.730000
991	-109.125396	1.043000	13.720000
992	-109.075396	1.043000	13.770000
993	-109.055396	1.045000	13.750000
994	-108.965396	1.045000	13.840000
995	-108.965396	1.047000	13.800000
996	-108.845396	1.049000	13.840000
997	-108.705396	1.049000	13.630000
998	-108.555396	1.051000	13.750000
999	-108.455396	1.051000	13.680000
1000	-108.425396	1.053000	13.790000
1001	-108.345396	1.053000	13.730000
1002	-108.135396	1.053000	13.720000
1003	-108.025396	1.055000	13.830000
1004	-107.865396	1.055000	13.750000
1005	-107.695396	1.055000	13.620000
1006	-107.635396	1.059000	13.770000
1007	-107.475396	1.059000	13.990000
1008	-107.215396	1.059000	13.940000
1009	-107.195396	1.060000	13.840000
1010	-107.025396	1.062000	13.990000
1011	-107.025396	1.064000	13.950000
1012	-107.015396	1.064000	13.770000
1013	-106.825396	1.066000	13.920000
1014	-106.795396	1.066000	14.000000
1015	-106.735396	1.066000	14.050000
1016	-106.665396	1.068000	13.970000
1017	-106.605396	1.068000	14.070000
1018	-106.465396	1.070000	14.040000
1019	-106.375396	1.070000	14.040000
1020	-106.275396	1.072000	13.620000
1021	-106.155396	1.074000	13.830000
1022	-106.015396	1.074000	14.010000
1023	-105.985396	1.074000	13.890000
1024	-105.885396	1.076000	13.900000
1025	-105.785396	1.076000	14.120000
1026	-105.695396	1.078000	13.990000
1027	-105.625396	1.080000	14.070000
1028	-105.535396	1.082000	13.920000
1029	-105.465396	1.080000	14.130000
1030	-105.375396	1.084000	13.830000
1031	-105.335396	1.084000	14.070000
1032	-105.305396	1.084000	13.770000
1033	-105.105396	1.086000	14.110000
1034	-105.075396	1.088000	14.090000
1035	-104.845396	1.088000	14.130000
1036	-104.825396	1.090000	13.980000
1037	-104.785396	1.090000	14.010000
1038	-104.725396	1.090000	14.150000
1039	-104.725396	1.092000	14.050000
1040	-104.655396	1.092000	14.260000
1041	-104.555396	1.094000	14.080000
1042	-104.525396	1.096000	14.390000
1043	-104.525396	1.098000	14.100000
1044	-104.335396	1.098000	13.980000
1045	-104.335396	1.098000	13.790000
1046	-104.265396	1.098000	14.030000
1047	-104.265396	1.100000	14.120000
1048	-104.235396	1.100000	14.220000
1049	-104.205396	1.102000	14.020000
1050	-104.045396	1.103000	14.250000
1051	-104.045396	1.105000	14.030000
1052	-103.975396	1.105000	14.120000
1053	-103.945396	1.105000	14.200000
1054	-103.815396	1.107000	14.030000
1055	-103.715396	1.107000	14.430000
1056	-103.655396	1.109000	14.120000
1057	-103.655396	1.111000	14.270000
1058	-103.585396	1.111000	14.140000
1059	-103.525396	1.111000	14.250000
1060	-103.485396	1.113000	14.000000
1061	-103.425396	1.113000	13.970000
1062	-103.295396	1.115000	14.080000
1063	-103.295396	1.115000	14.220000
1064	-103.135396	1.117000	14.220000
1065	-103.005396	1.119000	14.210000
1066	-102.965396	1.119000	14.390000
1067	-102.775396	1.121000	13.970000
1068	-102.735396	1.121000	14.150000
1069	-102.615396	1.121000	14.350000
1070	-102.515396	1.127000	14.270000
1071	-102.385396	1.127000	14.310000
1072	-102.295396	1.129000	14.390000
1073	-102.195396	1.129000	14.150000
1074	-102.135396	1.129000	14.380000
1075	-101.995396	1.131000	14.230000
1076	-101.615396	1.131000	14.320000
1077	-101.575396	1.133000	14.310000
1078	-101.575396	1.135000	14.210000
1079	-101.475396	1.135000	14.150000
1080	-101.475396	1.135000	14.710000
1081	-101.385396	1.137000	14.420000
1082	-101.255396	1.139000	14.210000
1083	-101.225396	1.139000	14.150000
1084	-100.935396	1.139000	14.160000
1085	-100.925396	1.141000	14.190000
1086	-100.715396	1.144000	14.360000
1087	-100.645396	1.143000	14.290000
1088	-100.535396	1.144000	14.550000
1089	-100.535396	1.144000	14.190000
1090	-100.505396	1.146000	14.390000
1091	-100.435396	1.146000	14.130000
1092	-100.375396	1.148000	14.360000
1093	-100.375396	1.150000	14.370000
1094	-100.345396	1.150000	14.140000
1095	-100.255396	1.150000	14.280000
1096	-100.245396	1.152000	14.260000
1097	-100.245396	1.154000	14.340000
1098	-100.215396	1.154000	14.270000
1099	-100.065396	1.154000	14.410000
1100	-99.995396	1.156000	14.300000
1101	-99.955396	1.158000	14.410000
1102	-99.955396	1.158000	14.260000
1103	-99.945396	1.160000	14.380000
1104	-99.865396	1.160000	14.310000
1105	-99.705396	1.162000	14.260000
1106	-99.565396	1.162000	14.350000
1107	-99.525396	1.164000	14.350000
1108	-99.415396	1.164000	14.390000
1109	-99.375396	1.166000	14.190000
1110	-99.195396	1.166000	14.140000
1111	-99.155396	1.168000	14.550000
1112	-99.155396	1.170000	14.160000
1113	-99.145396	1.170000	14.470000
1114	-99.095396	1.170000	14.460000
1115	-99.085396	1.172000	14.400000
1116	-99.055396	1.174000	14.500000
1117	-99.055396	1.174000	14.360000
1118	-99.005396	1.176000	14.570000
1119	-98.855396	1.176000	14.570000
1120	-98.475396	1.178000	14.320000
1121	-98.155396	1.178000	14.590000
1122	-98.145396	1.178000	14.540000
1123	-97.975396	1.180000	14.220000
1124	-97.935396	1.182000	14.590000
1125	-97.925396	1.182000	14.540000
1126	-97.895396	1.182000	14.700000
1127	-97.845396	1.184000	14.630000
1128	-97.825396	1.186000	14.530000
1129	-97.765396	1.186000	14.610000
1130	-97.585396	1.186000	14.770000
1131	-97.545396	1.187000	14.400000
1132	-97.535396	1.189000	14.540000
1133	-97.525396	1.189000	14.390000
1134	-97.475396	1.191000	14.620000
1135	-97.405396	1.191000	14.720000
1136	-97.375396	1.191000	14.530000
1137	-97.165396	1.193000	14.560000
1138	-97.145396	1.195000	14.780000
1139	-97.115396	1.195000	14.500000
1140	-97.055396	1.197000	14.650000
1141	-96.865396	1.197000	14.600000
1142	-96.805396	1.199000	14.650000
1143	-96.795396	1.201000	14.630000
1144	-96.735396	1.201000	14.520000
1145	-96.575396	1.201000	14.450000
1146	-96.545396	1.203000	14.710000
1147	-96.505396	1.205000	14.680000
1148	-96.285396	1.207000	14.910000
1149	-96.225396	1.207000	14.620000
1150	-96.145396	1.209000	14.630000
1151	-96.145396	1.211000	14.670000
1152	-96.145396	1.213000	14.710000
1153	-96.045396	1.213000	14.680000
1154	-96.045396	1.215000	14.700000
1155	-95.985396	1.215000	14.660000
1156	-95.975396	1.215000	14.690000
1157	-95.965396	1.217000	14.820000
1158	-95.955396	1.217000	14.540000
1159	-95.855396	1.219000	14.570000
1160	-95.795396	1.219000	14.690000
1161	-95.765396	1.221000	14.780000
1162	-95.555396	1.223000	14.620000
1163	-95.505396	1.223000	14.710000
1164	-95.345396	1.223000	14.700000
1165	-95.305396	1.225000	14.600000
1166	-94.985396	1.225000	14.660000
1167	-94.945396	1.227000	14.830000
1168	-94.725396	1.228000	14.790000
1169	-94.635396	1.227000	14.710000
1170	-94.545396	1.230000	14.610000
1171	-94.525396	1.230000	14.730000
1172	-94.325396	1.230000	14.590000
1173	-94.235396	1.232000	14.740000
1174	-94.075396	1.232000	14.640000
1175	-94.065396	1.234000	14.880000
1176	-93.945396	1.236000	14.630000
1177	-93.945396	1.236000	14.830000
1178	-93.945396	1.238000	14.840000
1179	-93.945396	1.238000	14.840000
1180	-93.915396	1.238000	14.970000
1181	-93.795396	1.240000	14.840000
1182	-93.775396	1.240000	14.820000
1183	-93.755396	1.242000	14.800000
1184	-93.715396	1.244000	15.010000
1185	-93.565396	1.244000	14.910000
1186	-93.555396	1.246000	14.880000
1187	-93.525396	1.246000	14.810000
1188	-93.485396	1.246000	14.930000
1189	-93.485396	1.248000	14.740000
1190	-93.485396	1.248000	14.630000
1191	-93.465396	1.250000	14.610000
1192	-93.415396	1.250000	14.840000
1193	-93.255396	1.252000	14.960000
1194	-93.155396	1.254000	14.870000
1195	-93.135396	1.254000	14.750000
1196	-92.995396	1.254000	15.100000
1197	-92.885396	1.256000	14.870000
1198	-92.835396	1.256000	15.090000
1199	-92.805396	1.258000	14.820000
1200	-92.565396	1.260000	14.680000
1201	-92.555396	1.260000	14.820000
1202	-92.375396	1.262000	14.980000
1203	-92.195396	1.262000	15.050000
1204	-92.065396	1.264000	14.980000
1205	-91.995396	1.264000	15.060000
1206	-91.805396	1.266000	14.880000
1207	-91.805396	1.268000	15.090000
1208	-91.775396	1.268000	15.100000
1209	-91.665396	1.269000	14.830000
1210	-91.655396	1.269000	14.890000
1211	-91.645396	1.271000	15.010000
1212	-91.635396	1.271000	15.150000
1213	-91.525396	1.273000	14.960000
1214	-91.515396	1.275000	14.960000
1215	-91.435396	1.275000	15.060000
1216	-91.265396	1.277000	14.930000
1217	-91.225396	1.277000	14.970000
1218	-91.095396	1.279000	14.850000
1219	-91.085396	1.279000	15.060000
1220	-90.875396	1.279000	14.940000
1221	-90.755396	1.281000	14.870000
1222	-90.745396	1.283000	15.130000
1223	-90.715396	1.283000	14.990000
1224	-90.675396	1.285000	15.000000
1225	-90.435396	1.285000	15.100000
1226	-90.365396	1.285000	14.970000
1227	-90.345396	1.287000	15.040000
1228	-90.315396	1.291000	15.060000
1229	-90.285396	1.289000	14.950000
1230	-90.165396	1.291000	15.100000
1231	-90.155396	1.293000	15.020000
1232	-90.085396	1.295000	15.010000
1233	-89.805396	1.295000	15.150000
1234	-89.805396	1.295000	14.980000
1235	-89.725396	1.297000	15.140000
1236	-89.665396	1.299000	15.290000
1237	-89.655396	1.299000	15.060000
1238	-89.645396	1.301000	15.060000
1239	-89.625396	1.301000	15.070000
1240	-89.465396	1.301000	15.190000
1241	-89.345396	1.303000	15.030000
1242	-89.325396	1.305000	15.130000
1243	-89.315396	1.307000	15.070000
1244	-89.265396	1.307000	15.170000
1245	-89.145396	1.307000	14.990000
1246	-88.955396	1.309000	15.000000
1247	-88.925396	1.310000	15.000000
1248	-88.855396	1.310000	14.920000
1249	-88.745396	1.310000	15.110000
1250	-88.525396	1.312000	15.150000
1251	-88.375396	1.314000	15.160000
1252	-88.275396	1.314000	15.190000
1253	-88.225396	1.316000	15.160000
1254	-87.955396	1.316000	15.130000
1255	-87.885396	1.316000	15.240000
1256	-87.875396	1.318000	15.320000
1257	-87.845396	1.318000	15.260000
1258	-87.625396	1.320000	15.200000
1259	-87.595396	1.322000	15.300000
1260	-87.575396	1.320000	15.280000
1261	-87.535396	1.324000	15.410000
1262	-87.535396	1.326000	15.340000
1263	-87.525396	1.326000	15.260000
1264	-87.455396	1.326000	15.240000
1265	-87.455396	1.328000	15.190000
1266	-87.395396	1.330000	15.140000
1267	-87.365396	1.330000	15.180000
1268	-87.335396	1.332000	15.220000
1269	-87.195396	1.332000	15.130000
1270	-87.135396	1.334000	15.210000
1271	-87.085396	1.334000	15.180000
1272	-86.915396	1.334000	15.200000
1273	-86.885396	1.336000	15.240000
1274	-86.795396	1.338000	15.030000
1275	-86.615396	1.338000	15.240000
1276	-86.605396	1.338000	15.170000
1277	-86.595396	1.340000	15.350000
1278	-86.425396	1.342000	15.210000
1279	-86.395396	1.342000	15.240000
1280	-86.395396	1.342000	15.390000
1281	-86.265396	1.346000	15.070000
1282	-86.135396	1.348000	15.210000
1283	-86.055396	1.348000	15.200000
1284	-85.975396	1.348000	15.200000
1285	-85.955396	1.348000	15.310000
1286	-85.745396	1.350000	15.270000
1287	-85.435396	1.350000	15.440000
1288	-85.425396	1.352000	15.240000
1289	-85.395396	1.353000	15.390000
1290	-85.325396	1.352000	15.430000
1291	-85.185396	1.353000	15.170000
1292	-85.175396	1.355000	15.450000
1293	-85.165396	1.357000	15.430000
1294	-85.155396	1.357000	15.330000
1295	-85.125396	1.357000	15.400000
1296	-85.095396	1.359000	15.400000
1297	-84.955396	1.361000	15.390000
1298	-84.935396	1.361000	15.350000
1299	-84.805396	1.363000	15.410000
1300	-84.735396	1.363000	15.340000
1301	-84.645396	1.365000	15.260000
1302	-84.445396	1.365000	15.420000
1303	-84.215396	1.365000	15.270000
1304	-84.145396	1.367000	15.570000
1305	-84.095396	1.369000	15.430000
1306	-84.025396	1.369000	15.470000
1307	-84.005396	1.369000	15.520000
1308	-83.985396	1.371000	15.500000
1309	-83.815396	1.373000	15.350000
1310	-83.745396	1.375000	15.450000
1311	-83.745396	1.375000	15.710000
1312	-83.695396	1.377000	15.480000
1313	-83.545396	1.379000	15.490000
1314	-83.445396	1.379000	15.450000
1315	-83.375396	1.381000	15.300000
1316	-83.345396	1.381000	15.530000
1317	-83.345396	1.383000	15.470000
1318	-83.345396	1.385000	15.710000
1319	-83.325396	1.385000	15.540000
1320	-83.265396	1.387000	15.660000
1321	-83.125396	1.387000	15.530000
1322	-83.095396	1.389000	15.500000
1323	-83.085396	1.389000	15.400000
1324	-82.895396	1.391000	15.420000
1325	-82.885396	1.393000	15.510000
1326	-82.875396	1.393000	15.550000
1327	-82.855396	1.394000	15.510000
1328	-82.845396	1.394000	15.490000
1329	-82.695396	1.394000	15.620000
1330	-82.625396	1.396000	15.580000
1331	-82.315396	1.396000	15.600000
1332	-82.315396	1.398000	15.520000
1333	-82.275396	1.400000	15.800000
1334	-81.925396	1.400000	15.520000
1335	-81.845396	1.402000	15.700000
1336	-81.815396	1.402000	15.470000
1337	-81.555396	1.402000	15.590000
1338	-81.435396	1.404000	15.730000
1339	-81.305396	1.404000	15.620000
1340	-81.155396	1.406000	15.540000
1341	-81.055396	1.406000	15.730000
1342	-81.025396	1.408000	15.500000
1343	-80.975396	1.410000	15.790000
1344	-80.935396	1.410000	15.610000
1345	-80.905396	1.410000	15.960000
1346	-80.865396	1.412000	15.610000
1347	-80.805396	1.412000	15.580000
1348	-80.695396	1.414000	15.660000
1349	-80.675396	1.416000	15.630000
1350	-80.605396	1.416000	15.780000
1351	-80.575396	1.418000	15.860000
1352	-80.525396	1.418000	15.730000
1353	-80.335396	1.418000	15.720000
1354	-80.255396	1.420000	15.760000
1355	-80.145396	1.420000	15.660000
1356	-79.895396	1.422000	15.660000
1357	-79.865396	1.424000	15.810000
1358	-79.865396	1.424000	15.680000
1359	-79.815396	1.426000	15.830000
1360	-79.765396	1.426000	15.810000
1361	-79.725396	1.426000	15.790000
1362	-79.725396	1.428000	15.730000
1363	-79.705396	1.430000	15.740000
1364	-79.675396	1.432000	15.780000
1365	-79.585396	1.432000	15.710000
1366	-79.565396	1.434000	15.690000
1367	-79.515396	1.434000	15.850000
1368	-79.505396	1.434000	15.890000
1369	-79.305396	1.436000	15.810000
1370	-79.145396	1.436000	16.050000
1371	-78.985396	1.437000	15.810000
1372	-78.855396	1.439000	15.990000
1373	-78.855396	1.439000	15.770000
1374	-78.795396	1.441000	15.920000
1375	-78.725396	1.441000	15.850000
1376	-78.645396	1.441000	15.900000
1377	-78.615396	1.443000	15.820000
1378	-78.615396	1.443000	15.910000
1379	-78.565396	1.445000	15.860000
1380	-78.485396	1.445000	15.790000
1381	-78.465396	1.447000	15.790000
1382	-78.455396	1.449000	15.780000
1383	-78.415396	1.449000	15.860000
1384	-78.365396	1.451000	15.840000
1385	-78.315396	1.451000	15.860000
1386	-78.135396	1.453000	15.970000
1387	-78.105396	1.455000	15.830000
1388	-78.035396	1.455000	15.870000
1389	-77.895396	1.457000	15.780000
1390	-77.825396	1.459000	15.770000
1391	-77.665396	1.459000	16.160000
1392	-77.635396	1.463000	15.970000
1393	-77.595396	1.463000	15.910000
1394	-77.435396	1.463000	16.090000
1395	-77.295396	1.465000	16.130000
1396	-77.255396	1.467000	16.010000
1397	-77.195396	1.467000	15.910000
1398	-76.855396	1.467000	15.990000
1399	-76.845396	1.469000	16.070000
1400	-76.705396	1.471000	15.970000
1401	-76.485396	1.471000	15.990000
1402	-76.475396	1.473000	15.870000
1403	-76.475396	1.473000	16.040000
1404	-76.425396	1.473000	15.960000
1405	-76.365396	1.475000	15.910000
1406	-76.325396	1.475000	16.170000
1407	-76.295396	1.477000	15.960000
1408	-76.245396	1.478000	16.090000
1409	-76.225396	1.478000	16.200000
1410	-76.205396	1.477000	16.050000
1411	-75.965396	1.480000	15.940000
1412	-75.945396	1.482000	16.030000
1413	-75.885396	1.482000	15.930000
1414	-75.795396	1.482000	16.060000
1415	-75.485396	1.484000	16.110000
1416	-75.475396	1.486000	16.050000
1417	-75.425396	1.486000	16.050000
1418	-75.365396	1.488000	16.150000
1419	-75.355396	1.488000	16.070000
1420	-75.345396	1.488000	16.170000
1421	-75.265396	1.490000	15.960000
1422	-75.235396	1.492000	16.110000
1423	-75.155396	1.494000	15.930000
1424	-75.125396	1.494000	16.100000
1425	-75.105396	1.494000	16.000000
1426	-75.085396	1.496000	15.930000
1427	-74.995396	1.498000	16.050000
1428	-74.975396	1.498000	16.120000
1429	-74.945396	1.498000	16.160000
1430	-74.925396	1.500000	15.980000
1431	-74.865396	1.502000	16.080000
1432	-74.825396	1.504000	16.160000
1433	-74.795396	1.504000	16.070000
1434	-74.725396	1.504000	16.080000
1435	-74.685396	1.506000	16.180000
1436	-74.615396	1.506000	16.230000
1437	-74.505396	1.508000	16.200000
1438	-74.355396	1.510000	16.040000
1439	-74.315396	1.510000	16.030000
1440	-73.925396	1.510000	16.260000
1441	-73.915396	1.512000	16.400000
1442	-73.815396	1.514000	16.100000
1443	-73.805396	1.514000	16.220000
1444	-73.505396	1.514000	16.260000
1445	-73.425396	1.516000	16.220000
1446	-73.395396	1.518000	16.260000
1447	-73.265396	1.518000	16.010000
1448	-73.195396	1.519000	16.200000
1449	-73.145396	1.519000	16.360000
1450	-73.135396	1.521000	16.330000
1451	-72.995396	1.521000	16.270000
1452	-72.835396	1.521000	16.230000
1453	-72.815396	1.523000	16.250000
1454	-72.815396	1.525000	16.190000
1455	-72.815396	1.525000	16.180000
1456	-72.785396	1.525000	16.190000
1457	-72.745396	1.527000	16.230000
1458	-72.715396	1.529000	16.230000
1459	-72.675396	1.529000	16.310000
1460	-72.565396	1.529000	16.300000
1461	-72.535396	1.533000	16.470000
1462	-72.255396	1.533000	16.220000
1463	-72.235396	1.535000	16.370000
1464	-72.195396	1.535000	16.250000
1465	-72.165396	1.535000	16.310000
1466	-72.135396	1.537000	16.220000
1467	-71.925396	1.537000	16.230000
1468	-71.845396	1.541000	16.170000
1469	-71.445396	1.543000	16.420000
1470	-71.355396	1.543000	16.340000
1471	-71.225396	1.543000	16.310000
1472	-70.735396	1.545000	16.440000
1473	-70.645396	1.545000	16.420000
1474	-70.535396	1.547000	16.340000
1475	-70.275396	1.549000	16.500000
1476	-70.255396	1.549000	16.570000
1477	-69.935396	1.551000	16.330000
1478	-69.775396	1.551000	16.510000
1479	-69.725396	1.551000	16.540000
1480	-69.645396	1.553000	16.520000
1481	-69.515396	1.555000	16.460000
1482	-69.445396	1.557000	16.550000
1483	-69.445396	1.557000	16.500000
1484	-69.425396	1.559000	16.400000
1485	-69.385396	1.559000	16.800000
1486	-69.345396	1.559000	16.480000
1487	-69.315396	1.560000	16.570000
1488	-69.275396	1.560000	16.620000
1489	-69.275396	1.562000	16.460000
1490	-69.225396	1.562000	16.490000
1491	-69.105396	1.564000	16.510000
1492	-69.035396	1.564000	16.540000
1493	-69.025396	1.566000	16.610000
1494	-68.945396	1.566000	16.550000
1495	-68.925396	1.568000	16.570000
1496	-68.915396	1.568000	16.620000
1497	-68.895396	1.570000	16.520000
1498	-68.885396	1.572000	16.580000
1499	-68.885396	1.572000	16.570000
1500	-68.875396	1.574000	16.570000
1501	-68.835396	1.576000	16.700000
1502	-68.835396	1.576000	16.460000
1503	-68.835396	1.576000	16.390000
1504	-68.805396	1.578000	16.630000
1505	-68.805396	1.580000	16.490000
1506	-68.805396	1.580000	16.660000
1507	-68.615396	1.582000	16.560000
1508	-68.595396	1.582000	16.550000
1509	-68.575396	1.582000	16.510000
1510	-68.555396	1.584000	16.720000
1511	-68.525396	1.586000	16.490000
1512	-68.495396	1.588000	16.710000
1513	-68.495396	1.588000	16.590000
1514	-68.385396	1.590000	16.640000
1515	-68.355396	1.590000	16.620000
1516	-68.345396	1.590000	16.680000
1517	-68.335396	1.592000	16.590000
1518	-68.325396	1.594000	16.590000
1519	-68.305396	1.594000	16.430000
1520	-68.195396	1.594000	16.690000
1521	-68.125396	1.596000	16.570000
1522	-68.115396	1.598000	16.660000
1523	-68.045396	1.598000	16.610000
1524	-67.835396	1.598000	16.520000
1525	-67.535396	1.600000	16.620000
1526	-67.505396	1.600000	16.590000
1527	-67.475396	1.602000	16.500000
1528	-67.245396	1.603000	16.790000
1529	-67.175396	1.603000	16.540000
1530	-66.955396	1.603000	16.570000
1531	-66.945396	1.605000	16.690000
1532	-66.715396	1.607000	16.760000
1533	-66.715396	1.607000	16.710000
1534	-66.675396	1.609000	16.870000
1535	-66.635396	1.611000	16.710000
1536	-66.475396	1.611000	16.550000
1537	-66.395396	1.613000	16.750000
1538	-66.285396	1.613000	16.720000
1539	-66.275396	1.613000	16.710000
1540	-66.225396	1.615000	16.880000
1541	-66.215396	1.615000	16.690000
1542	-66.065396	1.617000	16.850000
1543	-66.065396	1.619000	16.740000
1544	-66.055396	1.619000	16.710000
1545	-65.765396	1.621000	16.820000
1546	-65.715396	1.621000	16.760000
1547	-65.625396	1.621000	16.690000
1548	-65.575396	1.625000	16.660000
1549	-65.505396	1.629000	16.750000
1550	-65.475396	1.629000	16.970000
1551	-65.465396	1.629000	16.840000
1552	-65.125396	1.629000	17.140000
1553	-64.935396	1.631000	17.100000
1554	-64.925396	1.631000	16.820000
1555	-64.785396	1.633000	16.870000
1556	-64.785396	1.635000	16.780000
1557	-64.695396	1.635000	16.930000
1558	-64.585396	1.635000	17.090000
1559	-64.555396	1.637000	16.980000
1560	-64.495396	1.639000	17.170000
1561	-64.495396	1.639000	16.920000
1562	-64.475396	1.641000	16.950000
1563	-64.415396	1.643000	16.960000
1564	-64.395396	1.643000	17.050000
1565	-64.345396	1.644000	17.040000
1566	-64.335396	1.644000	17.050000
1567	-64.315396	1.644000	16.800000
1568	-64.225396	1.646000	16.870000
1569	-64.055396	1.646000	16.940000
1570	-64.045396	1.648000	16.980000
1571	-63.975396	1.650000	16.970000
1572	-63.975396	1.650000	17.000000
1573	-63.955396	1.650000	16.860000
1574	-63.945396	1.652000	17.200000
1575	-63.925396	1.654000	16.840000
1576	-63.775396	1.654000	16.940000
1577	-63.695396	1.654000	16.840000
1578	-63.585396	1.656000	17.070000
1579	-63.565396	1.658000	17.090000
1580	-63.505396	1.658000	16.890000
1581	-63.325396	1.660000	17.040000
1582	-63.255396	1.660000	17.110000
1583	-62.955396	1.662000	16.890000
1584	-62.955396	1.662000	17.050000
1585	-62.875396	1.664000	17.110000
1586	-62.855396	1.666000	17.100000
1587	-62.815396	1.666000	17.160000
1588	-62.745396	1.668000	17.070000
1589	-62.645396	1.668000	17.130000
1590	-62.635396	1.670000	17.090000
1591	-62.555396	1.670000	16.960000
1592	-62.555396	1.670000	17.050000
1593	-62.495396	1.672000	17.220000
1594	-62.485396	1.674000	17.350000
1595	-62.425396	1.674000	16.920000
1596	-62.375396	1.676000	16.900000
1597	-62.345396	1.676000	17.010000
1598	-62.175396	1.678000	16.920000
1599	-61.935396	1.678000	17.280000
1600	-61.815396	1.678000	17.080000
1601	-61.765396	1.682000	17.160000
1602	-61.705396	1.682000	17.050000
1603	-61.595396	1.682000	17.240000
1604	-61.355396	1.684000	16.950000
1605	-61.355396	1.686000	17.140000
1606	-61.225396	1.686000	17.220000
1607	-61.155396	1.686000	17.160000
1608	-61.115396	1.687000	17.260000
1609	-61.025396	1.687000	17.390000
1610	-61.015396	1.689000	17.220000
1611	-60.985396	1.691000	17.180000
1612	-60.765396	1.691000	17.120000
1613	-60.615396	1.693000	17.280000
1614	-60.525396	1.693000	17.190000
1615	-60.465396	1.695000	17.290000
1616	-60.395396	1.695000	17.250000
1617	-60.395396	1.697000	17.160000
1618	-60.355396	1.697000	17.280000
1619	-60.305396	1.699000	17.350000
1620	-60.305396	1.701000	17.250000
1621	-60.305396	1.701000	17.330000
1622	-60.045396	1.701000	17.230000
1623	-59.995396	1.703000	17.350000
1624	-59.875396	1.705000	17.280000
1625	-59.855396	1.705000	17.240000
1626	-59.775396	1.707000	17.290000
1627	-59.485396	1.709000	17.160000
1628	-59.205396	1.709000	17.260000
1629	-59.195396	1.711000	17.300000
1630	-59.155396	1.711000	17.260000
1631	-59.115396	1.713000	17.320000
1632	-59.065396	1.715000	17.280000
1633	-59.045396	1.715000	17.270000
1634	-59.015396	1.715000	17.490000
1635	-58.995396	1.717000	17.380000
1636	-58.985396	1.717000	17.330000
1637	-58.815396	1.719000	17.330000
1638	-58.795396	1.721000	17.500000
1639	-58.795396	1.721000	17.230000
1640	-58.775396	1.721000	17.320000
1641	-58.735396	1.723000	17.270000
1642	-58.715396	1.725000	17.180000
1643	-58.685396	1.725000	17.360000
1644	-58.615396	1.727000	17.410000
1645	-58.555396	1.728000	17.410000
1646	-58.515396	1.728000	17.210000
1647	-58.455396	1.730000	17.450000
1648	-58.255396	1.730000	17.440000
1649	-58.055396	1.730000	17.290000
1650	-58.025396	1.734000	17.420000
1651	-57.795396	1.734000	17.310000
1652	-57.775396	1.736000	17.530000
1653	-57.685396	1.736000	17.310000
1654	-57.635396	1.738000	17.420000
1655	-57.625396	1.738000	17.510000
1656	-57.515396	1.738000	17.380000
1657	-57.375396	1.740000	17.400000
1658	-57.285396	1.740000	17.380000
1659	-57.225396	1.742000	17.480000
1660	-57.225396	1.744000	17.530000
1661	-57.155396	1.746000	17.370000
1662	-57.115396	1.746000	17.530000
1663	-56.885396	1.746000	17.380000
1664	-56.675396	1.748000	17.460000
1665	-56.565396	1.748000	17.470000
1666	-56.355396	1.750000	17.550000
1667	-56.285396	1.752000	17.470000
1668	-56.275396	1.754000	17.460000
1669	-56.185396	1.754000	17.300000
1670	-56.175396	1.754000	17.520000
1671	-56.175396	1.756000	17.390000
1672	-56.135396	1.756000	17.540000
1673	-56.115396	1.758000	17.410000
1674	-56.085396	1.760000	17.520000
1675	-55.965396	1.760000	17.540000
1676	-55.965396	1.762000	17.310000
1677	-55.865396	1.762000	17.740000
1678	-55.775396	1.762000	17.520000
1679	-55.755396	1.764000	17.690000
1680	-55.615396	1.764000	17.390000
1681	-55.545396	1.766000	17.730000
1682	-55.435396	1.768000	17.370000
1683	-55.385396	1.768000	17.590000
1684	-55.175396	1.769000	17.630000
1685	-55.045396	1.769000	17.640000
1686	-54.945396	1.769000	17.620000
1687	-54.865396	1.771000	17.650000
1688	-54.835396	1.771000	17.480000
1689	-54.765396	1.773000	17.570000
1690	-54.745396	1.775000	17.520000
1691	-54.735396	1.777000	17.630000
1692	-54.605396	1.777000	17.440000
1693	-54.545396	1.777000	17.640000
1694	-54.435396	1.779000	17.520000
1695	-54.405396	1.779000	17.600000
1696	-54.385396	1.781000	17.730000
1697	-54.275396	1.783000	17.810000
1698	-54.205396	1.783000	17.660000
1699	-54.155396	1.785000	17.740000
1700	-54.145396	1.785000	17.520000
1701	-53.985396	1.787000	17.880000
1702	-53.875396	1.791000	17.800000
1703	-53.765396	1.791000	17.700000
1704	-53.765396	1.791000	17.670000
1705	-53.725396	1.793000	17.840000
1706	-53.715396	1.795000	17.460000
1707	-53.705396	1.795000	17.610000
1708	-53.555396	1.797000	17.840000
1709	-53.475396	1.799000	17.700000
1710	-53.415396	1.799000	17.530000
1711	-53.225396	1.801000	17.750000
1712	-52.925396	1.801000	17.560000
1713	-52.915396	1.801000	17.820000
1714	-52.885396	1.803000	17.760000
1715	-52.685396	1.805000	17.750000
1716	-52.645396	1.805000	17.710000
1717	-52.635396	1.807000	17.840000
1718	-52.615396	1.807000	17.820000
1719	-52.565396	1.809000	17.700000
1720	-52.475396	1.810000	17.740000
1721	-52.425396	1.810000	17.840000
1722	-52.415396	1.810000	17.600000
1723	-52.345396	1.812000	17.770000
1724	-52.305396	1.814000	17.670000
1725	-52.305396	1.814000	17.720000
1726	-52.165396	1.816000	17.670000
1727	-52.145396	1.818000	17.740000
1728	-51.965396	1.818000	17.810000
1729	-51.955396	1.818000	17.870000
1730	-51.635396	1.820000	17.690000
1731	-51.615396	1.822000	17.820000
1732	-51.445396	1.822000	18.000000
1733	-51.435396	1.822000	17.780000
1734	-51.435396	1.824000	17.700000
1735	-51.415396	1.826000	17.760000
1736	-51.415396	1.826000	17.820000
1737	-51.335396	1.826000	17.800000
1738	-51.305396	1.828000	17.830000
1739	-51.225396	1.830000	17.870000
1740	-51.205396	1.830000	17.760000
1741	-51.115396	1.832000	17.840000
1742	-51.085396	1.832000	17.740000
1743	-50.815396	1.832000	17.730000
1744	-50.715396	1.834000	18.120000
1745	-50.715396	1.834000	17.920000
1746	-50.545396	1.836000	17.930000
1747	-50.495396	1.838000	17.800000
1748	-50.425396	1.838000	17.790000
1749	-50.335396	1.838000	17.850000
1750	-50.305396	1.840000	17.840000
1751	-50.075396	1.842000	17.880000
1752	-49.665396	1.842000	17.880000
1753	-49.515396	1.842000	17.910000
1754	-49.235396	1.844000	17.950000
1755	-49.195396	1.846000	18.070000
1756	-49.035396	1.846000	17.970000
1757	-49.025396	1.846000	17.940000
1758	-48.975396	1.848000	17.990000
1759	-48.975396	1.848000	18.020000
1760	-48.975396	1.850000	18.040000
1761	-48.955396	1.850000	17.900000
1762	-48.945396	1.852000	18.020000
1763	-48.915396	1.853000	18.050000
1764	-48.905396	1.853000	18.090000
1765	-48.845396	1.853000	18.040000
1766	-48.725396	1.855000	17.970000
1767	-48.705396	1.857000	17.950000
1768	-48.665396	1.857000	18.060000
1769	-48.505396	1.857000	18.050000
1770	-48.485396	1.859000	18.010000
1771	-48.455396	1.861000	18.040000
1772	-48.305396	1.861000	18.040000
1773	-48.285396	1.863000	17.990000
1774	-48.185396	1.863000	17.940000
1775	-48.105396	1.863000	18.090000
1776	-48.075396	1.865000	17.930000
1777	-48.065396	1.865000	17.930000
1778	-48.025396	1.867000	18.100000
1779	-48.005396	1.869000	18.170000
1780	-47.985396	1.869000	18.040000
1781	-47.975396	1.871000	18.000000
1782	-47.975396	1.873000	18.070000
1783	-47.955396	1.875000	18.000000
1784	-47.945396	1.877000	18.040000
1785	-47.825396	1.877000	18.070000
1786	-47.725396	1.879000	18.020000
1787	-47.665396	1.879000	18.020000
1788	-47.475396	1.881000	18.070000
1789	-47.325396	1.881000	18.030000
1790	-47.215396	1.883000	18.040000
1791	-47.165396	1.885000	17.960000
1792	-46.975396	1.885000	18.180000
1793	-46.965396	1.887000	18.080000
1794	-46.675396	1.887000	18.120000
1795	-46.675396	1.889000	17.850000
1796	-46.615396	1.889000	18.130000
1797	-46.605396	1.889000	18.250000
1798	-46.525396	1.893000	18.240000
1799	-46.505396	1.893000	18.180000
1800	-46.485396	1.894000	18.140000
1801	-46.385396	1.894000	18.070000
1802	-46.325396	1.894000	18.270000
1803	-46.245396	1.896000	18.050000
1804	-46.215396	1.896000	18.100000
1805	-46.115396	1.898000	18.160000
1806	-46.105396	1.898000	18.110000
1807	-46.015396	1.902000	18.230000
1808	-45.995396	1.902000	18.150000
1809	-45.935396	1.902000	18.220000
1810	-45.855396	1.904000	18.180000
1811	-45.845396	1.904000	18.180000
1812	-45.365396	1.906000	18.050000
1813	-45.315396	1.908000	18.120000
1814	-45.095396	1.908000	18.240000
1815	-45.065396	1.910000	18.270000
1816	-45.065396	1.910000	18.320000
1817	-44.845396	1.910000	18.240000
1818	-44.835396	1.912000	18.180000
1819	-44.785396	1.912000	18.290000
1820	-44.735396	1.914000	18.180000
1821	-44.735396	1.916000	18.080000
1822	-44.695396	1.916000	18.150000
1823	-44.685396	1.918000	18.270000
1824	-44.505396	1.918000	18.180000
1825	-44.355396	1.918000	18.340000
1826	-44.305396	1.920000	18.300000
1827	-44.305396	1.922000	18.400000
1828	-44.285396	1.922000	18.350000
1829	-44.205396	1.924000	18.330000
1830	-44.205396	1.924000	18.160000
1831	-44.035396	1.926000	18.300000
1832	-44.035396	1.926000	18.250000
1833	-43.945396	1.926000	18.320000
1834	-43.855396	1.928000	18.440000
1835	-43.825396	1.930000	18.340000
1836	-43.805396	1.930000	18.290000
1837	-43.755396	1.930000	18.350000
1838	-43.695396	1.932000	18.240000
1839	-43.695396	1.934000	18.420000
1840	-43.665396	1.934000	18.160000
1841	-43.545396	1.934000	18.270000
1842	-43.535396	1.936000	18.260000
1843	-43.265396	1.936000	18.370000
1844	-43.185396	1.937000	18.470000
1845	-43.075396	1.939000	18.300000
1846	-42.955396	1.941000	18.390000
1847	-42.955396	1.941000	18.220000
1848	-42.925396	1.941000	18.350000
1849	-42.905396	1.943000	18.460000
1850	-42.905396	1.943000	18.350000
1851	-42.785396	1.945000	18.450000
1852	-42.735396	1.947000	18.430000
1853	-42.735396	1.947000	18.330000
1854	-42.615396	1.949000	18.420000
1855	-42.565396	1.949000	18.340000
1856	-42.525396	1.949000	18.450000
1857	-42.455396	1.951000	18.370000
1858	-42.065396	1.953000	18.470000
1859	-41.895396	1.955000	18.440000
1860	-41.825396	1.955000	18.480000
1861	-41.825396	1.957000	18.460000
1862	-41.775396	1.959000	18.490000
1863	-41.535396	1.959000	18.540000
1864	-41.435396	1.961000	18.500000
1865	-41.425396	1.961000	18.580000
1866	-41.415396	1.961000	18.500000
1867	-41.385396	1.965000	18.500000
1868	-41.345396	1.967000	18.450000
1869	-41.325396	1.967000	18.360000
1870	-41.145396	1.967000	18.500000
1871	-41.145396	1.969000	18.520000
1872	-41.125396	1.971000	18.510000
1873	-41.005396	1.971000	18.360000
1874	-40.805396	1.973000	18.540000
1875	-40.775396	1.973000	18.590000
1876	-40.775396	1.975000	18.470000
1877	-40.765396	1.975000	18.530000
1878	-40.735396	1.977000	18.570000
1879	-40.655396	1.978000	18.570000
1880	-40.645396	1.978000	18.480000
1881	-40.555396	1.978000	18.500000
1882	-40.545396	1.980000	18.620000
1883	-40.425396	1.982000	18.480000
1884	-40.175396	1.982000	18.590000
1885	-40.135396	1.982000	18.610000
1886	-40.105396	1.986000	18.690000
1887	-40.105396	1.986000	18.610000
1888	-40.035396	1.988000	18.470000
1889	-39.975396	1.988000	18.700000
1890	-39.905396	1.988000	18.620000
1891	-39.895396	1.990000	18.500000
1892	-39.855396	1.990000	18.780000
1893	-39.645396	1.992000	18.600000
1894	-39.535396	1.994000	18.720000
1895	-39.495396	1.994000	18.620000
1896	-39.385396	1.994000	18.670000
1897	-39.355396	1.996000	18.740000
1898	-39.075396	1.998000	18.710000
1899	-38.995396	1.998000	18.770000
1900	-38.995396	1.998000	18.550000
1901	-38.935396	2.000000	18.600000
1902	-38.925396	2.002000	18.750000
1903	-38.795396	2.002000	18.760000
1904	-38.785396	2.004000	18.770000
1905	-38.645396	2.004000	18.450000
1906	-38.385396	2.006000	18.630000
1907	-38.315396	2.006000	18.810000
1908	-38.275396	2.008000	18.750000
1909	-38.255396	2.010000	18.710000
1910	-38.095396	2.010000	18.810000
1911	-38.005396	2.010000	18.770000
1912	-38.005396	2.012000	18.650000
1913	-37.995396	2.014000	18.720000
1914	-37.815396	2.014000	18.720000
1915	-37.805396	2.014000	18.870000
1916	-37.795396	2.016000	18.760000
1917	-37.755396	2.018000	18.750000
1918	-37.615396	2.018000	18.910000
1919	-37.495396	2.019000	18.820000
1920	-37.475396	2.019000	18.600000
1921	-37.265396	2.019000	18.770000
1922	-37.255396	2.021000	18.840000
1923	-37.255396	2.021000	18.880000
1924	-37.245396	2.023000	18.790000
1925	-37.235396	2.025000	18.820000
1926	-36.985396	2.025000	18.870000
1927	-36.975396	2.025000	18.680000
1928	-36.855396	2.027000	18.870000
1929	-36.785396	2.029000	18.880000
1930	-36.685396	2.029000	18.980000
1931	-36.575396	2.029000	18.890000
1932	-36.525396	2.031000	18.830000
1933	-36.405396	2.033000	18.810000
1934	-36.385396	2.033000	19.030000
1935	-36.155396	2.035000	18.840000
1936	-36.125396	2.035000	18.850000
1937	-36.115396	2.037000	18.900000
1938	-36.025396	2.037000	18.950000
1939	-35.885396	2.041000	18.820000
1940	-35.745396	2.043000	18.950000
1941	-35.715396	2.043000	19.010000
1942	-35.635396	2.043000	18.970000
1943	-35.605396	2.045000	18.920000
1944	-35.595396	2.045000	18.910000
1945	-35.595396	2.047000	19.020000
1946	-35.575396	2.047000	18.930000
1947	-35.525396	2.049000	19.060000
1948	-35.395396	2.051000	18.870000
1949	-35.375396	2.051000	18.830000
1950	-35.295396	2.051000	18.960000
1951	-35.285396	2.053000	19.040000
1952	-35.095396	2.053000	19.000000
1953	-35.075396	2.055000	18.950000
1954	-35.075396	2.055000	19.040000
1955	-35.065396	2.055000	19.030000
1956	-35.065396	2.059000	19.020000
1957	-35.035396	2.059000	18.980000
1958	-34.965396	2.059000	19.050000
1959	-34.815396	2.060000	19.000000
1960	-34.735396	2.060000	19.030000
1961	-34.605396	2.062000	18.990000
1962	-34.445396	2.064000	18.990000
1963	-34.355396	2.064000	19.060000
1964	-34.285396	2.066000	19.180000
1965	-33.895396	2.066000	19.160000
1966	-33.545396	2.066000	19.060000
1967	-33.465396	2.068000	19.090000
1968	-33.385396	2.070000	19.030000
1969	-33.035396	2.072000	19.120000
1970	-32.975396	2.072000	19.180000
1971	-32.965396	2.074000	19.130000
1972	-32.895396	2.074000	19.200000
1973	-32.875396	2.074000	19.070000
1974	-32.805396	2.076000	19.120000
1975	-32.795396	2.076000	19.140000
1976	-32.785396	2.078000	19.030000
1977	-32.775396	2.078000	19.050000
1978	-32.775396	2.080000	19.200000
1979	-32.565396	2.082000	19.260000
1980	-32.425396	2.082000	19.110000
1981	-32.345396	2.082000	19.210000
1982	-32.335396	2.084000	19.220000
1983	-32.305396	2.084000	19.210000
1984	-32.285396	2.086000	19.240000
1985	-32.285396	2.088000	19.200000
1986	-32.275396	2.088000	19.100000
1987	-32.245396	2.090000	19.310000
1988	-32.155396	2.090000	19.150000
1989	-32.135396	2.092000	19.170000
1990	-32.085396	2.092000	19.330000
1991	-32.085396	2.094000	19.170000
1992	-31.835396	2.096000	19.390000
1993	-31.655396	2.096000	19.220000
1994	-31.645396	2.098000	19.320000
1995	-31.635396	2.098000	19.110000
1996	-31.385396	2.098000	19.350000
1997	-31.255396	2.100000	19.350000
1998	-31.185396	2.100000	19.320000
1999	-31.145396	2.102000	19.410000
2000	-31.105396	2.103000	19.360000
2001	-31.015396	2.103000	19.350000
2002	-30.985396	2.105000	19.480000
2003	-30.915396	2.105000	19.370000
2004	-30.785396	2.107000	19.440000
2005	-30.715396	2.107000	19.340000
2006	-30.675396	2.107000	19.340000
2007	-30.585396	2.109000	19.560000
2008	-30.585396	2.111000	19.290000
2009	-30.285396	2.111000	19.460000
2010	-30.255396	2.113000	19.360000
2011	-30.245396	2.113000	19.460000
2012	-30.205396	2.113000	19.490000
2013	-30.125396	2.115000	19.220000
2014	-30.085396	2.115000	19.390000
2015	-30.055396	2.117000	19.490000
2016	-30.015396	2.117000	19.330000
2017	-29.965396	2.119000	19.460000
2018	-29.965396	2.121000	19.570000
2019	-29.925396	2.121000	19.580000
2020	-29.895396	2.125000	19.390000
2021	-29.775396	2.127000	19.420000
2022	-29.475396	2.127000	19.410000
2023	-29.455396	2.129000	19.510000
2024	-29.335396	2.129000	19.410000
2025	-29.235396	2.129000	19.390000
2026	-29.225396	2.131000	19.440000
2027	-29.075396	2.131000	19.240000
2028	-29.035396	2.133000	19.500000
2029	-28.995396	2.135000	19.320000
2030	-28.945396	2.135000	19.320000
2031	-28.855396	2.135000	19.510000
2032	-28.845396	2.137000	19.530000
2033	-28.835396	2.139000	19.560000
2034	-28.815396	2.139000	19.540000
2035	-28.655396	2.139000	19.630000
2036	-28.625396	2.141000	19.630000
2037	-28.555396	2.143000	19.480000
2038	-28.455396	2.144000	19.600000
2039	-28.315396	2.144000	19.550000
2040	-28.315396	2.144000	19.550000
2041	-28.185396	2.146000	19.700000
2042	-27.905396	2.146000	19.540000
2043	-27.835396	2.148000	19.460000
2044	-27.785396	2.150000	19.610000
2045	-27.765396	2.150000	19.530000
2046	-27.715396	2.150000	19.770000
2047	-27.645396	2.152000	19.600000
2048	-27.555396	2.154000	19.700000
2049	-27.535396	2.154000	19.530000
2050	-27.385396	2.154000	19.650000
2051	-27.265396	2.156000	19.460000
2052	-27.255396	2.158000	19.640000
2053	-27.245396	2.158000	19.520000
2054	-27.195396	2.160000	19.520000
2055	-27.185396	2.160000	19.610000
2056	-27.165396	2.162000	19.670000
2057	-27.065396	2.162000	19.620000
2058	-26.955396	2.164000	19.550000
2059	-26.805396	2.166000	19.650000
2060	-26.675396	2.166000	19.620000
2061	-26.605396	2.166000	19.630000
2062	-26.505396	2.168000	19.760000
2063	-26.465396	2.170000	19.630000
2064	-26.415396	2.170000	19.600000
2065	-26.405396	2.170000	19.620000
2066	-26.245396	2.172000	19.750000
2067	-26.155396	2.174000	19.540000
2068	-25.975396	2.176000	19.530000
2069	-25.565396	2.176000	19.670000
2070	-25.525396	2.176000	19.640000
2071	-25.495396	2.178000	19.920000
2072	-25.375396	2.178000	19.740000
2073	-25.375396	2.180000	19.680000
2074	-25.345396	2.182000	19.760000
2075	-25.215396	2.182000	19.750000
2076	-25.135396	2.182000	19.710000
2077	-25.085396	2.184000	19.910000
2078	-25.085396	2.186000	19.610000
2079	-25.015396	2.186000	19.800000
2080	-24.985396	2.186000	19.700000
2081	-24.935396	2.187000	19.680000
2082	-24.855396	2.189000	19.660000
2083	-24.795396	2.189000	19.750000
2084	-24.795396	2.191000	19.740000
2085	-24.615396	2.191000	19.860000
2086	-24.565396	2.191000	19.750000
2087	-24.495396	2.193000	19.730000
2088	-24.475396	2.193000	19.940000
2089	-24.335396	2.195000	19.810000
2090	-24.325396	2.197000	19.700000
2091	-24.315396	2.197000	19.710000
2092	-23.955396	2.197000	19.730000
2093	-23.715396	2.199000	19.950000
2094	-23.645396	2.201000	19.830000
2095	-23.645396	2.201000	19.640000
2096	-23.635396	2.201000	19.880000
2097	-23.535396	2.205000	19.840000
2098	-23.495396	2.205000	19.830000
2099	-23.395396	2.207000	19.920000
2100	-23.355396	2.209000	19.950000
2101	-23.305396	2.209000	19.830000
2102	-23.235396	2.211000	19.830000
2103	-23.175396	2.213000	19.780000
2104	-23.165396	2.213000	19.800000
2105	-23.075396	2.215000	19.820000
2106	-23.065396	2.215000	19.880000
2107	-23.035396	2.215000	19.800000
2108	-23.035396	2.217000	19.780000
2109	-23.015396	2.217000	19.950000
2110	-22.965396	2.219000	19.870000
2111	-22.945396	2.221000	19.930000
2112	-22.885396	2.221000	19.900000
2113	-22.785396	2.223000	19.790000
2114	-22.775396	2.223000	19.830000
2115	-22.655396	2.223000	19.930000
2116	-22.625396	2.225000	19.810000
2117	-22.565396	2.227000	19.910000
2118	-22.495396	2.228000	19.800000
2119	-22.465396	2.228000	19.900000
2120	-22.165396	2.230000	19.830000
2121	-21.995396	2.230000	19.920000
2122	-21.945396	2.230000	19.970000
2123	-21.915396	2.232000	19.940000
2124	-21.815396	2.232000	19.950000
2125	-21.735396	2.234000	20.120000
2126	-21.705396	2.234000	19.990000
2127	-21.615396	2.238000	19.970000
2128	-21.545396	2.238000	20.050000
2129	-21.435396	2.238000	20.090000
2130	-21.405396	2.240000	20.070000
2131	-21.395396	2.240000	20.020000
2132	-21.185396	2.242000	20.120000
2133	-21.115396	2.244000	19.960000
2134	-21.075396	2.244000	19.900000
2135	-21.055396	2.244000	19.870000
2136	-21.025396	2.246000	19.940000
2137	-20.995396	2.246000	20.040000
2138	-20.955396	2.248000	20.030000
2139	-20.925396	2.248000	20.010000
2140	-20.885396	2.250000	20.040000
2141	-20.675396	2.250000	19.950000
2142	-20.675396	2.254000	20.070000
2143	-20.575396	2.254000	20.050000
2144	-20.405396	2.254000	19.980000
2145	-20.155396	2.254000	20.060000
2146	-20.115396	2.256000	20.130000
2147	-20.045396	2.258000	20.000000
2148	-20.035396	2.260000	20.050000
2149	-20.005396	2.260000	19.910000
2150	-19.945396	2.262000	20.020000
2151	-19.675396	2.262000	20.090000
2152	-19.595396	2.262000	20.160000
2153	-19.575396	2.264000	20.140000
2154	-19.415396	2.264000	20.070000
2155	-19.395396	2.266000	20.140000
2156	-19.395396	2.268000	20.160000
2157	-19.355396	2.268000	19.990000
2158	-19.335396	2.269000	20.060000
2159	-19.295396	2.269000	20.100000
2160	-19.195396	2.269000	20.280000
2161	-19.125396	2.271000	20.110000
2162	-19.075396	2.271000	20.080000
2163	-19.005396	2.273000	20.040000
2164	-18.915396	2.273000	19.960000
2165	-18.905396	2.275000	20.030000
2166	-18.875396	2.277000	19.970000
2167	-18.845396	2.277000	20.300000
2168	-18.825396	2.277000	20.040000
2169	-18.775396	2.279000	20.180000
2170	-18.655396	2.279000	19.930000
2171	-18.545396	2.281000	20.060000
2172	-18.495396	2.283000	19.990000
2173	-18.315396	2.283000	20.060000
2174	-18.265396	2.285000	20.130000
2175	-18.215396	2.285000	20.060000
2176	-18.105396	2.285000	20.100000
2177	-17.985396	2.291000	19.950000
2178	-17.875396	2.291000	20.140000
2179	-17.845396	2.291000	20.130000
2180	-17.835396	2.293000	20.240000
2181	-17.755396	2.295000	20.250000
2182	-17.625396	2.295000	20.150000
2183	-17.605396	2.297000	20.220000
2184	-17.585396	2.297000	20.170000
2185	-17.565396	2.299000	20.120000
2186	-17.545396	2.299000	20.030000
2187	-17.515396	2.301000	20.220000
2188	-17.485396	2.301000	20.160000
2189	-17.475396	2.301000	20.240000
2190	-17.325396	2.303000	20.110000
2191	-17.235396	2.303000	20.200000
2192	-16.785396	2.305000	20.280000
2193	-16.755396	2.307000	20.090000
2194	-16.675396	2.305000	20.370000
2195	-16.505396	2.307000	20.240000
2196	-16.385396	2.309000	20.460000
2197	-16.285396	2.310000	20.340000
2198	-16.275396	2.310000	20.260000
2199	-16.175396	2.312000	20.330000
2200	-16.165396	2.314000	20.260000
2201	-15.975396	2.314000	20.290000
2202	-15.905396	2.316000	20.280000
2203	-15.895396	2.316000	20.170000
2204	-15.495396	2.316000	20.490000
2205	-15.485396	2.318000	20.290000
2206	-15.425396	2.318000	20.350000
2207	-15.385396	2.320000	20.270000
2208	-15.375396	2.322000	20.370000
2209	-15.375396	2.322000	20.290000
2210	-15.365396	2.322000	20.250000
2211	-15.365396	2.324000	20.330000
2212	-15.305396	2.326000	20.340000
2213	-15.225396	2.326000	20.360000
2214	-15.085396	2.326000	20.360000
2215	-15.085396	2.330000	20.270000
2216	-15.015396	2.330000	20.360000
2217	-15.005396	2.332000	20.460000
2218	-14.995396	2.332000	20.350000
2219	-14.985396	2.332000	20.390000
2220	-14.855396	2.334000	20.330000
2221	-14.855396	2.334000	20.350000
2222	-14.795396	2.336000	20.450000
2223	-14.785396	2.338000	20.280000
2224	-14.735396	2.338000	20.430000
2225	-14.695396	2.338000	20.300000
2226	-14.665396	2.340000	20.330000
2227	-14.575396	2.342000	20.360000
2228	-14.565396	2.342000	20.400000
2229	-14.565396	2.342000	20.160000
2230	-14.435396	2.344000	20.410000
2231	-14.145396	2.346000	20.310000
2232	-14.125396	2.346000	20.490000
2233	-14.055396	2.348000	20.270000
2234	-13.875396	2.348000	20.290000
2235	-13.835396	2.350000	20.400000
2236	-13.815396	2.350000	20.220000
2237	-13.655396	2.352000	20.370000
2238	-13.515396	2.353000	20.360000
2239	-13.505396	2.353000	20.410000
2240	-13.375396	2.353000	20.530000
2241	-13.365396	2.355000	20.470000
2242	-13.325396	2.357000	20.460000
2243	-13.315396	2.357000	20.440000
2244	-13.185396	2.357000	20.440000
2245	-13.165396	2.359000	20.340000
2246	-13.115396	2.361000	20.520000
2247	-13.085396	2.361000	20.500000
2248	-12.815396	2.363000	20.310000
2249	-12.765396	2.363000	20.310000
2250	-12.715396	2.363000	20.520000
2251	-12.435396	2.365000	20.340000
2252	-12.395396	2.365000	20.360000
2253	-12.165396	2.367000	20.350000
2254	-12.095396	2.369000	20.400000
2255	-12.065396	2.369000	20.420000
2256	-11.865396	2.371000	20.330000
2257	-11.865396	2.373000	20.340000
2258	-11.755396	2.375000	20.300000
2259	-11.725396	2.377000	20.470000
2260	-11.675396	2.377000	20.320000
2261	-11.595396	2.379000	20.520000
2262	-11.495396	2.379000	20.600000
2263	-11.495396	2.379000	20.410000
2264	-11.355396	2.381000	20.590000
2265	-11.105396	2.383000	20.470000
2266	-11.075396	2.383000	20.660000
2267	-11.025396	2.385000	20.380000
2268	-11.005396	2.387000	20.450000
2269	-10.995396	2.387000	20.450000
2270	-10.925396	2.387000	20.530000
2271	-10.865396	2.389000	20.450000
2272	-10.815396	2.389000	20.410000
2273	-10.795396	2.391000	20.350000
2274	-10.705396	2.391000	20.570000
2275	-10.615396	2.393000	20.560000
2276	-10.435396	2.394000	20.520000
2277	-10.365396	2.394000	20.500000
2278	-10.265396	2.394000	20.530000
2279	-10.245396	2.396000	20.410000
2280	-10.115396	2.396000	20.540000
2281	-10.095396	2.398000	20.460000
2282	-10.075396	2.400000	20.800000
2283	-9.945396	2.400000	20.430000
2284	-9.795396	2.402000	20.580000
2285	-9.755396	2.402000	20.610000
2286	-9.715396	2.404000	20.750000
2287	-9.625396	2.404000	20.620000
2288	-9.565396	2.406000	20.590000
2289	-9.535396	2.408000	20.660000
2290	-9.535396	2.408000	20.690000
2291	-9.465396	2.410000	20.650000
2292	-9.465396	2.410000	20.820000
2293	-9.445396	2.410000	20.710000
2294	-9.335396	2.412000	20.610000
2295	-9.295396	2.412000	20.660000
2296	-8.975396	2.414000	20.670000
2297	-8.955396	2.416000	20.750000
2298	-8.885396	2.416000	20.600000
2299	-8.875396	2.418000	20.570000
2300	-8.865396	2.418000	20.530000
2301	-8.865396	2.418000	20.720000
2302	-8.865396	2.420000	20.630000
2303	-8.655396	2.420000	20.720000
2304	-8.615396	2.422000	20.700000
2305	-8.435396	2.424000	20.700000
2306	-8.415396	2.426000	20.680000
2307	-8.365396	2.426000	20.680000
2308	-8.065396	2.426000	20.660000
2309	-7.805396	2.428000	20.660000
2310	-7.705396	2.428000	20.780000
2311	-7.705396	2.430000	20.870000
2312	-7.685396	2.432000	20.700000
2313	-7.635396	2.432000	20.810000
2314	-7.605396	2.434000	20.800000
2315	-7.525396	2.434000	20.820000
2316	-7.495396	2.434000	20.800000
2317	-7.465396	2.436000	20.790000
2318	-7.415396	2.436000	20.810000
2319	-7.405396	2.437000	20.860000
2320	-7.345396	2.439000	20.820000
2321	-7.305396	2.439000	20.820000
2322	-7.275396	2.441000	20.920000
2323	-7.225396	2.441000	20.670000
2324	-7.015396	2.441000	20.730000
2325	-7.005396	2.443000	20.810000
2326	-7.005396	2.445000	20.670000
2327	-6.905396	2.447000	20.620000
2328	-6.865396	2.447000	20.750000
2329	-6.795396	2.449000	20.780000
2330	-6.715396	2.449000	20.660000
2331	-6.715396	2.449000	20.760000
2332	-6.655396	2.451000	20.880000
2333	-6.655396	2.451000	20.850000
2334	-6.645396	2.453000	20.810000
2335	-6.575396	2.455000	20.760000
2336	-6.505396	2.457000	20.750000
2337	-6.485396	2.459000	20.700000
2338	-6.365396	2.459000	20.780000
2339	-6.115396	2.461000	20.940000
2340	-5.945396	2.463000	20.890000
2341	-5.895396	2.463000	21.020000
2342	-5.665396	2.463000	20.780000
2343	-5.445396	2.465000	20.910000
2344	-5.415396	2.467000	20.890000
2345	-5.385396	2.467000	20.890000
2346	-5.295396	2.467000	20.920000
2347	-5.295396	2.469000	21.010000
2348	-5.095396	2.471000	20.970000
2349	-5.055396	2.471000	20.840000
2350	-4.895396	2.473000	20.990000
2351	-4.835396	2.473000	20.890000
2352	-4.785396	2.473000	20.830000
2353	-4.775396	2.475000	20.910000
2354	-4.735396	2.475000	20.890000
2355	-4.535396	2.477000	20.850000
2356	-4.375396	2.478000	20.890000
2357	-4.355396	2.478000	20.890000
2358	-4.285396	2.478000	20.830000
2359	-4.265396	2.480000	21.060000
2360	-4.255396	2.482000	20.920000
2361	-4.235396	2.482000	21.050000
2362	-4.185396	2.482000	21.120000
2363	-4.175396	2.484000	20.990000
2364	-4.145396	2.486000	21.070000
2365	-4.125396	2.488000	21.000000
2366	-4.095396	2.488000	21.140000
2367	-4.015396	2.488000	21.060000
2368	-3.895396	2.490000	20.980000
2369	-3.795396	2.490000	21.140000
2370	-3.575396	2.492000	21.120000
2371	-3.565396	2.494000	21.030000
2372	-3.545396	2.494000	21.020000
2373	-3.525396	2.494000	21.000000
2374	-3.425396	2.496000	20.980000
2375	-3.415396	2.498000	20.990000
2376	-3.335396	2.498000	21.150000
2377	-3.235396	2.498000	21.050000
2378	-3.105396	2.500000	21.130000
2379	-2.975396	2.502000	21.050000
2380	-2.975396	2.502000	21.000000
2381	-2.825396	2.504000	20.910000
2382	-2.805396	2.504000	21.010000
2383	-2.795396	2.504000	21.080000
2384	-2.775396	2.506000	21.070000
2385	-2.755396	2.508000	21.010000
2386	-2.745396	2.510000	20.980000
2387	-2.685396	2.510000	21.110000
2388	-2.665396	2.510000	21.000000
2389	-2.575396	2.512000	21.210000
2390	-2.405396	2.514000	21.020000
2391	-2.345396	2.514000	21.040000
2392	-2.325396	2.514000	21.150000
2393	-2.145396	2.516000	21.110000
2394	-2.135396	2.518000	21.100000
2395	-2.095396	2.518000	21.130000
2396	-2.025396	2.519000	21.140000
2397	-1.965396	2.519000	21.170000
2398	-1.695396	2.519000	21.230000
2399	-1.695396	2.521000	21.060000
2400	-1.685396	2.521000	21.110000
2401	-1.645396	2.523000	21.100000
2402	-1.585396	2.523000	21.190000
2403	-1.525396	2.523000	21.110000
2404	-1.515396	2.525000	21.150000
2405	-1.425396	2.527000	21.140000
2406	-1.385396	2.529000	21.080000
2407	-1.365396	2.529000	21.110000
2408	-1.295396	2.529000	21.160000
2409	-1.265396	2.531000	21.170000
2410	-1.255396	2.533000	21.110000
2411	-1.145396	2.533000	21.090000
2412	-1.105396	2.535000	21.100000
2413	-1.095396	2.535000	21.260000
2414	-1.095396	2.537000	20.980000
2415	-0.975396	2.537000	21.160000
2416	-0.895396	2.541000	21.220000
2417	-0.735396	2.543000	21.020000
2418	-0.685396	2.543000	21.120000
2419	-0.505396	2.543000	21.390000
2420	-0.425396	2.545000	21.100000
2421	-0.215396	2.545000	21.340000
2422	-0.185396	2.547000	21.260000
2423	-0.065396	2.547000	21.290000
2424	0.054604	2.549000	21.310000
2425	0.154604	2.551000	21.240000
2426	0.214604	2.551000	21.300000
2427	0.524604	2.553000	21.450000
2428	0.644604	2.553000	21.290000
2429	0.854604	2.555000	21.380000
2430	0.864604	2.557000	21.230000
2431	0.914604	2.557000	21.290000
2432	0.934604	2.559000	21.390000
2433	1.024604	2.559000	21.210000
2434	1.084604	2.559000	21.310000
2435	1.104604	2.560000	21.290000
2436	1.184604	2.560000	21.290000
2437	1.214604	2.562000	21.160000
2438	1.264604	2.564000	21.340000
2439	1.304604	2.564000	21.250000
2440	1.304604	2.566000	21.260000
2441	1.414604	2.566000	21.300000
2442	1.474604	2.566000	21.290000
2443	1.594604	2.568000	21.250000
2444	1.654604	2.570000	21.230000
2445	1.684604	2.570000	21.220000
2446	1.774604	2.572000	21.330000
2447	1.974604	2.572000	21.300000
2448	2.104604	2.574000	21.300000
2449	2.164604	2.574000	21.270000
2450	2.224604	2.574000	21.340000
2451	2.244604	2.576000	21.420000
2452	2.354604	2.576000	21.300000
2453	2.454604	2.578000	21.360000
2454	2.494604	2.578000	21.390000
2455	2.604604	2.580000	21.350000
2456	2.634604	2.582000	21.300000
2457	2.694604	2.582000	21.450000
2458	2.724604	2.582000	21.390000
2459	2.814604	2.584000	21.380000
2460	2.954604	2.584000	21.430000
2461	2.964604	2.586000	21.400000
2462	2.964604	2.588000	21.370000
2463	2.984604	2.586000	21.320000
2464	3.074604	2.590000	21.300000
2465	3.084604	2.590000	21.330000
2466	3.164604	2.590000	21.330000
2467	3.314604	2.592000	21.470000
2468	3.424604	2.592000	21.290000
2469	3.444604	2.594000	21.480000
2470	3.574604	2.596000	21.330000
2471	3.634604	2.596000	21.480000
2472	3.684604	2.598000	21.350000
2473	3.784604	2.598000	21.470000
2474	3.854604	2.598000	21.410000
2475	3.854604	2.600000	21.490000
2476	3.864604	2.602000	21.310000
2477	3.904604	2.603000	21.400000
2478	3.944604	2.603000	21.620000
2479	4.064604	2.605000	21.520000
2480	4.084604	2.605000	21.400000
2481	4.254604	2.605000	21.410000
2482	4.254604	2.607000	21.430000
2483	4.264604	2.607000	21.360000
