1	-192.064618	0.000000	9.510000
2	-191.894618	0.000000	9.600000
3	-191.804618	0.002000	9.430000
4	-191.714618	0.002000	9.600000
5	-191.384618	0.002000	9.500000
6	-191.244618	0.004000	9.540000
7	-191.164618	0.006000	9.910000
8	-191.124618	0.006000	9.740000
9	-191.114618	0.008000	9.630000
10	-191.084618	0.008000	9.580000
11	-190.894618	0.008000	9.350000
12	-190.864618	0.010000	9.410000
13	-190.854618	0.010000	9.430000
14	-190.834618	0.012000	9.880000
15	-190.774618	0.014000	10.180000
16	-190.764618	0.014000	9.560000
17	-190.744618	0.016000	9.720000
18	-190.524618	0.016000	9.420000
19	-190.524618	0.018000	9.670000
20	-190.424618	0.018000	9.390000
21	-190.404618	0.020000	9.520000
22	-190.334618	0.020000	9.560000
23	-190.284618	0.020000	9.360000
24	-190.214618	0.022000	9.320000
25	-190.154618	0.022000	9.610000
26	-190.124618	0.024000	9.540000
27	-189.994618	0.024000	9.530000
28	-189.934618	0.026000	10.080000
29	-189.904618	0.026000	9.710000
30	-189.844618	0.028000	9.640000
31	-189.724618	0.030000	9.570000
32	-189.714618	0.030000	9.680000
33	-189.664618	0.032000	9.800000
34	-189.654618	0.032000	9.420000
35	-189.614618	0.034000	9.330000
36	-189.604618	0.034000	9.630000
37	-189.524618	0.034000	9.400000
38	-189.524618	0.036000	9.720000
39	-189.494618	0.038000	9.390000
40	-189.384618	0.038000	9.630000
41	-189.214618	0.039000	9.420000
42	-189.204618	0.039000	9.550000
43	-189.204618	0.039000	9.520000
44	-189.204618	0.041000	9.510000
45	-189.054618	0.043000	9.490000
46	-188.954618	0.043000	9.620000
47	-188.934618	0.045000	9.780000
48	-188.914618	0.045000	9.600000
49	-188.874618	0.047000	9.770000
50	-188.824618	0.047000	9.410000
51	-188.684618	0.047000	9.600000
52	-188.684618	0.049000	9.520000
53	-188.444618	0.051000	10.080000
54	-188.444618	0.051000	9.620000
55	-188.424618	0.051000	9.370000
56	-188.264618	0.055000	9.800000
57	-188.244618	0.055000	9.820000
58	-188.224618	0.055000	10.310000
59	-188.194618	0.057000	9.500000
60	-188.144618	0.061000	9.680000
61	-187.964618	0.061000	9.830000
62	-187.964618	0.061000	9.890000
63	-187.834618	0.063000	10.070000
64	-187.664618	0.065000	9.910000
65	-187.604618	0.065000	9.680000
66	-187.594618	0.065000	9.870000
67	-187.544618	0.067000	9.930000
68	-187.504618	0.069000	9.620000
69	-187.464618	0.069000	9.710000
70	-187.444618	0.071000	10.060000
71	-187.394618	0.071000	9.890000
72	-187.244618	0.071000	9.790000
73	-187.154618	0.073000	9.810000
74	-187.094618	0.073000	9.410000
75	-187.054618	0.075000	9.680000
76	-187.034618	0.077000	9.820000
77	-186.894618	0.077000	9.490000
78	-186.874618	0.077000	9.740000
79	-186.814618	0.079000	9.780000
80	-186.804618	0.080000	9.760000
81	-186.754618	0.080000	9.760000
82	-186.724618	0.080000	9.610000
83	-186.624618	0.082000	9.490000
84	-186.604618	0.084000	9.670000
85	-186.604618	0.086000	9.610000
86	-186.464618	0.084000	9.760000
87	-186.314618	0.086000	9.690000
88	-186.284618	0.086000	9.680000
89	-186.184618	0.088000	9.670000
90	-185.944618	0.088000	9.850000
91	-185.794618	0.090000	9.690000
92	-185.764618	0.092000	9.730000
93	-185.474618	0.092000	9.930000
94	-185.404618	0.092000	9.430000
95	-185.404618	0.094000	9.770000
96	-185.394618	0.094000	9.870000
97	-185.374618	0.096000	9.770000
98	-185.334618	0.096000	9.820000
99	-185.334618	0.098000	9.670000
100	-185.284618	0.100000	9.620000
101	-185.234618	0.100000	9.930000
102	-185.064618	0.102000	10.380000
103	-185.034618	0.102000	10.210000
104	-185.014618	0.102000	10.190000
105	-185.004618	0.104000	9.670000
106	-184.934618	0.104000	9.870000
107	-184.894618	0.106000	9.690000
108	-184.834618	0.108000	9.910000
109	-184.774618	0.108000	10.010000
110	-184.614618	0.108000	9.600000
111	-184.594618	0.110000	9.680000
112	-184.594618	0.112000	10.400000
113	-184.504618	0.112000	9.710000
114	-184.504618	0.112000	9.680000
115	-184.454618	0.114000	9.820000
116	-184.424618	0.116000	9.740000
117	-184.224618	0.116000	9.800000
118	-184.134618	0.116000	9.910000
119	-184.114618	0.118000	9.830000
120	-183.984618	0.120000	10.010000
121	-183.944618	0.120000	10.590000
122	-183.914618	0.120000	9.950000
123	-183.814618	0.122000	9.840000
124	-183.694618	0.122000	10.270000
125	-183.484618	0.123000	9.880000
126	-183.444618	0.125000	10.020000
127	-183.424618	0.125000	9.980000
128	-183.334618	0.127000	10.240000
129	-183.244618	0.127000	10.560000
130	-183.234618	0.127000	10.100000
131	-183.214618	0.129000	10.350000
132	-183.204618	0.131000	9.970000
133	-183.204618	0.131000	9.970000
134	-183.124618	0.133000	9.870000
135	-183.124618	0.133000	10.070000
136	-183.064618	0.135000	10.240000
137	-183.034618	0.135000	10.060000
138	-182.964618	0.135000	9.930000
139	-182.954618	0.137000	10.050000
140	-182.784618	0.139000	10.010000
141	-182.654618	0.139000	10.230000
142	-182.644618	0.139000	9.760000
143	-182.544618	0.141000	10.110000
144	-182.514618	0.143000	10.380000
145	-182.384618	0.145000	10.240000
146	-182.354618	0.147000	10.010000
147	-182.224618	0.149000	9.970000
148	-182.104618	0.147000	10.190000
149	-182.094618	0.149000	9.960000
150	-182.064618	0.149000	10.100000
151	-181.984618	0.151000	10.110000
152	-181.944618	0.151000	10.050000
153	-181.644618	0.153000	10.060000
154	-181.554618	0.155000	10.180000
155	-181.534618	0.155000	9.970000
156	-181.454618	0.157000	10.100000
157	-181.424618	0.157000	10.140000
158	-181.214618	0.157000	9.790000
159	-181.214618	0.159000	10.140000
160	-181.194618	0.161000	10.160000
161	-181.174618	0.161000	10.010000
162	-181.134618	0.161000	10.110000
163	-181.124618	0.164000	10.020000
164	-181.104618	0.164000	10.120000
165	-181.054618	0.164000	10.020000
166	-180.994618	0.164000	10.170000
167	-180.934618	0.166000	10.210000
168	-180.784618	0.166000	10.100000
169	-180.484618	0.168000	10.030000
170	-180.394618	0.170000	10.310000
171	-180.254618	0.170000	10.170000
172	-180.234618	0.172000	10.180000
173	-180.184618	0.172000	9.960000
174	-180.114618	0.172000	10.090000
175	-180.074618	0.174000	10.130000
176	-180.054618	0.174000	10.090000
177	-179.834618	0.176000	10.150000
178	-179.784618	0.178000	10.210000
179	-179.784618	0.178000	9.960000
180	-179.744618	0.178000	10.210000
181	-179.734618	0.180000	10.200000
182	-179.544618	0.180000	10.520000
183	-179.444618	0.182000	10.070000
184	-179.284618	0.182000	9.940000
185	-179.234618	0.184000	9.990000
186	-179.234618	0.186000	10.180000
187	-179.134618	0.186000	9.960000
188	-178.984618	0.188000	10.460000
189	-178.964618	0.188000	10.120000
190	-178.954618	0.188000	10.290000
191	-178.714618	0.190000	10.240000
192	-178.624618	0.192000	10.140000
193	-178.624618	0.194000	10.180000
194	-178.534618	0.194000	10.110000
195	-178.364618	0.196000	10.330000
196	-178.324618	0.196000	10.140000
197	-178.244618	0.196000	10.490000
198	-177.904618	0.198000	10.100000
199	-177.854618	0.198000	10.090000
200	-177.794618	0.200000	10.200000
201	-177.754618	0.202000	10.220000
202	-177.704618	0.202000	10.430000
203	-177.684618	0.204000	10.000000
204	-177.644618	0.204000	10.300000
205	-177.614618	0.204000	10.310000
206	-177.584618	0.206000	10.010000
207	-177.584618	0.206000	10.540000
208	-177.584618	0.207000	10.210000
209	-177.484618	0.209000	10.350000
210	-177.454618	0.211000	10.080000
211	-177.414618	0.211000	10.370000
212	-177.404618	0.211000	10.510000
213	-177.344618	0.213000	10.350000
214	-177.254618	0.213000	10.590000
215	-177.174618	0.215000	10.440000
216	-177.164618	0.217000	10.370000
217	-176.894618	0.217000	10.290000
218	-176.764618	0.219000	10.580000
219	-176.754618	0.219000	10.140000
220	-176.734618	0.219000	10.230000
221	-176.584618	0.221000	10.180000
222	-176.534618	0.221000	10.120000
223	-176.434618	0.223000	10.180000
224	-176.294618	0.223000	10.340000
225	-176.234618	0.225000	10.450000
226	-176.094618	0.227000	10.250000
227	-176.094618	0.229000	10.350000
228	-176.054618	0.229000	10.460000
229	-176.014618	0.231000	10.400000
230	-175.994618	0.233000	10.600000
231	-175.924618	0.233000	10.320000
232	-175.824618	0.235000	10.240000
233	-175.814618	0.237000	10.130000
234	-175.744618	0.237000	10.550000
235	-175.704618	0.237000	10.320000
236	-175.644618	0.239000	10.360000
237	-175.624618	0.241000	10.250000
238	-175.544618	0.241000	10.220000
239	-175.544618	0.243000	10.530000
240	-175.464618	0.243000	10.350000
241	-175.424618	0.245000	10.370000
242	-175.374618	0.245000	10.390000
243	-175.094618	0.245000	10.340000
244	-175.074618	0.247000	10.490000
245	-175.014618	0.248000	10.420000
246	-175.004618	0.248000	10.340000
247	-174.964618	0.248000	10.300000
248	-174.944618	0.250000	10.440000
249	-174.894618	0.252000	10.190000
250	-174.874618	0.252000	10.280000
251	-174.804618	0.252000	10.400000
252	-174.734618	0.254000	10.390000
253	-174.334618	0.256000	10.390000
254	-174.184618	0.256000	10.460000
255	-174.024618	0.258000	10.360000
256	-173.834618	0.258000	10.550000
257	-173.824618	0.258000	10.510000
258	-173.814618	0.260000	10.450000
259	-173.714618	0.260000	10.420000
260	-173.634618	0.262000	10.340000
261	-173.624618	0.264000	10.470000
262	-173.574618	0.264000	10.420000
263	-173.574618	0.266000	10.840000
264	-173.514618	0.268000	10.480000
265	-173.494618	0.268000	10.600000
266	-173.194618	0.268000	10.780000
267	-173.004618	0.270000	10.520000
268	-172.974618	0.272000	10.460000
269	-172.804618	0.274000	10.610000
270	-172.784618	0.274000	10.580000
271	-172.774618	0.276000	10.570000
272	-172.774618	0.276000	10.560000
273	-172.684618	0.276000	10.790000
274	-172.494618	0.278000	10.400000
275	-172.474618	0.280000	10.400000
276	-172.414618	0.280000	10.440000
277	-172.354618	0.280000	10.630000
278	-172.324618	0.282000	10.670000
279	-172.204618	0.284000	10.360000
280	-172.194618	0.284000	10.610000
281	-172.024618	0.284000	10.680000
282	-172.014618	0.286000	10.630000
283	-171.974618	0.288000	10.490000
284	-171.724618	0.288000	10.430000
285	-171.714618	0.289000	10.510000
286	-171.554618	0.289000	10.830000
287	-171.544618	0.289000	10.440000
288	-171.534618	0.291000	10.500000
289	-171.514618	0.291000	10.570000
290	-171.314618	0.293000	10.840000
291	-171.294618	0.295000	10.620000
292	-171.284618	0.295000	10.740000
293	-171.194618	0.295000	10.510000
294	-171.194618	0.297000	11.180000
295	-171.144618	0.299000	10.640000
296	-171.114618	0.299000	10.670000
297	-171.104618	0.299000	10.530000
298	-171.004618	0.301000	10.500000
299	-170.924618	0.303000	10.570000
300	-170.914618	0.305000	10.580000
301	-170.904618	0.305000	10.550000
302	-170.854618	0.305000	11.200000
303	-170.784618	0.307000	10.590000
304	-170.774618	0.307000	10.400000
305	-170.744618	0.311000	10.540000
306	-170.704618	0.313000	10.770000
307	-170.644618	0.313000	10.610000
308	-170.644618	0.315000	10.520000
309	-170.534618	0.315000	10.730000
310	-170.444618	0.315000	10.670000
311	-170.434618	0.317000	10.450000
312	-170.404618	0.319000	10.480000
313	-170.304618	0.319000	10.870000
314	-170.264618	0.321000	10.830000
315	-170.214618	0.321000	11.070000
316	-170.164618	0.321000	10.860000
317	-170.154618	0.323000	10.820000
318	-170.154618	0.325000	10.790000
319	-170.134618	0.325000	10.660000
320	-169.794618	0.327000	10.810000
321	-169.694618	0.329000	11.180000
322	-168.844618	0.329000	10.740000
323	-168.824618	0.329000	10.710000
324	-168.694618	0.330000	10.670000
325	-168.424618	0.330000	10.700000
326	-168.374618	0.332000	10.940000
327	-168.364618	0.334000	10.880000
328	-168.294618	0.336000	10.750000
329	-168.234618	0.336000	10.840000
330	-168.204618	0.338000	10.710000
331	-168.164618	0.338000	10.850000
332	-168.154618	0.338000	10.940000
333	-168.094618	0.340000	10.760000
334	-168.074618	0.342000	10.720000
335	-167.964618	0.342000	10.860000
336	-167.894618	0.344000	10.950000
337	-167.764618	0.344000	10.900000
338	-167.694618	0.344000	10.860000
339	-167.644618	0.346000	10.710000
340	-167.564618	0.346000	11.020000
341	-167.554618	0.348000	10.540000
342	-167.494618	0.350000	10.770000
343	-167.424618	0.350000	11.040000
344	-167.354618	0.352000	10.920000
345	-167.344618	0.352000	10.690000
346	-167.314618	0.352000	10.840000
347	-167.264618	0.354000	10.770000
348	-167.134618	0.354000	10.920000
349	-167.114618	0.356000	10.950000
350	-167.034618	0.356000	10.820000
351	-166.984618	0.358000	10.910000
352	-166.924618	0.360000	11.130000
353	-166.884618	0.360000	11.070000
354	-166.824618	0.360000	11.030000
355	-166.824618	0.362000	10.720000
356	-166.744618	0.362000	10.820000
357	-166.494618	0.364000	11.090000
358	-166.464618	0.366000	10.730000
359	-166.444618	0.366000	10.800000
360	-166.444618	0.368000	11.050000
361	-166.334618	0.368000	11.030000
362	-166.194618	0.370000	11.050000
363	-165.994618	0.370000	10.970000
364	-165.904618	0.372000	11.220000
365	-165.784618	0.373000	11.130000
366	-165.694618	0.373000	10.960000
367	-165.674618	0.375000	11.100000
368	-165.644618	0.375000	10.990000
369	-165.614618	0.375000	11.090000
370	-165.514618	0.377000	11.020000
371	-165.464618	0.377000	10.980000
372	-165.394618	0.379000	11.030000
373	-165.314618	0.381000	10.920000
374	-165.304618	0.381000	11.170000
375	-165.254618	0.383000	11.090000
376	-165.014618	0.383000	10.900000
377	-164.964618	0.383000	10.870000
378	-164.874618	0.385000	10.950000
379	-164.874618	0.385000	11.110000
380	-164.844618	0.389000	10.860000
381	-164.824618	0.389000	11.030000
382	-164.814618	0.391000	11.270000
383	-164.744618	0.391000	11.060000
384	-164.734618	0.391000	10.880000
385	-164.694618	0.395000	11.210000
386	-164.654618	0.397000	10.960000
387	-164.654618	0.397000	11.020000
388	-164.634618	0.399000	11.050000
389	-164.604618	0.399000	11.180000
390	-164.514618	0.401000	11.180000
391	-164.384618	0.401000	10.820000
392	-163.994618	0.403000	11.120000
393	-163.934618	0.405000	11.110000
394	-163.894618	0.405000	11.140000
395	-163.744618	0.405000	10.960000
396	-163.664618	0.407000	11.150000
397	-163.634618	0.409000	11.120000
398	-163.574618	0.409000	11.220000
399	-163.534618	0.409000	10.960000
400	-163.524618	0.411000	10.960000
401	-163.514618	0.413000	11.200000
402	-163.464618	0.413000	11.200000
403	-163.414618	0.414000	11.050000
404	-163.364618	0.414000	11.130000
405	-163.354618	0.414000	10.940000
406	-163.344618	0.416000	11.180000
407	-163.244618	0.416000	11.250000
408	-163.014618	0.418000	11.020000
409	-162.944618	0.418000	11.000000
410	-162.764618	0.420000	11.020000
411	-162.654618	0.422000	11.120000
412	-162.654618	0.424000	11.220000
413	-162.634618	0.424000	11.050000
414	-162.514618	0.424000	11.090000
415	-162.474618	0.426000	11.140000
416	-162.444618	0.428000	11.220000
417	-162.434618	0.428000	11.200000
418	-162.404618	0.430000	11.340000
419	-162.214618	0.430000	11.350000
420	-162.034618	0.432000	11.120000
421	-161.994618	0.432000	11.260000
422	-161.984618	0.432000	11.160000
423	-161.774618	0.434000	11.620000
424	-161.774618	0.436000	11.240000
425	-161.474618	0.436000	11.240000
426	-161.404618	0.436000	11.240000
427	-161.284618	0.438000	11.170000
428	-161.224618	0.440000	11.190000
429	-161.224618	0.440000	11.160000
430	-161.114618	0.442000	11.140000
431	-161.074618	0.444000	11.200000
432	-161.044618	0.444000	11.180000
433	-160.844618	0.446000	11.300000
434	-160.694618	0.446000	11.090000
435	-160.664618	0.446000	11.200000
436	-160.614618	0.448000	11.220000
437	-160.584618	0.448000	11.230000
438	-160.374618	0.450000	11.220000
439	-160.284618	0.450000	11.080000
440	-160.124618	0.452000	11.370000
441	-160.114618	0.452000	11.130000
442	-160.064618	0.454000	11.450000
443	-159.994618	0.456000	11.200000
444	-159.924618	0.456000	11.230000
445	-159.724618	0.456000	11.250000
446	-159.704618	0.457000	11.650000
447	-159.594618	0.459000	11.200000
448	-159.574618	0.459000	11.150000
449	-159.464618	0.461000	11.580000
450	-159.454618	0.463000	11.340000
451	-159.374618	0.463000	11.260000
452	-159.334618	0.463000	11.330000
453	-159.324618	0.465000	11.280000
454	-159.244618	0.467000	11.380000
455	-159.064618	0.467000	11.180000
456	-159.064618	0.467000	11.360000
457	-158.994618	0.469000	11.440000
458	-158.914618	0.471000	11.370000
459	-158.844618	0.471000	11.400000
460	-158.734618	0.473000	11.450000
461	-158.704618	0.475000	11.510000
462	-158.584618	0.475000	11.360000
463	-158.574618	0.477000	11.720000
464	-158.414618	0.479000	11.470000
465	-158.334618	0.479000	11.460000
466	-158.214618	0.481000	11.220000
467	-158.034618	0.483000	11.480000
468	-157.894618	0.483000	11.490000
469	-157.854618	0.485000	11.580000
470	-157.824618	0.485000	11.540000
471	-157.764618	0.487000	11.820000
472	-157.624618	0.487000	11.510000
473	-157.594618	0.489000	11.500000
474	-157.514618	0.491000	11.480000
475	-157.394618	0.491000	11.530000
476	-157.324618	0.493000	11.330000
477	-157.294618	0.493000	11.550000
478	-157.274618	0.493000	11.550000
479	-157.224618	0.495000	11.570000
480	-157.194618	0.497000	11.470000
481	-157.084618	0.498000	11.640000
482	-157.054618	0.498000	11.610000
483	-157.024618	0.500000	11.440000
484	-156.884618	0.500000	11.480000
485	-156.754618	0.500000	11.620000
486	-156.734618	0.502000	11.530000
487	-156.714618	0.502000	11.440000
488	-156.704618	0.504000	11.410000
489	-156.644618	0.506000	11.580000
490	-156.624618	0.506000	11.520000
491	-156.584618	0.508000	11.490000
492	-156.494618	0.508000	11.630000
493	-156.394618	0.508000	11.510000
494	-156.254618	0.510000	11.550000
495	-156.084618	0.510000	11.710000
496	-156.014618	0.512000	11.480000
497	-155.984618	0.512000	11.510000
498	-155.834618	0.514000	11.650000
499	-155.714618	0.514000	11.500000
500	-155.614618	0.516000	11.490000
501	-155.614618	0.516000	11.500000
502	-155.604618	0.518000	11.650000
503	-155.534618	0.518000	11.710000
504	-155.484618	0.520000	11.610000
505	-155.384618	0.522000	11.640000
506	-155.384618	0.522000	11.650000
507	-155.264618	0.524000	11.550000
508	-155.224618	0.526000	11.580000
509	-155.174618	0.526000	11.790000
510	-155.154618	0.526000	11.680000
511	-155.064618	0.528000	11.590000
512	-155.014618	0.530000	11.670000
513	-154.984618	0.530000	11.870000
514	-154.944618	0.532000	11.530000
515	-154.924618	0.532000	11.660000
516	-154.664618	0.532000	11.700000
517	-154.614618	0.534000	11.690000
518	-154.604618	0.536000	12.000000
519	-154.604618	0.536000	11.460000
520	-154.594618	0.538000	11.580000
521	-154.564618	0.538000	11.640000
522	-154.524618	0.539000	11.680000
523	-154.354618	0.539000	11.580000
524	-154.294618	0.539000	11.750000
525	-154.264618	0.541000	11.650000
526	-154.214618	0.541000	11.800000
527	-154.204618	0.543000	11.830000
528	-153.964618	0.543000	11.790000
529	-153.924618	0.547000	11.600000
530	-153.844618	0.547000	11.950000
531	-153.804618	0.547000	11.830000
532	-153.714618	0.549000	11.900000
533	-153.674618	0.549000	11.720000
534	-153.624618	0.551000	11.680000
535	-153.564618	0.553000	12.030000
536	-153.404618	0.555000	11.950000
537	-153.394618	0.555000	11.790000
538	-153.344618	0.557000	12.070000
539	-153.304618	0.557000	11.880000
540	-153.294618	0.561000	11.800000
541	-153.244618	0.561000	11.700000
542	-153.124618	0.561000	11.570000
543	-153.124618	0.563000	11.620000
544	-152.904618	0.565000	11.730000
545	-152.824618	0.565000	11.850000
546	-152.714618	0.565000	11.810000
547	-152.674618	0.567000	11.770000
548	-152.634618	0.569000	11.780000
549	-152.394618	0.569000	11.800000
550	-152.224618	0.571000	11.740000
551	-152.134618	0.571000	11.700000
552	-152.004618	0.571000	11.960000
553	-151.864618	0.573000	11.810000
554	-151.814618	0.573000	11.800000
555	-151.764618	0.575000	11.950000
556	-151.754618	0.577000	11.960000
557	-151.734618	0.575000	12.000000
558	-151.714618	0.579000	12.030000
559	-151.664618	0.579000	11.860000
560	-151.614618	0.580000	11.780000
561	-151.504618	0.580000	11.960000
562	-151.474618	0.580000	11.920000
563	-151.444618	0.582000	11.960000
564	-151.224618	0.586000	11.880000
565	-151.194618	0.586000	11.900000
566	-151.094618	0.584000	11.950000
567	-151.094618	0.586000	12.270000
568	-150.754618	0.588000	11.910000
569	-150.464618	0.588000	12.030000
570	-150.444618	0.590000	11.980000
571	-150.324618	0.592000	11.790000
572	-150.104618	0.592000	11.950000
573	-150.014618	0.592000	11.950000
574	-149.994618	0.594000	12.090000
575	-149.804618	0.596000	12.130000
576	-149.714618	0.596000	11.930000
577	-149.664618	0.596000	12.140000
578	-149.614618	0.598000	12.040000
579	-149.584618	0.600000	12.080000
580	-149.534618	0.600000	11.870000
581	-149.414618	0.602000	12.100000
582	-149.404618	0.602000	11.840000
583	-149.304618	0.602000	12.060000
584	-149.244618	0.604000	12.090000
585	-149.164618	0.604000	11.990000
586	-149.084618	0.606000	11.950000
587	-149.064618	0.608000	12.010000
588	-148.824618	0.608000	12.040000
589	-148.804618	0.610000	12.040000
590	-148.684618	0.612000	12.420000
591	-148.674618	0.612000	11.950000
592	-148.674618	0.612000	11.840000
593	-148.564618	0.614000	12.110000
594	-148.454618	0.616000	12.270000
595	-148.424618	0.616000	12.030000
596	-148.404618	0.618000	12.020000
597	-148.354618	0.618000	12.110000
598	-148.324618	0.620000	12.060000
599	-148.304618	0.620000	12.050000
600	-148.244618	0.620000	12.130000
601	-148.184618	0.622000	11.940000
602	-148.164618	0.623000	12.040000
603	-148.084618	0.623000	12.010000
604	-147.794618	0.623000	12.170000
605	-147.754618	0.625000	12.290000
606	-147.724618	0.627000	12.250000
607	-147.644618	0.627000	12.220000
608	-147.324618	0.627000	12.210000
609	-147.324618	0.631000	12.240000
610	-147.284618	0.631000	12.260000
611	-147.264618	0.633000	12.230000
612	-147.264618	0.633000	12.190000
613	-147.254618	0.633000	12.260000
614	-147.224618	0.635000	12.440000
615	-147.124618	0.635000	12.370000
616	-147.114618	0.637000	12.330000
617	-147.014618	0.637000	12.340000
618	-146.954618	0.639000	12.370000
619	-146.874618	0.639000	12.100000
620	-146.864618	0.641000	12.210000
621	-146.864618	0.643000	12.150000
622	-146.794618	0.645000	12.210000
623	-146.704618	0.647000	12.200000
624	-146.594618	0.647000	12.240000
625	-146.574618	0.649000	12.240000
626	-146.554618	0.649000	12.250000
627	-146.414618	0.649000	12.370000
628	-146.234618	0.651000	12.210000
629	-146.114618	0.653000	12.260000
630	-146.044618	0.655000	12.380000
631	-146.014618	0.655000	12.370000
632	-145.994618	0.657000	12.590000
633	-145.874618	0.657000	12.210000
634	-145.874618	0.657000	12.580000
635	-145.644618	0.659000	12.330000
636	-145.634618	0.659000	12.190000
637	-145.564618	0.661000	12.480000
638	-145.534618	0.661000	12.180000
639	-145.524618	0.664000	12.450000
640	-145.454618	0.664000	12.390000
641	-145.234618	0.664000	12.540000
642	-145.224618	0.666000	12.370000
643	-145.134618	0.666000	12.430000
644	-145.104618	0.668000	12.400000
645	-145.054618	0.670000	12.420000
646	-145.024618	0.670000	12.610000
647	-145.024618	0.670000	12.490000
648	-144.994618	0.672000	12.360000
649	-144.944618	0.672000	12.310000
650	-144.944618	0.674000	12.340000
651	-144.914618	0.674000	12.370000
652	-144.844618	0.676000	12.400000
653	-144.784618	0.678000	12.740000
654	-144.584618	0.678000	12.520000
655	-144.534618	0.680000	12.840000
656	-144.454618	0.680000	12.350000
657	-144.274618	0.680000	12.390000
658	-144.164618	0.682000	12.520000
659	-143.884618	0.684000	12.430000
660	-143.874618	0.686000	12.510000
661	-143.874618	0.686000	12.510000
662	-143.824618	0.688000	12.510000
663	-143.534618	0.688000	12.560000
664	-143.504618	0.688000	12.560000
665	-143.224618	0.690000	12.410000
666	-143.224618	0.690000	12.640000
667	-143.134618	0.692000	12.720000
668	-143.084618	0.694000	12.650000
669	-142.954618	0.696000	12.530000
670	-142.764618	0.696000	12.650000
671	-142.734618	0.696000	12.660000
672	-142.714618	0.698000	12.550000
673	-142.684618	0.698000	12.740000
674	-142.584618	0.700000	12.530000
675	-142.564618	0.702000	12.690000
676	-142.534618	0.702000	12.590000
677	-142.514618	0.702000	12.320000
678	-142.424618	0.704000	12.610000
679	-142.284618	0.704000	12.610000
680	-142.264618	0.706000	12.490000
681	-142.254618	0.706000	12.550000
682	-142.204618	0.707000	12.570000
683	-142.034618	0.709000	12.520000
684	-142.014618	0.709000	12.520000
685	-141.924618	0.711000	12.580000
686	-141.924618	0.711000	13.130000
687	-141.694618	0.711000	12.600000
688	-141.674618	0.713000	12.510000
689	-141.674618	0.715000	12.700000
690	-141.654618	0.717000	12.540000
691	-141.624618	0.717000	12.710000
692	-141.614618	0.719000	12.760000
693	-141.594618	0.719000	12.690000
694	-141.544618	0.721000	12.760000
695	-141.434618	0.721000	12.770000
696	-141.424618	0.721000	12.650000
697	-141.304618	0.723000	12.630000
698	-141.274618	0.725000	12.690000
699	-141.194618	0.725000	12.660000
700	-141.154618	0.727000	12.810000
701	-141.064618	0.729000	12.710000
702	-140.924618	0.729000	12.810000
703	-140.924618	0.731000	12.640000
704	-140.844618	0.733000	12.770000
705	-140.844618	0.731000	12.630000
706	-140.654618	0.733000	12.740000
707	-140.464618	0.737000	12.820000
708	-140.394618	0.737000	12.740000
709	-140.264618	0.737000	12.810000
710	-140.214618	0.739000	12.610000
711	-140.184618	0.741000	12.730000
712	-140.174618	0.741000	12.730000
713	-140.134618	0.743000	12.680000
714	-139.994618	0.743000	12.680000
715	-139.834618	0.743000	12.610000
716	-139.684618	0.745000	12.770000
717	-139.634618	0.747000	12.700000
718	-139.504618	0.747000	12.840000
719	-139.504618	0.748000	12.600000
720	-139.484618	0.748000	12.750000
721	-139.474618	0.748000	12.750000
722	-139.454618	0.750000	12.760000
723	-139.434618	0.752000	12.700000
724	-139.434618	0.752000	12.710000
725	-139.394618	0.752000	12.680000
726	-139.014618	0.754000	12.930000
727	-138.954618	0.756000	12.900000
728	-138.944618	0.758000	12.640000
729	-138.914618	0.758000	12.850000
730	-138.874618	0.758000	12.670000
731	-138.714618	0.760000	12.810000
732	-138.654618	0.760000	12.770000
733	-138.594618	0.762000	12.870000
734	-138.564618	0.764000	12.950000
735	-138.384618	0.764000	12.790000
736	-138.374618	0.764000	12.720000
737	-138.374618	0.766000	12.730000
738	-138.214618	0.768000	12.760000
739	-138.194618	0.768000	12.750000
740	-138.074618	0.768000	12.910000
741	-137.854618	0.770000	13.030000
742	-137.814618	0.772000	13.060000
743	-137.784618	0.772000	13.120000
744	-137.724618	0.774000	13.060000
745	-137.604618	0.774000	12.960000
746	-137.584618	0.774000	12.990000
747	-137.554618	0.776000	13.100000
748	-137.284618	0.776000	13.000000
749	-137.244618	0.778000	12.870000
750	-137.204618	0.780000	12.880000
751	-137.184618	0.780000	12.870000
752	-137.144618	0.780000	12.960000
753	-137.034618	0.782000	12.810000
754	-136.854618	0.784000	12.960000
755	-136.784618	0.784000	13.030000
756	-136.784618	0.784000	13.150000
757	-136.654618	0.786000	12.800000
758	-136.644618	0.788000	13.110000
759	-136.584618	0.788000	13.020000
760	-136.554618	0.789000	13.090000
761	-136.554618	0.789000	12.790000
762	-136.534618	0.789000	13.090000
763	-136.454618	0.791000	12.780000
764	-136.444618	0.791000	12.960000
765	-136.414618	0.793000	13.030000
766	-136.384618	0.795000	12.800000
767	-136.324618	0.793000	13.130000
768	-136.284618	0.797000	13.030000
769	-136.204618	0.799000	13.150000
770	-136.174618	0.799000	12.890000
771	-136.174618	0.799000	13.190000
772	-136.174618	0.801000	13.010000
773	-136.034618	0.803000	13.080000
774	-135.944618	0.803000	13.030000
775	-135.944618	0.805000	13.000000
776	-135.874618	0.805000	12.970000
777	-135.854618	0.805000	12.970000
778	-135.824618	0.807000	13.030000
779	-135.784618	0.807000	13.000000
780	-135.534618	0.811000	13.040000
781	-135.524618	0.813000	12.830000
782	-135.444618	0.813000	12.870000
783	-135.354618	0.813000	13.010000
784	-135.194618	0.815000	12.820000
785	-134.984618	0.817000	12.920000
786	-134.944618	0.817000	13.010000
787	-134.934618	0.817000	13.330000
788	-134.834618	0.819000	13.050000
789	-134.334618	0.821000	13.160000
790	-134.284618	0.821000	13.180000
791	-134.224618	0.823000	12.930000
792	-133.774618	0.823000	13.110000
793	-133.704618	0.825000	13.490000
794	-133.594618	0.827000	13.220000
795	-133.484618	0.827000	13.140000
796	-133.254618	0.829000	13.270000
797	-133.164618	0.829000	13.180000
798	-133.114618	0.830000	13.210000
799	-132.974618	0.830000	13.260000
800	-132.964618	0.832000	13.250000
801	-132.884618	0.834000	13.220000
802	-132.884618	0.834000	13.180000
803	-132.664618	0.836000	13.140000
804	-132.654618	0.836000	13.320000
805	-132.624618	0.836000	13.260000
806	-132.604618	0.838000	13.260000
807	-132.594618	0.840000	13.310000
808	-132.554618	0.840000	13.360000
809	-132.424618	0.842000	13.340000
810	-132.394618	0.840000	13.340000
811	-132.224618	0.844000	13.270000
812	-132.164618	0.844000	13.340000
813	-132.144618	0.846000	13.460000
814	-132.144618	0.846000	13.420000
815	-132.054618	0.846000	13.340000
816	-131.994618	0.848000	13.290000
817	-131.894618	0.848000	13.270000
818	-131.774618	0.850000	13.370000
819	-131.624618	0.852000	13.350000
820	-131.484618	0.852000	13.350000
821	-131.264618	0.852000	13.260000
822	-131.094618	0.854000	13.370000
823	-130.974618	0.854000	13.320000
824	-130.914618	0.856000	13.330000
825	-130.914618	0.858000	13.290000
826	-130.844618	0.858000	13.310000
827	-130.744618	0.858000	13.410000
828	-130.714618	0.860000	13.400000
829	-130.714618	0.862000	13.510000
830	-130.624618	0.862000	13.510000
831	-130.524618	0.864000	13.370000
832	-130.394618	0.866000	13.320000
833	-130.244618	0.866000	13.230000
834	-130.204618	0.868000	13.450000
835	-130.194618	0.868000	13.400000
836	-130.164618	0.868000	13.590000
837	-130.124618	0.870000	13.320000
838	-130.054618	0.870000	13.390000
839	-130.014618	0.872000	13.640000
840	-129.774618	0.873000	13.330000
841	-129.744618	0.873000	13.440000
842	-129.704618	0.875000	13.430000
843	-129.644618	0.875000	13.510000
844	-129.554618	0.875000	13.510000
845	-129.514618	0.877000	13.340000
846	-129.484618	0.877000	13.470000
847	-129.204618	0.879000	13.630000
848	-129.194618	0.881000	13.420000
849	-129.154618	0.883000	13.670000
850	-129.144618	0.883000	13.440000
851	-129.004618	0.883000	13.390000
852	-128.994618	0.885000	13.630000
853	-128.854618	0.885000	13.420000
854	-128.684618	0.887000	13.480000
855	-128.664618	0.889000	13.660000
856	-128.624618	0.887000	13.740000
857	-128.594618	0.891000	13.620000
858	-128.554618	0.891000	13.540000
859	-128.354618	0.895000	13.530000
860	-128.324618	0.897000	13.600000
861	-128.314618	0.897000	13.530000
862	-128.294618	0.899000	13.810000
863	-128.294618	0.899000	13.670000
864	-128.284618	0.901000	13.680000
865	-128.204618	0.901000	13.610000
866	-128.094618	0.901000	13.680000
867	-128.074618	0.903000	13.720000
868	-127.944618	0.905000	13.590000
869	-127.944618	0.905000	13.530000
870	-127.934618	0.905000	13.700000
871	-127.744618	0.907000	13.900000
872	-127.734618	0.909000	13.710000
873	-127.584618	0.909000	13.710000
874	-127.504618	0.909000	13.640000
875	-127.444618	0.911000	13.630000
876	-127.154618	0.911000	13.680000
877	-127.034618	0.913000	13.600000
878	-127.024618	0.914000	13.780000
879	-126.854618	0.914000	13.890000
880	-126.814618	0.916000	13.600000
881	-126.774618	0.916000	13.790000
882	-126.744618	0.918000	13.810000
883	-126.584618	0.920000	13.660000
884	-126.584618	0.920000	13.890000
885	-126.564618	0.920000	13.890000
886	-126.474618	0.922000	13.520000
887	-126.464618	0.924000	13.740000
888	-126.414618	0.924000	13.800000
889	-126.324618	0.924000	13.670000
890	-126.194618	0.926000	13.850000
891	-126.134618	0.928000	13.950000
892	-126.084618	0.930000	13.700000
893	-126.044618	0.930000	13.830000
894	-125.784618	0.930000	13.970000
895	-125.764618	0.932000	13.840000
896	-125.764618	0.932000	13.800000
897	-125.704618	0.934000	13.700000
898	-125.624618	0.936000	13.880000
899	-125.624618	0.936000	13.760000
900	-125.604618	0.936000	13.790000
901	-125.544618	0.938000	13.740000
902	-125.524618	0.940000	13.810000
903	-125.414618	0.940000	13.860000
904	-125.314618	0.942000	13.870000
905	-125.294618	0.942000	13.660000
906	-125.274618	0.944000	13.780000
907	-125.044618	0.944000	13.720000
908	-124.844618	0.946000	13.770000
909	-124.774618	0.946000	14.030000
910	-124.774618	0.946000	13.840000
911	-124.704618	0.948000	13.960000
912	-124.684618	0.948000	13.990000
913	-124.614618	0.950000	13.840000
914	-124.474618	0.952000	13.870000
915	-124.214618	0.952000	13.820000
916	-124.164618	0.950000	14.020000
917	-124.064618	0.956000	13.770000
918	-124.024618	0.956000	13.920000
919	-123.894618	0.956000	13.800000
920	-123.874618	0.957000	13.800000
921	-123.684618	0.959000	13.960000
922	-123.594618	0.959000	13.880000
923	-123.564618	0.961000	13.930000
924	-123.524618	0.961000	13.740000
925	-123.424618	0.961000	13.910000
926	-123.294618	0.963000	14.040000
927	-123.114618	0.965000	13.970000
928	-123.064618	0.967000	13.920000
929	-123.064618	0.967000	14.030000
930	-122.954618	0.967000	13.830000
931	-122.944618	0.969000	14.060000
932	-122.924618	0.971000	13.850000
933	-122.924618	0.971000	13.840000
934	-122.814618	0.971000	13.930000
935	-122.794618	0.973000	13.930000
936	-122.764618	0.975000	13.820000
937	-122.724618	0.975000	14.040000
938	-122.724618	0.977000	13.890000
939	-122.634618	0.979000	13.960000
940	-122.554618	0.979000	13.950000
941	-122.544618	0.981000	13.920000
942	-122.414618	0.983000	14.030000
943	-122.314618	0.983000	13.970000
944	-122.304618	0.985000	14.120000
945	-122.304618	0.985000	13.970000
946	-122.244618	0.987000	14.040000
947	-122.004618	0.987000	14.110000
948	-121.994618	0.989000	14.150000
949	-121.984618	0.991000	14.030000
950	-121.984618	0.991000	14.060000
951	-121.954618	0.993000	14.040000
952	-121.954618	0.993000	14.050000
953	-121.754618	0.993000	14.120000
954	-121.634618	0.995000	14.110000
955	-121.584618	0.995000	14.080000
956	-121.554618	0.998000	14.060000
957	-121.524618	0.998000	13.910000
958	-121.404618	1.000000	14.120000
959	-121.234618	1.000000	14.140000
960	-121.104618	1.000000	14.190000
961	-121.084618	1.002000	13.820000
962	-121.044618	1.002000	14.350000
963	-120.984618	1.004000	14.220000
964	-120.944618	1.004000	14.230000
965	-120.784618	1.006000	14.150000
966	-120.594618	1.008000	14.130000
967	-120.564618	1.008000	14.290000
968	-120.534618	1.010000	14.290000
969	-120.494618	1.010000	14.200000
970	-120.464618	1.012000	14.260000
971	-120.274618	1.014000	13.990000
972	-120.074618	1.014000	14.080000
973	-119.944618	1.016000	14.110000
974	-119.754618	1.016000	14.190000
975	-119.624618	1.018000	14.120000
976	-119.594618	1.018000	14.250000
977	-119.564618	1.020000	14.240000
978	-119.494618	1.022000	14.170000
979	-119.464618	1.022000	14.150000
980	-119.274618	1.024000	14.130000
981	-119.114618	1.024000	14.210000
982	-119.104618	1.024000	14.240000
983	-119.014618	1.026000	14.300000
984	-119.014618	1.028000	14.050000
985	-118.944618	1.030000	14.280000
986	-118.784618	1.030000	14.220000
987	-118.724618	1.032000	14.200000
988	-118.724618	1.032000	14.350000
989	-118.724618	1.032000	14.240000
990	-118.624618	1.034000	14.130000
991	-118.594618	1.036000	14.270000
992	-118.494618	1.036000	14.200000
993	-118.434618	1.036000	14.240000
994	-118.394618	1.038000	14.280000
995	-118.364618	1.039000	14.150000
996	-118.334618	1.039000	14.180000
997	-118.334618	1.039000	14.150000
998	-118.264618	1.041000	14.030000
999	-118.234618	1.041000	14.090000
1000	-118.174618	1.043000	14.200000
1001	-118.114618	1.045000	14.330000
1002	-118.074618	1.043000	14.170000
1003	-118.074618	1.047000	14.160000
1004	-117.884618	1.049000	14.260000
1005	-117.644618	1.049000	14.370000
1006	-117.524618	1.049000	14.350000
1007	-117.464618	1.051000	14.320000
1008	-117.394618	1.053000	14.580000
1009	-116.994618	1.053000	14.280000
1010	-116.964618	1.055000	14.330000
1011	-116.944618	1.055000	14.400000
1012	-116.914618	1.055000	14.440000
1013	-116.874618	1.057000	14.280000
1014	-116.854618	1.061000	14.250000
1015	-116.854618	1.061000	14.440000
1016	-116.824618	1.063000	14.450000
1017	-116.594618	1.065000	14.390000
1018	-116.594618	1.065000	14.310000
1019	-116.564618	1.065000	14.590000
1020	-116.524618	1.067000	14.240000
1021	-116.524618	1.069000	14.520000
1022	-116.364618	1.069000	14.430000
1023	-116.334618	1.069000	14.290000
1024	-116.324618	1.071000	14.380000
1025	-116.274618	1.071000	14.470000
1026	-116.204618	1.073000	14.530000
1027	-116.144618	1.073000	14.340000
1028	-116.134618	1.075000	14.270000
1029	-116.134618	1.077000	14.460000
1030	-116.134618	1.077000	14.480000
1031	-116.064618	1.077000	14.640000
1032	-116.014618	1.079000	14.370000
1033	-115.974618	1.080000	14.460000
1034	-115.914618	1.080000	14.300000
1035	-115.904618	1.080000	14.450000
1036	-115.814618	1.082000	14.370000
1037	-115.754618	1.084000	14.480000
1038	-115.744618	1.084000	14.470000
1039	-115.614618	1.086000	14.610000
1040	-115.594618	1.086000	14.270000
1041	-115.484618	1.088000	14.480000
1042	-115.374618	1.088000	14.550000
1043	-114.874618	1.088000	14.570000
1044	-114.644618	1.090000	14.240000
1045	-114.324618	1.092000	14.650000
1046	-114.314618	1.092000	14.670000
1047	-114.264618	1.092000	14.610000
1048	-114.194618	1.094000	14.550000
1049	-114.164618	1.096000	14.360000
1050	-113.844618	1.096000	14.720000
1051	-113.814618	1.098000	14.590000
1052	-113.784618	1.098000	14.630000
1053	-113.744618	1.100000	14.510000
1054	-113.544618	1.100000	14.680000
1055	-113.464618	1.102000	14.570000
1056	-113.434618	1.102000	14.520000
1057	-113.424618	1.104000	14.610000
1058	-113.304618	1.104000	14.700000
1059	-113.204618	1.106000	14.590000
1060	-113.184618	1.108000	14.670000
1061	-113.044618	1.108000	14.460000
1062	-112.964618	1.108000	14.500000
1063	-112.954618	1.110000	14.610000
1064	-112.854618	1.112000	14.610000
1065	-112.824618	1.112000	14.520000
1066	-112.784618	1.112000	14.670000
1067	-112.734618	1.114000	14.610000
1068	-112.694618	1.118000	14.340000
1069	-112.694618	1.118000	14.780000
1070	-112.514618	1.118000	14.700000
1071	-112.454618	1.118000	14.530000
1072	-112.364618	1.120000	14.640000
1073	-112.364618	1.120000	14.670000
1074	-112.344618	1.120000	14.570000
1075	-112.344618	1.122000	14.630000
1076	-112.334618	1.123000	14.790000
1077	-112.284618	1.123000	14.530000
1078	-112.174618	1.123000	14.500000
1079	-112.164618	1.125000	14.660000
1080	-112.144618	1.127000	14.600000
1081	-112.144618	1.127000	14.660000
1082	-112.024618	1.127000	14.540000
1083	-111.804618	1.129000	14.750000
1084	-111.724618	1.131000	14.620000
1085	-111.624618	1.133000	14.940000
1086	-111.384618	1.133000	14.870000
1087	-111.244618	1.133000	14.840000
1088	-111.014618	1.135000	14.820000
1089	-110.884618	1.135000	14.770000
1090	-110.804618	1.137000	14.930000
1091	-110.784618	1.139000	14.880000
1092	-110.764618	1.139000	14.600000
1093	-110.764618	1.137000	14.950000
1094	-110.664618	1.141000	14.890000
1095	-110.644618	1.143000	14.900000
1096	-110.644618	1.145000	14.740000
1097	-110.564618	1.147000	14.660000
1098	-110.354618	1.147000	14.840000
1099	-110.304618	1.149000	14.910000
1100	-110.284618	1.149000	14.750000
1101	-110.064618	1.149000	14.910000
1102	-109.954618	1.151000	15.000000
1103	-109.764618	1.151000	14.820000
1104	-109.704618	1.155000	14.880000
1105	-109.694618	1.155000	14.750000
1106	-109.494618	1.157000	14.940000
1107	-109.494618	1.157000	14.850000
1108	-109.464618	1.157000	15.090000
1109	-109.434618	1.159000	14.790000
1110	-109.414618	1.159000	14.790000
1111	-109.384618	1.161000	15.020000
1112	-109.244618	1.163000	14.680000
1113	-109.224618	1.164000	14.720000
1114	-109.154618	1.164000	15.000000
1115	-109.074618	1.164000	14.860000
1116	-109.024618	1.164000	14.900000
1117	-108.964618	1.166000	14.830000
1118	-108.784618	1.166000	14.840000
1119	-108.624618	1.168000	15.200000
1120	-108.594618	1.170000	15.000000
1121	-108.574618	1.170000	15.010000
1122	-108.574618	1.172000	14.920000
1123	-108.434618	1.172000	14.970000
1124	-108.214618	1.172000	14.960000
1125	-107.984618	1.174000	14.980000
1126	-107.934618	1.176000	14.960000
1127	-107.884618	1.178000	14.940000
1128	-107.764618	1.178000	14.970000
1129	-107.754618	1.180000	15.040000
1130	-107.724618	1.180000	15.090000
1131	-107.594618	1.180000	14.820000
1132	-107.464618	1.182000	14.980000
1133	-107.424618	1.182000	14.930000
1134	-107.414618	1.186000	15.020000
1135	-107.374618	1.186000	15.030000
1136	-107.304618	1.188000	15.060000
1137	-107.254618	1.188000	15.110000
1138	-107.244618	1.188000	14.810000
1139	-107.024618	1.190000	14.910000
1140	-106.904618	1.190000	14.960000
1141	-106.794618	1.192000	15.050000
1142	-106.764618	1.194000	15.060000
1143	-106.754618	1.194000	15.070000
1144	-106.724618	1.196000	15.180000
1145	-106.634618	1.196000	15.140000
1146	-106.534618	1.198000	15.090000
1147	-106.434618	1.198000	15.280000
1148	-106.334618	1.200000	15.380000
1149	-106.264618	1.202000	15.260000
1150	-106.084618	1.202000	15.240000
1151	-106.064618	1.204000	15.100000
1152	-105.924618	1.204000	15.090000
1153	-105.924618	1.206000	15.520000
1154	-105.884618	1.206000	15.150000
1155	-105.794618	1.207000	15.370000
1156	-105.524618	1.209000	15.100000
1157	-105.514618	1.209000	15.250000
1158	-105.454618	1.211000	15.070000
1159	-105.374618	1.211000	15.120000
1160	-105.364618	1.211000	15.150000
1161	-105.344618	1.213000	15.130000
1162	-105.344618	1.213000	15.470000
1163	-105.304618	1.215000	15.200000
1164	-105.304618	1.217000	15.240000
1165	-105.244618	1.217000	15.160000
1166	-105.184618	1.219000	15.330000
1167	-105.144618	1.219000	15.120000
1168	-105.064618	1.219000	15.190000
1169	-105.044618	1.221000	15.180000
1170	-104.994618	1.221000	15.300000
1171	-104.914618	1.223000	15.140000
1172	-104.804618	1.225000	15.390000
1173	-104.784618	1.225000	15.200000
1174	-104.774618	1.227000	15.440000
1175	-104.734618	1.229000	15.220000
1176	-104.594618	1.229000	15.170000
1177	-104.504618	1.231000	15.400000
1178	-104.394618	1.233000	15.420000
1179	-104.374618	1.233000	15.330000
1180	-104.144618	1.233000	15.390000
1181	-104.074618	1.235000	15.120000
1182	-103.914618	1.237000	15.410000
1183	-103.664618	1.237000	15.450000
1184	-103.424618	1.239000	15.100000
1185	-103.414618	1.241000	15.400000
1186	-103.364618	1.241000	15.250000
1187	-103.344618	1.243000	15.110000
1188	-103.254618	1.243000	15.490000
1189	-103.184618	1.243000	15.360000
1190	-103.144618	1.245000	15.410000
1191	-103.124618	1.245000	15.280000
1192	-103.084618	1.247000	15.330000
1193	-103.074618	1.248000	15.400000
1194	-102.794618	1.248000	15.460000
1195	-102.684618	1.250000	15.260000
1196	-102.554618	1.252000	15.440000
1197	-102.444618	1.252000	15.400000
1198	-102.284618	1.252000	15.660000
1199	-102.114618	1.254000	15.530000
1200	-102.054618	1.256000	15.390000
1201	-101.974618	1.256000	15.680000
1202	-101.974618	1.256000	15.520000
1203	-101.924618	1.258000	15.540000
1204	-101.884618	1.258000	15.570000
1205	-101.864618	1.260000	15.490000
1206	-101.824618	1.260000	15.580000
1207	-101.814618	1.262000	15.750000
1208	-101.794618	1.264000	15.550000
1209	-101.784618	1.264000	15.360000
1210	-101.714618	1.264000	15.550000
1211	-101.494618	1.266000	15.630000
1212	-101.484618	1.268000	15.450000
1213	-101.464618	1.268000	15.420000
1214	-101.464618	1.268000	15.490000
1215	-101.424618	1.270000	15.300000
1216	-101.394618	1.272000	15.600000
1217	-101.374618	1.272000	15.570000
1218	-101.304618	1.274000	15.400000
1219	-101.294618	1.274000	15.590000
1220	-101.264618	1.274000	15.500000
1221	-101.244618	1.276000	15.560000
1222	-101.224618	1.276000	15.650000
1223	-101.194618	1.278000	15.590000
1224	-101.194618	1.280000	15.420000
1225	-101.074618	1.280000	15.750000
1226	-100.954618	1.280000	15.460000
1227	-100.734618	1.282000	15.450000
1228	-100.724618	1.284000	15.510000
1229	-100.694618	1.284000	15.310000
1230	-100.694618	1.284000	15.510000
1231	-100.694618	1.286000	15.480000
1232	-100.534618	1.289000	15.550000
1233	-100.444618	1.288000	15.500000
1234	-100.404618	1.288000	15.360000
1235	-100.044618	1.289000	15.490000
1236	-99.434618	1.289000	15.600000
1237	-99.434618	1.291000	15.820000
1238	-99.404618	1.291000	15.600000
1239	-99.354618	1.293000	15.710000
1240	-99.204618	1.295000	15.680000
1241	-99.114618	1.295000	15.680000
1242	-99.074618	1.295000	15.650000
1243	-99.044618	1.297000	15.640000
1244	-99.034618	1.299000	15.760000
1245	-98.984618	1.299000	15.700000
1246	-98.884618	1.301000	15.610000
1247	-98.804618	1.303000	15.650000
1248	-98.544618	1.303000	15.730000
1249	-98.504618	1.305000	15.710000
1250	-98.474618	1.305000	15.740000
1251	-98.454618	1.305000	15.570000
1252	-98.434618	1.307000	15.560000
1253	-98.414618	1.307000	15.720000
1254	-98.414618	1.311000	15.680000
1255	-98.414618	1.313000	15.690000
1256	-98.254618	1.313000	15.610000
1257	-98.244618	1.313000	15.850000
1258	-98.214618	1.315000	15.710000
1259	-98.134618	1.315000	15.700000
1260	-97.914618	1.317000	15.750000
1261	-97.844618	1.319000	15.750000
1262	-97.784618	1.319000	15.940000
1263	-97.704618	1.321000	15.630000
1264	-97.664618	1.321000	15.740000
1265	-97.554618	1.323000	15.930000
1266	-97.504618	1.323000	15.740000
1267	-97.414618	1.325000	15.800000
1268	-97.344618	1.327000	15.570000
1269	-97.264618	1.327000	15.610000
1270	-97.234618	1.329000	15.680000
1271	-97.224618	1.329000	15.630000
1272	-97.224618	1.329000	15.750000
1273	-97.164618	1.330000	15.880000
1274	-97.014618	1.330000	15.700000
1275	-96.904618	1.332000	15.920000
1276	-96.714618	1.334000	15.920000
1277	-96.674618	1.334000	14.690000
1278	-96.654618	1.336000	15.760000
1279	-96.114618	1.336000	15.790000
1280	-96.094618	1.336000	15.930000
1281	-96.034618	1.338000	15.720000
1282	-95.964618	1.338000	15.670000
1283	-95.854618	1.340000	16.030000
1284	-95.774618	1.342000	15.840000
1285	-95.764618	1.344000	14.620000
1286	-95.704618	1.344000	15.790000
1287	-95.654618	1.344000	15.700000
1288	-95.554618	1.346000	15.700000
1289	-95.514618	1.346000	15.810000
1290	-95.434618	1.348000	16.020000
1291	-95.404618	1.348000	14.750000
1292	-95.354618	1.352000	14.550000
1293	-95.334618	1.352000	15.910000
1294	-95.324618	1.352000	14.500000
1295	-95.284618	1.354000	14.610000
1296	-95.244618	1.354000	15.950000
1297	-95.004618	1.356000	14.540000
1298	-94.944618	1.358000	15.900000
1299	-94.894618	1.358000	15.950000
1300	-94.884618	1.360000	14.460000
1301	-94.804618	1.360000	14.680000
1302	-94.764618	1.360000	14.470000
1303	-94.744618	1.362000	14.620000
1304	-94.734618	1.364000	14.540000
1305	-94.674618	1.366000	14.610000
1306	-94.654618	1.366000	14.650000
1307	-94.634618	1.368000	14.420000
1308	-94.484618	1.368000	14.720000
1309	-94.334618	1.368000	14.620000
1310	-94.224618	1.370000	14.530000
1311	-94.214618	1.370000	14.680000
1312	-94.174618	1.373000	14.580000
1313	-93.894618	1.373000	14.640000
1314	-93.814618	1.375000	14.770000
1315	-93.784618	1.375000	14.710000
1316	-93.704618	1.375000	14.750000
1317	-93.604618	1.377000	14.670000
1318	-93.604618	1.377000	14.790000
1319	-93.564618	1.379000	14.730000
1320	-93.514618	1.381000	14.610000
1321	-93.484618	1.381000	14.750000
1322	-93.054618	1.381000	14.650000
1323	-93.024618	1.383000	14.630000
1324	-92.954618	1.383000	14.760000
1325	-92.914618	1.385000	14.810000
1326	-92.854618	1.385000	14.760000
1327	-92.704618	1.387000	14.850000
1328	-92.514618	1.389000	14.840000
1329	-92.424618	1.389000	14.610000
1330	-92.344618	1.391000	14.840000
1331	-92.294618	1.391000	14.700000
1332	-92.194618	1.391000	14.770000
1333	-92.174618	1.397000	14.840000
1334	-91.974618	1.397000	14.850000
1335	-91.964618	1.399000	14.830000
1336	-91.814618	1.399000	14.810000
1337	-91.734618	1.399000	15.140000
1338	-91.684618	1.401000	14.800000
1339	-91.334618	1.403000	15.050000
1340	-91.324618	1.403000	14.910000
1341	-91.324618	1.405000	14.920000
1342	-91.274618	1.405000	14.940000
1343	-91.074618	1.405000	14.970000
1344	-90.954618	1.407000	14.900000
1345	-90.914618	1.409000	15.070000
1346	-90.874618	1.409000	15.010000
1347	-90.864618	1.409000	14.820000
1348	-90.794618	1.411000	14.810000
1349	-90.734618	1.413000	14.980000
1350	-90.714618	1.413000	14.860000
1351	-90.684618	1.414000	14.940000
1352	-90.684618	1.414000	15.110000
1353	-90.614618	1.416000	14.840000
1354	-90.544618	1.416000	14.970000
1355	-90.524618	1.416000	15.110000
1356	-90.344618	1.418000	14.870000
1357	-90.334618	1.420000	15.110000
1358	-90.254618	1.420000	14.890000
1359	-90.184618	1.420000	14.930000
1360	-90.144618	1.422000	14.990000
1361	-89.954618	1.424000	14.930000
1362	-89.954618	1.424000	15.130000
1363	-89.944618	1.426000	15.040000
1364	-89.674618	1.428000	15.040000
1365	-89.504618	1.428000	15.050000
1366	-89.464618	1.430000	15.100000
1367	-89.464618	1.430000	14.960000
1368	-89.264618	1.430000	15.170000
1369	-89.244618	1.432000	15.100000
1370	-89.204618	1.432000	15.130000
1371	-89.204618	1.434000	15.090000
1372	-89.174618	1.436000	14.880000
1373	-88.924618	1.436000	15.120000
1374	-88.894618	1.438000	15.000000
1375	-88.794618	1.440000	15.150000
1376	-88.764618	1.440000	15.200000
1377	-88.754618	1.440000	15.150000
1378	-88.684618	1.442000	15.070000
1379	-88.644618	1.444000	15.120000
1380	-88.644618	1.444000	14.970000
1381	-88.454618	1.444000	14.990000
1382	-88.314618	1.446000	15.050000
1383	-88.044618	1.448000	15.370000
1384	-87.754618	1.448000	15.100000
1385	-87.714618	1.450000	15.190000
1386	-87.604618	1.452000	15.120000
1387	-87.504618	1.450000	15.150000
1388	-87.414618	1.452000	14.940000
1389	-87.394618	1.454000	15.300000
1390	-87.394618	1.454000	15.390000
1391	-87.384618	1.456000	15.300000
1392	-87.284618	1.457000	15.120000
1393	-87.284618	1.459000	15.380000
1394	-87.224618	1.459000	15.300000
1395	-87.104618	1.461000	15.420000
1396	-87.104618	1.461000	15.260000
1397	-87.074618	1.461000	15.180000
1398	-86.964618	1.463000	15.110000
1399	-86.944618	1.463000	15.560000
1400	-86.894618	1.465000	15.310000
1401	-86.864618	1.467000	15.340000
1402	-86.854618	1.467000	15.380000
1403	-86.844618	1.467000	15.340000
1404	-86.834618	1.469000	15.080000
1405	-86.744618	1.471000	15.340000
1406	-86.734618	1.471000	15.350000
1407	-86.724618	1.471000	15.200000
1408	-86.694618	1.473000	15.240000
1409	-86.684618	1.477000	15.310000
1410	-86.594618	1.475000	15.350000
1411	-86.384618	1.475000	15.210000
1412	-86.374618	1.479000	15.110000
1413	-86.294618	1.479000	15.260000
1414	-86.284618	1.481000	15.240000
1415	-86.104618	1.483000	15.390000
1416	-86.104618	1.483000	15.220000
1417	-86.064618	1.485000	15.280000
1418	-86.064618	1.485000	15.390000
1419	-86.044618	1.487000	15.340000
1420	-86.014618	1.487000	15.220000
1421	-85.964618	1.487000	15.340000
1422	-85.894618	1.489000	15.290000
1423	-85.874618	1.491000	15.400000
1424	-85.854618	1.491000	15.380000
1425	-85.844618	1.493000	15.310000
1426	-85.844618	1.493000	15.340000
1427	-85.764618	1.493000	15.290000
1428	-85.674618	1.495000	15.210000
1429	-85.594618	1.495000	15.200000
1430	-85.564618	1.497000	15.350000
1431	-85.174618	1.497000	15.320000
1432	-85.174618	1.498000	15.290000
1433	-84.584618	1.500000	15.410000
1434	-84.404618	1.500000	15.310000
1435	-84.084618	1.502000	15.490000
1436	-83.954618	1.502000	15.500000
1437	-83.824618	1.504000	15.700000
1438	-83.624618	1.506000	15.540000
1439	-83.514618	1.506000	15.470000
1440	-83.344618	1.508000	15.590000
1441	-83.314618	1.508000	15.400000
1442	-83.304618	1.510000	15.450000
1443	-83.304618	1.510000	15.640000
1444	-83.264618	1.510000	15.390000
1445	-83.214618	1.512000	15.500000
1446	-83.124618	1.514000	15.420000
1447	-83.074618	1.514000	15.530000
1448	-83.064618	1.516000	15.430000
1449	-83.014618	1.516000	15.460000
1450	-82.904618	1.516000	15.440000
1451	-82.884618	1.518000	15.550000
1452	-82.794618	1.520000	15.530000
1453	-82.724618	1.522000	15.500000
1454	-82.674618	1.522000	15.460000
1455	-82.654618	1.524000	15.500000
1456	-82.634618	1.524000	15.600000
1457	-82.544618	1.524000	15.530000
1458	-82.534618	1.526000	15.430000
1459	-82.534618	1.528000	15.620000
1460	-82.474618	1.528000	15.430000
1461	-82.304618	1.528000	15.530000
1462	-82.204618	1.532000	15.680000
1463	-81.794618	1.532000	15.650000
1464	-81.784618	1.532000	15.520000
1465	-81.624618	1.534000	15.660000
1466	-81.594618	1.534000	15.700000
1467	-81.564618	1.536000	15.540000
1468	-81.174618	1.538000	15.590000
1469	-81.124618	1.538000	15.590000
1470	-81.124618	1.538000	15.510000
1471	-81.054618	1.539000	15.590000
1472	-80.994618	1.539000	15.760000
1473	-80.994618	1.541000	15.530000
1474	-80.954618	1.541000	15.620000
1475	-80.954618	1.543000	15.490000
1476	-80.914618	1.545000	15.610000
1477	-80.904618	1.545000	15.480000
1478	-80.784618	1.547000	15.680000
1479	-80.774618	1.547000	15.580000
1480	-80.734618	1.549000	15.620000
1481	-80.704618	1.549000	15.540000
1482	-80.564618	1.551000	15.520000
1483	-80.524618	1.553000	15.590000
1484	-80.484618	1.553000	15.650000
1485	-80.184618	1.555000	15.770000
1486	-80.104618	1.555000	15.700000
1487	-80.084618	1.555000	15.630000
1488	-79.854618	1.557000	15.630000
1489	-79.844618	1.561000	15.580000
1490	-79.774618	1.559000	15.730000
1491	-79.764618	1.561000	15.700000
1492	-79.544618	1.565000	15.840000
1493	-79.454618	1.565000	15.660000
1494	-79.444618	1.565000	15.640000
1495	-79.384618	1.567000	15.680000
1496	-79.254618	1.569000	15.700000
1497	-79.134618	1.569000	15.740000
1498	-79.054618	1.571000	15.630000
1499	-78.974618	1.571000	15.730000
1500	-78.874618	1.571000	15.470000
1501	-78.804618	1.573000	15.670000
1502	-78.794618	1.573000	15.810000
1503	-78.704618	1.575000	15.600000
1504	-78.664618	1.575000	15.680000
1505	-78.534618	1.575000	15.670000
1506	-78.484618	1.579000	15.790000
1507	-78.454618	1.579000	15.670000
1508	-78.324618	1.580000	15.610000
1509	-78.244618	1.580000	15.640000
1510	-78.244618	1.580000	15.960000
1511	-78.114618	1.582000	15.660000
1512	-78.114618	1.584000	15.780000
1513	-77.994618	1.584000	15.550000
1514	-77.954618	1.586000	15.980000
1515	-77.804618	1.586000	15.770000
1516	-77.744618	1.586000	15.960000
1517	-77.724618	1.588000	16.040000
1518	-77.424618	1.588000	15.970000
1519	-77.284618	1.590000	15.930000
1520	-77.134618	1.592000	15.840000
1521	-77.024618	1.592000	15.900000
1522	-77.014618	1.594000	16.040000
1523	-76.944618	1.596000	15.920000
1524	-76.914618	1.596000	15.850000
1525	-76.864618	1.596000	15.910000
1526	-76.844618	1.598000	15.820000
1527	-76.824618	1.600000	16.000000
1528	-76.744618	1.600000	15.830000
1529	-76.714618	1.602000	15.830000
1530	-76.664618	1.602000	15.900000
1531	-76.444618	1.604000	15.970000
1532	-76.434618	1.604000	15.820000
1533	-76.384618	1.604000	15.820000
1534	-76.304618	1.606000	15.970000
1535	-76.264618	1.608000	15.960000
1536	-76.204618	1.608000	15.820000
1537	-76.074618	1.608000	15.940000
1538	-76.034618	1.610000	16.210000
1539	-76.024618	1.612000	15.950000
1540	-75.974618	1.612000	15.920000
1541	-75.754618	1.614000	16.040000
1542	-75.664618	1.616000	15.840000
1543	-75.384618	1.616000	16.120000
1544	-75.354618	1.618000	16.000000
1545	-75.334618	1.618000	16.090000
1546	-75.294618	1.618000	16.020000
1547	-75.284618	1.620000	16.120000
1548	-75.124618	1.620000	16.120000
1549	-75.114618	1.622000	16.030000
1550	-75.104618	1.622000	16.020000
1551	-75.094618	1.623000	16.150000
1552	-74.914618	1.623000	16.120000
1553	-74.774618	1.625000	16.090000
1554	-74.744618	1.627000	16.270000
1555	-74.694618	1.627000	16.110000
1556	-74.664618	1.627000	16.010000
1557	-74.594618	1.629000	16.120000
1558	-74.584618	1.631000	16.080000
1559	-74.524618	1.631000	16.040000
1560	-74.444618	1.633000	16.220000
1561	-74.404618	1.633000	16.030000
1562	-74.384618	1.635000	15.950000
1563	-74.294618	1.635000	16.020000
1564	-74.264618	1.635000	16.160000
1565	-74.214618	1.637000	16.170000
1566	-73.964618	1.639000	16.230000
1567	-73.964618	1.639000	16.160000
1568	-73.934618	1.639000	16.200000
1569	-73.824618	1.641000	16.160000
1570	-73.754618	1.643000	16.130000
1571	-73.684618	1.645000	16.150000
1572	-73.684618	1.645000	16.220000
1573	-73.604618	1.649000	16.280000
1574	-73.564618	1.649000	16.120000
1575	-73.564618	1.649000	16.280000
1576	-73.434618	1.651000	16.300000
1577	-73.324618	1.651000	16.150000
1578	-73.274618	1.653000	16.150000
1579	-73.144618	1.655000	16.340000
1580	-72.804618	1.655000	16.000000
1581	-72.784618	1.655000	16.310000
1582	-72.694618	1.657000	16.240000
1583	-72.604618	1.657000	16.300000
1584	-72.404618	1.659000	16.240000
1585	-72.314618	1.659000	16.290000
1586	-72.214618	1.661000	16.320000
1587	-72.184618	1.661000	16.330000
1588	-72.174618	1.664000	16.430000
1589	-72.124618	1.664000	16.330000
1590	-72.054618	1.664000	16.230000
1591	-71.894618	1.664000	16.440000
1592	-71.844618	1.666000	16.410000
1593	-71.784618	1.666000	16.350000
1594	-71.774618	1.668000	16.330000
1595	-71.754618	1.670000	16.260000
1596	-71.704618	1.670000	16.220000
1597	-71.554618	1.672000	16.210000
1598	-71.504618	1.672000	16.280000
1599	-71.424618	1.672000	16.240000
1600	-71.364618	1.674000	16.220000
1601	-71.344618	1.674000	16.360000
1602	-71.324618	1.676000	16.300000
1603	-71.234618	1.678000	16.220000
1604	-71.164618	1.680000	16.350000
1605	-71.154618	1.680000	16.430000
1606	-70.834618	1.680000	16.280000
1607	-70.824618	1.682000	16.420000
1608	-70.814618	1.682000	16.310000
1609	-70.674618	1.684000	16.500000
1610	-70.624618	1.684000	16.390000
1611	-70.594618	1.684000	16.350000
1612	-70.584618	1.688000	16.320000
1613	-70.394618	1.688000	16.270000
1614	-70.324618	1.690000	16.430000
1615	-70.274618	1.690000	16.390000
1616	-70.254618	1.692000	16.410000
1617	-70.154618	1.694000	16.320000
1618	-70.004618	1.694000	16.230000
1619	-69.894618	1.696000	16.380000
1620	-69.774618	1.696000	16.560000
1621	-69.694618	1.696000	16.560000
1622	-69.664618	1.698000	16.450000
1623	-69.564618	1.700000	16.280000
1624	-69.564618	1.702000	16.660000
1625	-69.544618	1.702000	16.390000
1626	-69.444618	1.704000	16.490000
1627	-69.234618	1.704000	16.420000
1628	-69.194618	1.704000	16.380000
1629	-69.084618	1.706000	16.560000
1630	-68.994618	1.706000	16.460000
1631	-68.904618	1.707000	16.560000
1632	-68.834618	1.709000	16.640000
1633	-68.814618	1.709000	16.510000
1634	-68.744618	1.711000	16.510000
1635	-68.604618	1.711000	16.420000
1636	-68.564618	1.711000	16.630000
1637	-68.524618	1.713000	16.530000
1638	-68.514618	1.713000	16.660000
1639	-68.294618	1.715000	16.640000
1640	-68.244618	1.717000	16.460000
1641	-68.174618	1.717000	16.540000
1642	-68.124618	1.717000	16.470000
1643	-68.114618	1.719000	16.540000
1644	-68.094618	1.719000	16.560000
1645	-68.014618	1.721000	16.450000
1646	-67.994618	1.721000	16.370000
1647	-67.754618	1.723000	16.550000
1648	-67.594618	1.725000	16.530000
1649	-67.484618	1.725000	16.580000
1650	-67.474618	1.727000	16.650000
1651	-67.444618	1.729000	16.770000
1652	-67.264618	1.731000	16.530000
1653	-67.094618	1.733000	16.550000
1654	-66.954618	1.733000	16.700000
1655	-66.794618	1.733000	16.600000
1656	-66.784618	1.735000	16.570000
1657	-66.704618	1.737000	16.630000
1658	-66.584618	1.737000	16.670000
1659	-66.484618	1.737000	16.660000
1660	-66.474618	1.739000	16.590000
1661	-66.364618	1.741000	16.720000
1662	-66.224618	1.743000	16.620000
1663	-66.184618	1.743000	16.660000
1664	-66.154618	1.743000	16.640000
1665	-66.054618	1.745000	16.560000
1666	-66.044618	1.745000	16.700000
1667	-66.034618	1.747000	16.790000
1668	-65.924618	1.748000	16.540000
1669	-65.784618	1.747000	16.570000
1670	-65.764618	1.748000	16.630000
1671	-65.724618	1.750000	16.710000
1672	-65.724618	1.752000	16.730000
1673	-65.704618	1.752000	16.720000
1674	-65.524618	1.752000	16.710000
1675	-65.414618	1.754000	16.520000
1676	-65.394618	1.758000	16.710000
1677	-65.284618	1.758000	16.550000
1678	-65.284618	1.758000	16.770000
1679	-65.234618	1.758000	16.790000
1680	-65.224618	1.760000	16.740000
1681	-65.164618	1.760000	16.650000
1682	-65.024618	1.762000	16.580000
1683	-64.914618	1.764000	16.910000
1684	-64.834618	1.764000	16.680000
1685	-64.634618	1.764000	16.730000
1686	-64.564618	1.766000	16.790000
1687	-64.544618	1.768000	16.680000
1688	-64.474618	1.768000	16.790000
1689	-64.434618	1.768000	16.940000
1690	-64.424618	1.770000	16.870000
1691	-64.374618	1.772000	16.790000
1692	-64.354618	1.772000	16.910000
1693	-64.344618	1.774000	16.790000
1694	-64.194618	1.774000	17.370000
1695	-64.184618	1.774000	16.800000
1696	-64.124618	1.776000	16.790000
1697	-64.114618	1.776000	16.970000
1698	-63.934618	1.778000	16.840000
1699	-63.864618	1.780000	16.810000
1700	-63.814618	1.778000	16.860000
1701	-63.644618	1.780000	16.810000
1702	-63.634618	1.784000	16.910000
1703	-63.294618	1.784000	16.820000
1704	-63.184618	1.784000	16.910000
1705	-63.124618	1.786000	16.800000
1706	-62.594618	1.788000	17.040000
1707	-62.544618	1.788000	16.990000
1708	-62.474618	1.789000	16.850000
1709	-62.344618	1.789000	16.890000
1710	-62.294618	1.789000	17.000000
1711	-62.284618	1.791000	16.880000
1712	-62.254618	1.791000	16.980000
1713	-62.234618	1.793000	16.940000
1714	-62.184618	1.793000	16.780000
1715	-62.124618	1.793000	17.040000
1716	-62.084618	1.797000	16.930000
1717	-62.074618	1.797000	16.940000
1718	-61.974618	1.799000	17.070000
1719	-61.964618	1.799000	16.980000
1720	-61.894618	1.799000	16.820000
1721	-61.794618	1.803000	17.050000
1722	-61.774618	1.803000	17.070000
1723	-61.694618	1.805000	17.010000
1724	-61.684618	1.805000	16.940000
1725	-61.654618	1.805000	16.880000
1726	-61.604618	1.807000	16.850000
1727	-61.384618	1.807000	17.100000
1728	-61.324618	1.811000	17.050000
1729	-61.304618	1.813000	16.890000
1730	-61.074618	1.813000	17.060000
1731	-61.044618	1.815000	17.030000
1732	-61.034618	1.815000	17.000000
1733	-60.854618	1.817000	17.200000
1734	-60.574618	1.819000	17.230000
1735	-60.544618	1.819000	17.350000
1736	-60.544618	1.821000	17.170000
1737	-60.504618	1.821000	17.120000
1738	-60.374618	1.821000	17.080000
1739	-60.324618	1.823000	17.290000
1740	-60.304618	1.825000	17.110000
1741	-60.304618	1.827000	17.200000
1742	-60.294618	1.827000	17.100000
1743	-60.084618	1.829000	17.080000
1744	-59.934618	1.829000	17.090000
1745	-59.924618	1.829000	17.070000
1746	-59.924618	1.830000	17.260000
1747	-59.774618	1.832000	17.300000
1748	-59.754618	1.832000	17.190000
1749	-59.734618	1.832000	17.150000
1750	-59.674618	1.834000	17.180000
1751	-59.654618	1.836000	17.210000
1752	-59.564618	1.836000	17.210000
1753	-59.444618	1.836000	17.260000
1754	-59.284618	1.838000	17.230000
1755	-58.914618	1.838000	17.180000
1756	-58.844618	1.840000	17.180000
1757	-58.744618	1.842000	17.160000
1758	-58.734618	1.840000	17.150000
1759	-58.704618	1.842000	17.160000
1760	-58.654618	1.846000	17.150000
1761	-58.604618	1.846000	17.130000
1762	-58.594618	1.846000	17.180000
1763	-58.424618	1.848000	17.250000
1764	-58.194618	1.850000	17.070000
1765	-58.034618	1.850000	17.100000
1766	-57.924618	1.852000	17.190000
1767	-57.834618	1.852000	17.310000
1768	-57.724618	1.852000	17.190000
1769	-57.714618	1.854000	17.200000
1770	-57.664618	1.856000	17.440000
1771	-57.494618	1.858000	17.240000
1772	-57.444618	1.858000	17.270000
1773	-57.404618	1.860000	17.390000
1774	-57.344618	1.860000	17.340000
1775	-57.214618	1.860000	17.440000
1776	-57.154618	1.862000	17.430000
1777	-57.144618	1.862000	17.460000
1778	-57.134618	1.864000	17.380000
1779	-56.884618	1.864000	17.370000
1780	-56.874618	1.866000	17.290000
1781	-56.864618	1.868000	17.510000
1782	-56.784618	1.868000	17.530000
1783	-56.704618	1.868000	17.400000
1784	-56.604618	1.870000	17.570000
1785	-56.604618	1.870000	17.400000
1786	-56.444618	1.872000	17.390000
1787	-56.374618	1.872000	17.440000
1788	-56.314618	1.872000	17.410000
1789	-56.284618	1.875000	17.400000
1790	-56.104618	1.875000	17.480000
1791	-55.964618	1.877000	17.410000
1792	-55.944618	1.877000	17.480000
1793	-55.794618	1.879000	17.500000
1794	-55.714618	1.881000	17.730000
1795	-55.694618	1.881000	17.240000
1796	-55.694618	1.883000	17.450000
1797	-55.654618	1.883000	17.310000
1798	-55.604618	1.883000	17.360000
1799	-55.554618	1.885000	17.380000
1800	-55.534618	1.885000	17.480000
1801	-55.494618	1.887000	17.600000
1802	-55.204618	1.889000	17.610000
1803	-55.184618	1.889000	17.490000
1804	-55.164618	1.891000	17.420000
1805	-55.154618	1.891000	17.320000
1806	-55.134618	1.891000	17.520000
1807	-55.114618	1.895000	17.320000
1808	-55.034618	1.899000	17.560000
1809	-54.994618	1.897000	17.640000
1810	-54.984618	1.899000	17.530000
1811	-54.984618	1.899000	17.580000
1812	-54.894618	1.901000	17.530000
1813	-54.894618	1.901000	17.590000
1814	-54.844618	1.903000	17.570000
1815	-54.774618	1.905000	17.420000
1816	-54.724618	1.905000	17.510000
1817	-54.664618	1.907000	17.580000
1818	-54.534618	1.907000	17.650000
1819	-54.514618	1.909000	17.640000
1820	-54.234618	1.909000	17.650000
1821	-54.214618	1.909000	17.640000
1822	-54.154618	1.911000	17.530000
1823	-54.094618	1.913000	17.530000
1824	-53.854618	1.913000	17.600000
1825	-53.844618	1.914000	17.600000
1826	-53.764618	1.914000	17.630000
1827	-53.624618	1.916000	17.520000
1828	-53.414618	1.916000	17.600000
1829	-53.374618	1.916000	17.590000
1830	-53.154618	1.920000	17.640000
1831	-53.124618	1.920000	17.720000
1832	-53.024618	1.920000	17.590000
1833	-52.954618	1.922000	17.440000
1834	-52.634618	1.924000	17.790000
1835	-52.574618	1.924000	17.670000
1836	-52.504618	1.924000	17.570000
1837	-52.294618	1.926000	17.900000
1838	-52.284618	1.926000	17.760000
1839	-52.244618	1.928000	17.620000
1840	-52.234618	1.930000	17.630000
1841	-52.174618	1.930000	17.730000
1842	-52.084618	1.932000	17.700000
1843	-51.974618	1.932000	17.600000
1844	-51.914618	1.934000	17.670000
1845	-51.774618	1.936000	17.780000
1846	-51.774618	1.936000	17.800000
1847	-51.684618	1.936000	17.710000
1848	-51.664618	1.938000	17.540000
1849	-51.634618	1.940000	17.680000
1850	-51.604618	1.940000	17.700000
1851	-51.494618	1.940000	17.850000
1852	-51.424618	1.942000	17.840000
1853	-51.304618	1.946000	17.760000
1854	-51.094618	1.946000	17.750000
1855	-51.084618	1.946000	17.780000
1856	-50.974618	1.946000	17.730000
1857	-50.974618	1.948000	17.820000
1858	-50.794618	1.948000	17.760000
1859	-50.704618	1.950000	17.890000
1860	-50.644618	1.952000	17.820000
1861	-50.394618	1.952000	17.860000
1862	-50.244618	1.952000	17.780000
1863	-50.204618	1.954000	17.780000
1864	-50.124618	1.956000	17.750000
1865	-50.114618	1.956000	17.900000
1866	-50.104618	1.956000	17.780000
1867	-50.034618	1.957000	17.730000
1868	-50.024618	1.959000	17.870000
1869	-50.004618	1.961000	17.910000
1870	-49.914618	1.961000	17.890000
1871	-49.894618	1.961000	17.800000
1872	-49.864618	1.963000	17.900000
1873	-49.864618	1.963000	17.940000
1874	-49.824618	1.965000	18.000000
1875	-49.814618	1.967000	17.960000
1876	-49.784618	1.967000	17.820000
1877	-49.784618	1.967000	17.980000
1878	-49.724618	1.969000	18.070000
1879	-49.674618	1.971000	17.800000
1880	-49.614618	1.971000	17.910000
1881	-49.524618	1.971000	17.840000
1882	-49.404618	1.973000	17.760000
1883	-49.164618	1.975000	17.810000
1884	-49.084618	1.975000	17.880000
1885	-49.034618	1.977000	18.070000
1886	-48.934618	1.979000	17.980000
1887	-48.874618	1.979000	17.970000
1888	-48.814618	1.983000	17.870000
1889	-48.704618	1.983000	18.170000
1890	-48.624618	1.985000	17.870000
1891	-48.624618	1.985000	17.860000
1892	-48.454618	1.985000	17.990000
1893	-48.204618	1.987000	17.910000
1894	-48.104618	1.987000	18.130000
1895	-48.104618	1.989000	18.080000
1896	-47.904618	1.991000	18.060000
1897	-47.734618	1.993000	18.250000
1898	-47.724618	1.993000	17.960000
1899	-47.704618	1.993000	18.080000
1900	-47.644618	1.993000	18.070000
1901	-47.624618	1.995000	18.050000
1902	-47.544618	1.995000	18.110000
1903	-47.544618	1.997000	18.160000
1904	-47.394618	1.998000	18.130000
1905	-47.384618	1.998000	18.120000
1906	-47.354618	2.000000	18.100000
1907	-47.344618	2.000000	18.210000
1908	-47.214618	2.000000	17.970000
1909	-47.134618	2.002000	18.090000
1910	-47.074618	2.002000	18.070000
1911	-47.074618	2.004000	18.200000
1912	-47.004618	2.006000	18.100000
1913	-46.984618	2.006000	18.090000
1914	-46.964618	2.008000	17.970000
1915	-46.904618	2.008000	18.160000
1916	-46.864618	2.008000	18.110000
1917	-46.844618	2.010000	18.090000
1918	-46.434618	2.010000	18.250000
1919	-46.414618	2.012000	18.370000
1920	-46.384618	2.014000	18.090000
1921	-46.364618	2.016000	18.240000
1922	-46.074618	2.016000	18.290000
1923	-45.964618	2.016000	18.130000
1924	-45.754618	2.018000	18.270000
1925	-45.584618	2.018000	18.350000
1926	-45.524618	2.020000	18.230000
1927	-45.464618	2.022000	18.370000
1928	-45.434618	2.022000	18.240000
1929	-45.404618	2.024000	18.240000
1930	-45.194618	2.024000	18.130000
1931	-45.184618	2.024000	18.220000
1932	-45.164618	2.026000	18.370000
1933	-45.114618	2.026000	18.300000
1934	-44.934618	2.028000	18.170000
1935	-44.934618	2.028000	18.190000
1936	-44.894618	2.030000	18.300000
1937	-44.894618	2.032000	18.200000
1938	-44.834618	2.032000	18.330000
1939	-44.754618	2.032000	18.270000
1940	-44.714618	2.034000	18.190000
1941	-44.644618	2.034000	18.290000
1942	-44.544618	2.036000	18.250000
1943	-44.464618	2.038000	18.230000
1944	-44.264618	2.038000	18.200000
1945	-44.234618	2.039000	18.470000
1946	-44.184618	2.039000	18.610000
1947	-44.144618	2.041000	18.300000
1948	-44.054618	2.041000	18.290000
1949	-43.984618	2.043000	18.340000
1950	-43.844618	2.045000	18.320000
1951	-43.844618	2.045000	18.320000
1952	-43.724618	2.047000	18.350000
1953	-43.714618	2.047000	18.200000
1954	-43.574618	2.047000	18.390000
1955	-43.264618	2.049000	18.540000
1956	-43.244618	2.049000	18.280000
1957	-43.074618	2.051000	18.300000
1958	-42.914618	2.051000	18.490000
1959	-42.814618	2.053000	18.550000
1960	-42.774618	2.055000	18.430000
1961	-42.764618	2.055000	18.320000
1962	-42.584618	2.057000	18.440000
1963	-42.514618	2.061000	18.560000
1964	-42.514618	2.061000	18.590000
1965	-42.384618	2.061000	18.620000
1966	-42.354618	2.063000	18.400000
1967	-42.354618	2.065000	18.460000
1968	-42.304618	2.065000	18.550000
1969	-42.304618	2.065000	18.430000
1970	-42.104618	2.067000	18.350000
1971	-42.074618	2.069000	18.420000
1972	-41.974618	2.069000	18.440000
1973	-41.944618	2.071000	18.410000
1974	-41.724618	2.071000	18.440000
1975	-41.604618	2.071000	18.490000
1976	-41.504618	2.073000	18.490000
1977	-41.324618	2.073000	18.520000
1978	-41.324618	2.075000	18.770000
1979	-41.214618	2.077000	18.760000
1980	-41.084618	2.077000	18.630000
1981	-40.964618	2.079000	18.600000
1982	-40.934618	2.080000	18.490000
1983	-40.874618	2.080000	18.380000
1984	-40.774618	2.080000	18.710000
1985	-40.744618	2.082000	18.510000
1986	-40.734618	2.084000	18.610000
1987	-40.684618	2.084000	18.680000
1988	-40.564618	2.084000	18.630000
1989	-40.524618	2.086000	18.540000
1990	-40.444618	2.086000	18.690000
1991	-40.324618	2.088000	18.580000
1992	-40.264618	2.088000	18.710000
1993	-40.164618	2.090000	18.530000
1994	-40.084618	2.090000	18.590000
1995	-40.084618	2.090000	18.730000
1996	-40.074618	2.094000	18.810000
1997	-39.794618	2.094000	18.570000
1998	-39.474618	2.096000	18.890000
1999	-39.344618	2.096000	18.890000
2000	-39.264618	2.098000	18.480000
2001	-39.264618	2.100000	18.840000
2002	-39.154618	2.100000	18.480000
2003	-39.144618	2.102000	18.830000
2004	-39.114618	2.102000	18.960000
2005	-38.874618	2.102000	18.740000
2006	-38.864618	2.104000	18.620000
2007	-38.864618	2.104000	18.840000
2008	-38.814618	2.106000	18.740000
2009	-38.804618	2.108000	18.860000
2010	-38.714618	2.108000	18.780000
2011	-38.694618	2.110000	18.870000
2012	-38.684618	2.112000	18.830000
2013	-38.654618	2.112000	18.820000
2014	-38.554618	2.112000	18.990000
2015	-38.404618	2.114000	18.810000
2016	-38.324618	2.116000	18.660000
2017	-38.254618	2.116000	18.730000
2018	-38.234618	2.116000	18.740000
2019	-38.234618	2.118000	18.970000
2020	-38.224618	2.118000	18.720000
2021	-38.204618	2.120000	18.970000
2022	-38.204618	2.120000	18.730000
2023	-37.854618	2.122000	18.790000
2024	-37.714618	2.123000	18.850000
2025	-37.564618	2.123000	18.800000
2026	-37.554618	2.125000	18.940000
2027	-37.494618	2.125000	18.750000
2028	-37.424618	2.127000	18.810000
2029	-37.254618	2.127000	18.890000
2030	-37.194618	2.129000	18.870000
2031	-37.184618	2.131000	18.890000
2032	-36.924618	2.131000	18.810000
2033	-36.784618	2.133000	19.000000
2034	-36.714618	2.133000	19.040000
2035	-36.654618	2.133000	18.780000
2036	-36.574618	2.135000	18.870000
2037	-36.314618	2.135000	18.810000
2038	-36.284618	2.137000	18.830000
2039	-36.254618	2.137000	18.920000
2040	-36.234618	2.139000	19.030000
2041	-36.164618	2.141000	18.910000
2042	-36.104618	2.143000	19.010000
2043	-36.004618	2.145000	18.890000
2044	-35.944618	2.147000	18.870000
2045	-35.864618	2.147000	18.900000
2046	-35.844618	2.149000	18.890000
2047	-35.824618	2.149000	18.980000
2048	-35.754618	2.151000	18.770000
2049	-35.694618	2.151000	18.900000
2050	-35.654618	2.151000	18.910000
2051	-35.654618	2.153000	18.940000
2052	-35.594618	2.153000	18.950000
2053	-35.544618	2.153000	18.990000
2054	-35.514618	2.157000	18.890000
2055	-35.504618	2.157000	18.910000
2056	-35.484618	2.159000	18.920000
2057	-35.454618	2.159000	18.950000
2058	-35.394618	2.161000	18.990000
2059	-35.384618	2.161000	18.790000
2060	-35.364618	2.163000	18.980000
2061	-35.154618	2.163000	19.030000
2062	-35.114618	2.164000	19.050000
2063	-34.984618	2.164000	19.060000
2064	-34.854618	2.164000	19.060000
2065	-34.704618	2.166000	18.940000
2066	-34.594618	2.166000	18.870000
2067	-34.384618	2.168000	19.080000
2068	-34.334618	2.168000	19.050000
2069	-34.194618	2.172000	19.110000
2070	-33.994618	2.172000	19.110000
2071	-33.984618	2.172000	19.120000
2072	-33.974618	2.174000	19.080000
2073	-33.964618	2.174000	19.070000
2074	-33.964618	2.176000	19.040000
2075	-33.924618	2.178000	19.150000
2076	-33.904618	2.180000	19.030000
2077	-33.824618	2.180000	19.180000
2078	-33.654618	2.180000	19.110000
2079	-33.554618	2.180000	19.100000
2080	-33.554618	2.182000	19.120000
2081	-33.524618	2.182000	19.080000
2082	-33.494618	2.184000	18.980000
2083	-33.464618	2.186000	19.170000
2084	-33.304618	2.186000	19.080000
2085	-33.194618	2.188000	18.970000
2086	-33.154618	2.188000	18.940000
2087	-33.044618	2.188000	18.980000
2088	-33.034618	2.190000	19.040000
2089	-32.624618	2.192000	19.150000
2090	-32.394618	2.194000	19.130000
2091	-32.314618	2.194000	19.200000
2092	-32.264618	2.196000	19.220000
2093	-32.174618	2.196000	19.140000
2094	-32.004618	2.196000	19.250000
2095	-31.954618	2.198000	19.310000
2096	-31.904618	2.198000	19.270000
2097	-31.884618	2.200000	19.200000
2098	-31.844618	2.202000	19.250000
2099	-31.844618	2.204000	19.190000
2100	-31.774618	2.204000	19.220000
2101	-31.694618	2.204000	19.260000
2102	-31.684618	2.206000	19.130000
2103	-31.684618	2.206000	19.170000
2104	-31.644618	2.207000	19.230000
2105	-31.544618	2.207000	19.160000
2106	-31.534618	2.211000	19.180000
2107	-31.424618	2.209000	19.230000
2108	-31.144618	2.211000	19.290000
2109	-30.834618	2.213000	19.230000
2110	-30.774618	2.213000	19.350000
2111	-30.604618	2.215000	19.130000
2112	-30.414618	2.217000	19.320000
2113	-30.384618	2.217000	19.310000
2114	-30.154618	2.219000	19.270000
2115	-30.054618	2.219000	19.220000
2116	-30.044618	2.219000	19.470000
2117	-29.874618	2.221000	19.310000
2118	-29.874618	2.221000	19.340000
2119	-29.844618	2.223000	19.280000
2120	-29.774618	2.225000	19.330000
2121	-29.764618	2.225000	19.210000
2122	-29.664618	2.227000	19.260000
2123	-29.634618	2.229000	19.340000
2124	-29.574618	2.229000	19.270000
2125	-29.454618	2.231000	19.260000
2126	-29.454618	2.233000	19.260000
2127	-29.374618	2.233000	19.310000
2128	-29.324618	2.235000	19.300000
2129	-29.244618	2.237000	19.330000
2130	-29.194618	2.237000	19.350000
2131	-29.184618	2.237000	19.330000
2132	-29.164618	2.239000	19.370000
2133	-29.044618	2.241000	19.520000
2134	-28.934618	2.241000	19.410000
2135	-28.874618	2.243000	19.250000
2136	-28.844618	2.243000	19.510000
2137	-28.704618	2.245000	19.410000
2138	-28.634618	2.245000	19.480000
2139	-28.504618	2.245000	19.390000
2140	-28.484618	2.247000	19.540000
2141	-28.424618	2.248000	19.570000
2142	-28.214618	2.248000	19.550000
2143	-28.154618	2.250000	19.500000
2144	-28.094618	2.250000	19.380000
2145	-28.074618	2.252000	19.340000
2146	-27.974618	2.252000	19.320000
2147	-27.924618	2.252000	19.450000
2148	-27.874618	2.254000	19.390000
2149	-27.764618	2.256000	19.300000
2150	-27.734618	2.256000	19.350000
2151	-27.614618	2.258000	19.390000
2152	-27.304618	2.258000	19.570000
2153	-27.174618	2.258000	19.470000
2154	-27.054618	2.260000	19.610000
2155	-27.034618	2.262000	19.410000
2156	-26.964618	2.262000	19.530000
2157	-26.954618	2.264000	19.370000
2158	-26.904618	2.264000	19.430000
2159	-26.884618	2.266000	19.580000
2160	-26.804618	2.268000	19.460000
2161	-26.794618	2.268000	19.400000
2162	-26.714618	2.268000	19.540000
2163	-26.454618	2.270000	19.740000
2164	-26.444618	2.272000	19.650000
2165	-26.234618	2.272000	19.560000
2166	-26.224618	2.274000	19.560000
2167	-26.214618	2.276000	19.740000
2168	-26.204618	2.276000	19.480000
2169	-26.164618	2.276000	19.540000
2170	-26.034618	2.278000	19.650000
2171	-26.004618	2.280000	19.570000
2172	-26.004618	2.280000	19.700000
2173	-25.904618	2.280000	19.680000
2174	-25.874618	2.282000	19.520000
2175	-25.874618	2.284000	19.680000
2176	-25.704618	2.284000	19.610000
2177	-25.584618	2.286000	19.710000
2178	-25.564618	2.288000	19.460000
2179	-25.484618	2.288000	19.670000
2180	-25.404618	2.289000	19.920000
2181	-25.164618	2.289000	19.610000
2182	-25.154618	2.289000	19.590000
2183	-25.154618	2.291000	19.670000
2184	-25.124618	2.291000	19.650000
2185	-24.954618	2.293000	19.680000
2186	-24.954618	2.295000	19.780000
2187	-24.884618	2.295000	19.740000
2188	-24.814618	2.295000	19.600000
2189	-24.784618	2.297000	19.610000
2190	-24.644618	2.299000	19.740000
2191	-24.384618	2.299000	19.780000
2192	-24.354618	2.299000	19.770000
2193	-24.334618	2.301000	19.740000
2194	-24.234618	2.303000	19.740000
2195	-24.194618	2.303000	19.690000
2196	-24.024618	2.303000	19.750000
2197	-24.014618	2.305000	19.640000
2198	-23.994618	2.307000	19.820000
2199	-23.964618	2.307000	19.780000
2200	-23.714618	2.311000	19.880000
2201	-23.674618	2.313000	19.800000
2202	-23.614618	2.313000	19.860000
2203	-23.544618	2.313000	19.740000
2204	-23.364618	2.315000	19.790000
2205	-23.354618	2.315000	19.800000
2206	-23.274618	2.317000	19.730000
2207	-23.104618	2.319000	19.740000
2208	-23.104618	2.321000	19.890000
2209	-23.054618	2.321000	19.730000
2210	-22.944618	2.321000	19.760000
2211	-22.904618	2.323000	19.710000
2212	-22.884618	2.323000	19.830000
2213	-22.674618	2.325000	19.680000
2214	-22.434618	2.327000	19.850000
2215	-22.404618	2.327000	19.740000
2216	-22.254618	2.329000	19.690000
2217	-22.104618	2.329000	19.840000
2218	-21.934618	2.330000	19.910000
2219	-21.924618	2.330000	19.780000
2220	-21.794618	2.332000	19.820000
2221	-21.724618	2.334000	19.900000
2222	-21.654618	2.334000	19.840000
2223	-21.644618	2.336000	19.830000
2224	-21.554618	2.336000	19.750000
2225	-21.554618	2.338000	19.950000
2226	-21.544618	2.338000	19.740000
2227	-21.444618	2.340000	19.850000
2228	-21.284618	2.342000	19.960000
2229	-21.134618	2.342000	19.860000
2230	-21.104618	2.344000	19.860000
2231	-21.074618	2.344000	20.030000
2232	-21.034618	2.346000	19.810000
2233	-21.004618	2.346000	20.000000
2234	-20.874618	2.346000	19.920000
2235	-20.864618	2.348000	19.950000
2236	-20.844618	2.350000	19.980000
2237	-20.824618	2.350000	20.010000
2238	-20.744618	2.352000	19.890000
2239	-20.704618	2.352000	19.850000
2240	-20.684618	2.352000	19.950000
2241	-20.644618	2.354000	19.950000
2242	-20.614618	2.354000	19.880000
2243	-20.594618	2.356000	19.880000
2244	-20.564618	2.356000	20.020000
2245	-20.434618	2.360000	19.870000
2246	-20.394618	2.360000	20.130000
2247	-20.044618	2.360000	20.030000
2248	-19.914618	2.362000	20.000000
2249	-19.874618	2.362000	20.070000
2250	-19.804618	2.364000	19.930000
2251	-19.714618	2.366000	19.970000
2252	-19.684618	2.366000	20.020000
2253	-19.674618	2.368000	20.010000
2254	-19.554618	2.368000	20.050000
2255	-19.504618	2.368000	20.140000
2256	-19.484618	2.370000	20.070000
2257	-19.414618	2.370000	19.990000
2258	-19.164618	2.372000	19.960000
2259	-19.044618	2.373000	20.060000
2260	-19.024618	2.373000	20.060000
2261	-19.004618	2.375000	19.990000
2262	-18.854618	2.375000	20.170000
2263	-18.584618	2.377000	19.870000
2264	-18.574618	2.377000	20.080000
2265	-18.544618	2.379000	20.050000
2266	-18.534618	2.379000	20.080000
2267	-18.494618	2.381000	20.160000
2268	-18.444618	2.381000	20.210000
2269	-18.314618	2.383000	20.030000
2270	-18.254618	2.383000	20.180000
2271	-18.144618	2.383000	20.050000
2272	-18.084618	2.385000	20.190000
2273	-18.074618	2.385000	20.100000
2274	-18.044618	2.387000	20.220000
2275	-17.894618	2.389000	20.150000
2276	-17.614618	2.391000	20.170000
2277	-17.514618	2.391000	20.170000
2278	-17.424618	2.391000	20.270000
2279	-17.414618	2.395000	20.190000
2280	-17.394618	2.397000	20.150000
2281	-17.354618	2.397000	20.290000
2282	-17.164618	2.399000	20.310000
2283	-17.144618	2.399000	20.300000
2284	-17.054618	2.399000	20.350000
2285	-17.004618	2.401000	20.140000
2286	-16.924618	2.401000	20.200000
2287	-16.914618	2.403000	20.250000
2288	-16.804618	2.405000	20.380000
2289	-16.634618	2.405000	20.250000
2290	-16.604618	2.405000	20.230000
2291	-16.554618	2.407000	20.230000
2292	-16.544618	2.409000	20.230000
2293	-16.434618	2.409000	20.210000
2294	-16.214618	2.409000	20.190000
2295	-16.194618	2.411000	20.260000
2296	-16.124618	2.413000	20.240000
2297	-16.114618	2.414000	20.290000
2298	-15.654618	2.414000	20.420000
2299	-15.614618	2.414000	20.410000
2300	-15.494618	2.416000	20.390000
2301	-15.294618	2.416000	20.320000
2302	-15.264618	2.418000	20.350000
2303	-15.114618	2.420000	20.430000
2304	-15.094618	2.418000	20.230000
2305	-15.074618	2.420000	20.170000
2306	-15.054618	2.422000	20.280000
2307	-15.014618	2.424000	20.330000
2308	-14.784618	2.424000	20.410000
2309	-14.754618	2.424000	20.340000
2310	-14.724618	2.426000	20.340000
2311	-14.694618	2.428000	20.370000
2312	-14.674618	2.428000	20.330000
2313	-14.604618	2.430000	20.260000
2314	-14.544618	2.430000	20.400000
2315	-14.464618	2.432000	20.270000
2316	-14.444618	2.432000	20.480000
2317	-14.434618	2.432000	20.430000
2318	-14.434618	2.434000	20.450000
2319	-14.234618	2.436000	20.460000
2320	-14.194618	2.436000	20.150000
2321	-14.074618	2.436000	20.410000
2322	-14.074618	2.438000	20.410000
2323	-14.024618	2.440000	20.370000
2324	-14.014618	2.440000	20.450000
2325	-13.994618	2.440000	20.370000
2326	-13.984618	2.442000	20.370000
2327	-13.794618	2.444000	20.410000
2328	-13.704618	2.444000	20.470000
2329	-13.594618	2.446000	20.740000
2330	-13.404618	2.446000	20.350000
2331	-13.164618	2.446000	20.480000
2332	-13.134618	2.448000	20.820000
2333	-12.924618	2.448000	20.700000
2334	-12.894618	2.450000	20.530000
2335	-12.884618	2.452000	20.640000
2336	-12.804618	2.452000	20.570000
2337	-12.774618	2.454000	20.590000
2338	-12.654618	2.456000	20.800000
2339	-12.534618	2.456000	20.750000
2340	-12.494618	2.456000	20.710000
2341	-12.454618	2.457000	20.690000
2342	-12.334618	2.459000	20.470000
2343	-12.304618	2.459000	20.640000
2344	-12.234618	2.461000	20.620000
2345	-12.114618	2.461000	20.660000
2346	-12.054618	2.463000	20.640000
2347	-12.024618	2.463000	20.610000
2348	-11.894618	2.465000	20.750000
2349	-11.834618	2.467000	20.660000
2350	-11.824618	2.467000	20.730000
2351	-11.814618	2.467000	20.610000
2352	-11.744618	2.469000	20.620000
2353	-11.714618	2.471000	20.750000
2354	-11.574618	2.471000	20.630000
2355	-11.504618	2.471000	20.710000
2356	-11.464618	2.475000	20.570000
2357	-11.444618	2.475000	20.540000
2358	-11.434618	2.477000	20.800000
2359	-11.174618	2.479000	20.630000
2360	-11.164618	2.479000	20.660000
2361	-11.124618	2.481000	20.870000
2362	-10.934618	2.483000	20.640000
2363	-10.804618	2.481000	20.830000
2364	-10.774618	2.485000	20.850000
2365	-10.764618	2.485000	20.720000
2366	-10.734618	2.485000	20.930000
2367	-10.704618	2.487000	20.780000
2368	-10.664618	2.487000	20.600000
2369	-10.644618	2.489000	20.710000
2370	-10.584618	2.491000	20.710000
2371	-10.564618	2.491000	20.750000
2372	-10.494618	2.493000	20.750000
2373	-10.374618	2.493000	20.780000
2374	-10.314618	2.493000	20.710000
2375	-9.954618	2.495000	20.750000
2376	-9.634618	2.495000	20.760000
2377	-9.514618	2.497000	20.720000
2378	-9.504618	2.498000	20.810000
2379	-9.354618	2.498000	20.810000
2380	-9.224618	2.500000	20.980000
2381	-9.214618	2.500000	20.850000
2382	-9.164618	2.500000	20.840000
2383	-9.084618	2.502000	20.880000
2384	-8.694618	2.502000	20.890000
2385	-8.654618	2.504000	21.040000
2386	-8.654618	2.504000	21.050000
2387	-8.654618	2.508000	20.990000
2388	-8.644618	2.508000	20.790000
2389	-8.624618	2.508000	20.940000
2390	-8.534618	2.510000	20.910000
2391	-8.494618	2.510000	20.900000
2392	-8.434618	2.512000	20.800000
2393	-8.274618	2.514000	20.850000
2394	-8.234618	2.514000	20.950000
2395	-8.194618	2.514000	21.030000
2396	-8.184618	2.516000	20.610000
2397	-8.174618	2.516000	20.980000
2398	-8.164618	2.518000	20.910000
2399	-8.074618	2.518000	20.890000
2400	-8.064618	2.520000	21.000000
2401	-7.874618	2.522000	20.880000
2402	-7.834618	2.522000	20.870000
2403	-7.824618	2.524000	21.140000
2404	-7.654618	2.524000	20.910000
2405	-7.654618	2.524000	21.150000
2406	-7.544618	2.528000	20.980000
2407	-7.454618	2.528000	20.880000
2408	-7.354618	2.530000	20.990000
2409	-7.354618	2.530000	20.960000
2410	-7.204618	2.532000	20.910000
2411	-7.174618	2.532000	21.080000
2412	-7.144618	2.532000	21.000000
2413	-7.134618	2.534000	21.110000
2414	-7.114618	2.534000	21.050000
2415	-7.104618	2.536000	21.120000
2416	-7.094618	2.536000	21.160000
2417	-7.084618	2.538000	21.020000
2418	-6.744618	2.539000	21.050000
2419	-6.634618	2.539000	21.130000
2420	-6.614618	2.539000	21.060000
2421	-6.474618	2.541000	20.960000
2422	-6.444618	2.541000	21.050000
2423	-6.434618	2.543000	21.200000
2424	-6.424618	2.543000	21.070000
2425	-6.194618	2.543000	21.070000
2426	-6.164618	2.547000	20.980000
2427	-6.164618	2.547000	21.080000
2428	-5.904618	2.549000	21.160000
2429	-5.694618	2.549000	21.130000
2430	-5.604618	2.551000	21.110000
2431	-5.574618	2.553000	21.190000
2432	-5.304618	2.553000	21.200000
2433	-5.274618	2.555000	21.200000
2434	-5.214618	2.555000	20.980000
2435	-5.164618	2.555000	21.130000
2436	-5.094618	2.557000	21.130000
2437	-4.984618	2.561000	21.190000
2438	-4.914618	2.561000	21.270000
2439	-4.894618	2.561000	21.210000
2440	-4.864618	2.563000	21.190000
2441	-4.834618	2.565000	21.200000
2442	-4.774618	2.565000	21.220000
2443	-4.594618	2.565000	21.440000
2444	-4.534618	2.567000	21.300000
2445	-4.484618	2.567000	21.160000
2446	-4.414618	2.569000	21.230000
2447	-4.394618	2.571000	21.470000
2448	-4.384618	2.571000	21.290000
2449	-4.274618	2.573000	21.300000
2450	-4.214618	2.573000	21.320000
2451	-4.094618	2.575000	21.240000
2452	-4.064618	2.577000	21.270000
2453	-4.034618	2.577000	21.330000
2454	-3.944618	2.577000	21.190000
2455	-3.884618	2.579000	21.320000
2456	-3.854618	2.580000	21.260000
2457	-3.854618	2.580000	21.440000
2458	-3.764618	2.580000	21.200000
2459	-3.644618	2.582000	21.110000
2460	-3.594618	2.584000	21.310000
2461	-3.534618	2.584000	21.300000
2462	-3.534618	2.586000	21.120000
2463	-3.204618	2.586000	21.270000
2464	-3.144618	2.586000	21.420000
2465	-3.124618	2.588000	21.490000
2466	-3.054618	2.590000	21.230000
2467	-3.004618	2.592000	21.430000
2468	-2.974618	2.592000	21.440000
2469	-2.914618	2.592000	21.190000
2470	-2.854618	2.594000	21.410000
2471	-2.654618	2.596000	21.220000
2472	-2.644618	2.596000	21.340000
2473	-2.614618	2.598000	21.500000
2474	-2.574618	2.598000	21.460000
2475	-2.324618	2.600000	21.480000
2476	-2.284618	2.600000	21.360000
2477	-2.264618	2.602000	21.420000
2478	-2.204618	2.602000	21.320000
2479	-2.174618	2.602000	21.400000
2480	-2.144618	2.604000	21.420000
2481	-1.964618	2.604000	21.390000
2482	-1.904618	2.606000	21.270000
2483	-1.784618	2.608000	21.380000
2484	-1.724618	2.606000	21.490000
2485	-1.694618	2.606000	21.430000
2486	-1.694618	2.610000	21.400000
2487	-1.574618	2.612000	21.370000
2488	-1.134618	2.612000	21.570000
2489	-0.924618	2.612000	21.410000
2490	-0.724618	2.614000	21.360000
2491	-0.574618	2.616000	21.380000
2492	-0.514618	2.616000	21.480000
2493	-0.484618	2.618000	21.550000
2494	-0.424618	2.618000	21.520000
2495	-0.334618	2.618000	21.550000
2496	-0.194618	2.620000	21.540000
2497	-0.094618	2.622000	21.550000
2498	0.035382	2.623000	21.580000
2499	0.105382	2.623000	21.490000
2500	0.105382	2.623000	21.530000
2501	0.175382	2.625000	21.470000
2502	0.365382	2.627000	21.530000
2503	0.405382	2.627000	21.500000
2504	0.425382	2.627000	21.510000
