1	-191.153403	0.000000	9.680000
2	-190.933403	0.000000	9.680000
3	-190.913403	0.000000	9.530000
4	-190.853403	0.002000	9.730000
5	-190.583403	0.004000	9.570000
6	-190.293403	0.004000	9.850000
7	-190.273403	0.004000	9.450000
8	-190.263403	0.006000	9.530000
9	-190.203403	0.008000	9.470000
10	-190.203403	0.008000	9.480000
11	-190.053403	0.010000	9.480000
12	-189.613403	0.010000	9.520000
13	-189.493403	0.012000	9.530000
14	-189.483403	0.012000	9.470000
15	-189.293403	0.014000	9.870000
16	-189.233403	0.016000	9.400000
17	-189.023403	0.016000	9.580000
18	-188.943403	0.018000	9.560000
19	-188.843403	0.018000	9.390000
20	-188.643403	0.020000	9.580000
21	-188.633403	0.020000	9.660000
22	-188.533403	0.020000	9.620000
23	-188.473403	0.022000	9.800000
24	-188.413403	0.024000	10.160000
25	-188.393403	0.024000	9.880000
26	-188.253403	0.026000	9.380000
27	-188.143403	0.026000	9.690000
28	-188.063403	0.028000	9.730000
29	-188.003403	0.028000	9.530000
30	-188.003403	0.028000	9.490000
31	-188.003403	0.030000	9.680000
32	-187.973403	0.030000	9.490000
33	-187.973403	0.034000	9.920000
34	-187.943403	0.034000	9.610000
35	-187.923403	0.036000	9.880000
36	-187.873403	0.036000	9.600000
37	-187.583403	0.036000	9.580000
38	-187.233403	0.038000	9.670000
39	-187.223403	0.040000	9.490000
40	-187.213403	0.040000	9.450000
41	-187.193403	0.041000	9.700000
42	-187.183403	0.041000	9.520000
43	-187.143403	0.043000	9.620000
44	-187.033403	0.043000	9.670000
45	-186.973403	0.043000	9.590000
46	-186.953403	0.045000	9.620000
47	-186.713403	0.045000	9.710000
48	-186.643403	0.045000	9.730000
49	-186.643403	0.049000	9.790000
50	-186.633403	0.049000	9.640000
51	-186.623403	0.051000	9.630000
52	-186.523403	0.051000	9.870000
53	-186.513403	0.053000	9.530000
54	-186.363403	0.055000	9.800000
55	-186.143403	0.055000	9.840000
56	-186.013403	0.057000	9.890000
57	-185.893403	0.057000	9.780000
58	-185.773403	0.059000	9.420000
59	-185.733403	0.059000	9.810000
60	-185.703403	0.063000	9.900000
61	-185.573403	0.063000	9.580000
62	-185.533403	0.065000	9.950000
63	-185.483403	0.065000	9.740000
64	-185.463403	0.067000	9.770000
65	-185.413403	0.067000	9.870000
66	-185.383403	0.069000	9.760000
67	-185.113403	0.069000	9.790000
68	-185.103403	0.071000	9.790000
69	-185.093403	0.071000	9.920000
70	-184.893403	0.073000	10.340000
71	-184.873403	0.073000	9.530000
72	-184.723403	0.075000	9.940000
73	-184.683403	0.075000	9.840000
74	-184.573403	0.077000	9.950000
75	-184.553403	0.079000	9.790000
76	-184.523403	0.079000	9.800000
77	-184.363403	0.081000	9.920000
78	-184.323403	0.081000	9.920000
79	-184.293403	0.082000	9.860000
80	-184.273403	0.082000	9.950000
81	-184.273403	0.084000	9.930000
82	-184.253403	0.084000	10.160000
83	-184.143403	0.086000	9.930000
84	-184.123403	0.088000	10.100000
85	-184.073403	0.088000	9.930000
86	-183.983403	0.090000	10.170000
87	-183.923403	0.090000	9.910000
88	-183.853403	0.092000	9.810000
89	-183.773403	0.092000	10.080000
90	-183.693403	0.092000	10.030000
91	-183.623403	0.092000	9.780000
92	-183.473403	0.096000	9.820000
93	-183.463403	0.098000	9.910000
94	-183.283403	0.098000	9.840000
95	-183.153403	0.100000	9.780000
96	-182.993403	0.100000	9.970000
97	-182.943403	0.102000	10.160000
98	-182.893403	0.102000	9.900000
99	-182.873403	0.104000	9.870000
100	-182.813403	0.104000	9.860000
101	-182.773403	0.106000	9.940000
102	-182.703403	0.106000	9.920000
103	-182.593403	0.108000	9.860000
104	-182.543403	0.108000	10.100000
105	-182.333403	0.110000	9.780000
106	-182.323403	0.110000	9.810000
107	-182.283403	0.112000	10.010000
108	-182.253403	0.112000	9.890000
109	-182.093403	0.114000	9.890000
110	-182.073403	0.114000	10.020000
111	-181.953403	0.116000	9.990000
112	-181.883403	0.116000	10.120000
113	-181.883403	0.118000	9.920000
114	-181.873403	0.118000	9.770000
115	-181.863403	0.120000	10.150000
116	-181.823403	0.120000	10.110000
117	-181.813403	0.122000	9.750000
118	-181.723403	0.122000	9.900000
119	-181.683403	0.124000	10.390000
120	-181.433403	0.124000	10.190000
121	-181.363403	0.125000	10.020000
122	-181.343403	0.125000	10.110000
123	-181.333403	0.127000	9.950000
124	-181.283403	0.127000	10.150000
125	-181.253403	0.129000	10.130000
126	-181.163403	0.129000	9.910000
127	-181.093403	0.131000	10.070000
128	-181.073403	0.131000	10.020000
129	-180.933403	0.135000	10.040000
130	-180.683403	0.135000	10.090000
131	-180.673403	0.135000	10.320000
132	-180.663403	0.135000	10.190000
133	-180.633403	0.137000	10.170000
134	-180.533403	0.139000	10.110000
135	-180.503403	0.139000	10.120000
136	-180.393403	0.141000	10.230000
137	-180.193403	0.141000	10.360000
138	-180.003403	0.143000	9.900000
139	-179.893403	0.143000	9.980000
140	-179.873403	0.145000	10.050000
141	-179.853403	0.147000	9.960000
142	-179.853403	0.149000	9.920000
143	-179.813403	0.149000	10.200000
144	-179.763403	0.151000	10.110000
145	-179.693403	0.151000	10.200000
146	-179.663403	0.153000	10.160000
147	-179.643403	0.153000	10.230000
148	-179.583403	0.153000	10.130000
149	-179.363403	0.155000	10.030000
150	-179.313403	0.155000	10.300000
151	-179.033403	0.155000	9.940000
152	-178.853403	0.157000	10.030000
153	-178.803403	0.159000	10.170000
154	-178.753403	0.161000	10.090000
155	-178.713403	0.161000	10.280000
156	-178.533403	0.161000	10.110000
157	-178.513403	0.163000	10.250000
158	-178.443403	0.165000	10.190000
159	-178.293403	0.165000	10.240000
160	-178.273403	0.166000	10.070000
161	-178.253403	0.166000	10.190000
162	-178.243403	0.168000	10.170000
163	-178.193403	0.168000	10.180000
164	-178.153403	0.168000	10.240000
165	-178.103403	0.170000	10.010000
166	-178.083403	0.172000	10.520000
167	-177.953403	0.172000	10.060000
168	-177.933403	0.174000	10.080000
169	-177.933403	0.174000	10.170000
170	-177.923403	0.176000	10.260000
171	-177.713403	0.176000	10.410000
172	-177.633403	0.176000	10.840000
173	-177.613403	0.178000	10.270000
174	-177.323403	0.180000	9.990000
175	-177.283403	0.182000	10.310000
176	-177.273403	0.182000	10.170000
177	-177.213403	0.184000	10.140000
178	-177.043403	0.184000	10.190000
179	-177.003403	0.184000	10.300000
180	-176.943403	0.186000	10.310000
181	-176.903403	0.188000	10.410000
182	-176.853403	0.188000	10.630000
183	-176.723403	0.190000	10.210000
184	-176.593403	0.192000	10.470000
185	-176.583403	0.192000	10.700000
186	-176.553403	0.192000	10.190000
187	-176.403403	0.194000	10.210000
188	-176.363403	0.196000	10.310000
189	-176.293403	0.196000	10.170000
190	-176.233403	0.198000	10.280000
191	-176.213403	0.198000	10.250000
192	-176.123403	0.200000	10.460000
193	-176.043403	0.200000	10.330000
194	-176.023403	0.200000	10.260000
195	-175.953403	0.202000	10.300000
196	-175.913403	0.204000	10.360000
197	-175.863403	0.204000	10.350000
198	-175.773403	0.206000	10.190000
199	-175.633403	0.206000	10.410000
200	-175.283403	0.208000	10.450000
201	-175.283403	0.208000	10.560000
202	-175.273403	0.208000	10.540000
203	-175.263403	0.211000	10.190000
204	-175.113403	0.211000	10.210000
205	-175.063403	0.213000	10.420000
206	-175.043403	0.213000	10.340000
207	-175.033403	0.215000	10.310000
208	-174.913403	0.215000	10.490000
209	-174.893403	0.215000	10.340000
210	-174.893403	0.217000	10.470000
211	-174.833403	0.219000	10.500000
212	-174.713403	0.219000	10.520000
213	-174.683403	0.221000	10.420000
214	-174.503403	0.221000	10.870000
215	-174.473403	0.223000	10.450000
216	-174.463403	0.223000	10.390000
217	-174.423403	0.223000	10.400000
218	-174.303403	0.225000	11.010000
219	-174.293403	0.227000	10.410000
220	-174.283403	0.227000	10.540000
221	-174.083403	0.229000	10.460000
222	-173.403403	0.231000	10.430000
223	-173.223403	0.233000	10.380000
224	-173.113403	0.235000	10.440000
225	-173.113403	0.235000	10.450000
226	-173.023403	0.237000	10.350000
227	-172.953403	0.237000	10.550000
228	-172.883403	0.239000	10.690000
229	-172.863403	0.239000	10.780000
230	-172.863403	0.241000	10.350000
231	-172.833403	0.241000	10.560000
232	-172.733403	0.243000	10.380000
233	-172.623403	0.245000	10.270000
234	-172.543403	0.245000	10.570000
235	-172.463403	0.247000	10.290000
236	-172.393403	0.247000	10.480000
237	-172.363403	0.249000	10.740000
238	-172.353403	0.249000	10.320000
239	-172.333403	0.250000	10.480000
240	-172.333403	0.250000	10.520000
241	-172.303403	0.252000	10.810000
242	-172.213403	0.252000	10.560000
243	-172.163403	0.254000	10.550000
244	-172.123403	0.254000	10.560000
245	-172.123403	0.256000	10.650000
246	-172.103403	0.256000	10.340000
247	-172.073403	0.258000	10.850000
248	-172.073403	0.258000	10.600000
249	-172.063403	0.260000	10.600000
250	-172.063403	0.260000	10.620000
251	-172.053403	0.262000	10.440000
252	-171.963403	0.264000	10.760000
253	-171.883403	0.264000	10.700000
254	-171.843403	0.266000	10.650000
255	-171.813403	0.266000	10.880000
256	-171.673403	0.268000	10.780000
257	-171.473403	0.268000	10.540000
258	-171.323403	0.270000	10.600000
259	-171.293403	0.270000	10.600000
260	-171.263403	0.272000	10.660000
261	-171.183403	0.272000	10.690000
262	-171.143403	0.274000	10.650000
263	-170.813403	0.276000	10.650000
264	-170.723403	0.276000	10.730000
265	-170.713403	0.278000	10.600000
266	-170.703403	0.278000	10.520000
267	-170.673403	0.280000	10.720000
268	-170.293403	0.280000	10.980000
269	-170.283403	0.280000	10.480000
270	-170.263403	0.282000	10.590000
271	-170.263403	0.284000	10.810000
272	-170.233403	0.286000	10.860000
273	-170.203403	0.286000	10.680000
274	-170.183403	0.288000	10.610000
275	-170.173403	0.288000	10.760000
276	-170.113403	0.290000	10.720000
277	-170.073403	0.290000	10.770000
278	-170.033403	0.291000	10.900000
279	-169.993403	0.291000	10.720000
280	-169.973403	0.293000	11.100000
281	-169.963403	0.293000	10.690000
282	-169.803403	0.295000	10.920000
283	-169.683403	0.295000	10.800000
284	-169.663403	0.297000	10.530000
285	-169.463403	0.297000	10.770000
286	-169.223403	0.299000	11.150000
287	-169.163403	0.299000	10.840000
288	-169.123403	0.301000	10.860000
289	-168.683403	0.301000	10.850000
290	-168.663403	0.303000	10.720000
291	-168.503403	0.303000	10.890000
292	-168.453403	0.305000	10.990000
293	-168.433403	0.305000	10.880000
294	-168.393403	0.307000	10.890000
295	-168.333403	0.307000	10.930000
296	-168.313403	0.309000	10.830000
297	-168.213403	0.309000	10.980000
298	-168.123403	0.313000	10.810000
299	-168.103403	0.313000	10.860000
300	-167.963403	0.315000	10.930000
301	-167.943403	0.315000	10.820000
302	-167.903403	0.317000	10.800000
303	-167.883403	0.317000	10.950000
304	-167.883403	0.319000	10.900000
305	-167.843403	0.321000	10.880000
306	-167.633403	0.321000	10.800000
307	-167.623403	0.323000	10.880000
308	-167.513403	0.323000	11.070000
309	-167.463403	0.325000	11.060000
310	-167.313403	0.325000	10.930000
311	-167.283403	0.327000	10.910000
312	-167.153403	0.329000	10.840000
313	-167.073403	0.329000	10.940000
314	-166.633403	0.331000	11.000000
315	-166.363403	0.331000	11.020000
316	-166.363403	0.332000	10.860000
317	-166.233403	0.332000	10.890000
318	-166.133403	0.332000	10.980000
319	-166.093403	0.334000	10.950000
320	-166.063403	0.336000	11.250000
321	-166.013403	0.338000	10.880000
322	-165.973403	0.338000	10.790000
323	-165.943403	0.340000	10.940000
324	-165.943403	0.340000	11.080000
325	-165.913403	0.340000	10.990000
326	-165.803403	0.342000	10.960000
327	-165.683403	0.344000	11.080000
328	-165.633403	0.342000	10.920000
329	-165.623403	0.346000	10.980000
330	-165.623403	0.348000	11.030000
331	-165.583403	0.348000	11.190000
332	-165.543403	0.348000	10.860000
333	-165.533403	0.350000	10.990000
334	-165.463403	0.352000	10.870000
335	-165.463403	0.352000	11.120000
336	-165.433403	0.354000	11.010000
337	-165.293403	0.354000	10.970000
338	-165.203403	0.356000	11.080000
339	-165.203403	0.356000	11.220000
340	-165.123403	0.358000	10.960000
341	-164.783403	0.360000	11.010000
342	-164.693403	0.360000	10.940000
343	-164.653403	0.362000	10.990000
344	-164.653403	0.362000	11.200000
345	-164.573403	0.364000	11.240000
346	-164.333403	0.364000	11.160000
347	-164.313403	0.366000	11.190000
348	-164.253403	0.366000	11.340000
349	-164.233403	0.368000	11.210000
350	-164.203403	0.370000	10.970000
351	-164.183403	0.370000	11.360000
352	-164.183403	0.372000	10.950000
353	-163.883403	0.372000	10.960000
354	-163.883403	0.372000	11.140000
355	-163.883403	0.374000	11.470000
356	-163.763403	0.375000	11.130000
357	-163.653403	0.375000	10.980000
358	-163.623403	0.375000	11.290000
359	-163.563403	0.377000	11.100000
360	-163.553403	0.379000	10.970000
361	-163.513403	0.379000	11.080000
362	-162.973403	0.379000	11.210000
363	-162.883403	0.381000	11.240000
364	-162.823403	0.383000	11.240000
365	-162.703403	0.383000	11.230000
366	-162.613403	0.385000	11.100000
367	-162.613403	0.385000	11.250000
368	-162.613403	0.387000	11.250000
369	-162.603403	0.389000	10.980000
370	-162.603403	0.389000	11.030000
371	-162.563403	0.391000	11.250000
372	-162.533403	0.391000	11.250000
373	-162.513403	0.393000	11.450000
374	-162.493403	0.393000	11.120000
375	-162.483403	0.397000	11.250000
376	-162.353403	0.397000	11.240000
377	-162.323403	0.399000	11.150000
378	-162.293403	0.399000	11.200000
379	-162.283403	0.401000	11.340000
380	-162.193403	0.401000	11.170000
381	-162.103403	0.403000	11.240000
382	-162.033403	0.403000	11.190000
383	-161.943403	0.405000	11.250000
384	-161.803403	0.405000	11.240000
385	-161.693403	0.407000	11.430000
386	-161.653403	0.407000	11.170000
387	-161.373403	0.409000	11.340000
388	-161.323403	0.409000	11.320000
389	-161.293403	0.411000	11.620000
390	-161.163403	0.413000	11.120000
391	-161.163403	0.413000	11.340000
392	-161.133403	0.415000	11.360000
393	-160.863403	0.415000	11.270000
394	-160.723403	0.416000	11.530000
395	-160.693403	0.416000	11.240000
396	-160.633403	0.418000	11.280000
397	-160.523403	0.418000	11.280000
398	-160.513403	0.420000	11.390000
399	-160.483403	0.420000	11.270000
400	-160.463403	0.422000	11.220000
401	-160.333403	0.422000	11.190000
402	-160.183403	0.424000	11.120000
403	-160.183403	0.424000	11.530000
404	-160.083403	0.426000	11.390000
405	-160.033403	0.426000	11.420000
406	-160.013403	0.428000	11.400000
407	-160.013403	0.428000	11.310000
408	-159.903403	0.430000	11.320000
409	-159.783403	0.430000	11.300000
410	-159.643403	0.432000	11.250000
411	-159.583403	0.432000	11.260000
412	-159.563403	0.434000	11.350000
413	-159.543403	0.434000	11.170000
414	-159.413403	0.436000	11.380000
415	-159.393403	0.436000	11.240000
416	-159.393403	0.438000	11.400000
417	-159.263403	0.438000	11.330000
418	-159.233403	0.440000	11.520000
419	-159.163403	0.440000	11.460000
420	-159.013403	0.442000	11.310000
421	-158.993403	0.442000	11.300000
422	-158.913403	0.444000	11.390000
423	-158.783403	0.444000	11.560000
424	-158.753403	0.446000	11.670000
425	-158.673403	0.446000	11.520000
426	-158.663403	0.448000	11.250000
427	-158.613403	0.448000	11.280000
428	-158.603403	0.450000	11.460000
429	-158.523403	0.450000	11.500000
430	-158.503403	0.452000	11.370000
431	-158.483403	0.452000	11.610000
432	-158.423403	0.454000	11.360000
433	-158.283403	0.454000	11.320000
434	-158.253403	0.456000	11.470000
435	-158.203403	0.456000	11.520000
436	-158.163403	0.458000	11.670000
437	-158.123403	0.458000	11.610000
438	-158.053403	0.459000	11.600000
439	-158.003403	0.459000	11.540000
440	-157.943403	0.461000	11.390000
441	-157.873403	0.463000	11.540000
442	-157.813403	0.463000	11.530000
443	-157.773403	0.465000	11.350000
444	-157.643403	0.465000	11.480000
445	-157.643403	0.467000	11.530000
446	-157.623403	0.467000	11.370000
447	-157.573403	0.469000	11.620000
448	-157.423403	0.469000	11.820000
449	-157.373403	0.471000	11.590000
450	-157.373403	0.471000	11.530000
451	-157.043403	0.473000	11.630000
452	-156.773403	0.473000	11.500000
453	-156.733403	0.475000	11.590000
454	-156.553403	0.475000	11.590000
455	-156.503403	0.477000	11.650000
456	-156.443403	0.477000	11.510000
457	-156.443403	0.481000	11.440000
458	-156.283403	0.481000	11.640000
459	-156.183403	0.481000	11.630000
460	-156.133403	0.485000	11.940000
461	-156.063403	0.485000	11.700000
462	-156.043403	0.487000	11.760000
463	-156.003403	0.487000	11.730000
464	-155.913403	0.489000	11.590000
465	-155.833403	0.489000	11.580000
466	-155.763403	0.489000	11.740000
467	-155.673403	0.491000	11.520000
468	-155.583403	0.493000	11.660000
469	-155.553403	0.493000	11.510000
470	-155.413403	0.495000	11.480000
471	-155.353403	0.495000	11.650000
472	-155.323403	0.497000	11.690000
473	-155.013403	0.497000	11.610000
474	-155.003403	0.497000	11.660000
475	-154.973403	0.499000	11.530000
476	-154.873403	0.500000	11.770000
477	-154.843403	0.500000	11.550000
478	-154.663403	0.502000	11.740000
479	-154.663403	0.502000	12.000000
480	-154.653403	0.504000	11.780000
481	-154.623403	0.504000	11.760000
482	-154.593403	0.506000	11.880000
483	-154.573403	0.508000	11.590000
484	-154.553403	0.508000	11.510000
485	-154.493403	0.510000	11.720000
486	-154.423403	0.510000	11.980000
487	-154.393403	0.512000	11.820000
488	-154.393403	0.512000	11.740000
489	-154.243403	0.512000	11.670000
490	-154.243403	0.514000	11.820000
491	-154.173403	0.516000	11.740000
492	-154.173403	0.516000	11.670000
493	-154.023403	0.518000	11.690000
494	-153.833403	0.518000	11.660000
495	-153.653403	0.520000	11.770000
496	-153.573403	0.520000	11.800000
497	-153.563403	0.520000	11.590000
498	-153.303403	0.522000	11.780000
499	-153.223403	0.526000	11.890000
500	-153.043403	0.526000	11.890000
501	-152.953403	0.526000	11.770000
502	-152.813403	0.528000	11.750000
503	-152.373403	0.528000	11.910000
504	-152.363403	0.528000	11.790000
505	-152.363403	0.530000	11.980000
506	-152.323403	0.532000	11.910000
507	-152.233403	0.532000	11.880000
508	-152.223403	0.534000	12.050000
509	-152.213403	0.534000	12.000000
510	-152.073403	0.536000	11.580000
511	-152.073403	0.536000	12.060000
512	-152.043403	0.538000	11.820000
513	-151.913403	0.540000	11.890000
514	-151.873403	0.540000	12.030000
515	-151.743403	0.541000	11.890000
516	-151.703403	0.541000	11.890000
517	-151.683403	0.543000	11.780000
518	-151.613403	0.543000	12.060000
519	-151.613403	0.543000	12.060000
520	-151.583403	0.545000	11.900000
521	-151.553403	0.547000	11.810000
522	-151.513403	0.547000	11.780000
523	-151.383403	0.549000	11.890000
524	-151.373403	0.549000	11.810000
525	-151.363403	0.551000	12.130000
526	-151.303403	0.551000	12.160000
527	-151.233403	0.551000	11.890000
528	-151.223403	0.553000	12.080000
529	-151.053403	0.555000	11.890000
530	-150.983403	0.555000	11.930000
531	-150.963403	0.557000	11.960000
532	-150.933403	0.557000	11.860000
533	-150.803403	0.559000	11.940000
534	-150.713403	0.559000	11.940000
535	-150.693403	0.563000	11.900000
536	-150.283403	0.563000	11.970000
537	-150.233403	0.565000	11.950000
538	-150.143403	0.565000	11.820000
539	-150.103403	0.567000	11.890000
540	-150.053403	0.569000	11.940000
541	-150.003403	0.569000	12.180000
542	-149.933403	0.571000	12.150000
543	-149.903403	0.571000	12.060000
544	-149.853403	0.573000	11.930000
545	-149.843403	0.573000	11.960000
546	-149.583403	0.575000	11.950000
547	-149.543403	0.575000	12.010000
548	-149.513403	0.577000	11.880000
549	-149.373403	0.577000	12.140000
550	-149.203403	0.579000	12.350000
551	-149.183403	0.579000	11.950000
552	-149.143403	0.581000	11.960000
553	-149.123403	0.581000	11.950000
554	-148.943403	0.582000	12.240000
555	-148.833403	0.582000	12.250000
556	-148.783403	0.584000	12.150000
557	-148.693403	0.584000	12.230000
558	-148.603403	0.588000	12.050000
559	-148.373403	0.588000	12.290000
560	-148.343403	0.588000	11.990000
561	-148.283403	0.590000	11.890000
562	-148.253403	0.590000	11.950000
563	-148.253403	0.592000	12.030000
564	-148.223403	0.592000	12.050000
565	-148.183403	0.594000	12.210000
566	-148.063403	0.594000	12.020000
567	-148.063403	0.596000	12.320000
568	-148.033403	0.596000	12.330000
569	-147.933403	0.598000	12.010000
570	-147.863403	0.598000	12.090000
571	-147.673403	0.600000	12.200000
572	-147.663403	0.600000	12.240000
573	-147.633403	0.602000	12.260000
574	-147.613403	0.602000	12.460000
575	-147.383403	0.604000	12.240000
576	-147.103403	0.604000	12.200000
577	-147.063403	0.606000	12.080000
578	-147.023403	0.606000	12.170000
579	-147.003403	0.608000	12.110000
580	-146.963403	0.610000	12.170000
581	-146.943403	0.610000	12.050000
582	-146.923403	0.612000	12.050000
583	-146.623403	0.612000	12.360000
584	-146.603403	0.614000	12.310000
585	-146.473403	0.614000	12.190000
586	-146.473403	0.616000	12.430000
587	-146.383403	0.616000	12.240000
588	-146.363403	0.618000	12.290000
589	-146.303403	0.620000	12.250000
590	-146.253403	0.620000	12.270000
591	-146.213403	0.622000	12.240000
592	-146.183403	0.622000	12.230000
593	-146.053403	0.624000	12.450000
594	-146.023403	0.624000	12.360000
595	-146.003403	0.625000	12.230000
596	-145.993403	0.624000	12.100000
597	-145.923403	0.627000	12.190000
598	-145.913403	0.629000	12.250000
599	-145.863403	0.629000	12.210000
600	-145.853403	0.631000	12.390000
601	-145.783403	0.631000	12.390000
602	-145.753403	0.633000	12.260000
603	-145.713403	0.633000	12.150000
604	-145.663403	0.635000	12.170000
605	-145.573403	0.635000	12.270000
606	-145.333403	0.637000	12.260000
607	-145.283403	0.637000	12.500000
608	-144.903403	0.639000	12.550000
609	-144.853403	0.639000	12.380000
610	-144.773403	0.639000	12.390000
611	-144.553403	0.639000	12.530000
612	-144.513403	0.643000	12.400000
613	-144.453403	0.643000	12.480000
614	-144.433403	0.645000	12.600000
615	-144.423403	0.647000	12.690000
616	-144.283403	0.651000	12.550000
617	-144.273403	0.651000	12.260000
618	-144.233403	0.651000	12.370000
619	-144.233403	0.651000	12.390000
620	-144.003403	0.653000	12.540000
621	-143.983403	0.653000	12.440000
622	-143.723403	0.653000	12.390000
623	-143.713403	0.655000	12.430000
624	-143.603403	0.657000	12.350000
625	-143.583403	0.657000	12.410000
626	-143.543403	0.659000	12.440000
627	-143.353403	0.659000	12.700000
628	-143.283403	0.661000	12.540000
629	-143.273403	0.661000	12.580000
630	-143.243403	0.661000	12.800000
631	-143.143403	0.663000	12.470000
632	-143.093403	0.665000	12.480000
633	-142.923403	0.665000	12.610000
634	-142.923403	0.666000	12.470000
635	-142.923403	0.666000	12.560000
636	-142.773403	0.668000	12.310000
637	-142.733403	0.668000	12.600000
638	-142.713403	0.668000	12.460000
639	-142.533403	0.672000	12.630000
640	-142.483403	0.672000	12.490000
641	-142.423403	0.674000	12.320000
642	-142.393403	0.674000	12.500000
643	-142.383403	0.676000	12.370000
644	-142.373403	0.676000	12.520000
645	-142.323403	0.676000	12.340000
646	-142.303403	0.678000	12.590000
647	-142.243403	0.680000	12.350000
648	-142.233403	0.680000	12.570000
649	-142.233403	0.680000	12.450000
650	-142.173403	0.682000	12.610000
651	-142.103403	0.684000	12.600000
652	-141.863403	0.684000	12.500000
653	-141.823403	0.684000	12.390000
654	-141.813403	0.686000	12.450000
655	-141.803403	0.688000	12.450000
656	-141.773403	0.688000	12.700000
657	-141.773403	0.690000	12.300000
658	-141.763403	0.690000	12.530000
659	-141.503403	0.692000	12.480000
660	-141.363403	0.692000	12.720000
661	-141.133403	0.694000	12.810000
662	-141.043403	0.696000	12.730000
663	-140.863403	0.696000	12.630000
664	-140.863403	0.698000	12.700000
665	-140.733403	0.698000	12.730000
666	-140.623403	0.700000	12.550000
667	-140.583403	0.700000	12.610000
668	-140.543403	0.700000	12.620000
669	-140.173403	0.702000	12.680000
670	-140.123403	0.704000	12.840000
671	-140.053403	0.704000	12.750000
672	-139.953403	0.706000	12.820000
673	-139.943403	0.706000	12.800000
674	-139.883403	0.708000	12.760000
675	-139.803403	0.708000	12.800000
676	-139.653403	0.708000	12.760000
677	-139.593403	0.709000	12.540000
678	-139.583403	0.711000	12.630000
679	-139.553403	0.711000	12.580000
680	-139.503403	0.713000	12.630000
681	-139.473403	0.713000	12.900000
682	-139.433403	0.715000	12.750000
683	-139.293403	0.715000	12.620000
684	-139.213403	0.715000	12.780000
685	-139.203403	0.717000	12.900000
686	-139.193403	0.719000	12.670000
687	-139.173403	0.719000	13.020000
688	-139.123403	0.721000	12.840000
689	-139.053403	0.721000	12.970000
690	-138.933403	0.723000	12.830000
691	-138.933403	0.723000	12.820000
692	-138.863403	0.723000	12.680000
693	-138.763403	0.725000	12.810000
694	-138.733403	0.727000	12.710000
695	-138.723403	0.727000	12.840000
696	-138.653403	0.729000	12.980000
697	-138.623403	0.731000	12.960000
698	-138.523403	0.733000	12.690000
699	-138.453403	0.733000	12.940000
700	-138.363403	0.735000	12.760000
701	-138.353403	0.735000	12.850000
702	-138.263403	0.737000	12.720000
703	-138.193403	0.737000	12.820000
704	-138.143403	0.739000	12.910000
705	-138.093403	0.739000	13.120000
706	-137.993403	0.741000	12.780000
707	-137.973403	0.741000	12.830000
708	-137.933403	0.745000	12.820000
709	-137.913403	0.743000	13.060000
710	-137.703403	0.745000	12.950000
711	-137.453403	0.745000	12.940000
712	-137.443403	0.747000	12.770000
713	-137.403403	0.747000	12.880000
714	-137.373403	0.749000	12.920000
715	-137.183403	0.749000	12.840000
716	-136.983403	0.750000	13.030000
717	-136.903403	0.750000	12.900000
718	-136.873403	0.752000	12.920000
719	-136.843403	0.752000	13.000000
720	-136.813403	0.754000	13.030000
721	-136.803403	0.756000	12.970000
722	-136.653403	0.756000	12.920000
723	-136.483403	0.758000	12.830000
724	-136.423403	0.758000	12.970000
725	-136.353403	0.760000	12.940000
726	-136.313403	0.760000	13.010000
727	-136.243403	0.762000	13.010000
728	-136.163403	0.762000	12.970000
729	-136.103403	0.764000	12.970000
730	-136.023403	0.766000	12.880000
731	-136.013403	0.766000	12.960000
732	-135.923403	0.768000	13.100000
733	-135.773403	0.768000	12.860000
734	-135.763403	0.770000	13.100000
735	-135.633403	0.770000	12.860000
736	-135.493403	0.772000	13.060000
737	-135.463403	0.772000	12.960000
738	-135.333403	0.774000	13.060000
739	-135.313403	0.774000	12.880000
740	-135.193403	0.776000	12.970000
741	-135.173403	0.776000	12.970000
742	-135.123403	0.778000	13.030000
743	-135.123403	0.778000	13.350000
744	-134.983403	0.780000	13.010000
745	-134.873403	0.780000	13.130000
746	-134.853403	0.782000	13.010000
747	-134.733403	0.782000	13.290000
748	-134.723403	0.784000	13.150000
749	-134.693403	0.784000	13.080000
750	-134.603403	0.786000	13.260000
751	-134.473403	0.786000	13.210000
752	-134.433403	0.788000	13.110000
753	-134.393403	0.788000	13.080000
754	-134.323403	0.790000	13.080000
755	-134.323403	0.790000	13.160000
756	-134.233403	0.791000	12.990000
757	-134.203403	0.791000	13.110000
758	-134.183403	0.793000	13.210000
759	-134.133403	0.793000	13.060000
760	-134.033403	0.795000	13.100000
761	-133.983403	0.795000	13.240000
762	-133.973403	0.797000	13.440000
763	-133.883403	0.797000	13.150000
764	-133.733403	0.799000	13.050000
765	-133.673403	0.799000	13.100000
766	-133.623403	0.801000	13.140000
767	-133.583403	0.801000	13.240000
768	-133.303403	0.803000	13.140000
769	-133.223403	0.803000	13.200000
770	-132.873403	0.807000	13.200000
771	-132.803403	0.805000	13.140000
772	-132.763403	0.807000	13.120000
773	-132.683403	0.807000	13.220000
774	-132.593403	0.809000	13.290000
775	-132.573403	0.809000	13.140000
776	-132.473403	0.813000	13.310000
777	-132.453403	0.813000	13.380000
778	-132.453403	0.815000	13.330000
779	-132.353403	0.815000	13.310000
780	-132.163403	0.817000	13.250000
781	-132.133403	0.817000	13.210000
782	-132.133403	0.819000	13.390000
783	-132.113403	0.819000	13.360000
784	-132.093403	0.821000	13.110000
785	-132.003403	0.821000	13.150000
786	-131.983403	0.823000	13.180000
787	-131.803403	0.823000	13.070000
788	-131.683403	0.825000	13.290000
789	-131.643403	0.825000	13.240000
790	-131.643403	0.827000	13.320000
791	-131.633403	0.827000	13.400000
792	-131.573403	0.829000	13.390000
793	-131.483403	0.831000	13.330000
794	-131.473403	0.831000	13.330000
795	-131.433403	0.832000	13.240000
796	-131.423403	0.832000	13.200000
797	-131.383403	0.832000	13.230000
798	-131.003403	0.834000	13.670000
799	-130.993403	0.836000	13.410000
800	-130.973403	0.836000	13.170000
801	-130.923403	0.836000	13.150000
802	-130.743403	0.838000	13.110000
803	-130.653403	0.840000	13.500000
804	-130.553403	0.840000	13.200000
805	-130.543403	0.840000	13.240000
806	-130.363403	0.842000	13.440000
807	-130.323403	0.842000	13.390000
808	-130.193403	0.842000	13.440000
809	-130.083403	0.846000	13.360000
810	-130.023403	0.846000	13.530000
811	-129.913403	0.848000	13.290000
812	-129.833403	0.848000	13.530000
813	-129.773403	0.850000	13.540000
814	-129.673403	0.850000	13.240000
815	-129.613403	0.852000	13.270000
816	-129.563403	0.852000	13.320000
817	-129.513403	0.854000	13.350000
818	-129.483403	0.854000	13.490000
819	-129.453403	0.856000	13.360000
820	-129.423403	0.856000	13.440000
821	-129.363403	0.856000	13.410000
822	-129.353403	0.858000	13.540000
823	-129.243403	0.858000	13.510000
824	-129.103403	0.862000	13.540000
825	-128.983403	0.862000	13.570000
826	-128.883403	0.864000	13.520000
827	-128.773403	0.864000	13.540000
828	-128.713403	0.864000	13.470000
829	-128.673403	0.866000	13.580000
830	-128.663403	0.868000	13.650000
831	-128.603403	0.868000	13.690000
832	-128.433403	0.870000	13.670000
833	-128.433403	0.870000	13.600000
834	-128.373403	0.872000	13.410000
835	-128.253403	0.872000	13.680000
836	-128.223403	0.872000	13.600000
837	-128.213403	0.874000	13.770000
838	-128.193403	0.875000	13.580000
839	-128.133403	0.875000	13.560000
840	-128.063403	0.877000	13.500000
841	-128.063403	0.877000	13.440000
842	-127.933403	0.879000	13.630000
843	-127.863403	0.879000	13.600000
844	-127.643403	0.879000	13.450000
845	-127.553403	0.881000	13.660000
846	-127.533403	0.883000	13.530000
847	-127.513403	0.883000	13.450000
848	-127.513403	0.885000	13.620000
849	-127.213403	0.885000	13.680000
850	-127.123403	0.887000	13.490000
851	-127.023403	0.887000	13.660000
852	-126.933403	0.887000	13.510000
853	-126.813403	0.891000	13.630000
854	-126.633403	0.891000	13.570000
855	-126.503403	0.893000	13.600000
856	-126.313403	0.893000	13.670000
857	-126.213403	0.897000	13.760000
858	-126.143403	0.897000	13.820000
859	-126.113403	0.899000	13.630000
860	-126.043403	0.899000	13.530000
861	-126.043403	0.901000	13.610000
862	-126.013403	0.901000	14.010000
863	-125.863403	0.903000	13.500000
864	-125.843403	0.905000	13.660000
865	-125.793403	0.905000	13.750000
866	-125.763403	0.907000	13.730000
867	-125.723403	0.907000	13.870000
868	-125.703403	0.909000	13.780000
869	-125.623403	0.909000	13.740000
870	-125.563403	0.911000	13.780000
871	-125.553403	0.911000	13.810000
872	-125.553403	0.913000	13.890000
873	-125.543403	0.915000	13.620000
874	-125.373403	0.915000	13.830000
875	-125.313403	0.916000	13.730000
876	-125.283403	0.916000	13.730000
877	-125.153403	0.918000	13.620000
878	-124.963403	0.918000	13.680000
879	-124.953403	0.920000	13.740000
880	-124.933403	0.920000	13.730000
881	-124.723403	0.922000	13.930000
882	-124.653403	0.922000	13.740000
883	-124.623403	0.924000	13.600000
884	-124.603403	0.924000	13.860000
885	-124.583403	0.926000	13.780000
886	-124.343403	0.926000	13.820000
887	-124.303403	0.928000	13.700000
888	-124.263403	0.928000	13.750000
889	-124.203403	0.930000	13.850000
890	-124.123403	0.932000	13.740000
891	-124.093403	0.932000	13.800000
892	-124.013403	0.934000	13.720000
893	-123.883403	0.934000	14.000000
894	-123.873403	0.936000	13.890000
895	-123.863403	0.936000	13.770000
896	-123.843403	0.938000	13.750000
897	-123.813403	0.938000	13.780000
898	-123.773403	0.940000	14.010000
899	-123.723403	0.940000	13.690000
900	-123.693403	0.942000	13.850000
901	-123.663403	0.942000	13.740000
902	-123.443403	0.944000	13.920000
903	-123.273403	0.946000	14.090000
904	-122.853403	0.946000	13.860000
905	-122.763403	0.948000	14.250000
906	-122.683403	0.948000	13.930000
907	-122.563403	0.950000	13.930000
908	-122.493403	0.950000	13.960000
909	-122.423403	0.952000	13.900000
910	-122.133403	0.952000	14.050000
911	-122.083403	0.954000	13.790000
912	-122.063403	0.952000	13.790000
913	-121.943403	0.956000	14.070000
914	-121.843403	0.956000	13.920000
915	-121.843403	0.958000	14.090000
916	-121.613403	0.958000	13.980000
917	-121.583403	0.959000	13.950000
918	-121.433403	0.959000	13.880000
919	-121.393403	0.961000	13.930000
920	-121.303403	0.961000	13.950000
921	-121.293403	0.963000	13.980000
922	-121.273403	0.963000	14.180000
923	-121.223403	0.965000	14.060000
924	-121.203403	0.965000	14.050000
925	-121.183403	0.967000	14.040000
926	-121.083403	0.967000	13.920000
927	-121.033403	0.969000	14.000000
928	-120.913403	0.969000	14.150000
929	-120.883403	0.971000	13.860000
930	-120.843403	0.971000	14.010000
931	-120.813403	0.973000	14.070000
932	-120.793403	0.973000	14.270000
933	-120.793403	0.975000	14.080000
934	-120.783403	0.975000	14.030000
935	-120.473403	0.979000	14.210000
936	-120.313403	0.979000	13.980000
937	-120.283403	0.981000	14.140000
938	-120.193403	0.981000	14.060000
939	-120.193403	0.981000	14.190000
940	-120.163403	0.983000	14.080000
941	-120.113403	0.983000	14.160000
942	-120.073403	0.987000	14.200000
943	-119.953403	0.987000	14.270000
944	-119.853403	0.989000	14.080000
945	-119.833403	0.989000	14.100000
946	-119.783403	0.989000	14.250000
947	-119.733403	0.991000	14.160000
948	-119.673403	0.993000	14.030000
949	-119.613403	0.993000	14.100000
950	-119.493403	0.995000	14.150000
951	-118.983403	0.995000	13.950000
952	-118.913403	0.997000	13.960000
953	-118.773403	0.997000	14.250000
954	-118.653403	0.999000	14.100000
955	-118.643403	1.000000	14.080000
956	-118.613403	1.000000	14.110000
957	-118.593403	1.002000	14.130000
958	-118.543403	1.002000	14.080000
959	-118.523403	1.004000	14.200000
960	-118.443403	1.004000	14.280000
961	-118.403403	1.006000	14.240000
962	-118.353403	1.006000	14.370000
963	-118.343403	1.010000	14.300000
964	-118.333403	1.008000	13.920000
965	-118.303403	1.010000	14.270000
966	-118.293403	1.010000	14.190000
967	-118.273403	1.012000	14.290000
968	-118.163403	1.012000	14.260000
969	-118.103403	1.012000	14.220000
970	-118.103403	1.014000	14.360000
971	-118.093403	1.016000	14.260000
972	-118.083403	1.016000	14.160000
973	-118.033403	1.018000	14.290000
974	-117.993403	1.018000	14.310000
975	-117.983403	1.020000	14.360000
976	-117.963403	1.020000	14.240000
977	-117.833403	1.020000	14.310000
978	-117.463403	1.022000	14.380000
979	-117.343403	1.024000	14.340000
980	-117.273403	1.026000	14.270000
981	-117.213403	1.026000	14.270000
982	-117.133403	1.028000	14.270000
983	-116.963403	1.028000	14.170000
984	-116.923403	1.028000	14.310000
985	-116.923403	1.030000	14.370000
986	-116.793403	1.032000	14.440000
987	-116.503403	1.032000	14.370000
988	-116.433403	1.034000	14.240000
989	-116.403403	1.034000	14.330000
990	-116.143403	1.036000	14.400000
991	-116.133403	1.036000	14.570000
992	-116.013403	1.038000	14.530000
993	-115.953403	1.038000	14.240000
994	-115.953403	1.040000	14.440000
995	-115.943403	1.040000	14.240000
996	-115.943403	1.041000	14.560000
997	-115.893403	1.041000	14.310000
998	-115.793403	1.043000	14.380000
999	-115.723403	1.043000	14.160000
1000	-115.693403	1.043000	14.530000
1001	-115.663403	1.045000	14.350000
1002	-115.593403	1.047000	14.520000
1003	-115.543403	1.047000	14.350000
1004	-115.473403	1.049000	14.470000
1005	-115.273403	1.049000	14.420000
1006	-115.163403	1.051000	14.630000
1007	-115.113403	1.051000	14.490000
1008	-115.073403	1.051000	14.490000
1009	-114.973403	1.053000	14.370000
1010	-114.933403	1.055000	14.610000
1011	-114.913403	1.055000	14.560000
1012	-114.823403	1.057000	14.600000
1013	-114.753403	1.059000	14.580000
1014	-114.753403	1.059000	14.350000
1015	-114.693403	1.063000	14.550000
1016	-114.673403	1.063000	14.370000
1017	-114.623403	1.065000	14.650000
1018	-114.533403	1.065000	14.620000
1019	-114.493403	1.067000	14.630000
1020	-114.463403	1.067000	14.760000
1021	-114.333403	1.069000	14.360000
1022	-114.303403	1.071000	14.470000
1023	-114.243403	1.071000	14.530000
1024	-114.203403	1.073000	14.510000
1025	-114.173403	1.073000	14.680000
1026	-114.163403	1.075000	14.620000
1027	-114.073403	1.075000	14.750000
1028	-114.043403	1.077000	14.500000
1029	-113.943403	1.077000	14.730000
1030	-113.783403	1.079000	14.400000
1031	-113.733403	1.079000	14.530000
1032	-113.553403	1.081000	14.580000
1033	-113.553403	1.081000	14.530000
1034	-113.303403	1.082000	14.570000
1035	-113.103403	1.082000	14.640000
1036	-113.043403	1.084000	14.710000
1037	-113.013403	1.084000	14.690000
1038	-112.783403	1.088000	14.460000
1039	-112.753403	1.088000	14.640000
1040	-112.693403	1.088000	14.540000
1041	-112.653403	1.088000	14.760000
1042	-112.583403	1.090000	14.640000
1043	-112.133403	1.092000	14.640000
1044	-112.073403	1.092000	14.830000
1045	-112.043403	1.094000	14.720000
1046	-111.813403	1.094000	14.810000
1047	-111.623403	1.096000	14.820000
1048	-111.483403	1.096000	14.720000
1049	-111.393403	1.098000	14.820000
1050	-111.393403	1.098000	14.940000
1051	-111.363403	1.100000	15.010000
1052	-111.353403	1.102000	14.590000
1053	-111.353403	1.102000	14.720000
1054	-111.293403	1.104000	14.790000
1055	-111.263403	1.104000	14.780000
1056	-111.233403	1.106000	14.700000
1057	-111.173403	1.106000	14.640000
1058	-111.103403	1.108000	14.810000
1059	-111.103403	1.108000	14.770000
1060	-111.003403	1.110000	14.720000
1061	-111.003403	1.110000	14.790000
1062	-110.933403	1.112000	14.980000
1063	-110.923403	1.112000	14.700000
1064	-110.913403	1.114000	14.770000
1065	-110.813403	1.114000	14.640000
1066	-110.513403	1.116000	14.580000
1067	-110.513403	1.116000	14.720000
1068	-110.363403	1.118000	14.910000
1069	-110.353403	1.118000	14.670000
1070	-110.353403	1.120000	14.670000
1071	-110.263403	1.120000	14.700000
1072	-110.193403	1.120000	14.830000
1073	-110.073403	1.122000	14.740000
1074	-109.993403	1.124000	14.750000
1075	-109.913403	1.124000	14.860000
1076	-109.883403	1.125000	14.820000
1077	-109.783403	1.125000	14.780000
1078	-109.723403	1.127000	14.890000
1079	-109.683403	1.127000	14.890000
1080	-109.673403	1.129000	14.830000
1081	-109.643403	1.129000	15.000000
1082	-109.383403	1.131000	14.630000
1083	-109.363403	1.133000	14.750000
1084	-109.353403	1.133000	14.900000
1085	-109.353403	1.135000	14.920000
1086	-109.213403	1.135000	15.080000
1087	-109.083403	1.137000	14.970000
1088	-109.023403	1.137000	14.630000
1089	-109.003403	1.139000	14.890000
1090	-108.993403	1.139000	14.790000
1091	-108.863403	1.141000	14.860000
1092	-108.843403	1.141000	14.840000
1093	-108.833403	1.143000	14.890000
1094	-108.743403	1.143000	14.710000
1095	-108.513403	1.145000	14.840000
1096	-108.463403	1.147000	15.060000
1097	-108.393403	1.149000	15.090000
1098	-108.263403	1.149000	14.980000
1099	-108.063403	1.151000	15.090000
1100	-107.943403	1.151000	15.040000
1101	-107.783403	1.153000	14.900000
1102	-107.733403	1.153000	14.980000
1103	-107.733403	1.155000	15.030000
1104	-107.503403	1.155000	15.040000
1105	-107.493403	1.157000	14.960000
1106	-107.473403	1.157000	15.040000
1107	-107.373403	1.159000	14.970000
1108	-107.213403	1.159000	15.080000
1109	-107.143403	1.161000	14.930000
1110	-107.133403	1.161000	15.020000
1111	-107.103403	1.161000	14.920000
1112	-107.103403	1.163000	14.650000
1113	-107.063403	1.165000	15.070000
1114	-106.973403	1.165000	15.140000
1115	-106.963403	1.166000	15.090000
1116	-106.933403	1.166000	15.160000
1117	-106.873403	1.168000	15.070000
1118	-106.833403	1.168000	14.930000
1119	-106.623403	1.168000	15.140000
1120	-106.563403	1.170000	14.970000
1121	-106.463403	1.170000	15.100000
1122	-106.343403	1.172000	15.090000
1123	-106.113403	1.174000	15.090000
1124	-105.763403	1.176000	15.110000
1125	-105.723403	1.176000	15.000000
1126	-105.663403	1.176000	14.960000
1127	-105.493403	1.178000	15.140000
1128	-105.463403	1.180000	15.100000
1129	-105.313403	1.180000	15.240000
1130	-105.293403	1.182000	15.100000
1131	-105.153403	1.182000	15.250000
1132	-105.103403	1.184000	15.160000
1133	-104.993403	1.186000	15.010000
1134	-104.973403	1.186000	13.920000
1135	-104.913403	1.188000	15.310000
1136	-104.853403	1.188000	15.220000
1137	-104.833403	1.190000	15.190000
1138	-104.713403	1.190000	15.240000
1139	-104.683403	1.192000	13.960000
1140	-104.523403	1.192000	15.210000
1141	-104.513403	1.192000	15.200000
1142	-104.513403	1.196000	15.360000
1143	-104.493403	1.196000	15.220000
1144	-104.473403	1.198000	15.220000
1145	-104.423403	1.198000	15.060000
1146	-104.423403	1.200000	15.100000
1147	-104.313403	1.200000	14.030000
1148	-104.173403	1.200000	14.640000
1149	-104.163403	1.202000	13.890000
1150	-103.973403	1.204000	15.280000
1151	-103.973403	1.202000	14.090000
1152	-103.963403	1.206000	13.900000
1153	-103.853403	1.208000	15.210000
1154	-103.823403	1.208000	13.890000
1155	-103.773403	1.208000	13.940000
1156	-103.603403	1.209000	14.100000
1157	-103.533403	1.211000	13.930000
1158	-103.493403	1.211000	13.820000
1159	-103.443403	1.213000	14.080000
1160	-103.403403	1.213000	13.980000
1161	-103.393403	1.215000	14.070000
1162	-103.003403	1.215000	14.280000
1163	-102.893403	1.217000	13.920000
1164	-102.843403	1.219000	13.970000
1165	-102.623403	1.219000	14.090000
1166	-102.423403	1.221000	13.950000
1167	-102.363403	1.221000	13.950000
1168	-102.333403	1.223000	13.860000
1169	-102.303403	1.223000	13.820000
1170	-102.303403	1.223000	14.340000
1171	-102.103403	1.229000	14.220000
1172	-101.803403	1.227000	14.310000
1173	-101.793403	1.229000	13.980000
1174	-101.783403	1.231000	14.050000
1175	-101.773403	1.233000	13.960000
1176	-101.713403	1.233000	14.370000
1177	-101.693403	1.235000	14.080000
1178	-101.653403	1.235000	14.150000
1179	-101.643403	1.237000	14.320000
1180	-101.593403	1.237000	14.090000
1181	-101.563403	1.239000	14.080000
1182	-101.433403	1.239000	14.100000
1183	-101.393403	1.241000	14.300000
1184	-101.353403	1.241000	14.110000
1185	-101.353403	1.243000	14.370000
1186	-101.253403	1.243000	14.080000
1187	-101.233403	1.245000	14.140000
1188	-101.143403	1.245000	14.170000
1189	-101.093403	1.247000	14.150000
1190	-101.003403	1.247000	14.160000
1191	-100.963403	1.249000	14.090000
1192	-100.943403	1.249000	14.200000
1193	-100.903403	1.250000	14.290000
1194	-100.743403	1.250000	14.210000
1195	-100.633403	1.252000	14.170000
1196	-100.523403	1.252000	14.170000
1197	-100.413403	1.254000	14.140000
1198	-100.243403	1.254000	14.190000
1199	-100.233403	1.256000	14.260000
1200	-99.863403	1.256000	14.360000
1201	-99.863403	1.258000	14.240000
1202	-99.653403	1.258000	14.220000
1203	-99.653403	1.260000	14.460000
1204	-99.543403	1.260000	14.470000
1205	-99.483403	1.262000	14.200000
1206	-99.453403	1.262000	14.310000
1207	-99.153403	1.264000	14.340000
1208	-99.123403	1.264000	14.510000
1209	-99.093403	1.266000	14.430000
1210	-99.053403	1.266000	14.490000
1211	-99.043403	1.268000	14.360000
1212	-99.043403	1.268000	14.340000
1213	-98.933403	1.270000	14.380000
1214	-98.863403	1.270000	14.420000
1215	-98.853403	1.272000	14.500000
1216	-98.853403	1.272000	14.360000
1217	-98.633403	1.274000	14.330000
1218	-98.603403	1.274000	14.390000
1219	-98.523403	1.276000	14.360000
1220	-98.443403	1.276000	14.290000
1221	-98.403403	1.278000	14.410000
1222	-98.333403	1.278000	14.270000
1223	-98.273403	1.280000	14.470000
1224	-98.203403	1.280000	14.500000
1225	-98.123403	1.282000	14.420000
1226	-98.113403	1.282000	14.430000
1227	-98.053403	1.284000	14.290000
1228	-98.033403	1.284000	14.410000
1229	-97.903403	1.286000	14.420000
1230	-97.703403	1.286000	14.320000
1231	-97.683403	1.288000	14.250000
1232	-97.673403	1.288000	14.410000
1233	-97.663403	1.290000	14.270000
1234	-97.573403	1.290000	14.460000
1235	-97.423403	1.291000	14.390000
1236	-97.333403	1.291000	14.480000
1237	-97.283403	1.293000	14.450000
1238	-97.093403	1.293000	14.450000
1239	-97.033403	1.295000	14.360000
1240	-96.983403	1.295000	14.400000
1241	-96.963403	1.297000	14.450000
1242	-96.933403	1.297000	14.570000
1243	-96.913403	1.299000	14.460000
1244	-96.883403	1.299000	14.350000
1245	-96.873403	1.301000	14.410000
1246	-96.873403	1.301000	14.410000
1247	-96.843403	1.303000	14.530000
1248	-96.813403	1.303000	14.500000
1249	-96.733403	1.305000	14.440000
1250	-96.623403	1.305000	14.540000
1251	-96.613403	1.307000	14.530000
1252	-96.443403	1.307000	14.430000
1253	-96.393403	1.309000	14.590000
1254	-96.343403	1.309000	14.470000
1255	-96.273403	1.311000	14.480000
1256	-96.253403	1.313000	14.550000
1257	-96.203403	1.315000	14.580000
1258	-96.183403	1.315000	14.700000
1259	-96.113403	1.317000	14.730000
1260	-96.083403	1.317000	14.520000
1261	-96.053403	1.317000	14.430000
1262	-96.013403	1.319000	14.470000
1263	-95.973403	1.321000	14.520000
1264	-95.923403	1.323000	14.570000
1265	-95.553403	1.323000	14.570000
1266	-95.213403	1.325000	14.720000
1267	-95.123403	1.325000	14.690000
1268	-94.783403	1.325000	15.940000
1269	-94.733403	1.327000	16.110000
1270	-94.723403	1.329000	14.640000
1271	-94.713403	1.329000	16.340000
1272	-94.703403	1.331000	16.100000
1273	-94.653403	1.331000	16.000000
1274	-94.633403	1.332000	15.190000
1275	-94.613403	1.332000	14.680000
1276	-94.583403	1.332000	14.680000
1277	-94.533403	1.334000	16.020000
1278	-94.413403	1.336000	16.190000
1279	-94.273403	1.336000	14.670000
1280	-94.253403	1.338000	16.120000
1281	-94.233403	1.338000	16.000000
1282	-94.183403	1.340000	14.710000
1283	-94.093403	1.340000	16.160000
1284	-94.073403	1.342000	16.050000
1285	-93.943403	1.344000	15.920000
1286	-93.643403	1.344000	15.980000
1287	-93.543403	1.346000	16.300000
1288	-93.523403	1.346000	16.250000
1289	-93.463403	1.348000	16.270000
1290	-93.383403	1.348000	16.150000
1291	-93.353403	1.348000	16.090000
1292	-93.283403	1.350000	16.310000
1293	-93.183403	1.352000	15.980000
1294	-93.173403	1.354000	16.100000
1295	-92.973403	1.354000	16.160000
1296	-92.943403	1.356000	16.080000
1297	-92.933403	1.356000	16.220000
1298	-92.903403	1.356000	16.320000
1299	-92.813403	1.358000	16.150000
1300	-92.763403	1.360000	16.050000
1301	-92.533403	1.358000	16.310000
1302	-92.503403	1.362000	16.210000
1303	-92.493403	1.364000	16.100000
1304	-92.493403	1.364000	16.090000
1305	-92.403403	1.364000	16.290000
1306	-92.403403	1.366000	15.910000
1307	-92.353403	1.368000	16.320000
1308	-92.233403	1.368000	16.240000
1309	-92.103403	1.370000	16.230000
1310	-91.993403	1.370000	16.120000
1311	-91.983403	1.372000	16.210000
1312	-91.963403	1.372000	16.090000
1313	-91.803403	1.374000	15.960000
1314	-91.743403	1.375000	15.970000
1315	-91.593403	1.375000	16.290000
1316	-91.333403	1.377000	16.100000
1317	-91.203403	1.377000	16.190000
1318	-91.123403	1.379000	16.320000
1319	-91.013403	1.379000	16.210000
1320	-90.683403	1.379000	16.110000
1321	-90.673403	1.381000	16.270000
1322	-90.613403	1.383000	15.140000
1323	-90.603403	1.385000	14.980000
1324	-90.593403	1.385000	15.130000
1325	-90.533403	1.387000	16.240000
1326	-90.433403	1.387000	15.160000
1327	-90.293403	1.387000	16.330000
1328	-90.233403	1.389000	14.960000
1329	-90.053403	1.391000	16.310000
1330	-89.953403	1.389000	14.900000
1331	-89.823403	1.391000	14.910000
1332	-89.813403	1.393000	15.310000
1333	-89.743403	1.397000	15.080000
1334	-89.573403	1.397000	15.080000
1335	-89.543403	1.399000	15.030000
1336	-89.483403	1.399000	15.060000
1337	-89.453403	1.401000	15.040000
1338	-89.433403	1.401000	14.980000
1339	-89.203403	1.403000	15.110000
1340	-89.103403	1.403000	15.000000
1341	-89.023403	1.405000	15.270000
1342	-88.963403	1.405000	14.920000
1343	-88.943403	1.407000	15.060000
1344	-88.903403	1.407000	15.130000
1345	-88.853403	1.409000	15.070000
1346	-88.823403	1.409000	15.030000
1347	-88.793403	1.411000	15.270000
1348	-88.733403	1.411000	15.110000
1349	-88.583403	1.413000	15.000000
1350	-88.493403	1.413000	15.100000
1351	-88.493403	1.415000	14.980000
1352	-88.493403	1.416000	15.110000
1353	-88.443403	1.416000	15.080000
1354	-88.403403	1.418000	15.110000
1355	-88.373403	1.418000	15.230000
1356	-88.363403	1.420000	15.430000
1357	-88.313403	1.420000	14.750000
1358	-88.153403	1.422000	15.100000
1359	-88.123403	1.422000	15.050000
1360	-87.933403	1.424000	15.100000
1361	-87.693403	1.424000	15.130000
1362	-87.643403	1.426000	15.040000
1363	-87.503403	1.428000	15.220000
1364	-87.313403	1.428000	15.210000
1365	-87.233403	1.430000	15.160000
1366	-87.133403	1.430000	15.150000
1367	-87.023403	1.432000	15.300000
1368	-86.873403	1.432000	15.150000
1369	-86.783403	1.434000	15.230000
1370	-86.713403	1.434000	15.260000
1371	-86.513403	1.436000	15.170000
1372	-86.493403	1.436000	15.190000
1373	-86.483403	1.436000	15.260000
1374	-86.413403	1.438000	15.150000
1375	-86.383403	1.440000	15.370000
1376	-86.383403	1.440000	15.280000
1377	-86.363403	1.442000	15.360000
1378	-86.083403	1.442000	15.400000
1379	-86.083403	1.444000	15.290000
1380	-86.003403	1.444000	15.290000
1381	-85.983403	1.448000	15.210000
1382	-85.913403	1.446000	15.180000
1383	-85.903403	1.448000	15.330000
1384	-85.803403	1.448000	15.170000
1385	-85.713403	1.450000	15.220000
1386	-85.683403	1.450000	15.090000
1387	-85.663403	1.452000	15.280000
1388	-85.543403	1.452000	15.170000
1389	-85.503403	1.454000	15.170000
1390	-85.263403	1.454000	15.230000
1391	-85.213403	1.456000	15.290000
1392	-85.203403	1.458000	15.230000
1393	-84.933403	1.458000	15.320000
1394	-84.793403	1.459000	15.460000
1395	-84.713403	1.459000	15.440000
1396	-84.703403	1.461000	15.480000
1397	-84.683403	1.461000	15.380000
1398	-84.513403	1.463000	15.370000
1399	-84.483403	1.463000	15.430000
1400	-84.373403	1.465000	15.420000
1401	-84.343403	1.465000	15.370000
1402	-84.293403	1.467000	15.360000
1403	-84.253403	1.469000	15.540000
1404	-84.103403	1.469000	15.540000
1405	-84.003403	1.471000	15.420000
1406	-83.993403	1.471000	15.430000
1407	-83.963403	1.473000	15.250000
1408	-83.923403	1.473000	15.210000
1409	-83.903403	1.475000	15.430000
1410	-83.873403	1.475000	15.400000
1411	-83.663403	1.477000	15.370000
1412	-83.633403	1.481000	15.470000
1413	-83.623403	1.481000	15.450000
1414	-83.623403	1.481000	15.490000
1415	-83.583403	1.483000	15.600000
1416	-83.493403	1.485000	15.300000
1417	-83.393403	1.485000	15.280000
1418	-83.243403	1.487000	15.590000
1419	-83.213403	1.487000	15.570000
1420	-83.063403	1.489000	15.450000
1421	-82.943403	1.491000	15.310000
1422	-82.913403	1.491000	15.530000
1423	-82.883403	1.493000	15.740000
1424	-82.463403	1.493000	15.480000
1425	-82.263403	1.495000	15.480000
1426	-82.233403	1.495000	15.500000
1427	-82.153403	1.497000	15.620000
1428	-82.113403	1.497000	15.450000
1429	-81.793403	1.497000	15.550000
1430	-81.643403	1.500000	15.580000
1431	-81.573403	1.500000	15.360000
1432	-81.553403	1.502000	15.630000
1433	-81.513403	1.502000	15.490000
1434	-81.483403	1.504000	15.500000
1435	-81.343403	1.504000	15.450000
1436	-81.293403	1.504000	15.530000
1437	-81.273403	1.506000	15.750000
1438	-81.273403	1.508000	15.630000
1439	-81.203403	1.508000	15.670000
1440	-81.173403	1.510000	15.650000
1441	-81.143403	1.510000	15.550000
1442	-81.133403	1.512000	15.760000
1443	-81.133403	1.512000	15.650000
1444	-81.083403	1.512000	15.640000
1445	-81.043403	1.514000	15.590000
1446	-80.913403	1.516000	15.730000
1447	-80.913403	1.516000	15.810000
1448	-80.883403	1.518000	15.420000
1449	-80.863403	1.518000	15.670000
1450	-80.783403	1.520000	15.680000
1451	-80.633403	1.520000	15.590000
1452	-80.493403	1.522000	15.760000
1453	-80.453403	1.524000	15.720000
1454	-80.323403	1.524000	15.600000
1455	-80.223403	1.526000	15.550000
1456	-80.103403	1.526000	15.520000
1457	-80.083403	1.528000	15.670000
1458	-80.013403	1.528000	15.680000
1459	-79.923403	1.528000	15.950000
1460	-79.833403	1.530000	15.640000
1461	-79.803403	1.532000	15.700000
1462	-79.623403	1.532000	15.630000
1463	-79.423403	1.534000	15.780000
1464	-79.393403	1.534000	15.750000
1465	-79.283403	1.536000	15.600000
1466	-79.233403	1.536000	15.700000
1467	-79.153403	1.538000	15.780000
1468	-78.943403	1.538000	15.700000
1469	-78.943403	1.540000	15.760000
1470	-78.873403	1.541000	15.750000
1471	-78.863403	1.541000	15.830000
1472	-78.753403	1.543000	15.680000
1473	-78.723403	1.543000	16.060000
1474	-78.593403	1.543000	15.890000
1475	-78.513403	1.545000	15.810000
1476	-78.463403	1.547000	15.820000
1477	-78.333403	1.547000	15.810000
1478	-78.263403	1.547000	15.940000
1479	-78.233403	1.549000	15.780000
1480	-78.203403	1.551000	15.740000
1481	-78.153403	1.551000	15.920000
1482	-78.133403	1.551000	15.750000
1483	-78.113403	1.553000	15.930000
1484	-78.073403	1.555000	15.980000
1485	-77.953403	1.555000	15.850000
1486	-77.913403	1.557000	15.810000
1487	-77.883403	1.557000	15.880000
1488	-77.843403	1.559000	15.710000
1489	-77.843403	1.559000	15.830000
1490	-77.783403	1.563000	15.810000
1491	-77.663403	1.561000	15.840000
1492	-77.653403	1.565000	15.970000
1493	-77.653403	1.565000	15.920000
1494	-77.323403	1.567000	15.860000
1495	-77.073403	1.567000	15.800000
1496	-77.053403	1.569000	15.710000
1497	-77.043403	1.569000	16.020000
1498	-77.003403	1.571000	15.840000
1499	-76.803403	1.573000	15.860000
1500	-76.433403	1.573000	15.820000
1501	-76.313403	1.575000	15.870000
1502	-76.233403	1.575000	15.980000
1503	-76.203403	1.577000	16.100000
1504	-76.093403	1.577000	15.930000
1505	-76.023403	1.579000	15.800000
1506	-75.943403	1.579000	15.980000
1507	-75.873403	1.581000	15.970000
1508	-75.823403	1.581000	16.030000
1509	-75.753403	1.582000	15.970000
1510	-75.743403	1.584000	15.910000
1511	-75.673403	1.584000	15.990000
1512	-75.653403	1.586000	16.070000
1513	-75.623403	1.586000	15.800000
1514	-75.613403	1.588000	16.230000
1515	-75.513403	1.588000	15.920000
1516	-75.473403	1.590000	16.080000
1517	-75.443403	1.590000	16.090000
1518	-75.363403	1.592000	16.100000
1519	-75.333403	1.592000	16.050000
1520	-75.243403	1.592000	16.090000
1521	-75.103403	1.594000	16.140000
1522	-75.033403	1.596000	16.150000
1523	-74.973403	1.596000	16.210000
1524	-74.893403	1.598000	16.050000
1525	-74.843403	1.598000	15.980000
1526	-74.803403	1.600000	15.920000
1527	-74.783403	1.600000	16.030000
1528	-74.773403	1.602000	16.130000
1529	-74.573403	1.602000	15.890000
1530	-74.473403	1.604000	16.160000
1531	-74.393403	1.604000	16.030000
1532	-74.173403	1.606000	16.180000
1533	-74.113403	1.606000	15.850000
1534	-74.063403	1.608000	16.200000
1535	-73.893403	1.608000	15.910000
1536	-73.843403	1.610000	15.970000
1537	-73.833403	1.610000	16.180000
1538	-73.823403	1.612000	16.040000
1539	-73.793403	1.612000	16.050000
1540	-73.683403	1.614000	16.170000
1541	-73.543403	1.614000	16.080000
1542	-73.533403	1.616000	16.180000
1543	-73.433403	1.616000	16.010000
1544	-73.403403	1.618000	16.170000
1545	-73.223403	1.618000	16.170000
1546	-73.143403	1.620000	16.100000
1547	-73.093403	1.620000	16.120000
1548	-73.003403	1.622000	16.070000
1549	-72.963403	1.622000	16.100000
1550	-72.933403	1.624000	16.090000
1551	-72.843403	1.625000	16.230000
1552	-72.813403	1.625000	16.110000
1553	-72.783403	1.627000	16.170000
1554	-72.753403	1.627000	16.240000
1555	-72.493403	1.629000	16.170000
1556	-72.423403	1.629000	16.310000
1557	-72.363403	1.631000	16.430000
1558	-71.993403	1.631000	16.190000
1559	-71.933403	1.633000	16.420000
1560	-71.893403	1.633000	16.180000
1561	-71.873403	1.635000	16.340000
1562	-71.863403	1.635000	16.350000
1563	-71.833403	1.637000	16.250000
1564	-71.793403	1.637000	16.180000
1565	-71.773403	1.639000	16.380000
1566	-71.753403	1.639000	16.250000
1567	-71.713403	1.641000	16.310000
1568	-71.713403	1.639000	16.340000
1569	-71.543403	1.643000	16.310000
1570	-71.523403	1.647000	16.390000
1571	-71.503403	1.647000	16.360000
1572	-71.483403	1.649000	16.350000
1573	-71.183403	1.649000	16.220000
1574	-71.133403	1.651000	16.460000
1575	-70.963403	1.651000	16.320000
1576	-70.943403	1.653000	16.420000
1577	-70.813403	1.653000	16.490000
1578	-70.803403	1.653000	16.300000
1579	-70.773403	1.655000	16.410000
1580	-70.693403	1.657000	16.380000
1581	-70.603403	1.659000	16.360000
1582	-70.543403	1.659000	16.470000
1583	-70.463403	1.661000	16.470000
1584	-70.143403	1.661000	16.340000
1585	-69.973403	1.661000	16.500000
1586	-69.923403	1.663000	16.610000
1587	-69.833403	1.665000	16.450000
1588	-69.783403	1.665000	16.510000
1589	-69.713403	1.666000	16.360000
1590	-69.703403	1.668000	16.520000
1591	-69.643403	1.668000	16.450000
1592	-69.543403	1.668000	16.470000
1593	-69.513403	1.670000	16.470000
1594	-69.483403	1.672000	16.500000
1595	-69.463403	1.672000	16.480000
1596	-69.433403	1.674000	16.500000
1597	-69.293403	1.674000	16.510000
1598	-69.283403	1.676000	16.450000
1599	-69.083403	1.676000	16.680000
1600	-69.063403	1.678000	16.470000
1601	-68.963403	1.678000	16.420000
1602	-68.963403	1.680000	16.580000
1603	-68.893403	1.680000	16.560000
1604	-68.883403	1.682000	16.510000
1605	-68.783403	1.682000	16.330000
1606	-68.783403	1.684000	16.540000
1607	-68.713403	1.684000	16.420000
1608	-68.653403	1.684000	16.560000
1609	-68.643403	1.686000	16.510000
1610	-68.573403	1.686000	16.510000
1611	-68.533403	1.690000	16.530000
1612	-68.503403	1.690000	16.520000
1613	-68.373403	1.692000	16.430000
1614	-68.183403	1.692000	16.530000
1615	-68.153403	1.692000	16.480000
1616	-68.063403	1.694000	16.570000
1617	-68.033403	1.696000	16.500000
1618	-68.033403	1.696000	16.530000
1619	-67.813403	1.696000	16.610000
1620	-67.673403	1.698000	16.530000
1621	-67.623403	1.700000	16.580000
1622	-67.603403	1.700000	16.570000
1623	-67.553403	1.700000	16.580000
1624	-67.503403	1.702000	16.400000
1625	-67.503403	1.704000	16.390000
1626	-67.443403	1.704000	16.620000
1627	-67.243403	1.706000	16.520000
1628	-67.153403	1.706000	16.540000
1629	-67.083403	1.708000	16.470000
1630	-66.853403	1.708000	16.580000
1631	-66.733403	1.709000	16.630000
1632	-66.513403	1.711000	16.550000
1633	-66.153403	1.711000	16.920000
1634	-66.133403	1.713000	16.730000
1635	-66.063403	1.713000	16.720000
1636	-65.963403	1.715000	16.750000
1637	-65.843403	1.715000	16.740000
1638	-65.823403	1.715000	16.620000
1639	-65.773403	1.719000	16.670000
1640	-65.753403	1.719000	16.570000
1641	-65.603403	1.721000	16.650000
1642	-65.503403	1.721000	16.810000
1643	-65.493403	1.723000	16.750000
1644	-65.433403	1.723000	16.770000
1645	-65.413403	1.723000	16.610000
1646	-65.363403	1.725000	16.620000
1647	-65.253403	1.727000	16.670000
1648	-65.223403	1.731000	16.790000
1649	-65.183403	1.731000	16.700000
1650	-65.183403	1.733000	16.710000
1651	-65.183403	1.733000	16.830000
1652	-65.173403	1.735000	16.630000
1653	-65.023403	1.735000	16.570000
1654	-65.023403	1.737000	16.750000
1655	-64.763403	1.737000	16.830000
1656	-64.523403	1.739000	16.820000
1657	-64.433403	1.739000	16.890000
1658	-64.313403	1.741000	16.770000
1659	-64.183403	1.743000	16.750000
1660	-64.093403	1.743000	16.730000
1661	-64.033403	1.745000	16.890000
1662	-64.023403	1.745000	16.910000
1663	-64.003403	1.747000	16.890000
1664	-63.983403	1.747000	17.020000
1665	-63.973403	1.749000	16.900000
1666	-63.863403	1.749000	16.820000
1667	-63.723403	1.750000	16.740000
1668	-63.643403	1.752000	16.830000
1669	-63.623403	1.752000	16.840000
1670	-63.553403	1.754000	16.990000
1671	-63.493403	1.754000	16.820000
1672	-63.453403	1.756000	16.840000
1673	-63.453403	1.756000	16.960000
1674	-63.213403	1.758000	16.750000
1675	-63.213403	1.758000	16.830000
1676	-62.943403	1.760000	16.980000
1677	-62.903403	1.760000	16.820000
1678	-62.693403	1.762000	16.920000
1679	-62.663403	1.762000	17.140000
1680	-62.453403	1.764000	16.840000
1681	-62.443403	1.764000	16.870000
1682	-62.303403	1.766000	17.050000
1683	-62.073403	1.766000	16.860000
1684	-62.023403	1.768000	16.840000
1685	-61.943403	1.768000	16.940000
1686	-61.853403	1.770000	16.940000
1687	-61.633403	1.770000	16.840000
1688	-61.563403	1.772000	16.950000
1689	-61.553403	1.774000	16.870000
1690	-61.443403	1.774000	17.010000
1691	-61.223403	1.776000	17.060000
1692	-61.163403	1.776000	16.910000
1693	-61.153403	1.778000	17.030000
1694	-61.093403	1.778000	17.000000
1695	-61.043403	1.780000	17.190000
1696	-61.013403	1.780000	16.990000
1697	-60.983403	1.782000	16.930000
1698	-60.963403	1.784000	16.850000
1699	-60.963403	1.784000	16.940000
1700	-60.873403	1.786000	16.990000
1701	-60.643403	1.786000	17.020000
1702	-60.623403	1.788000	16.810000
1703	-60.583403	1.788000	16.900000
1704	-60.573403	1.791000	17.040000
1705	-60.553403	1.790000	17.060000
1706	-60.553403	1.791000	17.030000
1707	-60.523403	1.791000	17.030000
1708	-60.503403	1.793000	16.980000
1709	-60.463403	1.793000	17.050000
1710	-60.283403	1.795000	17.060000
1711	-60.273403	1.795000	16.970000
1712	-60.153403	1.797000	17.050000
1713	-60.093403	1.797000	17.060000
1714	-60.063403	1.799000	17.190000
1715	-60.023403	1.799000	17.100000
1716	-59.943403	1.801000	17.140000
1717	-59.933403	1.803000	17.210000
1718	-59.703403	1.803000	17.140000
1719	-59.403403	1.805000	17.210000
1720	-59.293403	1.805000	16.960000
1721	-59.153403	1.807000	17.130000
1722	-59.083403	1.807000	17.110000
1723	-59.033403	1.809000	17.260000
1724	-58.953403	1.809000	17.180000
1725	-58.913403	1.811000	17.060000
1726	-58.893403	1.815000	17.090000
1727	-58.893403	1.815000	17.140000
1728	-58.843403	1.817000	17.250000
1729	-58.833403	1.817000	17.260000
1730	-58.553403	1.817000	17.240000
1731	-58.503403	1.819000	17.170000
1732	-58.383403	1.821000	17.080000
1733	-58.273403	1.821000	17.100000
1734	-58.113403	1.823000	17.100000
1735	-57.863403	1.823000	17.130000
1736	-57.613403	1.825000	17.170000
1737	-57.573403	1.825000	17.360000
1738	-57.483403	1.827000	17.290000
1739	-57.433403	1.829000	17.330000
1740	-57.283403	1.829000	17.360000
1741	-57.103403	1.831000	17.270000
1742	-56.943403	1.831000	17.260000
1743	-56.903403	1.832000	17.340000
1744	-56.833403	1.832000	17.200000
1745	-56.823403	1.834000	17.370000
1746	-56.793403	1.834000	17.390000
1747	-56.773403	1.836000	17.320000
1748	-56.623403	1.836000	17.500000
1749	-56.603403	1.838000	17.270000
1750	-56.593403	1.838000	17.300000
1751	-56.533403	1.840000	17.260000
1752	-56.533403	1.840000	17.290000
1753	-56.473403	1.842000	17.370000
1754	-56.473403	1.842000	17.230000
1755	-56.423403	1.844000	17.360000
1756	-56.313403	1.844000	17.300000
1757	-56.293403	1.846000	17.450000
1758	-56.293403	1.846000	17.350000
1759	-56.153403	1.848000	17.440000
1760	-56.093403	1.848000	17.290000
1761	-56.023403	1.848000	17.300000
1762	-55.993403	1.850000	17.440000
1763	-55.943403	1.852000	17.290000
1764	-55.913403	1.852000	17.270000
1765	-55.903403	1.854000	17.260000
1766	-55.873403	1.856000	17.410000
1767	-55.803403	1.856000	17.380000
1768	-55.673403	1.856000	17.300000
1769	-55.603403	1.858000	17.460000
1770	-55.213403	1.860000	17.460000
1771	-55.193403	1.860000	17.430000
1772	-54.993403	1.862000	17.390000
1773	-54.903403	1.862000	17.490000
1774	-54.843403	1.864000	17.350000
1775	-54.833403	1.864000	17.400000
1776	-54.733403	1.866000	17.520000
1777	-54.663403	1.868000	17.350000
1778	-54.553403	1.868000	17.450000
1779	-54.453403	1.870000	17.500000
1780	-54.433403	1.870000	17.570000
1781	-54.283403	1.872000	17.560000
1782	-54.243403	1.872000	17.550000
1783	-54.223403	1.872000	17.420000
1784	-54.113403	1.874000	17.490000
1785	-53.983403	1.875000	17.560000
1786	-53.823403	1.877000	17.450000
1787	-53.673403	1.877000	17.560000
1788	-53.633403	1.879000	17.530000
1789	-53.633403	1.879000	17.550000
1790	-53.563403	1.879000	17.550000
1791	-53.523403	1.881000	17.370000
1792	-53.433403	1.885000	17.470000
1793	-53.093403	1.885000	17.640000
1794	-52.943403	1.885000	17.580000
1795	-52.943403	1.887000	17.640000
1796	-52.893403	1.887000	17.640000
1797	-52.863403	1.887000	17.500000
1798	-52.843403	1.889000	17.600000
1799	-52.753403	1.891000	17.580000
1800	-52.733403	1.891000	17.590000
1801	-52.663403	1.893000	17.700000
1802	-52.663403	1.893000	17.710000
1803	-52.213403	1.897000	17.640000
1804	-52.153403	1.901000	17.690000
1805	-52.073403	1.899000	17.720000
1806	-52.003403	1.901000	17.740000
1807	-51.983403	1.901000	17.690000
1808	-51.963403	1.903000	17.730000
1809	-51.873403	1.903000	17.700000
1810	-51.863403	1.905000	17.730000
1811	-51.793403	1.905000	17.600000
1812	-51.773403	1.907000	17.610000
1813	-51.763403	1.907000	17.620000
1814	-51.683403	1.909000	17.810000
1815	-51.623403	1.909000	17.570000
1816	-51.533403	1.911000	17.680000
1817	-51.523403	1.911000	17.690000
1818	-51.323403	1.913000	17.720000
1819	-51.313403	1.913000	17.760000
1820	-51.253403	1.915000	17.620000
1821	-51.213403	1.915000	17.710000
1822	-51.033403	1.916000	17.770000
1823	-51.023403	1.916000	17.750000
1824	-50.913403	1.918000	17.680000
1825	-50.813403	1.920000	17.920000
1826	-50.803403	1.920000	17.680000
1827	-50.643403	1.922000	17.720000
1828	-50.583403	1.922000	17.760000
1829	-50.393403	1.924000	17.660000
1830	-50.243403	1.924000	17.710000
1831	-50.153403	1.926000	17.780000
1832	-50.113403	1.926000	17.720000
1833	-50.033403	1.928000	17.780000
1834	-49.993403	1.928000	17.820000
1835	-49.963403	1.930000	17.670000
1836	-49.943403	1.930000	17.730000
1837	-49.843403	1.932000	17.820000
1838	-49.753403	1.932000	17.800000
1839	-49.623403	1.934000	17.690000
1840	-49.503403	1.934000	17.760000
1841	-49.483403	1.936000	17.660000
1842	-49.453403	1.936000	17.710000
1843	-49.403403	1.938000	17.710000
1844	-49.343403	1.940000	17.720000
1845	-49.253403	1.940000	17.830000
1846	-49.113403	1.942000	17.900000
1847	-48.853403	1.942000	17.820000
1848	-48.713403	1.944000	17.870000
1849	-48.703403	1.944000	17.820000
1850	-48.683403	1.946000	17.820000
1851	-48.573403	1.946000	17.660000
1852	-48.573403	1.948000	17.870000
1853	-48.503403	1.948000	17.930000
1854	-48.463403	1.950000	17.880000
1855	-48.463403	1.950000	17.900000
1856	-48.443403	1.952000	17.840000
1857	-48.383403	1.952000	17.720000
1858	-48.223403	1.952000	17.980000
1859	-48.203403	1.952000	17.900000
1860	-48.173403	1.956000	17.850000
1861	-48.133403	1.956000	17.970000
1862	-48.063403	1.958000	17.830000
1863	-47.953403	1.958000	17.800000
1864	-47.943403	1.959000	17.940000
1865	-47.883403	1.959000	17.810000
1866	-47.873403	1.961000	17.900000
1867	-47.843403	1.961000	17.920000
1868	-47.723403	1.963000	17.960000
1869	-47.673403	1.963000	18.050000
1870	-47.523403	1.965000	17.710000
1871	-47.383403	1.965000	17.870000
1872	-47.353403	1.967000	18.080000
1873	-47.263403	1.967000	17.880000
1874	-47.193403	1.969000	18.020000
1875	-46.803403	1.969000	18.050000
1876	-46.793403	1.971000	17.950000
1877	-46.573403	1.971000	18.000000
1878	-46.223403	1.973000	17.900000
1879	-46.203403	1.973000	17.940000
1880	-46.133403	1.975000	17.840000
1881	-46.113403	1.975000	18.180000
1882	-46.083403	1.977000	18.240000
1883	-46.073403	1.977000	18.050000
1884	-46.053403	1.981000	18.100000
1885	-46.003403	1.981000	17.980000
1886	-45.993403	1.983000	18.040000
1887	-45.943403	1.985000	18.120000
1888	-45.873403	1.985000	18.190000
1889	-45.793403	1.987000	18.180000
1890	-45.783403	1.987000	18.110000
1891	-45.763403	1.989000	18.200000
1892	-45.753403	1.989000	17.990000
1893	-45.683403	1.989000	18.130000
1894	-45.633403	1.991000	18.170000
1895	-45.623403	1.995000	18.120000
1896	-45.593403	1.993000	18.060000
1897	-45.533403	1.995000	18.130000
1898	-45.533403	1.995000	18.080000
1899	-45.503403	1.997000	18.090000
1900	-45.453403	1.997000	18.160000
1901	-45.443403	1.997000	18.070000
1902	-45.423403	1.999000	18.110000
1903	-45.383403	2.000000	18.210000
1904	-45.353403	2.000000	18.140000
1905	-45.353403	2.002000	18.290000
1906	-45.343403	2.002000	18.110000
1907	-45.333403	2.004000	18.120000
1908	-45.283403	2.004000	18.120000
1909	-45.193403	2.004000	18.220000
1910	-45.133403	2.006000	18.220000
1911	-45.123403	2.008000	18.130000
1912	-45.103403	2.008000	18.090000
1913	-45.043403	2.010000	18.150000
1914	-44.963403	2.010000	18.130000
1915	-44.913403	2.012000	18.040000
1916	-44.883403	2.012000	18.180000
1917	-44.863403	2.012000	18.170000
1918	-44.763403	2.014000	18.240000
1919	-44.743403	2.016000	18.210000
1920	-44.673403	2.016000	18.150000
1921	-44.523403	2.018000	18.110000
1922	-44.433403	2.018000	18.190000
1923	-44.293403	2.020000	18.250000
1924	-44.193403	2.020000	18.190000
1925	-43.983403	2.022000	18.240000
1926	-43.513403	2.026000	18.330000
1927	-43.393403	2.024000	18.350000
1928	-43.293403	2.026000	18.140000
1929	-43.023403	2.026000	18.130000
1930	-42.983403	2.028000	18.220000
1931	-42.983403	2.028000	18.240000
1932	-42.893403	2.028000	18.560000
1933	-42.873403	2.030000	18.170000
1934	-42.603403	2.032000	18.300000
1935	-42.583403	2.034000	18.280000
1936	-42.503403	2.034000	18.340000
1937	-42.483403	2.036000	18.260000
1938	-42.283403	2.036000	18.340000
1939	-42.203403	2.036000	18.270000
1940	-42.093403	2.038000	18.360000
1941	-42.073403	2.041000	18.250000
1942	-41.823403	2.041000	18.410000
1943	-41.813403	2.041000	18.300000
1944	-41.693403	2.041000	18.320000
1945	-41.653403	2.043000	18.390000
1946	-41.593403	2.043000	18.310000
1947	-41.553403	2.043000	18.250000
1948	-41.553403	2.045000	18.390000
1949	-41.343403	2.047000	18.320000
1950	-41.333403	2.047000	18.320000
1951	-41.323403	2.049000	18.460000
1952	-41.183403	2.049000	18.210000
1953	-41.143403	2.051000	18.300000
1954	-41.123403	2.051000	18.320000
1955	-40.783403	2.053000	18.360000
1956	-40.653403	2.053000	18.540000
1957	-40.623403	2.055000	18.700000
1958	-40.353403	2.055000	18.310000
1959	-40.253403	2.057000	18.450000
1960	-40.143403	2.057000	18.420000
1961	-40.033403	2.059000	18.530000
1962	-40.023403	2.059000	18.650000
1963	-40.023403	2.063000	18.480000
1964	-39.953403	2.063000	18.530000
1965	-39.853403	2.065000	18.420000
1966	-39.743403	2.067000	18.540000
1967	-39.653403	2.067000	18.450000
1968	-39.643403	2.069000	18.450000
1969	-39.613403	2.069000	18.580000
1970	-39.593403	2.071000	18.640000
1971	-39.583403	2.071000	18.420000
1972	-39.483403	2.073000	18.430000
1973	-39.453403	2.073000	18.510000
1974	-39.273403	2.075000	18.570000
1975	-39.213403	2.075000	18.580000
1976	-39.203403	2.077000	18.570000
1977	-39.193403	2.077000	18.670000
1978	-39.183403	2.079000	18.570000
1979	-39.083403	2.079000	18.500000
1980	-39.053403	2.081000	18.580000
1981	-39.033403	2.081000	18.470000
1982	-38.853403	2.082000	18.550000
1983	-38.843403	2.082000	18.770000
1984	-38.693403	2.084000	18.580000
1985	-38.653403	2.086000	18.600000
1986	-38.543403	2.086000	18.520000
1987	-38.193403	2.088000	18.490000
1988	-38.103403	2.088000	18.520000
1989	-38.023403	2.090000	18.650000
1990	-38.003403	2.090000	18.600000
1991	-37.993403	2.092000	18.710000
1992	-37.963403	2.092000	18.590000
1993	-37.653403	2.094000	18.650000
1994	-37.623403	2.092000	18.650000
1995	-37.523403	2.096000	18.770000
1996	-37.313403	2.098000	18.810000
1997	-37.263403	2.098000	18.650000
1998	-37.263403	2.100000	18.800000
1999	-37.193403	2.100000	18.630000
2000	-37.133403	2.102000	18.600000
2001	-37.043403	2.102000	18.670000
2002	-37.043403	2.104000	18.660000
2003	-36.983403	2.104000	18.660000
2004	-36.963403	2.106000	18.690000
2005	-36.923403	2.108000	18.600000
2006	-36.813403	2.108000	18.730000
2007	-36.803403	2.110000	18.810000
2008	-36.743403	2.110000	18.590000
2009	-36.743403	2.112000	18.840000
2010	-36.733403	2.112000	18.870000
2011	-36.473403	2.114000	18.730000
2012	-36.443403	2.114000	18.870000
2013	-36.363403	2.116000	18.670000
2014	-36.203403	2.116000	18.840000
2015	-36.053403	2.118000	18.730000
2016	-36.023403	2.118000	18.810000
2017	-35.973403	2.120000	18.870000
2018	-35.923403	2.120000	18.810000
2019	-35.393403	2.122000	18.980000
2020	-35.323403	2.122000	18.830000
2021	-35.303403	2.124000	18.790000
2022	-35.273403	2.124000	18.790000
2023	-35.213403	2.124000	18.740000
2024	-35.173403	2.125000	18.900000
2025	-35.173403	2.127000	18.880000
2026	-35.123403	2.127000	18.910000
2027	-35.103403	2.129000	18.950000
2028	-35.063403	2.129000	18.730000
2029	-35.063403	2.131000	18.740000
2030	-34.963403	2.131000	18.930000
2031	-34.953403	2.133000	18.660000
2032	-34.893403	2.133000	18.930000
2033	-34.793403	2.135000	18.760000
2034	-34.743403	2.135000	18.900000
2035	-34.733403	2.137000	18.920000
2036	-34.713403	2.139000	18.920000
2037	-34.693403	2.139000	18.850000
2038	-34.663403	2.141000	18.940000
2039	-34.493403	2.141000	18.970000
2040	-34.393403	2.143000	18.950000
2041	-34.243403	2.143000	18.930000
2042	-34.043403	2.145000	18.940000
2043	-34.043403	2.147000	18.930000
2044	-33.873403	2.151000	19.140000
2045	-33.843403	2.151000	19.010000
2046	-33.833403	2.151000	18.890000
2047	-33.803403	2.153000	18.940000
2048	-33.783403	2.153000	18.960000
2049	-33.773403	2.153000	18.960000
2050	-33.613403	2.155000	18.980000
2051	-33.453403	2.157000	19.050000
2052	-33.233403	2.155000	18.990000
2053	-33.173403	2.159000	18.870000
2054	-32.993403	2.159000	18.750000
2055	-32.583403	2.161000	19.190000
2056	-32.353403	2.161000	19.030000
2057	-31.963403	2.161000	19.040000
2058	-31.943403	2.163000	19.110000
2059	-31.903403	2.165000	19.260000
2060	-31.863403	2.165000	19.200000
2061	-31.793403	2.166000	19.060000
2062	-31.753403	2.166000	19.110000
2063	-31.623403	2.168000	19.150000
2064	-31.593403	2.168000	19.220000
2065	-31.543403	2.168000	19.100000
2066	-31.543403	2.170000	19.130000
2067	-31.493403	2.172000	19.100000
2068	-31.463403	2.172000	19.100000
2069	-31.463403	2.174000	19.250000
2070	-31.423403	2.174000	19.160000
2071	-31.353403	2.176000	19.120000
2072	-31.343403	2.176000	19.110000
2073	-31.263403	2.176000	19.170000
2074	-31.263403	2.180000	19.210000
2075	-31.163403	2.180000	19.230000
2076	-31.023403	2.182000	19.260000
2077	-30.863403	2.182000	19.050000
2078	-30.803403	2.184000	19.040000
2079	-30.663403	2.184000	19.250000
2080	-30.633403	2.184000	19.240000
2081	-30.633403	2.186000	19.310000
2082	-30.593403	2.188000	19.390000
2083	-30.513403	2.188000	19.140000
2084	-30.443403	2.190000	19.470000
2085	-30.283403	2.192000	19.160000
2086	-30.243403	2.192000	19.370000
2087	-30.153403	2.192000	19.020000
2088	-30.113403	2.194000	19.070000
2089	-29.913403	2.196000	19.230000
2090	-29.853403	2.196000	19.290000
2091	-29.853403	2.198000	19.230000
2092	-29.813403	2.198000	19.520000
2093	-29.803403	2.200000	19.330000
2094	-29.753403	2.200000	19.320000
2095	-29.493403	2.200000	19.380000
2096	-29.443403	2.202000	19.350000
2097	-29.333403	2.202000	19.410000
2098	-29.213403	2.204000	19.400000
2099	-29.213403	2.206000	19.460000
2100	-28.863403	2.206000	19.410000
2101	-28.843403	2.208000	19.450000
2102	-28.843403	2.208000	19.200000
2103	-28.803403	2.208000	19.600000
2104	-28.793403	2.209000	19.390000
2105	-28.743403	2.213000	19.270000
2106	-28.653403	2.211000	19.320000
2107	-28.643403	2.213000	19.490000
2108	-28.513403	2.213000	19.430000
2109	-28.513403	2.215000	19.410000
2110	-28.423403	2.215000	19.340000
2111	-28.343403	2.217000	19.540000
2112	-28.153403	2.217000	19.460000
2113	-28.043403	2.219000	19.350000
2114	-28.033403	2.219000	19.570000
2115	-28.013403	2.221000	19.310000
2116	-28.003403	2.221000	19.330000
2117	-27.913403	2.223000	19.280000
2118	-27.903403	2.223000	19.390000
2119	-27.853403	2.223000	19.340000
2120	-27.763403	2.225000	19.400000
2121	-27.663403	2.227000	19.290000
2122	-27.603403	2.227000	19.450000
2123	-27.593403	2.229000	19.270000
2124	-27.573403	2.233000	19.460000
2125	-27.483403	2.233000	19.580000
2126	-27.403403	2.235000	19.320000
2127	-27.153403	2.235000	19.440000
2128	-27.133403	2.237000	19.490000
2129	-27.103403	2.237000	19.440000
2130	-27.073403	2.239000	19.450000
2131	-26.893403	2.239000	19.410000
2132	-26.743403	2.241000	19.520000
2133	-26.633403	2.241000	19.400000
2134	-26.573403	2.243000	19.410000
2135	-26.523403	2.245000	19.470000
2136	-26.483403	2.245000	19.370000
2137	-26.433403	2.245000	19.450000
2138	-26.383403	2.247000	19.480000
2139	-26.153403	2.247000	19.460000
2140	-26.063403	2.249000	19.460000
2141	-26.063403	2.249000	19.540000
2142	-26.063403	2.249000	19.480000
2143	-25.823403	2.249000	19.500000
2144	-25.463403	2.252000	19.490000
2145	-25.453403	2.254000	19.620000
2146	-25.393403	2.254000	19.600000
2147	-25.263403	2.256000	19.770000
2148	-25.253403	2.256000	19.520000
2149	-25.223403	2.258000	19.620000
2150	-25.213403	2.258000	19.560000
2151	-24.923403	2.260000	19.570000
2152	-24.753403	2.260000	19.580000
2153	-24.673403	2.262000	19.730000
2154	-24.653403	2.262000	19.560000
2155	-24.523403	2.264000	19.680000
2156	-24.493403	2.264000	19.700000
2157	-24.313403	2.266000	19.680000
2158	-24.303403	2.266000	19.710000
2159	-24.243403	2.268000	19.590000
2160	-24.233403	2.268000	19.720000
2161	-24.183403	2.270000	19.510000
2162	-24.173403	2.270000	19.810000
2163	-24.063403	2.272000	19.720000
2164	-24.053403	2.272000	19.910000
2165	-24.033403	2.274000	19.680000
2166	-24.023403	2.276000	19.690000
2167	-23.983403	2.276000	19.650000
2168	-23.983403	2.276000	19.750000
2169	-23.953403	2.278000	19.650000
2170	-23.843403	2.278000	19.770000
2171	-23.823403	2.280000	19.700000
2172	-23.703403	2.280000	19.870000
2173	-23.633403	2.282000	19.770000
2174	-23.623403	2.282000	19.820000
2175	-23.583403	2.284000	19.630000
2176	-23.503403	2.284000	19.640000
2177	-23.463403	2.286000	19.780000
2178	-23.403403	2.286000	19.800000
2179	-23.343403	2.288000	20.070000
2180	-23.293403	2.288000	19.660000
2181	-23.193403	2.290000	19.820000
2182	-23.033403	2.290000	19.830000
2183	-22.923403	2.291000	19.920000
2184	-22.633403	2.291000	19.940000
2185	-22.583403	2.293000	19.960000
2186	-22.583403	2.295000	19.820000
2187	-22.483403	2.295000	19.920000
2188	-22.393403	2.297000	19.960000
2189	-22.363403	2.297000	19.920000
2190	-22.343403	2.299000	19.820000
2191	-22.273403	2.299000	19.830000
2192	-22.233403	2.301000	19.920000
2193	-22.093403	2.301000	19.780000
2194	-22.093403	2.303000	19.880000
2195	-22.073403	2.303000	19.870000
2196	-22.003403	2.307000	19.870000
2197	-21.973403	2.305000	19.860000
2198	-21.943403	2.307000	19.890000
2199	-21.853403	2.307000	19.860000
2200	-21.773403	2.309000	19.890000
2201	-21.753403	2.309000	19.870000
2202	-21.743403	2.313000	19.860000
2203	-21.583403	2.313000	19.830000
2204	-21.513403	2.315000	19.960000
2205	-21.333403	2.317000	19.920000
2206	-21.243403	2.317000	19.890000
2207	-21.213403	2.317000	19.940000
2208	-21.183403	2.319000	19.900000
2209	-21.183403	2.321000	19.930000
2210	-21.073403	2.321000	19.870000
2211	-20.913403	2.323000	19.730000
2212	-20.843403	2.323000	19.900000
2213	-20.793403	2.325000	19.850000
2214	-20.743403	2.325000	19.890000
2215	-20.613403	2.327000	19.850000
2216	-20.573403	2.327000	20.090000
2217	-20.553403	2.329000	19.840000
2218	-20.553403	2.327000	19.840000
2219	-20.473403	2.331000	19.980000
2220	-20.413403	2.331000	19.930000
2221	-20.383403	2.332000	20.050000
2222	-20.283403	2.332000	19.790000
2223	-20.223403	2.332000	19.970000
2224	-19.753403	2.334000	20.010000
2225	-19.663403	2.336000	19.890000
2226	-19.543403	2.336000	20.030000
2227	-19.493403	2.338000	19.700000
2228	-19.243403	2.338000	19.890000
2229	-19.223403	2.340000	20.070000
2230	-19.133403	2.340000	19.980000
2231	-19.043403	2.340000	19.940000
2232	-19.043403	2.342000	20.040000
2233	-18.913403	2.344000	19.950000
2234	-18.873403	2.344000	20.100000
2235	-18.813403	2.344000	20.010000
2236	-18.763403	2.348000	20.160000
2237	-18.763403	2.348000	19.950000
2238	-18.593403	2.348000	20.130000
2239	-18.513403	2.350000	20.080000
2240	-18.373403	2.352000	20.140000
2241	-18.343403	2.352000	20.130000
2242	-18.293403	2.354000	20.100000
2243	-18.263403	2.354000	19.940000
2244	-18.253403	2.356000	20.120000
2245	-18.153403	2.358000	20.160000
2246	-18.133403	2.358000	20.060000
2247	-18.113403	2.360000	20.140000
2248	-18.093403	2.360000	20.060000
2249	-17.943403	2.362000	20.170000
2250	-17.863403	2.362000	20.160000
2251	-17.783403	2.364000	20.160000
2252	-17.633403	2.364000	20.210000
2253	-17.553403	2.364000	20.170000
2254	-17.543403	2.366000	20.010000
2255	-17.493403	2.370000	20.300000
2256	-17.243403	2.370000	20.080000
2257	-17.203403	2.370000	20.130000
2258	-17.203403	2.372000	20.110000
2259	-17.093403	2.372000	20.070000
2260	-16.773403	2.372000	20.150000
2261	-16.633403	2.374000	20.150000
2262	-16.583403	2.374000	20.260000
2263	-16.573403	2.374000	20.180000
2264	-16.453403	2.377000	20.230000
2265	-16.333403	2.377000	20.130000
2266	-16.303403	2.379000	20.210000
2267	-16.273403	2.379000	20.100000
2268	-16.253403	2.379000	20.320000
2269	-16.213403	2.381000	20.260000
2270	-16.183403	2.383000	20.260000
2271	-16.133403	2.383000	20.150000
2272	-16.033403	2.385000	20.200000
2273	-15.993403	2.385000	20.190000
2274	-15.913403	2.387000	20.140000
2275	-15.893403	2.389000	20.130000
2276	-15.783403	2.389000	20.160000
2277	-15.253403	2.391000	20.400000
2278	-15.243403	2.391000	20.240000
2279	-15.143403	2.393000	20.140000
2280	-15.143403	2.393000	20.290000
2281	-15.093403	2.397000	20.420000
2282	-14.983403	2.397000	20.270000
2283	-14.913403	2.401000	20.320000
2284	-14.863403	2.399000	20.350000
2285	-14.683403	2.401000	20.400000
2286	-14.663403	2.401000	20.320000
2287	-14.663403	2.403000	20.230000
2288	-14.593403	2.403000	20.250000
2289	-14.583403	2.405000	20.300000
2290	-14.493403	2.405000	20.230000
2291	-14.483403	2.407000	20.350000
2292	-14.413403	2.405000	20.370000
2293	-14.373403	2.409000	20.400000
2294	-14.373403	2.411000	20.540000
2295	-14.343403	2.411000	20.470000
2296	-14.093403	2.413000	20.330000
2297	-13.983403	2.413000	20.290000
2298	-13.913403	2.415000	20.290000
2299	-13.913403	2.415000	20.370000
2300	-13.843403	2.416000	20.390000
2301	-13.823403	2.416000	20.340000
2302	-13.693403	2.418000	20.140000
2303	-13.673403	2.418000	20.350000
2304	-13.403403	2.420000	20.380000
2305	-13.073403	2.420000	20.440000
2306	-13.013403	2.420000	20.350000
2307	-13.013403	2.420000	20.410000
2308	-12.613403	2.424000	20.400000
2309	-12.563403	2.424000	20.470000
2310	-12.493403	2.426000	20.430000
2311	-12.423403	2.426000	20.540000
2312	-12.293403	2.428000	20.340000
2313	-12.223403	2.428000	20.610000
2314	-12.183403	2.430000	20.480000
2315	-12.103403	2.432000	20.590000
2316	-12.073403	2.432000	20.580000
2317	-11.963403	2.434000	20.640000
2318	-11.963403	2.434000	20.490000
2319	-11.953403	2.436000	20.310000
2320	-11.903403	2.436000	20.540000
2321	-11.873403	2.438000	20.540000
2322	-11.823403	2.438000	20.460000
2323	-11.733403	2.440000	20.780000
2324	-11.713403	2.442000	20.590000
2325	-11.713403	2.442000	20.530000
2326	-11.703403	2.444000	20.470000
2327	-11.603403	2.444000	20.600000
2328	-11.393403	2.448000	20.510000
2329	-11.383403	2.448000	20.590000
2330	-11.083403	2.448000	20.690000
2331	-11.023403	2.448000	20.580000
2332	-10.943403	2.450000	20.510000
2333	-10.943403	2.450000	20.610000
2334	-10.813403	2.452000	20.700000
2335	-10.813403	2.454000	20.930000
2336	-10.803403	2.454000	20.790000
2337	-10.793403	2.456000	20.440000
2338	-10.623403	2.456000	20.650000
2339	-10.323403	2.458000	20.770000
2340	-10.243403	2.458000	20.580000
2341	-10.233403	2.459000	20.710000
2342	-10.233403	2.459000	20.660000
2343	-10.093403	2.461000	20.590000
2344	-10.033403	2.463000	20.770000
2345	-10.013403	2.463000	20.650000
2346	-9.913403	2.463000	20.800000
2347	-9.883403	2.465000	20.870000
2348	-9.823403	2.465000	20.680000
2349	-9.823403	2.467000	20.710000
2350	-9.703403	2.467000	20.700000
2351	-9.673403	2.467000	20.700000
2352	-9.603403	2.469000	20.720000
2353	-9.593403	2.471000	20.700000
2354	-9.553403	2.473000	20.800000
2355	-9.533403	2.473000	20.670000
2356	-9.513403	2.475000	20.700000
2357	-9.463403	2.475000	20.690000
2358	-9.343403	2.477000	20.840000
2359	-9.273403	2.477000	20.670000
2360	-9.203403	2.481000	20.770000
2361	-9.053403	2.481000	20.810000
2362	-9.043403	2.481000	20.880000
2363	-8.973403	2.483000	20.770000
2364	-8.893403	2.485000	20.860000
2365	-8.883403	2.485000	20.650000
2366	-8.753403	2.487000	20.770000
2367	-8.743403	2.487000	20.900000
2368	-8.293403	2.489000	20.990000
2369	-8.193403	2.489000	20.810000
2370	-8.193403	2.489000	21.080000
2371	-8.103403	2.491000	20.860000
2372	-7.983403	2.495000	20.740000
2373	-7.923403	2.493000	20.790000
2374	-7.883403	2.495000	20.900000
2375	-7.873403	2.497000	20.750000
2376	-7.873403	2.497000	21.030000
2377	-7.723403	2.497000	20.860000
2378	-7.483403	2.499000	20.950000
2379	-7.403403	2.500000	20.910000
2380	-7.363403	2.500000	21.040000
2381	-7.273403	2.502000	20.880000
2382	-7.243403	2.502000	20.950000
2383	-7.193403	2.504000	20.910000
2384	-7.103403	2.504000	20.870000
2385	-7.093403	2.504000	20.920000
2386	-7.053403	2.506000	20.910000
2387	-6.973403	2.508000	20.910000
2388	-6.943403	2.508000	20.940000
2389	-6.913403	2.510000	21.000000
2390	-6.893403	2.510000	21.000000
2391	-6.863403	2.512000	21.050000
2392	-6.853403	2.512000	20.900000
2393	-6.833403	2.514000	20.990000
2394	-6.753403	2.514000	20.840000
2395	-6.723403	2.516000	20.880000
2396	-6.713403	2.518000	20.980000
2397	-6.663403	2.518000	20.900000
2398	-6.393403	2.520000	20.910000
2399	-6.383403	2.520000	20.830000
2400	-6.303403	2.522000	20.980000
2401	-6.293403	2.522000	21.040000
2402	-6.233403	2.524000	20.950000
2403	-6.033403	2.524000	20.960000
2404	-5.723403	2.526000	21.020000
2405	-5.623403	2.526000	20.990000
2406	-5.353403	2.528000	21.120000
2407	-5.023403	2.528000	21.190000
2408	-4.863403	2.528000	21.250000
2409	-4.853403	2.530000	21.040000
2410	-4.743403	2.532000	21.010000
2411	-4.663403	2.530000	21.000000
2412	-4.523403	2.534000	21.040000
2413	-4.433403	2.536000	20.990000
2414	-4.413403	2.536000	21.000000
2415	-4.313403	2.538000	20.960000
2416	-4.313403	2.538000	21.290000
2417	-4.263403	2.540000	20.990000
2418	-4.043403	2.540000	21.080000
2419	-4.003403	2.541000	21.130000
2420	-3.893403	2.541000	21.210000
2421	-3.873403	2.543000	21.130000
2422	-3.843403	2.543000	21.140000
2423	-3.763403	2.545000	21.090000
2424	-3.723403	2.545000	21.180000
2425	-3.713403	2.547000	21.230000
2426	-3.693403	2.547000	21.320000
2427	-3.623403	2.549000	21.080000
2428	-3.573403	2.549000	21.170000
2429	-3.513403	2.551000	21.250000
2430	-3.343403	2.551000	21.120000
2431	-3.343403	2.551000	21.250000
2432	-3.333403	2.553000	21.170000
2433	-3.283403	2.555000	21.140000
2434	-3.253403	2.557000	21.190000
2435	-3.223403	2.557000	21.090000
2436	-3.143403	2.557000	21.100000
2437	-3.093403	2.559000	21.160000
2438	-3.083403	2.559000	21.070000
2439	-3.073403	2.563000	21.180000
2440	-2.903403	2.563000	21.150000
2441	-2.803403	2.565000	21.320000
2442	-2.623403	2.565000	21.110000
2443	-2.353403	2.567000	21.260000
2444	-2.313403	2.569000	21.380000
2445	-2.293403	2.569000	21.280000
2446	-2.193403	2.571000	21.320000
2447	-2.043403	2.571000	21.350000
2448	-1.993403	2.573000	21.160000
2449	-1.973403	2.573000	21.200000
2450	-1.813403	2.575000	21.310000
2451	-1.713403	2.575000	21.280000
2452	-1.583403	2.577000	21.290000
2453	-1.543403	2.577000	21.160000
2454	-1.373403	2.579000	21.300000
2455	-1.223403	2.579000	21.250000
2456	-1.173403	2.581000	21.350000
2457	-1.163403	2.581000	21.240000
2458	-1.163403	2.582000	21.350000
2459	-1.093403	2.582000	21.360000
2460	-0.983403	2.584000	21.240000
2461	-0.923403	2.584000	21.510000
2462	-0.873403	2.588000	21.330000
2463	-0.823403	2.586000	21.360000
2464	-0.793403	2.588000	21.520000
2465	-0.633403	2.588000	21.320000
2466	-0.633403	2.590000	21.290000
2467	-0.633403	2.590000	21.320000
2468	-0.573403	2.592000	21.300000
2469	-0.503403	2.592000	21.380000
2470	-0.313403	2.594000	21.400000
2471	-0.243403	2.594000	21.390000
2472	-0.113403	2.596000	21.340000
2473	-0.043403	2.596000	21.630000
2474	0.136597	2.598000	21.360000
2475	0.146597	2.600000	21.460000
2476	0.166597	2.600000	21.220000
2477	0.376597	2.602000	21.400000
2478	0.466597	2.602000	21.400000
2479	1.086597	2.604000	21.400000
2480	1.506597	2.604000	21.520000
2481	1.676597	2.606000	21.550000
