1	-190.537865	0.000000	9.240000
2	-190.247865	0.000000	9.660000
3	-190.137865	0.002000	9.560000
4	-190.097865	0.004000	9.670000
5	-190.077865	0.004000	9.850000
6	-190.067865	0.006000	9.720000
7	-190.047865	0.006000	9.330000
8	-190.027865	0.008000	9.600000
9	-189.897865	0.008000	9.680000
10	-189.787865	0.010000	9.510000
11	-189.737865	0.010000	9.730000
12	-189.727865	0.012000	9.520000
13	-189.467865	0.012000	9.780000
14	-189.427865	0.014000	9.460000
15	-189.397865	0.016000	9.610000
16	-189.387865	0.016000	9.430000
17	-189.337865	0.018000	9.690000
18	-189.217865	0.018000	9.490000
19	-189.157865	0.020000	10.060000
20	-189.127865	0.020000	9.560000
21	-189.087865	0.024000	9.730000
22	-189.077865	0.022000	9.710000
23	-189.067865	0.024000	9.430000
24	-188.907865	0.024000	9.360000
25	-188.817865	0.026000	9.850000
26	-188.787865	0.026000	9.740000
27	-188.727865	0.028000	9.780000
28	-188.607865	0.028000	9.760000
29	-188.507865	0.029000	9.910000
30	-188.467865	0.029000	10.030000
31	-188.447865	0.031000	9.560000
32	-188.257865	0.031000	9.500000
33	-188.177865	0.033000	10.090000
34	-188.077865	0.033000	9.590000
35	-188.067865	0.035000	9.490000
36	-187.657865	0.035000	9.710000
37	-187.637865	0.037000	9.780000
38	-187.537865	0.037000	9.700000
39	-187.537865	0.039000	9.980000
40	-187.437865	0.039000	9.430000
41	-187.417865	0.041000	9.740000
42	-187.387865	0.041000	9.720000
43	-187.337865	0.043000	9.760000
44	-187.197865	0.045000	10.050000
45	-187.177865	0.045000	9.530000
46	-187.147865	0.047000	9.640000
47	-187.087865	0.047000	9.910000
48	-187.047865	0.049000	9.460000
49	-187.007865	0.051000	9.810000
50	-186.947865	0.055000	9.690000
51	-186.827865	0.053000	9.860000
52	-186.827865	0.055000	9.650000
53	-186.367865	0.057000	10.120000
54	-186.367865	0.057000	9.670000
55	-186.277865	0.057000	9.700000
56	-186.237865	0.059000	9.670000
57	-185.877865	0.059000	9.780000
58	-185.827865	0.059000	9.720000
59	-185.817865	0.063000	9.570000
60	-185.757865	0.063000	9.660000
61	-185.717865	0.065000	9.710000
62	-185.617865	0.067000	9.850000
63	-185.567865	0.067000	9.970000
64	-185.447865	0.069000	9.890000
65	-185.407865	0.069000	9.710000
66	-185.337865	0.070000	10.010000
67	-185.317865	0.070000	9.680000
68	-185.267865	0.072000	9.870000
69	-185.147865	0.072000	9.710000
70	-184.977865	0.072000	9.940000
71	-184.877865	0.074000	9.970000
72	-184.867865	0.076000	9.760000
73	-184.797865	0.074000	9.840000
74	-184.727865	0.078000	9.710000
75	-184.677865	0.078000	9.780000
76	-184.587865	0.080000	9.580000
77	-184.587865	0.080000	10.040000
78	-184.517865	0.080000	9.920000
79	-184.417865	0.082000	9.630000
80	-184.387865	0.084000	9.680000
81	-184.367865	0.084000	9.790000
82	-184.347865	0.086000	9.860000
83	-184.347865	0.086000	9.790000
84	-184.337865	0.088000	9.880000
85	-184.307865	0.088000	9.830000
86	-184.277865	0.088000	10.080000
87	-184.217865	0.090000	9.990000
88	-184.207865	0.092000	9.790000
89	-184.207865	0.092000	9.790000
90	-184.197865	0.094000	9.800000
91	-184.197865	0.094000	9.720000
92	-184.057865	0.096000	9.860000
93	-183.997865	0.096000	9.650000
94	-183.897865	0.098000	9.830000
95	-183.877865	0.100000	9.920000
96	-183.657865	0.100000	9.910000
97	-183.597865	0.102000	9.970000
98	-183.537865	0.102000	10.180000
99	-183.377865	0.104000	10.020000
100	-183.347865	0.104000	10.040000
101	-183.247865	0.104000	9.960000
102	-183.177865	0.106000	9.960000
103	-183.157865	0.108000	9.740000
104	-183.087865	0.110000	10.160000
105	-183.027865	0.110000	9.930000
106	-182.827865	0.112000	9.740000
107	-182.787865	0.112000	9.930000
108	-182.687865	0.112000	10.140000
109	-182.647865	0.113000	9.860000
110	-182.487865	0.117000	9.980000
111	-182.467865	0.117000	9.970000
112	-182.317865	0.117000	9.990000
113	-182.197865	0.119000	9.710000
114	-182.107865	0.119000	9.940000
115	-181.987865	0.119000	9.860000
116	-181.937865	0.121000	10.010000
117	-181.877865	0.123000	9.750000
118	-181.877865	0.123000	10.080000
119	-181.817865	0.125000	9.790000
120	-181.797865	0.125000	10.050000
121	-181.787865	0.127000	9.900000
122	-181.637865	0.127000	9.760000
123	-181.617865	0.129000	10.000000
124	-181.587865	0.131000	10.570000
125	-181.207865	0.131000	9.930000
126	-181.097865	0.133000	9.980000
127	-180.997865	0.135000	10.070000
128	-180.967865	0.137000	10.050000
129	-180.947865	0.137000	10.140000
130	-180.817865	0.139000	9.870000
131	-180.597865	0.141000	9.940000
132	-180.567865	0.141000	9.960000
133	-180.547865	0.143000	10.080000
134	-180.457865	0.143000	10.030000
135	-180.257865	0.145000	10.640000
136	-180.257865	0.145000	10.110000
137	-180.177865	0.147000	10.270000
138	-180.037865	0.147000	9.960000
139	-180.017865	0.149000	9.980000
140	-180.007865	0.151000	9.940000
141	-179.837865	0.151000	10.260000
142	-179.807865	0.153000	10.260000
143	-179.787865	0.153000	10.030000
144	-179.747865	0.154000	10.090000
145	-179.597865	0.154000	10.210000
146	-179.477865	0.156000	10.070000
147	-179.427865	0.156000	10.070000
148	-179.287865	0.158000	10.310000
149	-179.277865	0.160000	10.410000
150	-179.137865	0.160000	10.250000
151	-179.037865	0.162000	10.230000
152	-178.987865	0.162000	10.200000
153	-178.867865	0.164000	10.260000
154	-178.807865	0.164000	10.300000
155	-178.727865	0.166000	10.150000
156	-178.697865	0.166000	10.340000
157	-178.547865	0.168000	10.690000
158	-178.497865	0.168000	10.230000
159	-178.447865	0.170000	10.170000
160	-178.317865	0.170000	10.230000
161	-178.217865	0.172000	10.730000
162	-178.157865	0.172000	10.110000
163	-177.957865	0.174000	10.350000
164	-177.947865	0.174000	10.150000
165	-177.887865	0.176000	10.240000
166	-177.817865	0.176000	10.440000
167	-177.717865	0.180000	10.350000
168	-177.707865	0.180000	10.200000
169	-177.617865	0.180000	10.070000
170	-177.577865	0.180000	10.170000
171	-177.577865	0.182000	10.340000
172	-177.477865	0.182000	10.340000
173	-177.357865	0.184000	10.250000
174	-177.267865	0.184000	10.340000
175	-177.237865	0.186000	10.130000
176	-177.217865	0.186000	10.630000
177	-177.067865	0.188000	10.090000
178	-176.997865	0.188000	10.320000
179	-176.937865	0.188000	10.140000
180	-176.917865	0.190000	10.070000
181	-176.877865	0.192000	10.100000
182	-176.647865	0.192000	10.350000
183	-176.647865	0.194000	10.230000
184	-176.597865	0.194000	10.220000
185	-176.517865	0.195000	10.110000
186	-176.457865	0.195000	10.290000
187	-176.337865	0.197000	10.230000
188	-176.317865	0.197000	10.190000
189	-176.267865	0.199000	10.220000
190	-176.147865	0.199000	10.120000
191	-176.057865	0.201000	10.030000
192	-176.017865	0.199000	10.220000
193	-175.997865	0.203000	10.140000
194	-175.957865	0.203000	10.120000
195	-175.947865	0.205000	10.230000
196	-175.607865	0.205000	10.240000
197	-175.577865	0.207000	10.360000
198	-175.547865	0.207000	10.260000
199	-175.487865	0.209000	10.360000
200	-175.437865	0.209000	10.130000
201	-175.407865	0.211000	10.070000
202	-175.367865	0.213000	10.300000
203	-175.287865	0.213000	10.200000
204	-175.277865	0.217000	10.360000
205	-175.237865	0.217000	10.170000
206	-175.047865	0.219000	10.290000
207	-174.967865	0.219000	10.360000
208	-174.827865	0.221000	10.110000
209	-174.637865	0.221000	10.200000
210	-174.547865	0.225000	10.220000
211	-174.497865	0.225000	10.500000
212	-174.427865	0.227000	10.530000
213	-174.307865	0.227000	10.310000
214	-174.247865	0.229000	10.310000
215	-174.167865	0.229000	10.380000
216	-174.147865	0.231000	10.390000
217	-174.117865	0.231000	10.190000
218	-174.097865	0.231000	10.350000
219	-174.027865	0.235000	10.330000
220	-173.937865	0.235000	10.290000
221	-173.907865	0.236000	10.280000
222	-173.907865	0.236000	10.280000
223	-173.897865	0.236000	10.460000
224	-173.657865	0.238000	10.350000
225	-173.587865	0.240000	10.220000
226	-173.497865	0.240000	10.480000
227	-173.277865	0.242000	10.460000
228	-173.177865	0.244000	10.500000
229	-173.107865	0.244000	10.520000
230	-173.077865	0.244000	10.340000
231	-173.027865	0.246000	10.430000
232	-172.807865	0.248000	10.400000
233	-172.797865	0.248000	10.580000
234	-172.777865	0.250000	10.400000
235	-172.747865	0.250000	10.430000
236	-172.667865	0.252000	10.210000
237	-172.587865	0.252000	10.500000
238	-172.537865	0.254000	10.450000
239	-172.517865	0.254000	10.550000
240	-172.487865	0.256000	10.350000
241	-172.467865	0.256000	10.400000
242	-172.407865	0.258000	10.630000
243	-172.387865	0.258000	10.620000
244	-172.387865	0.260000	10.560000
245	-172.197865	0.260000	10.650000
246	-171.977865	0.260000	10.400000
247	-171.797865	0.262000	10.690000
248	-171.767865	0.264000	10.590000
249	-171.667865	0.264000	10.480000
250	-171.437865	0.266000	10.480000
251	-171.287865	0.266000	10.590000
252	-171.277865	0.268000	10.800000
253	-171.237865	0.268000	10.660000
254	-171.237865	0.268000	10.590000
255	-171.207865	0.270000	10.650000
256	-171.197865	0.272000	10.550000
257	-171.167865	0.272000	10.770000
258	-171.027865	0.272000	10.800000
259	-170.967865	0.274000	10.420000
260	-170.937865	0.276000	10.620000
261	-170.877865	0.276000	10.580000
262	-170.777865	0.276000	10.720000
263	-170.737865	0.278000	10.640000
264	-170.637865	0.279000	10.670000
265	-170.587865	0.279000	10.540000
266	-170.557865	0.281000	10.700000
267	-170.397865	0.281000	10.660000
268	-170.377865	0.283000	10.430000
269	-170.347865	0.285000	10.510000
270	-170.247865	0.285000	10.620000
271	-170.237865	0.287000	10.580000
272	-170.217865	0.287000	10.680000
273	-170.107865	0.289000	10.680000
274	-169.957865	0.289000	10.730000
275	-169.947865	0.291000	10.610000
276	-169.837865	0.291000	10.740000
277	-169.717865	0.291000	10.630000
278	-169.567865	0.293000	10.860000
279	-169.477865	0.293000	10.780000
280	-169.467865	0.297000	10.650000
281	-169.317865	0.297000	10.410000
282	-169.087865	0.301000	10.790000
283	-168.977865	0.301000	10.790000
284	-168.927865	0.303000	10.550000
285	-168.927865	0.303000	11.010000
286	-168.927865	0.305000	10.980000
287	-168.887865	0.305000	11.060000
288	-168.807865	0.307000	10.930000
289	-168.647865	0.309000	10.720000
290	-168.597865	0.309000	10.810000
291	-168.547865	0.311000	10.650000
292	-168.277865	0.311000	10.860000
293	-168.197865	0.313000	10.520000
294	-168.147865	0.313000	10.760000
295	-168.137865	0.315000	10.800000
296	-168.057865	0.315000	10.720000
297	-167.957865	0.317000	10.860000
298	-167.917865	0.317000	10.740000
299	-167.767865	0.320000	11.050000
300	-167.717865	0.319000	10.730000
301	-167.647865	0.320000	10.800000
302	-167.637865	0.320000	10.780000
303	-167.507865	0.322000	11.010000
304	-167.367865	0.322000	10.910000
305	-167.347865	0.324000	11.050000
306	-167.327865	0.324000	10.860000
307	-167.287865	0.326000	10.950000
308	-167.257865	0.326000	10.850000
309	-167.187865	0.328000	10.880000
310	-167.107865	0.330000	10.830000
311	-167.087865	0.330000	10.820000
312	-167.007865	0.332000	10.750000
313	-166.757865	0.332000	10.890000
314	-166.747865	0.334000	11.120000
315	-166.637865	0.334000	10.800000
316	-166.617865	0.336000	10.870000
317	-166.597865	0.336000	10.680000
318	-166.527865	0.338000	11.070000
319	-166.397865	0.338000	11.300000
320	-166.237865	0.340000	10.890000
321	-166.217865	0.340000	11.080000
322	-166.107865	0.342000	10.860000
323	-166.097865	0.342000	10.800000
324	-166.057865	0.344000	11.000000
325	-165.877865	0.344000	11.050000
326	-165.867865	0.346000	11.050000
327	-165.697865	0.346000	11.020000
328	-165.667865	0.348000	11.130000
329	-165.627865	0.348000	11.000000
330	-165.387865	0.352000	11.000000
331	-165.387865	0.350000	11.310000
332	-165.357865	0.352000	10.880000
333	-165.237865	0.352000	10.990000
334	-165.217865	0.354000	11.350000
335	-165.217865	0.354000	11.230000
336	-164.977865	0.356000	11.160000
337	-164.887865	0.356000	11.200000
338	-164.857865	0.356000	11.090000
339	-164.847865	0.358000	11.030000
340	-164.847865	0.360000	11.000000
341	-164.627865	0.360000	10.990000
342	-164.517865	0.362000	10.990000
343	-164.487865	0.362000	11.160000
344	-164.487865	0.363000	11.000000
345	-164.427865	0.363000	11.020000
346	-164.417865	0.365000	10.900000
347	-164.397865	0.367000	11.300000
348	-164.207865	0.367000	10.860000
349	-164.187865	0.369000	11.110000
350	-164.027865	0.369000	10.980000
351	-163.917865	0.371000	11.100000
352	-163.847865	0.371000	11.400000
353	-163.817865	0.373000	11.010000
354	-163.797865	0.373000	11.260000
355	-163.797865	0.375000	10.980000
356	-163.697865	0.375000	11.060000
357	-163.677865	0.377000	11.080000
358	-163.667865	0.377000	11.160000
359	-163.427865	0.379000	10.990000
360	-163.147865	0.381000	11.540000
361	-163.067865	0.381000	11.030000
362	-163.017865	0.385000	11.100000
363	-162.897865	0.385000	11.380000
364	-162.837865	0.385000	11.150000
365	-162.757865	0.387000	11.090000
366	-162.757865	0.387000	11.130000
367	-162.697865	0.389000	11.010000
368	-162.677865	0.391000	11.140000
369	-162.497865	0.393000	11.060000
370	-162.467865	0.393000	11.180000
371	-162.307865	0.393000	11.090000
372	-162.297865	0.395000	10.980000
373	-162.277865	0.399000	10.990000
374	-162.097865	0.399000	11.000000
375	-161.877865	0.399000	11.020000
376	-161.867865	0.399000	11.110000
377	-161.777865	0.401000	11.080000
378	-161.737865	0.401000	11.170000
379	-161.707865	0.401000	11.120000
380	-161.687865	0.403000	11.220000
381	-161.677865	0.404000	11.290000
382	-161.597865	0.404000	11.210000
383	-161.507865	0.406000	11.310000
384	-161.467865	0.406000	11.150000
385	-161.427865	0.408000	11.390000
386	-161.357865	0.408000	11.370000
387	-161.317865	0.410000	11.290000
388	-161.277865	0.414000	11.410000
389	-161.227865	0.412000	11.380000
390	-161.187865	0.414000	11.400000
391	-161.117865	0.414000	11.230000
392	-161.057865	0.416000	11.330000
393	-160.887865	0.416000	11.280000
394	-160.787865	0.416000	11.460000
395	-160.717865	0.418000	11.180000
396	-160.697865	0.418000	11.250000
397	-160.567865	0.420000	11.300000
398	-160.567865	0.422000	11.470000
399	-160.517865	0.422000	11.170000
400	-160.477865	0.424000	11.380000
401	-160.457865	0.424000	11.120000
402	-160.407865	0.424000	11.230000
403	-160.387865	0.426000	11.120000
404	-160.327865	0.428000	11.450000
405	-160.297865	0.428000	11.320000
406	-160.087865	0.430000	11.380000
407	-160.017865	0.430000	11.230000
408	-159.897865	0.432000	11.550000
409	-159.837865	0.432000	11.520000
410	-159.747865	0.432000	11.460000
411	-159.687865	0.434000	11.600000
412	-159.597865	0.434000	11.600000
413	-159.567865	0.436000	11.320000
414	-159.527865	0.438000	11.240000
415	-159.477865	0.438000	11.220000
416	-159.247865	0.440000	11.720000
417	-159.247865	0.440000	11.290000
418	-159.227865	0.442000	11.520000
419	-159.087865	0.442000	11.520000
420	-159.037865	0.445000	11.240000
421	-158.947865	0.444000	11.320000
422	-158.877865	0.445000	11.440000
423	-158.867865	0.445000	11.450000
424	-158.807865	0.447000	11.330000
425	-158.687865	0.447000	11.420000
426	-158.667865	0.447000	11.580000
427	-158.637865	0.449000	11.300000
428	-158.607865	0.449000	11.320000
429	-158.577865	0.451000	11.470000
430	-158.397865	0.453000	11.580000
431	-158.357865	0.453000	11.640000
432	-158.247865	0.455000	11.290000
433	-158.217865	0.455000	11.380000
434	-158.207865	0.455000	11.440000
435	-158.197865	0.457000	11.380000
436	-158.197865	0.461000	11.540000
437	-158.137865	0.459000	11.390000
438	-158.047865	0.461000	11.500000
439	-157.827865	0.461000	11.390000
440	-157.767865	0.463000	11.520000
441	-157.587865	0.463000	11.310000
442	-157.577865	0.467000	11.470000
443	-157.417865	0.467000	11.910000
444	-157.397865	0.469000	11.550000
445	-157.377865	0.469000	11.730000
446	-157.367865	0.471000	11.680000
447	-157.337865	0.471000	11.500000
448	-157.307865	0.473000	11.770000
449	-157.197865	0.473000	11.750000
450	-157.187865	0.475000	11.390000
451	-157.177865	0.475000	11.650000
452	-156.957865	0.477000	11.530000
453	-156.847865	0.477000	11.580000
454	-156.777865	0.479000	11.720000
455	-156.737865	0.479000	11.860000
456	-156.637865	0.481000	11.530000
457	-156.617865	0.481000	11.760000
458	-156.507865	0.481000	11.580000
459	-156.507865	0.483000	11.510000
460	-156.487865	0.485000	11.420000
461	-156.447865	0.485000	11.670000
462	-156.417865	0.486000	11.550000
463	-156.407865	0.486000	11.630000
464	-156.377865	0.488000	11.700000
465	-156.367865	0.488000	11.460000
466	-156.357865	0.490000	11.590000
467	-156.267865	0.490000	11.500000
468	-156.207865	0.492000	11.660000
469	-156.147865	0.492000	11.530000
470	-155.797865	0.492000	11.670000
471	-155.717865	0.494000	11.350000
472	-155.667865	0.496000	11.690000
473	-155.587865	0.496000	11.750000
474	-155.487865	0.498000	11.730000
475	-155.417865	0.498000	11.800000
476	-155.087865	0.500000	11.740000
477	-155.007865	0.500000	11.800000
478	-154.907865	0.502000	11.520000
479	-154.887865	0.502000	11.600000
480	-154.837865	0.504000	11.780000
481	-154.757865	0.504000	11.730000
482	-154.727865	0.506000	11.620000
483	-154.627865	0.508000	11.640000
484	-154.607865	0.508000	11.930000
485	-154.477865	0.508000	11.760000
486	-154.407865	0.510000	11.540000
487	-154.227865	0.510000	11.760000
488	-154.167865	0.512000	11.870000
489	-154.067865	0.512000	11.880000
490	-153.887865	0.514000	11.760000
491	-153.837865	0.512000	11.870000
492	-153.837865	0.516000	11.780000
493	-153.797865	0.516000	11.730000
494	-153.777865	0.518000	11.740000
495	-153.607865	0.518000	11.820000
496	-153.607865	0.520000	11.730000
497	-153.607865	0.520000	11.760000
498	-153.577865	0.522000	11.840000
499	-153.397865	0.522000	11.520000
500	-153.337865	0.524000	11.670000
501	-153.327865	0.524000	11.940000
502	-153.257865	0.526000	11.970000
503	-153.247865	0.528000	11.790000
504	-153.177865	0.528000	11.830000
505	-153.037865	0.529000	11.930000
506	-152.797865	0.529000	11.790000
507	-152.777865	0.531000	11.790000
508	-152.737865	0.531000	11.820000
509	-152.697865	0.533000	11.690000
510	-152.497865	0.533000	11.780000
511	-152.487865	0.535000	11.720000
512	-152.477865	0.535000	11.710000
513	-152.477865	0.537000	11.780000
514	-152.347865	0.537000	11.840000
515	-152.337865	0.539000	11.880000
516	-152.327865	0.539000	11.860000
517	-152.317865	0.541000	11.850000
518	-152.287865	0.541000	11.840000
519	-152.277865	0.543000	11.840000
520	-152.267865	0.543000	11.740000
521	-152.237865	0.543000	11.680000
522	-152.177865	0.545000	11.740000
523	-151.887865	0.547000	11.830000
524	-151.857865	0.547000	11.810000
525	-151.667865	0.549000	11.840000
526	-151.587865	0.551000	12.140000
527	-151.527865	0.553000	11.710000
528	-151.207865	0.553000	12.010000
529	-151.187865	0.555000	11.780000
530	-151.117865	0.555000	11.910000
531	-151.097865	0.557000	12.120000
532	-150.817865	0.557000	11.960000
533	-150.747865	0.559000	11.940000
534	-150.617865	0.559000	12.070000
535	-150.617865	0.561000	11.870000
536	-150.577865	0.561000	11.870000
537	-150.517865	0.563000	12.000000
538	-150.377865	0.563000	11.940000
539	-150.297865	0.565000	12.090000
540	-150.247865	0.565000	12.080000
541	-150.217865	0.567000	12.100000
542	-150.207865	0.567000	12.000000
543	-150.177865	0.569000	12.060000
544	-150.167865	0.570000	11.860000
545	-150.087865	0.570000	11.950000
546	-150.047865	0.572000	12.040000
547	-149.877865	0.572000	11.960000
548	-149.827865	0.572000	11.970000
549	-149.797865	0.574000	12.020000
550	-149.727865	0.576000	11.970000
551	-149.637865	0.574000	12.110000
552	-149.587865	0.578000	12.100000
553	-149.577865	0.578000	11.970000
554	-149.577865	0.580000	11.910000
555	-149.527865	0.580000	12.070000
556	-149.177865	0.580000	11.860000
557	-149.047865	0.582000	12.200000
558	-149.047865	0.586000	12.010000
559	-148.847865	0.586000	12.070000
560	-148.747865	0.586000	12.220000
561	-148.737865	0.586000	12.210000
562	-148.667865	0.588000	12.240000
563	-148.587865	0.588000	11.990000
564	-148.557865	0.590000	12.060000
565	-148.527865	0.590000	12.250000
566	-148.527865	0.592000	12.210000
567	-148.507865	0.592000	12.180000
568	-148.377865	0.594000	12.140000
569	-148.277865	0.594000	12.260000
570	-148.197865	0.596000	12.050000
571	-148.147865	0.596000	12.100000
572	-147.887865	0.596000	12.170000
573	-147.817865	0.598000	12.110000
574	-147.787865	0.600000	12.200000
575	-147.637865	0.600000	12.390000
576	-147.507865	0.602000	12.270000
577	-147.367865	0.602000	12.330000
578	-147.277865	0.604000	12.250000
579	-147.237865	0.604000	12.300000
580	-147.207865	0.604000	12.290000
581	-147.027865	0.606000	12.380000
582	-146.757865	0.608000	12.300000
583	-146.737865	0.608000	12.190000
584	-146.737865	0.610000	12.250000
585	-146.597865	0.612000	12.140000
586	-146.597865	0.612000	12.220000
587	-146.527865	0.612000	12.180000
588	-146.467865	0.613000	12.200000
589	-146.457865	0.615000	12.260000
590	-146.447865	0.615000	12.310000
591	-146.427865	0.617000	12.140000
592	-146.427865	0.617000	12.220000
593	-146.397865	0.619000	12.370000
594	-146.347865	0.619000	12.220000
595	-146.297865	0.621000	12.280000
596	-146.157865	0.623000	12.250000
597	-146.137865	0.621000	12.160000
598	-145.967865	0.625000	12.340000
599	-145.917865	0.625000	12.210000
600	-145.877865	0.627000	12.400000
601	-145.847865	0.627000	12.180000
602	-145.747865	0.627000	12.350000
603	-145.737865	0.629000	12.310000
604	-145.667865	0.631000	12.190000
605	-145.537865	0.633000	12.340000
606	-145.527865	0.633000	12.440000
607	-145.497865	0.635000	12.410000
608	-145.487865	0.637000	12.280000
609	-145.407865	0.637000	12.320000
610	-145.367865	0.639000	12.320000
611	-145.157865	0.639000	12.210000
612	-145.047865	0.641000	12.350000
613	-144.917865	0.641000	12.390000
614	-144.827865	0.643000	12.400000
615	-144.677865	0.645000	12.380000
616	-144.657865	0.645000	12.630000
617	-144.647865	0.647000	12.370000
618	-144.507865	0.647000	12.360000
619	-144.477865	0.649000	12.290000
620	-144.347865	0.649000	12.440000
621	-144.297865	0.651000	12.430000
622	-144.287865	0.651000	12.430000
623	-144.287865	0.653000	12.140000
624	-144.237865	0.653000	12.560000
625	-144.157865	0.653000	12.350000
626	-144.067865	0.654000	12.260000
627	-144.047865	0.656000	12.360000
628	-144.047865	0.656000	12.490000
629	-143.927865	0.658000	12.310000
630	-143.747865	0.658000	12.350000
631	-143.727865	0.660000	12.440000
632	-143.637865	0.660000	12.550000
633	-143.417865	0.660000	12.410000
634	-143.307865	0.662000	12.340000
635	-143.257865	0.664000	12.520000
636	-143.227865	0.664000	12.530000
637	-143.197865	0.666000	12.600000
638	-143.067865	0.666000	12.510000
639	-142.737865	0.668000	12.690000
640	-142.687865	0.668000	12.450000
641	-142.577865	0.670000	12.530000
642	-142.437865	0.670000	12.540000
643	-142.347865	0.672000	12.480000
644	-142.307865	0.674000	12.440000
645	-142.177865	0.674000	12.710000
646	-142.087865	0.676000	12.600000
647	-142.047865	0.676000	12.530000
648	-141.977865	0.678000	12.570000
649	-141.857865	0.678000	12.590000
650	-141.857865	0.680000	12.680000
651	-141.767865	0.680000	12.620000
652	-141.747865	0.682000	12.470000
653	-141.737865	0.682000	12.480000
654	-141.737865	0.684000	12.610000
655	-141.727865	0.684000	12.690000
656	-141.717865	0.686000	12.530000
657	-141.677865	0.686000	12.700000
658	-141.667865	0.688000	12.720000
659	-141.637865	0.688000	12.620000
660	-141.617865	0.690000	12.610000
661	-141.597865	0.690000	12.490000
662	-141.497865	0.692000	12.530000
663	-141.407865	0.692000	12.580000
664	-141.357865	0.694000	12.740000
665	-141.267865	0.694000	12.600000
666	-140.997865	0.695000	12.500000
667	-140.887865	0.695000	12.760000
668	-140.877865	0.697000	12.810000
669	-140.727865	0.697000	12.920000
670	-140.597865	0.699000	12.660000
671	-140.527865	0.699000	12.510000
672	-140.467865	0.701000	12.670000
673	-140.447865	0.701000	12.830000
674	-140.377865	0.703000	12.660000
675	-140.347865	0.703000	12.770000
676	-140.327865	0.705000	12.720000
677	-140.307865	0.705000	12.830000
678	-140.297865	0.707000	12.530000
679	-140.117865	0.707000	12.660000
680	-140.117865	0.709000	12.710000
681	-140.027865	0.709000	12.820000
682	-139.947865	0.711000	12.730000
683	-139.937865	0.711000	12.700000
684	-139.937865	0.713000	12.890000
685	-139.857865	0.713000	12.930000
686	-139.847865	0.717000	12.740000
687	-139.807865	0.715000	12.530000
688	-139.717865	0.719000	12.700000
689	-139.647865	0.719000	12.750000
690	-139.617865	0.721000	12.750000
691	-139.547865	0.721000	12.780000
692	-139.547865	0.721000	12.620000
693	-139.527865	0.723000	12.610000
694	-139.337865	0.725000	12.710000
695	-139.297865	0.725000	12.700000
696	-139.257865	0.725000	12.950000
697	-139.227865	0.727000	12.880000
698	-139.197865	0.729000	12.650000
699	-139.057865	0.729000	13.040000
700	-138.747865	0.729000	12.940000
701	-138.657865	0.731000	13.040000
702	-138.627865	0.733000	12.950000
703	-138.577865	0.733000	12.730000
704	-138.537865	0.735000	12.630000
705	-138.487865	0.735000	12.860000
706	-138.467865	0.736000	12.740000
707	-138.427865	0.736000	12.860000
708	-138.397865	0.738000	12.840000
709	-138.287865	0.740000	12.940000
710	-138.267865	0.740000	13.060000
711	-138.247865	0.742000	12.800000
712	-138.227865	0.742000	12.790000
713	-138.157865	0.744000	12.700000
714	-138.137865	0.744000	12.760000
715	-138.067865	0.744000	13.000000
716	-138.037865	0.746000	12.960000
717	-137.877865	0.748000	12.980000
718	-137.867865	0.748000	12.910000
719	-137.497865	0.750000	12.980000
720	-137.407865	0.750000	13.060000
721	-137.357865	0.752000	12.890000
722	-137.327865	0.752000	12.890000
723	-137.197865	0.752000	12.890000
724	-137.167865	0.754000	13.080000
725	-136.977865	0.758000	12.990000
726	-136.967865	0.758000	12.900000
727	-136.947865	0.758000	13.070000
728	-136.917865	0.760000	13.150000
729	-136.617865	0.760000	12.950000
730	-136.577865	0.760000	12.950000
731	-136.507865	0.762000	13.020000
732	-136.427865	0.762000	12.860000
733	-136.357865	0.764000	12.910000
734	-136.327865	0.766000	13.140000
735	-136.267865	0.766000	12.920000
736	-136.217865	0.768000	13.030000
737	-136.217865	0.768000	13.080000
738	-136.207865	0.768000	13.070000
739	-136.057865	0.770000	12.850000
740	-135.927865	0.772000	13.110000
741	-135.917865	0.774000	12.910000
742	-135.907865	0.774000	12.980000
743	-135.857865	0.774000	13.020000
744	-135.817865	0.776000	12.930000
745	-135.817865	0.776000	12.950000
746	-135.737865	0.778000	13.030000
747	-135.677865	0.778000	13.210000
748	-135.657865	0.779000	13.320000
749	-135.607865	0.781000	13.040000
750	-135.467865	0.781000	12.960000
751	-134.687865	0.783000	13.210000
752	-134.557865	0.783000	13.280000
753	-134.547865	0.783000	13.140000
754	-134.497865	0.785000	13.060000
755	-134.447865	0.789000	13.180000
756	-134.417865	0.787000	13.250000
757	-134.347865	0.789000	13.020000
758	-134.157865	0.789000	13.110000
759	-134.127865	0.791000	13.270000
760	-134.077865	0.791000	13.090000
761	-134.007865	0.791000	13.040000
762	-133.987865	0.793000	13.340000
763	-133.927865	0.795000	13.090000
764	-133.917865	0.793000	13.240000
765	-133.907865	0.797000	13.060000
766	-133.727865	0.797000	13.020000
767	-133.587865	0.801000	13.170000
768	-133.567865	0.801000	13.080000
769	-133.527865	0.803000	13.100000
770	-133.477865	0.803000	13.160000
771	-133.387865	0.805000	13.240000
772	-133.307865	0.805000	13.190000
773	-133.267865	0.807000	13.120000
774	-133.237865	0.807000	13.270000
775	-133.227865	0.809000	13.210000
776	-133.207865	0.809000	13.280000
777	-133.137865	0.809000	13.190000
778	-133.127865	0.813000	13.180000
779	-133.007865	0.813000	13.160000
780	-132.877865	0.815000	13.210000
781	-132.787865	0.815000	13.270000
782	-132.767865	0.817000	13.370000
783	-132.677865	0.817000	13.070000
784	-132.617865	0.819000	13.260000
785	-132.497865	0.819000	13.420000
786	-132.387865	0.820000	13.340000
787	-132.307865	0.822000	13.350000
788	-132.267865	0.822000	13.250000
789	-132.257865	0.824000	13.170000
790	-132.227865	0.824000	13.290000
791	-132.057865	0.826000	13.320000
792	-131.987865	0.826000	13.110000
793	-131.907865	0.828000	13.360000
794	-131.837865	0.828000	13.280000
795	-131.777865	0.830000	13.260000
796	-131.647865	0.832000	13.240000
797	-131.567865	0.832000	13.490000
798	-131.447865	0.834000	13.290000
799	-131.357865	0.834000	13.220000
800	-131.307865	0.836000	13.390000
801	-131.177865	0.836000	13.490000
802	-131.067865	0.838000	13.410000
803	-130.857865	0.838000	13.450000
804	-130.837865	0.840000	13.460000
805	-130.817865	0.842000	13.430000
806	-130.627865	0.842000	13.530000
807	-130.527865	0.844000	13.560000
808	-130.437865	0.844000	13.470000
809	-130.417865	0.846000	13.400000
810	-130.367865	0.846000	13.480000
811	-130.357865	0.848000	13.480000
812	-130.327865	0.848000	13.280000
813	-130.097865	0.850000	13.370000
814	-130.047865	0.852000	13.480000
815	-129.857865	0.852000	13.410000
816	-129.857865	0.852000	13.570000
817	-129.797865	0.854000	13.450000
818	-129.767865	0.854000	13.440000
819	-129.707865	0.856000	13.270000
820	-129.697865	0.856000	13.440000
821	-129.697865	0.858000	13.710000
822	-129.497865	0.858000	13.490000
823	-129.417865	0.860000	13.380000
824	-129.277865	0.860000	13.500000
825	-129.257865	0.862000	13.880000
826	-129.217865	0.863000	13.610000
827	-129.127865	0.863000	13.640000
828	-128.997865	0.865000	13.560000
829	-128.987865	0.865000	13.840000
830	-128.947865	0.867000	13.490000
831	-128.887865	0.867000	13.560000
832	-128.857865	0.869000	13.580000
833	-128.807865	0.869000	13.670000
834	-128.807865	0.871000	13.660000
835	-128.777865	0.871000	13.730000
836	-128.717865	0.873000	13.560000
837	-128.637865	0.873000	13.770000
838	-128.467865	0.875000	13.500000
839	-128.397865	0.875000	13.540000
840	-128.357865	0.877000	13.450000
841	-128.097865	0.877000	13.740000
842	-127.957865	0.879000	13.560000
843	-127.957865	0.879000	13.510000
844	-127.907865	0.883000	13.540000
845	-127.857865	0.885000	13.680000
846	-127.677865	0.885000	13.630000
847	-127.617865	0.885000	13.520000
848	-127.557865	0.887000	13.560000
849	-127.377865	0.889000	13.590000
850	-127.217865	0.889000	13.630000
851	-127.187865	0.891000	13.780000
852	-126.977865	0.891000	13.680000
853	-126.877865	0.893000	13.770000
854	-126.717865	0.893000	13.730000
855	-126.707865	0.895000	13.640000
856	-126.577865	0.895000	13.670000
857	-126.437865	0.897000	13.770000
858	-126.137865	0.897000	13.650000
859	-126.087865	0.899000	13.760000
860	-126.077865	0.899000	13.810000
861	-126.067865	0.901000	13.730000
862	-126.027865	0.901000	13.930000
863	-126.017865	0.901000	13.640000
864	-125.907865	0.903000	13.660000
865	-125.887865	0.904000	13.660000
866	-125.867865	0.906000	13.570000
867	-125.837865	0.906000	13.860000
868	-125.827865	0.908000	13.890000
869	-125.777865	0.908000	13.910000
870	-125.757865	0.908000	13.840000
871	-125.637865	0.910000	13.940000
872	-125.607865	0.912000	13.840000
873	-125.557865	0.912000	13.660000
874	-125.507865	0.912000	13.860000
875	-125.457865	0.916000	13.950000
876	-125.167865	0.916000	13.880000
877	-125.157865	0.916000	13.860000
878	-125.117865	0.918000	13.860000
879	-125.057865	0.918000	13.630000
880	-125.037865	0.918000	13.840000
881	-124.967865	0.922000	13.600000
882	-124.887865	0.922000	14.040000
883	-124.737865	0.924000	13.900000
884	-124.637865	0.924000	13.770000
885	-124.527865	0.926000	13.850000
886	-124.417865	0.928000	14.020000
887	-124.387865	0.928000	13.750000
888	-124.377865	0.930000	13.780000
889	-124.367865	0.930000	13.630000
890	-124.337865	0.932000	13.870000
891	-124.277865	0.932000	13.910000
892	-124.157865	0.932000	13.880000
893	-124.137865	0.934000	13.770000
894	-124.007865	0.936000	13.850000
895	-123.957865	0.938000	13.990000
896	-123.877865	0.938000	14.090000
897	-123.867865	0.940000	13.970000
898	-123.857865	0.940000	13.860000
899	-123.777865	0.940000	13.800000
900	-123.737865	0.942000	13.810000
901	-123.707865	0.945000	13.850000
902	-123.637865	0.945000	13.880000
903	-123.587865	0.945000	13.990000
904	-123.067865	0.947000	13.880000
905	-123.007865	0.947000	13.880000
906	-122.577865	0.947000	14.130000
907	-122.517865	0.949000	13.860000
908	-122.517865	0.951000	13.980000
909	-122.507865	0.951000	14.160000
910	-122.317865	0.953000	14.090000
911	-122.317865	0.953000	13.900000
912	-122.157865	0.955000	14.000000
913	-122.127865	0.955000	13.980000
914	-122.117865	0.957000	13.990000
915	-122.067865	0.957000	14.020000
916	-122.027865	0.959000	14.050000
917	-122.017865	0.959000	14.160000
918	-122.007865	0.961000	14.000000
919	-121.987865	0.961000	14.230000
920	-121.817865	0.963000	13.940000
921	-121.667865	0.963000	14.100000
922	-121.617865	0.965000	14.080000
923	-121.477865	0.969000	14.110000
924	-121.477865	0.969000	13.980000
925	-121.347865	0.971000	13.940000
926	-121.347865	0.971000	14.150000
927	-121.297865	0.973000	14.080000
928	-121.247865	0.973000	14.010000
929	-121.187865	0.975000	14.040000
930	-121.077865	0.975000	14.060000
931	-120.927865	0.977000	14.040000
932	-120.867865	0.977000	14.090000
933	-120.627865	0.979000	14.020000
934	-120.517865	0.981000	14.090000
935	-120.367865	0.981000	14.110000
936	-120.267865	0.983000	14.070000
937	-120.147865	0.983000	14.060000
938	-120.127865	0.985000	14.110000
939	-120.117865	0.985000	13.900000
940	-119.857865	0.986000	14.040000
941	-119.847865	0.986000	13.940000
942	-119.797865	0.988000	14.170000
943	-119.757865	0.992000	14.220000
944	-119.607865	0.990000	14.230000
945	-119.597865	0.992000	14.170000
946	-119.577865	0.992000	14.370000
947	-119.517865	0.994000	14.190000
948	-119.437865	0.994000	14.240000
949	-119.397865	0.996000	14.210000
950	-119.377865	0.996000	14.200000
951	-119.367865	0.996000	14.210000
952	-119.347865	0.998000	14.140000
953	-119.247865	1.000000	14.200000
954	-119.237865	1.000000	14.330000
955	-119.207865	1.002000	14.090000
956	-119.097865	1.002000	14.160000
957	-118.947865	1.004000	14.030000
958	-118.937865	1.004000	13.970000
959	-118.937865	1.006000	14.130000
960	-118.847865	1.006000	14.300000
961	-118.817865	1.008000	14.340000
962	-118.687865	1.008000	14.240000
963	-118.647865	1.010000	14.190000
964	-118.447865	1.012000	14.320000
965	-118.327865	1.012000	14.320000
966	-118.277865	1.014000	14.180000
967	-118.117865	1.014000	14.160000
968	-118.107865	1.016000	14.300000
969	-118.107865	1.016000	14.160000
970	-118.067865	1.018000	14.300000
971	-118.037865	1.018000	14.300000
972	-117.967865	1.020000	14.290000
973	-117.907865	1.020000	14.310000
974	-117.777865	1.022000	14.170000
975	-117.767865	1.022000	14.290000
976	-117.677865	1.024000	14.340000
977	-117.607865	1.024000	14.270000
978	-117.567865	1.026000	14.290000
979	-117.567865	1.026000	14.160000
980	-117.447865	1.028000	14.220000
981	-117.187865	1.028000	14.370000
982	-117.137865	1.029000	14.190000
983	-117.067865	1.031000	14.400000
984	-116.957865	1.031000	14.460000
985	-116.797865	1.033000	14.500000
986	-116.697865	1.033000	14.280000
987	-116.607865	1.035000	14.400000
988	-116.577865	1.035000	14.520000
989	-116.447865	1.037000	14.560000
990	-116.277865	1.037000	14.280000
991	-116.217865	1.039000	14.560000
992	-116.127865	1.041000	14.420000
993	-116.057865	1.041000	14.370000
994	-115.987865	1.043000	14.370000
995	-115.897865	1.043000	14.440000
996	-115.837865	1.043000	14.730000
997	-115.827865	1.045000	14.690000
998	-115.827865	1.047000	14.380000
999	-115.637865	1.047000	14.490000
1000	-115.637865	1.049000	14.460000
1001	-115.617865	1.051000	14.600000
1002	-115.577865	1.053000	14.700000
1003	-115.477865	1.055000	14.480000
1004	-115.407865	1.055000	14.490000
1005	-115.377865	1.055000	14.620000
1006	-115.317865	1.057000	14.540000
1007	-115.287865	1.057000	14.330000
1008	-115.187865	1.057000	14.530000
1009	-115.187865	1.059000	14.570000
1010	-115.177865	1.061000	14.450000
1011	-115.177865	1.059000	14.360000
1012	-115.147865	1.063000	14.650000
1013	-114.927865	1.065000	14.450000
1014	-114.797865	1.065000	14.580000
1015	-114.607865	1.065000	14.540000
1016	-114.577865	1.067000	14.500000
1017	-114.317865	1.069000	14.810000
1018	-114.187865	1.069000	14.580000
1019	-114.087865	1.070000	14.820000
1020	-113.957865	1.070000	14.710000
1021	-113.927865	1.072000	14.440000
1022	-113.727865	1.072000	14.530000
1023	-113.697865	1.074000	14.770000
1024	-113.667865	1.076000	14.570000
1025	-113.637865	1.076000	14.890000
1026	-113.597865	1.078000	14.780000
1027	-113.597865	1.078000	14.680000
1028	-113.537865	1.080000	14.510000
1029	-113.307865	1.080000	14.760000
1030	-113.117865	1.080000	14.560000
1031	-113.117865	1.082000	14.660000
1032	-113.087865	1.086000	14.590000
1033	-113.047865	1.084000	14.590000
1034	-112.857865	1.086000	14.870000
1035	-112.817865	1.086000	14.610000
1036	-112.797865	1.088000	14.760000
1037	-112.787865	1.088000	14.500000
1038	-112.767865	1.088000	14.620000
1039	-112.727865	1.090000	14.750000
1040	-112.467865	1.092000	14.820000
1041	-112.337865	1.092000	14.720000
1042	-112.297865	1.094000	14.670000
1043	-112.147865	1.096000	14.780000
1044	-112.087865	1.096000	14.640000
1045	-111.947865	1.096000	14.580000
1046	-111.827865	1.098000	14.750000
1047	-111.827865	1.100000	14.750000
1048	-111.757865	1.100000	14.650000
1049	-111.737865	1.102000	14.760000
1050	-111.697865	1.102000	14.570000
1051	-111.697865	1.104000	14.660000
1052	-111.697865	1.104000	14.880000
1053	-111.607865	1.106000	14.810000
1054	-111.517865	1.106000	14.860000
1055	-111.477865	1.106000	14.790000
1056	-111.467865	1.110000	14.690000
1057	-111.467865	1.110000	14.950000
1058	-111.397865	1.112000	14.820000
1059	-111.347865	1.112000	14.750000
1060	-111.347865	1.113000	14.890000
1061	-111.307865	1.115000	14.650000
1062	-111.267865	1.115000	14.960000
1063	-111.167865	1.117000	14.710000
1064	-111.107865	1.117000	14.560000
1065	-111.077865	1.119000	14.720000
1066	-111.017865	1.119000	14.740000
1067	-111.007865	1.119000	14.730000
1068	-110.997865	1.121000	14.780000
1069	-110.997865	1.121000	14.710000
1070	-110.957865	1.125000	14.690000
1071	-110.347865	1.125000	14.820000
1072	-110.057865	1.127000	14.850000
1073	-109.887865	1.127000	15.000000
1074	-109.747865	1.127000	14.900000
1075	-109.747865	1.129000	15.080000
1076	-109.557865	1.131000	14.950000
1077	-109.467865	1.133000	14.870000
1078	-109.457865	1.133000	14.970000
1079	-109.307865	1.137000	15.000000
1080	-109.137865	1.137000	14.970000
1081	-109.127865	1.139000	14.990000
1082	-108.877865	1.139000	14.750000
1083	-108.857865	1.141000	14.870000
1084	-108.837865	1.141000	14.910000
1085	-108.767865	1.143000	14.910000
1086	-108.667865	1.143000	15.050000
1087	-108.577865	1.145000	14.970000
1088	-108.527865	1.145000	15.030000
1089	-108.497865	1.147000	14.940000
1090	-108.457865	1.147000	15.050000
1091	-108.357865	1.149000	14.970000
1092	-108.317865	1.149000	14.770000
1093	-108.277865	1.151000	15.000000
1094	-108.207865	1.151000	15.050000
1095	-108.107865	1.153000	15.110000
1096	-107.947865	1.153000	15.030000
1097	-107.937865	1.153000	15.080000
1098	-107.907865	1.153000	14.980000
1099	-107.867865	1.156000	15.120000
1100	-107.767865	1.158000	15.180000
1101	-107.757865	1.158000	14.950000
1102	-107.717865	1.160000	15.020000
1103	-107.697865	1.160000	15.020000
1104	-107.517865	1.162000	15.140000
1105	-107.507865	1.162000	15.080000
1106	-107.337865	1.164000	14.950000
1107	-107.307865	1.164000	15.080000
1108	-107.287865	1.166000	14.990000
1109	-107.107865	1.166000	15.300000
1110	-107.077865	1.168000	14.970000
1111	-107.057865	1.168000	15.220000
1112	-107.047865	1.170000	15.270000
1113	-106.907865	1.170000	14.970000
1114	-106.787865	1.172000	15.330000
1115	-106.627865	1.172000	15.140000
1116	-106.607865	1.174000	15.180000
1117	-106.527865	1.174000	15.190000
1118	-106.517865	1.176000	14.880000
1119	-106.507865	1.176000	15.220000
1120	-106.307865	1.178000	15.010000
1121	-106.257865	1.180000	15.330000
1122	-105.927865	1.180000	15.260000
1123	-105.927865	1.182000	15.320000
1124	-105.927865	1.182000	15.230000
1125	-105.927865	1.184000	15.350000
1126	-105.897865	1.184000	15.180000
1127	-105.867865	1.186000	15.230000
1128	-105.737865	1.186000	15.220000
1129	-105.597865	1.188000	15.180000
1130	-105.547865	1.188000	15.160000
1131	-105.377865	1.190000	15.140000
1132	-105.307865	1.190000	15.220000
1133	-105.297865	1.192000	15.180000
1134	-105.207865	1.192000	15.320000
1135	-105.147865	1.194000	15.040000
1136	-105.007865	1.194000	15.280000
1137	-104.887865	1.195000	15.310000
1138	-104.777865	1.195000	15.240000
1139	-104.727865	1.197000	15.240000
1140	-104.717865	1.197000	15.280000
1141	-104.697865	1.199000	15.280000
1142	-104.607865	1.199000	15.130000
1143	-104.537865	1.201000	15.330000
1144	-104.397865	1.201000	15.330000
1145	-104.377865	1.203000	15.280000
1146	-104.327865	1.203000	15.100000
1147	-104.297865	1.205000	15.420000
1148	-104.247865	1.205000	15.250000
1149	-104.247865	1.207000	15.290000
1150	-104.157865	1.207000	15.500000
1151	-104.047865	1.209000	15.490000
1152	-103.907865	1.211000	15.440000
1153	-103.867865	1.211000	15.360000
1154	-103.827865	1.211000	15.510000
1155	-103.817865	1.213000	15.260000
1156	-103.487865	1.213000	15.410000
1157	-103.467865	1.217000	15.360000
1158	-103.387865	1.217000	15.210000
1159	-103.287865	1.219000	15.360000
1160	-103.277865	1.219000	15.450000
1161	-103.237865	1.221000	15.220000
1162	-103.237865	1.221000	15.450000
1163	-103.197865	1.221000	15.530000
1164	-103.087865	1.223000	15.450000
1165	-103.047865	1.225000	15.540000
1166	-103.017865	1.225000	15.440000
1167	-103.007865	1.227000	15.110000
1168	-102.947865	1.227000	15.380000
1169	-102.747865	1.229000	15.540000
1170	-102.467865	1.229000	15.330000
1171	-102.457865	1.231000	15.590000
1172	-102.327865	1.231000	15.420000
1173	-102.167865	1.231000	15.540000
1174	-102.107865	1.233000	15.380000
1175	-101.987865	1.235000	15.520000
1176	-101.927865	1.235000	15.550000
1177	-101.917865	1.236000	15.520000
1178	-101.897865	1.236000	15.460000
1179	-101.857865	1.236000	15.400000
1180	-101.837865	1.238000	15.340000
1181	-101.747865	1.240000	15.580000
1182	-101.557865	1.240000	15.560000
1183	-101.527865	1.242000	15.520000
1184	-101.527865	1.242000	15.530000
1185	-101.457865	1.244000	15.610000
1186	-101.447865	1.244000	15.580000
1187	-101.427865	1.244000	15.460000
1188	-101.377865	1.246000	15.570000
1189	-101.147865	1.248000	15.570000
1190	-101.137865	1.248000	15.570000
1191	-101.107865	1.250000	15.610000
1192	-101.107865	1.250000	15.620000
1193	-101.037865	1.252000	15.600000
1194	-101.027865	1.252000	15.500000
1195	-100.937865	1.252000	15.750000
1196	-100.847865	1.254000	15.580000
1197	-100.817865	1.256000	15.490000
1198	-100.717865	1.256000	15.580000
1199	-100.717865	1.258000	15.150000
1200	-100.607865	1.258000	15.660000
1201	-100.587865	1.260000	15.630000
1202	-100.527865	1.260000	15.640000
1203	-100.427865	1.262000	15.690000
1204	-100.427865	1.262000	15.700000
1205	-100.247865	1.264000	15.610000
1206	-100.227865	1.264000	15.570000
1207	-100.097865	1.266000	15.610000
1208	-100.057865	1.266000	15.650000
1209	-99.927865	1.268000	15.560000
1210	-99.867865	1.268000	15.720000
1211	-99.747865	1.268000	15.590000
1212	-99.697865	1.270000	15.580000
1213	-99.577865	1.272000	15.490000
1214	-99.557865	1.272000	15.810000
1215	-99.547865	1.274000	15.690000
1216	-99.297865	1.274000	15.700000
1217	-99.287865	1.276000	15.670000
1218	-99.267865	1.276000	15.480000
1219	-99.207865	1.276000	15.770000
1220	-99.187865	1.278000	15.520000
1221	-99.167865	1.279000	15.250000
1222	-99.017865	1.279000	15.930000
1223	-98.967865	1.281000	15.810000
1224	-98.917865	1.281000	15.710000
1225	-98.717865	1.283000	15.670000
1226	-98.687865	1.283000	15.710000
1227	-98.677865	1.283000	15.660000
1228	-98.357865	1.285000	15.810000
1229	-98.017865	1.287000	15.750000
1230	-97.997865	1.287000	15.710000
1231	-97.947865	1.289000	15.780000
1232	-97.947865	1.289000	15.740000
1233	-97.827865	1.291000	15.790000
1234	-97.787865	1.291000	15.880000
1235	-97.507865	1.293000	15.780000
1236	-97.417865	1.295000	15.600000
1237	-97.367865	1.295000	15.770000
1238	-97.357865	1.297000	15.730000
1239	-97.357865	1.297000	15.910000
1240	-97.217865	1.301000	15.780000
1241	-97.117865	1.301000	15.810000
1242	-97.107865	1.303000	15.420000
1243	-97.027865	1.303000	15.800000
1244	-96.977865	1.305000	15.720000
1245	-96.967865	1.307000	15.810000
1246	-96.957865	1.307000	15.820000
1247	-96.927865	1.309000	15.670000
1248	-96.847865	1.309000	15.810000
1249	-96.687865	1.309000	15.810000
1250	-96.647865	1.309000	15.680000
1251	-96.547865	1.313000	15.910000
1252	-96.437865	1.313000	15.710000
1253	-96.347865	1.315000	15.700000
1254	-96.217865	1.315000	15.760000
1255	-96.067865	1.317000	15.970000
1256	-95.577865	1.317000	15.800000
1257	-95.497865	1.319000	15.950000
1258	-95.477865	1.319000	15.970000
1259	-95.477865	1.320000	15.920000
1260	-95.427865	1.320000	15.980000
1261	-95.417865	1.322000	15.990000
1262	-95.377865	1.322000	16.010000
1263	-95.347865	1.324000	15.950000
1264	-95.317865	1.324000	15.950000
1265	-95.277865	1.326000	15.810000
1266	-95.207865	1.328000	15.920000
1267	-95.047865	1.328000	15.830000
1268	-95.027865	1.330000	15.930000
1269	-95.027865	1.330000	15.840000
1270	-95.027865	1.332000	16.040000
1271	-95.027865	1.332000	15.930000
1272	-94.977865	1.334000	15.960000
1273	-94.957865	1.336000	15.940000
1274	-94.867865	1.336000	16.030000
1275	-94.857865	1.338000	16.060000
1276	-94.857865	1.338000	16.000000
1277	-94.767865	1.340000	16.130000
1278	-94.697865	1.340000	16.090000
1279	-94.627865	1.342000	16.030000
1280	-94.597865	1.342000	16.200000
1281	-94.587865	1.344000	16.060000
1282	-94.447865	1.344000	15.900000
1283	-94.307865	1.346000	16.140000
1284	-94.257865	1.346000	15.910000
1285	-94.257865	1.348000	16.060000
1286	-94.097865	1.348000	15.980000
1287	-94.027865	1.352000	15.960000
1288	-93.967865	1.352000	16.090000
1289	-93.927865	1.352000	16.020000
1290	-93.877865	1.352000	16.040000
1291	-93.737865	1.354000	15.940000
1292	-93.617865	1.354000	16.030000
1293	-93.467865	1.356000	16.210000
1294	-93.467865	1.356000	16.150000
1295	-93.447865	1.356000	16.130000
1296	-93.437865	1.358000	15.890000
1297	-93.347865	1.360000	16.100000
1298	-93.257865	1.360000	16.210000
1299	-93.157865	1.362000	16.310000
1300	-93.087865	1.362000	16.160000
1301	-92.987865	1.363000	16.150000
1302	-92.967865	1.363000	16.190000
1303	-92.907865	1.365000	16.170000
1304	-92.847865	1.365000	16.130000
1305	-92.537865	1.367000	15.800000
1306	-92.377865	1.367000	16.150000
1307	-92.267865	1.369000	16.210000
1308	-92.207865	1.369000	16.100000
1309	-92.107865	1.371000	16.260000
1310	-92.037865	1.371000	16.200000
1311	-91.967865	1.373000	16.160000
1312	-91.787865	1.373000	16.340000
1313	-91.767865	1.375000	16.080000
1314	-91.667865	1.375000	16.040000
1315	-91.667865	1.377000	16.360000
1316	-91.607865	1.377000	16.250000
1317	-91.457865	1.379000	16.260000
1318	-91.407865	1.379000	16.110000
1319	-91.107865	1.381000	16.400000
1320	-90.897865	1.381000	16.170000
1321	-90.847865	1.385000	16.310000
1322	-90.827865	1.385000	16.090000
1323	-90.777865	1.385000	16.230000
1324	-90.757865	1.387000	16.300000
1325	-90.687865	1.387000	16.270000
1326	-90.637865	1.391000	16.260000
1327	-90.637865	1.391000	16.360000
1328	-90.627865	1.393000	16.200000
1329	-90.547865	1.393000	16.310000
1330	-90.487865	1.393000	16.430000
1331	-90.397865	1.395000	16.690000
1332	-90.297865	1.397000	16.300000
1333	-90.197865	1.397000	16.340000
1334	-90.117865	1.399000	16.390000
1335	-90.077865	1.399000	16.370000
1336	-90.017865	1.401000	16.550000
1337	-90.007865	1.401000	16.290000
1338	-90.007865	1.401000	16.330000
1339	-90.007865	1.403000	16.290000
1340	-89.997865	1.404000	16.370000
1341	-89.947865	1.404000	16.360000
1342	-89.867865	1.406000	16.360000
1343	-89.687865	1.406000	16.390000
1344	-89.227865	1.408000	16.410000
1345	-89.217865	1.410000	16.220000
1346	-89.207865	1.410000	16.430000
1347	-89.147865	1.412000	16.320000
1348	-89.127865	1.412000	16.790000
1349	-89.107865	1.414000	16.490000
1350	-89.077865	1.414000	16.450000
1351	-89.047865	1.416000	16.450000
1352	-88.987865	1.416000	16.500000
1353	-88.977865	1.416000	15.250000
1354	-88.827865	1.418000	16.480000
1355	-88.817865	1.420000	16.700000
1356	-88.647865	1.418000	16.360000
1357	-88.477865	1.422000	16.470000
1358	-88.417865	1.422000	16.500000
1359	-88.337865	1.424000	15.110000
1360	-88.037865	1.424000	16.300000
1361	-88.017865	1.424000	16.570000
1362	-87.997865	1.426000	16.580000
1363	-87.837865	1.428000	15.330000
1364	-87.647865	1.430000	16.540000
1365	-87.577865	1.430000	16.400000
1366	-87.357865	1.432000	15.120000
1367	-87.267865	1.432000	15.200000
1368	-87.217865	1.432000	15.350000
1369	-87.147865	1.434000	15.360000
1370	-87.087865	1.436000	15.360000
1371	-87.027865	1.436000	15.220000
1372	-86.957865	1.438000	15.160000
1373	-86.937865	1.438000	15.130000
1374	-86.707865	1.440000	15.190000
1375	-86.687865	1.442000	15.250000
1376	-86.667865	1.442000	15.240000
1377	-86.617865	1.444000	15.200000
1378	-86.297865	1.444000	15.260000
1379	-86.267865	1.445000	15.280000
1380	-86.267865	1.445000	15.270000
1381	-86.047865	1.447000	15.450000
1382	-86.007865	1.447000	15.440000
1383	-85.937865	1.447000	15.210000
1384	-85.797865	1.451000	15.330000
1385	-85.767865	1.451000	15.330000
1386	-85.707865	1.453000	15.500000
1387	-85.617865	1.453000	15.420000
1388	-85.597865	1.455000	15.330000
1389	-85.507865	1.455000	15.540000
1390	-85.417865	1.455000	15.310000
1391	-85.397865	1.457000	15.390000
1392	-85.277865	1.461000	15.550000
1393	-85.267865	1.461000	15.470000
1394	-85.267865	1.461000	15.570000
1395	-85.237865	1.463000	15.560000
1396	-85.127865	1.463000	15.450000
1397	-85.077865	1.467000	15.460000
1398	-85.067865	1.467000	15.650000
1399	-84.897865	1.469000	15.320000
1400	-84.847865	1.469000	15.440000
1401	-84.747865	1.471000	15.510000
1402	-84.737865	1.471000	15.580000
1403	-84.657865	1.473000	15.260000
1404	-84.597865	1.475000	15.530000
1405	-84.577865	1.475000	15.390000
1406	-84.567865	1.477000	15.490000
1407	-84.457865	1.477000	15.400000
1408	-84.357865	1.479000	15.520000
1409	-84.267865	1.479000	15.220000
1410	-84.157865	1.481000	15.530000
1411	-84.137865	1.481000	15.400000
1412	-84.107865	1.483000	15.490000
1413	-84.057865	1.485000	15.440000
1414	-83.997865	1.485000	15.460000
1415	-83.967865	1.486000	15.250000
1416	-83.947865	1.486000	15.510000
1417	-83.937865	1.488000	15.500000
1418	-83.857865	1.488000	15.310000
1419	-83.757865	1.490000	15.360000
1420	-83.537865	1.490000	15.340000
1421	-83.517865	1.492000	15.440000
1422	-83.307865	1.494000	15.370000
1423	-83.067865	1.494000	15.510000
1424	-82.807865	1.496000	15.380000
1425	-82.787865	1.496000	15.510000
1426	-82.777865	1.498000	15.690000
1427	-82.767865	1.498000	15.760000
1428	-82.577865	1.500000	15.550000
1429	-82.487865	1.500000	15.710000
1430	-82.427865	1.502000	15.530000
1431	-82.417865	1.502000	15.600000
1432	-82.277865	1.504000	15.610000
1433	-82.237865	1.504000	15.450000
1434	-82.137865	1.506000	15.580000
1435	-82.067865	1.506000	15.630000
1436	-82.007865	1.508000	15.540000
1437	-81.907865	1.508000	15.680000
1438	-81.757865	1.510000	15.620000
1439	-81.717865	1.510000	15.660000
1440	-81.697865	1.512000	15.610000
1441	-81.627865	1.512000	15.680000
1442	-81.547865	1.514000	15.620000
1443	-81.497865	1.512000	15.500000
1444	-81.157865	1.516000	15.600000
1445	-81.157865	1.516000	15.750000
1446	-81.017865	1.518000	15.770000
1447	-80.847865	1.518000	15.640000
1448	-80.767865	1.520000	15.710000
1449	-80.707865	1.520000	15.670000
1450	-80.697865	1.522000	15.750000
1451	-80.357865	1.522000	15.690000
1452	-80.357865	1.524000	15.760000
1453	-80.267865	1.524000	15.780000
1454	-80.237865	1.526000	15.890000
1455	-80.217865	1.526000	15.750000
1456	-80.097865	1.528000	15.680000
1457	-80.067865	1.528000	15.850000
1458	-80.067865	1.529000	15.750000
1459	-79.957865	1.529000	15.660000
1460	-79.877865	1.531000	15.790000
1461	-79.777865	1.531000	15.630000
1462	-79.747865	1.533000	15.680000
1463	-79.607865	1.533000	15.680000
1464	-79.567865	1.535000	15.780000
1465	-79.567865	1.535000	15.750000
1466	-79.557865	1.537000	15.800000
1467	-79.457865	1.537000	15.790000
1468	-79.367865	1.539000	15.790000
1469	-79.357865	1.539000	15.760000
1470	-79.227865	1.541000	15.710000
1471	-79.057865	1.541000	15.860000
1472	-78.947865	1.543000	15.840000
1473	-78.737865	1.543000	15.910000
1474	-78.717865	1.543000	15.750000
1475	-78.647865	1.547000	15.830000
1476	-78.527865	1.547000	15.730000
1477	-78.517865	1.549000	15.560000
1478	-78.477865	1.551000	16.040000
1479	-78.447865	1.553000	15.780000
1480	-78.407865	1.553000	15.960000
1481	-78.367865	1.555000	15.970000
1482	-78.307865	1.555000	15.790000
1483	-78.307865	1.557000	15.680000
1484	-78.297865	1.557000	15.940000
1485	-78.227865	1.557000	15.770000
1486	-77.917865	1.559000	15.910000
1487	-77.887865	1.561000	15.850000
1488	-77.877865	1.561000	15.890000
1489	-77.847865	1.563000	16.000000
1490	-77.737865	1.563000	15.800000
1491	-77.567865	1.565000	15.890000
1492	-77.567865	1.565000	15.800000
1493	-77.497865	1.567000	15.800000
1494	-77.397865	1.567000	16.060000
1495	-77.367865	1.570000	16.010000
1496	-77.327865	1.569000	15.960000
1497	-77.317865	1.570000	15.910000
1498	-77.057865	1.570000	15.870000
1499	-77.037865	1.572000	15.940000
1500	-77.007865	1.572000	15.990000
1501	-76.967865	1.572000	16.010000
1502	-76.917865	1.574000	15.850000
1503	-76.807865	1.574000	15.900000
1504	-76.777865	1.578000	15.930000
1505	-76.447865	1.578000	15.970000
1506	-76.417865	1.580000	15.840000
1507	-76.337865	1.580000	15.780000
1508	-76.257865	1.580000	16.050000
1509	-76.137865	1.582000	15.740000
1510	-76.137865	1.584000	15.960000
1511	-76.097865	1.584000	15.990000
1512	-76.097865	1.586000	16.000000
1513	-75.647865	1.586000	16.070000
1514	-75.637865	1.588000	15.920000
1515	-75.617865	1.588000	16.180000
1516	-75.477865	1.588000	16.080000
1517	-75.427865	1.590000	15.930000
1518	-75.397865	1.592000	15.970000
1519	-75.387865	1.592000	16.030000
1520	-75.357865	1.594000	15.930000
1521	-75.287865	1.594000	16.300000
1522	-75.227865	1.596000	16.100000
1523	-75.157865	1.596000	16.180000
1524	-75.147865	1.598000	15.940000
1525	-75.067865	1.598000	15.920000
1526	-75.057865	1.600000	16.100000
1527	-74.867865	1.600000	15.890000
1528	-74.847865	1.602000	16.040000
1529	-74.847865	1.602000	15.900000
1530	-74.827865	1.604000	16.000000
1531	-74.577865	1.604000	15.870000
1532	-74.567865	1.604000	15.980000
1533	-74.567865	1.606000	15.870000
1534	-74.487865	1.608000	16.240000
1535	-74.477865	1.610000	16.070000
1536	-74.217865	1.610000	16.160000
1537	-74.217865	1.612000	16.150000
1538	-74.087865	1.612000	16.190000
1539	-73.987865	1.612000	16.200000
1540	-73.697865	1.613000	16.090000
1541	-73.577865	1.615000	16.200000
1542	-73.557865	1.617000	16.080000
1543	-73.487865	1.615000	16.210000
1544	-73.447865	1.617000	16.230000
1545	-73.427865	1.619000	16.310000
1546	-73.357865	1.619000	16.170000
1547	-73.347865	1.619000	16.230000
1548	-73.307865	1.621000	16.150000
1549	-73.297865	1.623000	16.260000
1550	-72.847865	1.623000	16.240000
1551	-72.797865	1.625000	16.250000
1552	-72.757865	1.625000	16.210000
1553	-72.637865	1.627000	16.060000
1554	-72.387865	1.629000	16.460000
1555	-72.327865	1.629000	16.320000
1556	-72.297865	1.631000	16.370000
1557	-72.257865	1.631000	16.310000
1558	-72.137865	1.633000	16.280000
1559	-72.097865	1.635000	16.300000
1560	-71.987865	1.637000	16.410000
1561	-71.947865	1.637000	16.440000
1562	-71.937865	1.639000	16.270000
1563	-71.927865	1.639000	16.350000
1564	-71.827865	1.641000	16.370000
1565	-71.797865	1.643000	16.350000
1566	-71.707865	1.643000	16.300000
1567	-71.707865	1.645000	16.320000
1568	-71.477865	1.645000	16.170000
1569	-71.467865	1.647000	16.440000
1570	-71.357865	1.647000	16.380000
1571	-71.347865	1.649000	16.240000
1572	-71.327865	1.649000	16.340000
1573	-71.317865	1.651000	16.410000
1574	-71.297865	1.651000	16.330000
1575	-71.057865	1.653000	16.270000
1576	-71.027865	1.653000	16.270000
1577	-71.017865	1.654000	16.210000
1578	-70.937865	1.654000	16.400000
1579	-70.827865	1.656000	16.240000
1580	-70.807865	1.656000	16.380000
1581	-70.557865	1.658000	16.320000
1582	-70.557865	1.658000	16.180000
1583	-70.557865	1.660000	16.420000
1584	-70.447865	1.664000	16.290000
1585	-70.387865	1.662000	16.210000
1586	-70.337865	1.664000	16.490000
1587	-70.327865	1.664000	16.600000
1588	-70.187865	1.666000	16.340000
1589	-70.037865	1.666000	16.660000
1590	-70.017865	1.668000	16.340000
1591	-69.967865	1.668000	16.490000
1592	-69.917865	1.670000	16.420000
1593	-69.907865	1.672000	16.420000
1594	-69.907865	1.672000	16.490000
1595	-69.887865	1.674000	16.380000
1596	-69.827865	1.674000	16.450000
1597	-69.697865	1.676000	16.270000
1598	-69.687865	1.676000	16.380000
1599	-69.677865	1.678000	16.410000
1600	-69.547865	1.678000	16.330000
1601	-69.317865	1.680000	16.700000
1602	-69.307865	1.680000	16.660000
1603	-69.277865	1.682000	16.380000
1604	-69.177865	1.682000	16.340000
1605	-69.167865	1.684000	16.360000
1606	-69.097865	1.684000	16.390000
1607	-68.997865	1.686000	16.410000
1608	-68.897865	1.686000	16.640000
1609	-68.797865	1.688000	16.670000
1610	-68.707865	1.688000	16.510000
1611	-68.657865	1.690000	16.560000
1612	-68.587865	1.690000	16.510000
1613	-68.417865	1.692000	16.460000
1614	-68.387865	1.695000	16.480000
1615	-68.187865	1.694000	16.480000
1616	-68.177865	1.695000	16.470000
1617	-68.097865	1.695000	16.590000
1618	-68.067865	1.697000	16.450000
1619	-68.047865	1.697000	16.410000
1620	-67.677865	1.699000	16.580000
1621	-67.647865	1.699000	16.550000
1622	-67.507865	1.701000	16.640000
1623	-67.477865	1.701000	16.720000
1624	-67.447865	1.703000	16.650000
1625	-67.427865	1.703000	16.590000
1626	-67.417865	1.705000	16.520000
1627	-67.357865	1.705000	16.840000
1628	-67.227865	1.707000	16.650000
1629	-67.197865	1.707000	16.530000
1630	-67.177865	1.709000	16.630000
1631	-67.037865	1.709000	16.690000
1632	-66.987865	1.711000	16.520000
1633	-66.917865	1.713000	16.450000
1634	-66.867865	1.713000	16.700000
1635	-66.817865	1.717000	16.880000
1636	-66.507865	1.717000	16.570000
1637	-66.467865	1.719000	16.520000
1638	-66.357865	1.719000	16.830000
1639	-66.347865	1.721000	16.780000
1640	-66.277865	1.721000	16.690000
1641	-66.187865	1.721000	16.720000
1642	-65.957865	1.723000	16.860000
1643	-65.897865	1.727000	16.790000
1644	-65.627865	1.727000	16.800000
1645	-65.497865	1.727000	16.640000
1646	-65.287865	1.729000	16.680000
1647	-65.057865	1.729000	16.800000
1648	-64.937865	1.729000	16.840000
1649	-64.887865	1.731000	16.790000
1650	-64.797865	1.733000	16.680000
1651	-64.737865	1.733000	16.780000
1652	-64.627865	1.735000	16.680000
1653	-64.567865	1.736000	16.790000
1654	-64.507865	1.736000	16.780000
1655	-64.487865	1.736000	16.810000
1656	-64.477865	1.738000	16.700000
1657	-64.437865	1.740000	16.870000
1658	-64.407865	1.740000	16.900000
1659	-64.397865	1.742000	16.710000
1660	-64.387865	1.742000	16.650000
1661	-64.377865	1.744000	16.710000
1662	-64.357865	1.744000	16.740000
1663	-64.327865	1.746000	16.920000
1664	-64.207865	1.746000	16.740000
1665	-64.147865	1.748000	16.810000
1666	-64.147865	1.748000	16.670000
1667	-64.077865	1.750000	16.800000
1668	-64.027865	1.750000	16.670000
1669	-64.017865	1.752000	16.720000
1670	-63.907865	1.752000	16.780000
1671	-63.887865	1.752000	16.740000
1672	-63.867865	1.754000	16.870000
1673	-63.827865	1.756000	16.820000
1674	-63.817865	1.758000	16.640000
1675	-63.797865	1.758000	16.740000
1676	-63.667865	1.760000	16.860000
1677	-63.617865	1.760000	16.900000
1678	-63.497865	1.760000	16.900000
1679	-63.337865	1.762000	16.930000
1680	-63.267865	1.762000	16.880000
1681	-63.227865	1.762000	17.090000
1682	-63.197865	1.766000	16.890000
1683	-63.147865	1.768000	16.900000
1684	-63.127865	1.768000	16.800000
1685	-62.757865	1.768000	17.080000
1686	-62.697865	1.770000	16.870000
1687	-62.537865	1.772000	16.980000
1688	-62.527865	1.772000	16.830000
1689	-62.387865	1.774000	16.860000
1690	-62.277865	1.774000	16.890000
1691	-62.137865	1.776000	16.940000
1692	-62.127865	1.776000	17.080000
1693	-62.087865	1.776000	17.050000
1694	-61.827865	1.778000	17.090000
1695	-61.787865	1.779000	17.040000
1696	-61.707865	1.779000	17.170000
1697	-61.697865	1.781000	17.060000
1698	-61.497865	1.781000	17.120000
1699	-61.247865	1.783000	16.930000
1700	-61.217865	1.783000	16.800000
1701	-60.977865	1.783000	17.030000
1702	-60.887865	1.785000	17.000000
1703	-60.877865	1.789000	16.970000
1704	-60.807865	1.787000	17.040000
1705	-60.637865	1.789000	16.860000
1706	-60.627865	1.789000	16.930000
1707	-60.607865	1.791000	17.110000
1708	-60.597865	1.791000	17.080000
1709	-60.577865	1.791000	17.060000
1710	-60.527865	1.793000	17.030000
1711	-60.477865	1.793000	16.950000
1712	-60.427865	1.795000	17.090000
1713	-60.337865	1.797000	17.110000
1714	-60.317865	1.797000	17.070000
1715	-60.317865	1.801000	17.000000
1716	-60.067865	1.801000	17.120000
1717	-60.027865	1.803000	17.060000
1718	-60.027865	1.803000	17.100000
1719	-59.927865	1.805000	17.030000
1720	-59.767865	1.805000	17.130000
1721	-59.557865	1.807000	17.050000
1722	-59.537865	1.809000	16.960000
1723	-59.527865	1.809000	17.040000
1724	-59.297865	1.811000	17.290000
1725	-59.157865	1.811000	17.180000
1726	-59.147865	1.813000	17.060000
1727	-59.097865	1.813000	17.370000
1728	-58.947865	1.815000	17.190000
1729	-58.917865	1.815000	17.370000
1730	-58.747865	1.817000	17.180000
1731	-58.707865	1.817000	17.230000
1732	-58.617865	1.820000	17.060000
1733	-58.607865	1.820000	17.180000
1734	-58.597865	1.820000	17.350000
1735	-58.577865	1.822000	17.360000
1736	-58.577865	1.822000	17.230000
1737	-58.497865	1.824000	17.230000
1738	-58.347865	1.824000	17.250000
1739	-58.327865	1.826000	17.190000
1740	-58.217865	1.826000	17.120000
1741	-58.157865	1.828000	17.170000
1742	-58.097865	1.828000	17.250000
1743	-58.097865	1.830000	17.260000
1744	-58.007865	1.830000	17.210000
1745	-57.907865	1.832000	17.200000
1746	-57.897865	1.832000	17.190000
1747	-57.757865	1.834000	17.200000
1748	-57.737865	1.834000	17.180000
1749	-57.447865	1.836000	17.320000
1750	-57.417865	1.836000	17.390000
1751	-57.307865	1.838000	17.250000
1752	-57.257865	1.840000	17.320000
1753	-57.077865	1.840000	17.380000
1754	-57.007865	1.842000	17.290000
1755	-56.897865	1.842000	17.360000
1756	-56.827865	1.844000	17.450000
1757	-56.767865	1.844000	17.270000
1758	-56.747865	1.846000	17.340000
1759	-56.747865	1.846000	17.350000
1760	-56.737865	1.848000	17.340000
1761	-56.707865	1.848000	17.360000
1762	-56.467865	1.850000	17.370000
1763	-56.427865	1.852000	17.310000
1764	-56.427865	1.852000	17.410000
1765	-56.427865	1.852000	17.220000
1766	-56.257865	1.854000	17.270000
1767	-56.167865	1.854000	17.340000
1768	-56.127865	1.856000	17.330000
1769	-56.117865	1.856000	17.470000
1770	-56.057865	1.858000	17.410000
1771	-55.527865	1.856000	17.430000
1772	-55.397865	1.860000	17.530000
1773	-55.317865	1.862000	17.610000
1774	-55.287865	1.862000	17.340000
1775	-55.047865	1.863000	17.740000
1776	-54.967865	1.863000	17.590000
1777	-54.957865	1.865000	17.600000
1778	-54.887865	1.865000	17.430000
1779	-54.767865	1.867000	17.590000
1780	-54.487865	1.867000	17.580000
1781	-54.397865	1.869000	17.550000
1782	-54.337865	1.871000	17.600000
1783	-54.227865	1.871000	17.450000
1784	-54.167865	1.873000	17.580000
1785	-54.117865	1.873000	17.520000
1786	-54.067865	1.875000	17.510000
1787	-54.037865	1.875000	17.630000
1788	-54.007865	1.877000	17.640000
1789	-53.977865	1.877000	17.540000
1790	-53.917865	1.879000	17.790000
1791	-53.887865	1.879000	17.680000
1792	-53.857865	1.883000	17.540000
1793	-53.827865	1.881000	17.590000
1794	-53.757865	1.885000	17.500000
1795	-53.737865	1.885000	17.500000
1796	-53.687865	1.885000	17.570000
1797	-53.607865	1.887000	17.610000
1798	-53.387865	1.889000	17.510000
1799	-53.357865	1.887000	17.850000
1800	-53.297865	1.889000	17.710000
1801	-53.277865	1.891000	17.660000
1802	-53.247865	1.893000	17.640000
1803	-53.137865	1.893000	17.760000
1804	-53.107865	1.893000	17.620000
1805	-52.897865	1.895000	17.530000
1806	-52.877865	1.897000	17.580000
1807	-52.767865	1.897000	17.610000
1808	-52.727865	1.899000	17.690000
1809	-52.697865	1.899000	17.640000
1810	-52.617865	1.901000	17.580000
1811	-52.557865	1.901000	17.720000
1812	-52.507865	1.903000	17.690000
1813	-52.367865	1.903000	17.720000
1814	-52.267865	1.904000	17.750000
1815	-52.167865	1.904000	17.750000
1816	-52.047865	1.906000	17.630000
1817	-52.047865	1.906000	17.680000
1818	-51.907865	1.908000	17.700000
1819	-51.877865	1.908000	17.720000
1820	-51.717865	1.908000	17.700000
1821	-51.707865	1.910000	17.820000
1822	-51.627865	1.912000	17.790000
1823	-51.567865	1.914000	17.810000
1824	-51.527865	1.914000	17.660000
1825	-51.327865	1.914000	17.710000
1826	-51.327865	1.916000	17.910000
1827	-51.317865	1.916000	17.670000
1828	-51.227865	1.916000	17.770000
1829	-51.127865	1.918000	17.690000
1830	-51.117865	1.920000	17.720000
1831	-51.037865	1.920000	17.610000
1832	-50.987865	1.922000	17.730000
1833	-50.947865	1.924000	17.710000
1834	-50.227865	1.924000	17.850000
1835	-50.167865	1.924000	17.920000
1836	-50.157865	1.926000	17.850000
1837	-50.127865	1.928000	17.980000
1838	-50.117865	1.928000	17.860000
1839	-50.107865	1.930000	17.860000
1840	-50.097865	1.930000	17.960000
1841	-50.027865	1.932000	17.920000
1842	-49.957865	1.934000	17.860000
1843	-49.887865	1.934000	17.850000
1844	-49.797865	1.936000	18.040000
1845	-49.527865	1.936000	17.920000
1846	-49.517865	1.938000	17.920000
1847	-49.477865	1.938000	17.940000
1848	-49.397865	1.940000	17.880000
1849	-49.357865	1.940000	17.930000
1850	-49.217865	1.940000	17.930000
1851	-49.207865	1.942000	17.950000
1852	-49.127865	1.944000	17.830000
1853	-49.117865	1.945000	17.930000
1854	-49.027865	1.945000	17.990000
1855	-49.007865	1.945000	17.970000
1856	-48.987865	1.947000	18.000000
1857	-48.947865	1.947000	17.800000
1858	-48.787865	1.947000	17.970000
1859	-48.787865	1.949000	17.890000
1860	-48.487865	1.951000	18.140000
1861	-48.447865	1.949000	17.880000
1862	-48.337865	1.953000	18.130000
1863	-48.327865	1.955000	18.090000
1864	-48.227865	1.955000	17.880000
1865	-48.217865	1.955000	18.010000
1866	-48.117865	1.957000	18.020000
1867	-48.097865	1.959000	18.010000
1868	-48.087865	1.959000	17.980000
1869	-48.017865	1.961000	18.080000
1870	-47.967865	1.961000	18.200000
1871	-47.937865	1.963000	17.980000
1872	-47.877865	1.963000	17.990000
1873	-47.727865	1.965000	18.030000
1874	-47.717865	1.967000	18.030000
1875	-47.607865	1.969000	18.010000
1876	-47.537865	1.969000	17.890000
1877	-47.447865	1.971000	17.990000
1878	-47.427865	1.971000	17.810000
1879	-47.257865	1.973000	18.120000
1880	-47.137865	1.973000	18.140000
1881	-47.087865	1.975000	18.210000
1882	-47.027865	1.977000	17.950000
1883	-46.837865	1.977000	18.070000
1884	-46.837865	1.979000	18.080000
1885	-46.747865	1.979000	18.100000
1886	-46.697865	1.981000	18.190000
1887	-46.507865	1.981000	18.220000
1888	-46.277865	1.983000	18.140000
1889	-46.217865	1.983000	18.260000
1890	-46.187865	1.985000	18.240000
1891	-46.157865	1.985000	18.320000
1892	-46.127865	1.986000	18.250000
1893	-46.037865	1.988000	18.120000
1894	-45.977865	1.988000	18.240000
1895	-45.917865	1.990000	18.230000
1896	-45.827865	1.990000	18.190000
1897	-45.737865	1.992000	18.400000
1898	-45.697865	1.992000	18.200000
1899	-45.687865	1.994000	18.290000
1900	-45.577865	1.994000	18.180000
1901	-45.507865	1.996000	18.090000
1902	-45.477865	1.996000	18.180000
1903	-45.437865	1.998000	18.260000
1904	-45.427865	1.998000	18.310000
1905	-45.367865	2.000000	18.030000
1906	-45.327865	2.000000	18.130000
1907	-45.277865	2.002000	18.320000
1908	-44.937865	2.002000	18.220000
1909	-44.897865	2.004000	18.030000
1910	-44.797865	2.004000	18.170000
1911	-44.777865	2.008000	18.390000
1912	-44.687865	2.008000	18.370000
1913	-44.557865	2.008000	18.210000
1914	-44.487865	2.010000	18.460000
1915	-44.277865	2.010000	18.410000
1916	-44.047865	2.012000	18.330000
1917	-43.837865	2.012000	18.380000
1918	-43.777865	2.014000	18.280000
1919	-43.747865	2.014000	18.330000
1920	-43.727865	2.016000	18.420000
1921	-43.717865	2.018000	18.410000
1922	-43.697865	2.018000	18.400000
1923	-43.557865	2.020000	18.320000
1924	-43.547865	2.020000	18.420000
1925	-43.547865	2.022000	18.270000
1926	-43.097865	2.022000	18.420000
1927	-43.077865	2.024000	18.340000
1928	-43.027865	2.024000	18.340000
1929	-42.857865	2.026000	18.560000
1930	-42.727865	2.026000	18.350000
1931	-42.727865	2.028000	18.350000
1932	-42.687865	2.028000	18.340000
1933	-42.607865	2.029000	18.400000
1934	-42.507865	2.029000	18.340000
1935	-42.447865	2.031000	18.430000
1936	-42.427865	2.031000	18.380000
1937	-42.307865	2.033000	18.380000
1938	-42.287865	2.033000	18.400000
1939	-42.247865	2.035000	18.280000
1940	-42.237865	2.035000	18.290000
1941	-42.217865	2.039000	18.540000
1942	-42.217865	2.039000	18.510000
1943	-42.157865	2.039000	18.400000
1944	-42.107865	2.041000	18.410000
1945	-42.027865	2.041000	18.420000
1946	-42.017865	2.043000	18.470000
1947	-42.007865	2.043000	18.410000
1948	-41.857865	2.045000	18.400000
1949	-41.857865	2.043000	18.390000
1950	-41.647865	2.047000	18.460000
1951	-41.437865	2.047000	18.520000
1952	-41.347865	2.049000	18.410000
1953	-41.287865	2.051000	18.480000
1954	-41.207865	2.053000	18.460000
1955	-41.187865	2.053000	18.480000
1956	-41.167865	2.055000	18.660000
1957	-40.707865	2.055000	18.410000
1958	-40.587865	2.057000	18.500000
1959	-40.517865	2.057000	18.430000
1960	-40.487865	2.059000	18.560000
1961	-40.257865	2.061000	18.480000
1962	-40.257865	2.061000	18.560000
1963	-40.257865	2.063000	18.600000
1964	-40.177865	2.063000	18.600000
1965	-40.077865	2.065000	18.550000
1966	-40.047865	2.065000	18.660000
1967	-39.977865	2.065000	18.660000
1968	-39.917865	2.067000	18.480000
1969	-39.867865	2.069000	18.870000
1970	-39.847865	2.070000	18.550000
1971	-39.757865	2.070000	18.760000
1972	-39.667865	2.072000	18.620000
1973	-39.647865	2.072000	18.530000
1974	-39.607865	2.072000	18.520000
1975	-39.577865	2.074000	18.620000
1976	-39.457865	2.076000	18.690000
1977	-39.437865	2.074000	18.470000
1978	-39.357865	2.078000	18.660000
1979	-39.227865	2.078000	18.610000
1980	-39.227865	2.080000	18.690000
1981	-39.177865	2.080000	18.610000
1982	-39.157865	2.080000	18.730000
1983	-39.147865	2.082000	18.660000
1984	-38.997865	2.084000	18.860000
1985	-38.927865	2.084000	18.560000
1986	-38.837865	2.086000	18.760000
1987	-38.737865	2.086000	18.770000
1988	-38.587865	2.088000	18.790000
1989	-38.557865	2.088000	18.890000
1990	-38.407865	2.090000	18.710000
1991	-38.147865	2.090000	18.830000
1992	-38.067865	2.092000	18.980000
1993	-38.057865	2.092000	18.870000
1994	-38.007865	2.094000	18.850000
1995	-37.887865	2.094000	18.740000
1996	-37.687865	2.096000	18.760000
1997	-37.677865	2.096000	18.980000
1998	-37.557865	2.096000	18.900000
1999	-37.417865	2.098000	19.080000
2000	-37.227865	2.100000	18.920000
2001	-37.127865	2.102000	18.870000
2002	-37.107865	2.102000	18.730000
2003	-37.067865	2.102000	18.730000
2004	-37.037865	2.104000	18.960000
2005	-37.027865	2.104000	18.790000
2006	-36.957865	2.104000	18.900000
2007	-36.887865	2.106000	18.900000
2008	-36.847865	2.108000	18.990000
2009	-36.837865	2.108000	18.970000
2010	-36.807865	2.110000	18.850000
2011	-36.787865	2.110000	18.830000
2012	-36.737865	2.112000	18.880000
2013	-36.567865	2.112000	18.860000
2014	-36.437865	2.112000	18.910000
2015	-36.377865	2.113000	18.860000
2016	-36.327865	2.115000	18.940000
2017	-36.187865	2.115000	18.730000
2018	-36.177865	2.117000	18.870000
2019	-35.897865	2.117000	18.830000
2020	-35.847865	2.119000	18.990000
2021	-35.757865	2.121000	18.920000
2022	-35.717865	2.121000	19.010000
2023	-35.607865	2.123000	18.940000
2024	-35.487865	2.123000	19.040000
2025	-35.457865	2.125000	18.920000
2026	-35.437865	2.125000	18.940000
2027	-35.367865	2.127000	18.960000
2028	-35.317865	2.127000	18.890000
2029	-35.307865	2.127000	19.000000
2030	-35.227865	2.131000	18.970000
2031	-35.207865	2.133000	18.990000
2032	-35.147865	2.133000	18.830000
2033	-35.147865	2.135000	18.970000
2034	-35.097865	2.137000	19.060000
2035	-35.027865	2.137000	18.910000
2036	-34.887865	2.139000	18.880000
2037	-34.887865	2.139000	18.970000
2038	-34.847865	2.141000	19.040000
2039	-34.647865	2.141000	19.030000
2040	-34.467865	2.143000	19.010000
2041	-34.417865	2.145000	19.090000
2042	-34.377865	2.145000	18.960000
2043	-34.107865	2.147000	19.040000
2044	-33.957865	2.147000	19.130000
2045	-33.797865	2.149000	19.000000
2046	-33.537865	2.149000	19.080000
2047	-33.527865	2.151000	19.000000
2048	-33.517865	2.151000	19.010000
2049	-33.477865	2.153000	19.100000
2050	-33.477865	2.153000	19.130000
2051	-33.387865	2.153000	19.030000
2052	-33.317865	2.154000	19.190000
2053	-33.277865	2.156000	19.180000
2054	-33.167865	2.156000	19.100000
2055	-33.087865	2.158000	19.100000
2056	-33.077865	2.158000	19.000000
2057	-33.007865	2.160000	18.990000
2058	-32.957865	2.160000	19.140000
2059	-32.827865	2.164000	19.040000
2060	-32.777865	2.162000	19.090000
2061	-32.757865	2.164000	19.030000
2062	-32.727865	2.164000	19.030000
2063	-32.667865	2.166000	19.040000
2064	-32.577865	2.166000	19.110000
2065	-32.507865	2.168000	19.140000
2066	-32.337865	2.168000	19.200000
2067	-32.317865	2.170000	19.200000
2068	-32.117865	2.170000	19.060000
2069	-32.017865	2.172000	19.090000
2070	-32.007865	2.172000	19.130000
2071	-31.987865	2.174000	19.210000
2072	-31.907865	2.176000	19.110000
2073	-31.857865	2.176000	19.160000
2074	-31.507865	2.178000	19.140000
2075	-31.477865	2.178000	19.130000
2076	-31.407865	2.180000	19.130000
2077	-31.407865	2.180000	19.230000
2078	-31.327865	2.182000	19.080000
2079	-31.277865	2.182000	19.100000
2080	-31.197865	2.184000	19.150000
2081	-31.057865	2.184000	19.250000
2082	-30.977865	2.186000	19.280000
2083	-30.937865	2.186000	19.230000
2084	-30.787865	2.188000	19.250000
2085	-30.697865	2.188000	19.240000
2086	-30.697865	2.190000	19.170000
2087	-30.667865	2.190000	19.250000
2088	-30.627865	2.192000	19.240000
2089	-30.617865	2.192000	19.310000
2090	-30.527865	2.195000	19.070000
2091	-30.167865	2.195000	19.220000
2092	-30.037865	2.195000	19.100000
2093	-29.987865	2.197000	19.280000
2094	-29.937865	2.197000	19.490000
2095	-29.707865	2.199000	19.330000
2096	-29.697865	2.199000	19.410000
2097	-29.567865	2.201000	19.540000
2098	-29.547865	2.201000	19.530000
2099	-29.497865	2.203000	19.330000
2100	-29.427865	2.205000	19.550000
2101	-29.387865	2.205000	19.440000
2102	-29.227865	2.207000	19.430000
2103	-29.147865	2.207000	19.560000
2104	-29.127865	2.209000	19.450000
2105	-29.047865	2.209000	19.450000
2106	-28.977865	2.211000	19.440000
2107	-28.897865	2.211000	19.330000
2108	-28.857865	2.213000	19.490000
2109	-28.777865	2.213000	19.580000
2110	-28.717865	2.215000	19.300000
2111	-28.687865	2.217000	19.490000
2112	-28.687865	2.219000	19.370000
2113	-28.547865	2.219000	19.420000
2114	-28.317865	2.221000	19.430000
2115	-28.297865	2.221000	19.470000
2116	-28.297865	2.221000	19.620000
2117	-28.277865	2.223000	19.560000
2118	-28.217865	2.225000	19.430000
2119	-28.147865	2.225000	19.590000
2120	-28.117865	2.227000	19.460000
2121	-27.857865	2.227000	19.510000
2122	-27.817865	2.229000	19.460000
2123	-27.807865	2.229000	19.370000
2124	-27.797865	2.229000	19.580000
2125	-27.757865	2.231000	19.410000
2126	-27.557865	2.233000	19.440000
2127	-27.437865	2.233000	19.550000
2128	-27.357865	2.235000	19.440000
2129	-27.267865	2.235000	19.590000
2130	-27.177865	2.236000	19.500000
2131	-27.147865	2.236000	19.710000
2132	-27.107865	2.238000	19.580000
2133	-26.937865	2.240000	19.550000
2134	-26.767865	2.240000	19.580000
2135	-26.647865	2.242000	19.540000
2136	-26.627865	2.242000	19.590000
2137	-26.557865	2.244000	19.610000
2138	-26.477865	2.244000	19.720000
2139	-26.447865	2.246000	19.710000
2140	-26.397865	2.246000	19.590000
2141	-26.377865	2.248000	19.660000
2142	-26.307865	2.250000	19.480000
2143	-26.257865	2.250000	19.560000
2144	-26.247865	2.252000	19.670000
2145	-25.947865	2.252000	19.520000
2146	-25.897865	2.252000	19.510000
2147	-25.877865	2.254000	19.590000
2148	-25.777865	2.258000	19.620000
2149	-25.737865	2.258000	19.620000
2150	-25.667865	2.258000	19.590000
2151	-25.597865	2.260000	19.650000
2152	-25.407865	2.260000	19.700000
2153	-25.317865	2.260000	19.600000
2154	-25.287865	2.262000	19.800000
2155	-25.177865	2.264000	19.770000
2156	-25.157865	2.264000	19.800000
2157	-25.147865	2.266000	19.590000
2158	-25.127865	2.266000	19.700000
2159	-25.047865	2.268000	19.680000
2160	-24.967865	2.268000	19.690000
2161	-24.937865	2.268000	19.770000
2162	-24.877865	2.270000	19.820000
2163	-24.877865	2.272000	19.630000
2164	-24.827865	2.272000	19.700000
2165	-24.787865	2.274000	19.740000
2166	-24.677865	2.274000	19.650000
2167	-24.667865	2.276000	19.580000
2168	-24.557865	2.276000	19.700000
2169	-24.537865	2.278000	19.780000
2170	-24.517865	2.278000	19.830000
2171	-24.407865	2.279000	19.670000
2172	-24.257865	2.279000	19.620000
2173	-24.247865	2.281000	19.680000
2174	-24.067865	2.281000	19.760000
2175	-24.057865	2.283000	19.840000
2176	-24.047865	2.283000	19.750000
2177	-23.897865	2.285000	19.790000
2178	-23.877865	2.285000	19.900000
2179	-23.857865	2.287000	19.700000
2180	-23.847865	2.287000	19.740000
2181	-23.737865	2.289000	19.820000
2182	-23.327865	2.289000	19.800000
2183	-23.307865	2.291000	19.780000
2184	-23.047865	2.291000	19.830000
2185	-23.047865	2.291000	19.820000
2186	-22.977865	2.293000	19.930000
2187	-22.927865	2.295000	19.820000
2188	-22.857865	2.295000	19.890000
2189	-22.847865	2.297000	19.950000
2190	-22.707865	2.301000	19.770000
2191	-22.667865	2.301000	19.820000
2192	-22.587865	2.303000	20.050000
2193	-22.417865	2.303000	19.810000
2194	-22.377865	2.305000	19.860000
2195	-22.327865	2.305000	19.980000
2196	-22.237865	2.307000	19.910000
2197	-22.217865	2.307000	19.990000
2198	-22.117865	2.309000	19.780000
2199	-22.097865	2.309000	19.820000
2200	-22.027865	2.311000	19.990000
2201	-22.027865	2.309000	19.920000
2202	-21.987865	2.313000	19.960000
2203	-21.977865	2.313000	20.040000
2204	-21.947865	2.315000	19.860000
2205	-21.937865	2.315000	19.870000
2206	-21.927865	2.317000	20.000000
2207	-21.897865	2.317000	19.910000
2208	-21.837865	2.319000	20.080000
2209	-21.687865	2.319000	19.930000
2210	-21.607865	2.320000	19.970000
2211	-21.477865	2.322000	19.880000
2212	-21.417865	2.322000	19.910000
2213	-21.397865	2.324000	19.920000
2214	-21.387865	2.324000	20.030000
2215	-21.377865	2.324000	19.930000
2216	-21.297865	2.324000	19.990000
2217	-21.267865	2.328000	19.970000
2218	-21.237865	2.328000	20.150000
2219	-21.097865	2.330000	19.930000
2220	-20.967865	2.330000	20.060000
2221	-20.247865	2.332000	20.180000
2222	-20.247865	2.332000	20.100000
2223	-19.987865	2.334000	20.140000
2224	-19.967865	2.334000	20.020000
2225	-19.927865	2.336000	19.970000
2226	-19.767865	2.336000	20.090000
2227	-19.717865	2.338000	20.050000
2228	-19.447865	2.338000	20.180000
2229	-19.317865	2.340000	20.170000
2230	-19.257865	2.340000	20.090000
2231	-19.127865	2.342000	20.050000
2232	-19.017865	2.344000	20.140000
2233	-18.987865	2.344000	20.180000
2234	-18.937865	2.346000	20.130000
2235	-18.927865	2.346000	20.170000
2236	-18.787865	2.348000	20.020000
2237	-18.687865	2.348000	20.120000
2238	-18.607865	2.352000	20.220000
2239	-18.607865	2.350000	20.110000
2240	-18.577865	2.352000	20.060000
2241	-18.567865	2.352000	20.210000
2242	-18.467865	2.354000	20.150000
2243	-18.427865	2.354000	20.160000
2244	-18.397865	2.356000	20.170000
2245	-18.367865	2.356000	20.120000
2246	-18.347865	2.358000	20.210000
2247	-18.317865	2.356000	20.230000
2248	-18.287865	2.360000	20.090000
2249	-18.187865	2.360000	20.230000
2250	-18.177865	2.362000	20.240000
2251	-18.017865	2.362000	20.100000
2252	-17.997865	2.363000	20.160000
2253	-17.977865	2.363000	20.160000
2254	-17.957865	2.365000	20.220000
2255	-17.927865	2.365000	20.180000
2256	-17.917865	2.367000	20.120000
2257	-17.907865	2.367000	20.110000
2258	-17.657865	2.369000	20.060000
2259	-17.517865	2.369000	20.170000
2260	-17.447865	2.371000	20.350000
2261	-17.447865	2.373000	20.220000
2262	-17.397865	2.373000	20.190000
2263	-17.307865	2.375000	20.170000
2264	-17.007865	2.375000	20.170000
2265	-16.967865	2.377000	20.290000
2266	-16.957865	2.377000	20.250000
2267	-16.897865	2.379000	20.370000
2268	-16.857865	2.379000	20.320000
2269	-16.707865	2.381000	20.380000
2270	-16.597865	2.383000	20.330000
2271	-16.477865	2.385000	20.270000
2272	-16.397865	2.385000	20.420000
2273	-16.367865	2.385000	20.250000
2274	-16.267865	2.387000	20.470000
2275	-16.117865	2.389000	20.230000
2276	-16.077865	2.389000	20.270000
2277	-16.067865	2.391000	20.150000
2278	-15.847865	2.391000	20.440000
2279	-15.747865	2.393000	20.190000
2280	-15.667865	2.393000	20.270000
2281	-15.647865	2.395000	20.350000
2282	-15.647865	2.395000	20.300000
2283	-15.567865	2.397000	20.240000
2284	-15.527865	2.397000	20.460000
2285	-15.507865	2.399000	20.290000
2286	-15.497865	2.399000	20.310000
2287	-15.447865	2.401000	20.310000
2288	-15.407865	2.401000	20.220000
2289	-15.287865	2.401000	20.190000
2290	-15.147865	2.403000	20.540000
2291	-14.847865	2.404000	20.430000
2292	-14.747865	2.406000	20.440000
2293	-14.657865	2.406000	20.610000
2294	-14.577865	2.408000	20.450000
2295	-14.567865	2.408000	20.440000
2296	-14.327865	2.408000	20.500000
2297	-14.257865	2.410000	20.330000
2298	-14.177865	2.412000	20.440000
2299	-14.147865	2.412000	20.420000
2300	-14.117865	2.414000	20.460000
2301	-14.057865	2.414000	20.480000
2302	-14.057865	2.416000	20.420000
2303	-14.007865	2.416000	20.570000
2304	-13.747865	2.416000	20.370000
2305	-13.697865	2.418000	20.450000
2306	-13.687865	2.420000	20.590000
2307	-13.667865	2.420000	20.540000
2308	-13.547865	2.422000	20.550000
2309	-13.247865	2.422000	20.780000
2310	-13.217865	2.424000	20.650000
2311	-12.927865	2.424000	20.600000
2312	-12.817865	2.426000	20.690000
2313	-12.747865	2.428000	20.620000
2314	-12.737865	2.428000	20.660000
2315	-12.697865	2.430000	20.600000
2316	-12.607865	2.430000	20.660000
2317	-12.547865	2.432000	20.740000
2318	-12.527865	2.432000	20.570000
2319	-12.437865	2.434000	20.590000
2320	-12.397865	2.434000	20.590000
2321	-12.377865	2.434000	20.650000
2322	-12.257865	2.436000	20.730000
2323	-12.247865	2.438000	20.630000
2324	-12.197865	2.438000	20.550000
2325	-12.187865	2.440000	20.590000
2326	-12.147865	2.440000	20.550000
2327	-12.147865	2.440000	20.550000
2328	-11.827865	2.442000	20.650000
2329	-11.797865	2.445000	20.630000
2330	-11.787865	2.444000	20.600000
2331	-11.717865	2.445000	20.740000
2332	-11.557865	2.445000	20.630000
2333	-11.487865	2.447000	20.600000
2334	-11.287865	2.447000	20.700000
2335	-11.127865	2.447000	20.640000
2336	-11.127865	2.449000	20.580000
2337	-11.107865	2.451000	20.640000
2338	-11.057865	2.451000	20.580000
2339	-11.007865	2.453000	20.660000
2340	-10.957865	2.455000	20.690000
2341	-10.867865	2.455000	20.640000
2342	-10.837865	2.455000	20.690000
2343	-10.817865	2.457000	20.670000
2344	-10.777865	2.459000	20.760000
2345	-10.767865	2.459000	20.840000
2346	-10.737865	2.461000	20.800000
2347	-10.577865	2.461000	20.700000
2348	-10.517865	2.463000	20.590000
2349	-10.507865	2.463000	20.910000
2350	-10.477865	2.467000	20.770000
2351	-10.467865	2.465000	20.830000
2352	-10.147865	2.469000	20.580000
2353	-10.147865	2.469000	20.690000
2354	-10.097865	2.471000	20.700000
2355	-10.027865	2.471000	20.740000
2356	-10.017865	2.473000	20.690000
2357	-10.017865	2.473000	20.820000
2358	-9.967865	2.475000	20.770000
2359	-9.797865	2.475000	20.600000
2360	-9.747865	2.477000	20.780000
2361	-9.697865	2.477000	20.730000
2362	-9.627865	2.479000	20.900000
2363	-9.607865	2.479000	20.780000
2364	-9.157865	2.481000	20.950000
2365	-9.127865	2.481000	20.880000
2366	-9.027865	2.483000	20.930000
2367	-8.637865	2.483000	20.960000
2368	-8.577865	2.485000	20.810000
2369	-8.397865	2.485000	21.040000
2370	-8.237865	2.486000	20.880000
2371	-8.187865	2.488000	21.070000
2372	-8.047865	2.488000	20.830000
2373	-7.827865	2.490000	20.880000
2374	-7.757865	2.490000	20.740000
2375	-7.727865	2.492000	20.850000
2376	-7.687865	2.492000	20.920000
2377	-7.577865	2.494000	20.800000
2378	-7.487865	2.494000	20.880000
2379	-7.427865	2.496000	20.960000
2380	-7.427865	2.496000	21.040000
2381	-7.387865	2.496000	20.990000
2382	-7.337865	2.500000	20.960000
2383	-7.307865	2.500000	20.800000
2384	-7.197865	2.502000	20.900000
2385	-7.187865	2.502000	20.920000
2386	-7.187865	2.504000	20.980000
2387	-7.147865	2.504000	20.910000
2388	-7.137865	2.506000	21.050000
2389	-7.097865	2.508000	20.970000
2390	-6.887865	2.508000	21.020000
2391	-6.837865	2.508000	20.920000
2392	-6.807865	2.510000	21.060000
2393	-6.787865	2.510000	20.990000
2394	-6.787865	2.512000	21.130000
2395	-6.737865	2.512000	20.870000
2396	-6.627865	2.514000	21.040000
2397	-6.617865	2.514000	21.070000
2398	-6.597865	2.516000	20.870000
2399	-6.387865	2.516000	20.950000
2400	-6.337865	2.518000	20.920000
2401	-6.157865	2.520000	21.120000
2402	-6.097865	2.520000	21.070000
2403	-6.027865	2.522000	21.090000
2404	-5.927865	2.522000	20.990000
2405	-5.757865	2.524000	20.960000
2406	-5.557865	2.524000	21.070000
2407	-5.477865	2.526000	21.020000
2408	-5.467865	2.526000	21.140000
2409	-5.467865	2.528000	21.140000
2410	-5.417865	2.528000	21.120000
2411	-5.347865	2.528000	20.960000
2412	-5.197865	2.529000	21.100000
2413	-5.177865	2.531000	21.020000
2414	-5.077865	2.531000	21.150000
2415	-4.837865	2.533000	21.090000
2416	-4.697865	2.533000	21.080000
2417	-4.627865	2.535000	21.050000
2418	-4.617865	2.535000	21.030000
2419	-4.517865	2.537000	21.150000
2420	-4.517865	2.537000	21.160000
2421	-4.447865	2.539000	21.150000
2422	-4.407865	2.541000	21.090000
2423	-4.377865	2.541000	21.350000
2424	-4.377865	2.543000	21.270000
2425	-3.917865	2.543000	21.110000
2426	-3.897865	2.545000	21.130000
2427	-3.897865	2.545000	21.220000
2428	-3.797865	2.547000	21.230000
2429	-3.777865	2.547000	21.120000
2430	-3.737865	2.551000	21.270000
2431	-3.707865	2.551000	21.320000
2432	-3.607865	2.553000	21.230000
2433	-3.507865	2.553000	21.050000
2434	-3.497865	2.555000	21.290000
2435	-3.447865	2.555000	21.140000
2436	-3.427865	2.557000	21.030000
2437	-3.387865	2.557000	21.260000
2438	-3.257865	2.559000	21.260000
2439	-3.167865	2.559000	21.220000
2440	-3.137865	2.561000	21.200000
2441	-3.037865	2.561000	21.260000
2442	-2.977865	2.563000	21.220000
2443	-2.907865	2.563000	21.240000
2444	-2.857865	2.565000	21.250000
2445	-2.737865	2.565000	21.270000
2446	-2.577865	2.565000	21.260000
2447	-2.577865	2.567000	21.270000
2448	-2.547865	2.569000	21.170000
2449	-2.487865	2.569000	21.200000
2450	-2.427865	2.570000	21.280000
2451	-2.387865	2.570000	21.390000
2452	-2.337865	2.572000	21.270000
2453	-1.847865	2.572000	21.300000
2454	-1.837865	2.572000	21.420000
2455	-1.837865	2.574000	21.260000
2456	-1.777865	2.576000	21.190000
2457	-1.767865	2.576000	21.410000
2458	-1.567865	2.578000	21.300000
2459	-1.547865	2.578000	21.400000
2460	-1.447865	2.580000	21.210000
2461	-1.227865	2.580000	21.340000
2462	-1.217865	2.582000	21.350000
2463	-1.127865	2.584000	21.180000
2464	-1.017865	2.584000	21.320000
2465	-0.897865	2.586000	21.440000
2466	-0.797865	2.586000	21.420000
2467	-0.687865	2.588000	21.440000
2468	-0.367865	2.588000	21.390000
2469	-0.247865	2.588000	21.330000
