1	-189.171538	0.000000	9.640000
2	-188.861538	0.000000	9.620000
3	-188.851538	0.002000	9.600000
4	-188.691538	0.002000	9.700000
5	-188.471538	0.002000	9.360000
6	-188.441538	0.004000	10.140000
7	-188.421538	0.006000	9.860000
8	-188.301538	0.006000	9.560000
9	-188.141538	0.008000	9.490000
10	-187.991538	0.008000	9.610000
11	-187.761538	0.009000	9.610000
12	-187.651538	0.009000	9.370000
13	-187.501538	0.009000	10.190000
14	-187.481538	0.013000	9.680000
15	-187.461538	0.013000	9.730000
16	-187.291538	0.015000	9.730000
17	-187.251538	0.015000	9.920000
18	-187.211538	0.017000	9.960000
19	-187.201538	0.017000	9.500000
20	-187.151538	0.017000	9.550000
21	-187.121538	0.019000	9.730000
22	-186.881538	0.021000	9.730000
23	-186.871538	0.021000	9.790000
24	-186.741538	0.023000	9.870000
25	-186.671538	0.025000	10.050000
26	-186.661538	0.025000	9.720000
27	-186.581538	0.025000	9.830000
28	-186.481538	0.027000	9.780000
29	-186.461538	0.029000	9.750000
30	-186.421538	0.029000	9.690000
31	-186.311538	0.031000	9.700000
32	-186.271538	0.031000	10.010000
33	-186.261538	0.033000	9.620000
34	-186.161538	0.033000	10.000000
35	-186.121538	0.033000	9.940000
36	-186.061538	0.035000	9.780000
37	-186.041538	0.037000	10.150000
38	-185.931538	0.037000	9.880000
39	-185.901538	0.039000	9.630000
40	-185.891538	0.039000	10.200000
41	-185.741538	0.041000	9.800000
42	-185.651538	0.041000	10.080000
43	-185.531538	0.043000	9.960000
44	-185.441538	0.045000	9.670000
45	-185.411538	0.045000	9.750000
46	-185.291538	0.047000	9.990000
47	-185.271538	0.047000	9.880000
48	-185.211538	0.049000	9.690000
49	-185.111538	0.049000	9.840000
50	-185.001538	0.049000	10.270000
51	-184.801538	0.051000	9.980000
52	-184.641538	0.052000	9.750000
53	-184.591538	0.052000	9.690000
54	-184.571538	0.054000	9.830000
55	-184.541538	0.054000	9.790000
56	-184.531538	0.056000	10.020000
57	-184.431538	0.056000	9.940000
58	-184.421538	0.056000	9.850000
59	-184.361538	0.058000	10.210000
60	-184.361538	0.060000	9.650000
61	-184.341538	0.062000	9.730000
62	-184.241538	0.062000	9.970000
63	-184.141538	0.062000	9.790000
64	-184.081538	0.064000	9.810000
65	-184.011538	0.064000	9.900000
66	-183.981538	0.064000	10.260000
67	-183.761538	0.066000	9.940000
68	-183.691538	0.068000	9.780000
69	-183.671538	0.068000	9.920000
70	-183.621538	0.070000	9.780000
71	-183.541538	0.070000	9.810000
72	-183.491538	0.074000	10.110000
73	-183.431538	0.074000	9.550000
74	-183.331538	0.076000	9.920000
75	-183.201538	0.078000	9.970000
76	-183.071538	0.078000	10.350000
77	-182.911538	0.080000	10.100000
78	-182.801538	0.080000	9.830000
79	-182.751538	0.082000	10.050000
80	-182.721538	0.082000	9.810000
81	-182.451538	0.084000	9.900000
82	-182.421538	0.084000	9.900000
83	-182.401538	0.086000	10.070000
84	-182.361538	0.088000	10.090000
85	-182.061538	0.088000	10.090000
86	-182.061538	0.090000	9.920000
87	-182.051538	0.090000	9.930000
88	-181.991538	0.092000	10.000000
89	-181.841538	0.092000	9.570000
90	-181.841538	0.093000	9.940000
91	-181.691538	0.093000	9.900000
92	-181.601538	0.095000	9.980000
93	-181.521538	0.095000	9.890000
94	-181.501538	0.097000	9.990000
95	-181.451538	0.097000	10.280000
96	-181.331538	0.099000	10.440000
97	-181.281538	0.099000	10.020000
98	-181.281538	0.101000	9.860000
99	-181.131538	0.101000	10.110000
100	-181.081538	0.103000	9.900000
101	-180.991538	0.103000	9.940000
102	-180.981538	0.105000	10.260000
103	-180.921538	0.107000	10.110000
104	-180.571538	0.107000	10.140000
105	-180.541538	0.109000	10.070000
106	-180.521538	0.109000	9.910000
107	-180.491538	0.111000	10.000000
108	-180.431538	0.111000	9.930000
109	-180.401538	0.113000	10.310000
110	-180.311538	0.113000	10.120000
111	-180.301538	0.115000	10.040000
112	-180.301538	0.115000	10.100000
113	-180.301538	0.117000	10.090000
114	-180.281538	0.117000	10.170000
115	-180.181538	0.119000	10.160000
116	-180.141538	0.119000	10.190000
117	-180.131538	0.121000	10.030000
118	-179.991538	0.121000	10.280000
119	-179.911538	0.123000	10.310000
120	-179.891538	0.123000	10.210000
121	-179.891538	0.125000	9.990000
122	-179.791538	0.125000	9.990000
123	-179.751538	0.127000	10.000000
124	-179.671538	0.129000	10.200000
125	-179.621538	0.129000	10.220000
126	-179.591538	0.131000	10.400000
127	-179.571538	0.131000	10.130000
128	-179.471538	0.133000	10.140000
129	-179.351538	0.133000	10.120000
130	-179.191538	0.135000	10.220000
131	-179.171538	0.135000	10.160000
132	-179.131538	0.136000	10.080000
133	-179.061538	0.136000	10.120000
134	-179.021538	0.138000	10.200000
135	-178.991538	0.138000	10.060000
136	-178.961538	0.140000	10.200000
137	-178.721538	0.140000	10.320000
138	-178.671538	0.142000	10.040000
139	-178.631538	0.142000	9.900000
140	-178.581538	0.144000	10.240000
141	-178.271538	0.144000	10.590000
142	-178.121538	0.146000	10.140000
143	-178.101538	0.148000	10.080000
144	-177.981538	0.148000	10.140000
145	-177.871538	0.150000	10.460000
146	-177.671538	0.150000	10.210000
147	-177.641538	0.152000	10.350000
148	-177.621538	0.152000	10.460000
149	-177.501538	0.154000	10.390000
150	-177.461538	0.156000	10.200000
151	-177.401538	0.158000	10.170000
152	-177.381538	0.158000	10.150000
153	-177.371538	0.158000	10.320000
154	-177.341538	0.160000	10.200000
155	-177.271538	0.162000	10.300000
156	-177.201538	0.162000	10.170000
157	-177.101538	0.164000	10.230000
158	-177.081538	0.164000	10.330000
159	-176.791538	0.166000	10.260000
160	-176.771538	0.166000	10.560000
161	-176.761538	0.166000	10.100000
162	-176.691538	0.168000	10.220000
163	-176.611538	0.170000	10.200000
164	-176.611538	0.172000	10.370000
165	-176.421538	0.172000	10.360000
166	-176.321538	0.174000	10.350000
167	-176.301538	0.174000	10.300000
168	-176.271538	0.174000	10.220000
169	-176.241538	0.176000	10.440000
170	-176.191538	0.176000	10.340000
171	-176.131538	0.177000	10.280000
172	-176.111538	0.179000	10.240000
173	-176.071538	0.179000	10.130000
174	-175.961538	0.181000	10.230000
175	-175.931538	0.181000	10.330000
176	-175.891538	0.181000	10.230000
177	-175.811538	0.183000	10.610000
178	-175.811538	0.185000	10.170000
179	-175.781538	0.185000	10.190000
180	-175.711538	0.187000	10.390000
181	-175.651538	0.187000	10.290000
182	-175.641538	0.189000	10.730000
183	-175.611538	0.189000	10.840000
184	-175.541538	0.189000	10.470000
185	-175.501538	0.191000	10.460000
186	-175.441538	0.193000	10.250000
187	-175.411538	0.193000	10.250000
188	-175.131538	0.195000	10.560000
189	-174.991538	0.195000	10.630000
190	-174.981538	0.197000	10.940000
191	-174.931538	0.197000	10.540000
192	-174.881538	0.197000	10.380000
193	-174.871538	0.201000	10.460000
194	-174.851538	0.203000	10.590000
195	-174.771538	0.203000	10.310000
196	-174.661538	0.203000	10.910000
197	-174.651538	0.205000	10.700000
198	-174.391538	0.205000	10.200000
199	-174.311538	0.205000	10.290000
200	-174.201538	0.207000	10.660000
201	-174.121538	0.207000	10.400000
202	-173.931538	0.207000	10.360000
203	-173.691538	0.211000	10.860000
204	-173.691538	0.211000	10.700000
205	-173.641538	0.213000	10.490000
206	-173.631538	0.213000	10.690000
207	-173.631538	0.213000	10.800000
208	-173.551538	0.215000	10.740000
209	-173.511538	0.217000	10.580000
210	-173.501538	0.217000	10.480000
211	-173.251538	0.218000	10.440000
212	-173.051538	0.218000	10.720000
213	-173.051538	0.220000	10.810000
214	-172.911538	0.220000	10.500000
215	-172.871538	0.222000	10.600000
216	-172.711538	0.224000	10.620000
217	-172.591538	0.224000	10.730000
218	-172.541538	0.226000	10.660000
219	-172.461538	0.226000	10.510000
220	-172.451538	0.228000	10.630000
221	-172.371538	0.228000	10.650000
222	-172.271538	0.228000	10.520000
223	-172.221538	0.230000	10.690000
224	-172.221538	0.232000	10.830000
225	-172.131538	0.232000	10.650000
226	-172.121538	0.234000	10.690000
227	-172.091538	0.234000	10.750000
228	-171.991538	0.236000	10.930000
229	-171.971538	0.236000	10.800000
230	-171.941538	0.240000	10.560000
231	-171.931538	0.240000	10.810000
232	-171.791538	0.242000	10.700000
233	-171.781538	0.242000	10.770000
234	-171.631538	0.244000	10.580000
235	-171.581538	0.244000	10.650000
236	-171.461538	0.246000	10.530000
237	-171.371538	0.246000	10.890000
238	-171.271538	0.248000	10.550000
239	-171.211538	0.250000	10.590000
240	-171.151538	0.250000	10.640000
241	-170.971538	0.250000	10.630000
242	-170.861538	0.252000	10.710000
243	-170.771538	0.252000	10.720000
244	-170.721538	0.254000	10.850000
245	-170.681538	0.254000	11.280000
246	-170.641538	0.256000	10.830000
247	-170.581538	0.256000	10.740000
248	-170.531538	0.258000	10.620000
249	-170.531538	0.258000	10.600000
250	-170.461538	0.259000	10.540000
251	-170.361538	0.259000	10.690000
252	-170.321538	0.261000	10.820000
253	-170.221538	0.261000	10.660000
254	-170.031538	0.263000	10.550000
255	-170.031538	0.263000	10.800000
256	-169.981538	0.265000	10.760000
257	-169.841538	0.265000	10.790000
258	-169.841538	0.267000	10.760000
259	-169.781538	0.267000	10.820000
260	-169.721538	0.269000	10.770000
261	-169.691538	0.269000	10.920000
262	-169.651538	0.271000	10.690000
263	-169.631538	0.269000	10.630000
264	-169.551538	0.273000	10.890000
265	-169.331538	0.273000	10.710000
266	-169.331538	0.275000	10.850000
267	-169.221538	0.275000	10.830000
268	-169.211538	0.277000	10.870000
269	-169.021538	0.277000	10.780000
270	-169.001538	0.279000	11.190000
271	-168.821538	0.279000	10.880000
272	-168.771538	0.281000	10.680000
273	-168.741538	0.281000	10.800000
274	-168.661538	0.283000	10.970000
275	-168.651538	0.283000	10.910000
276	-168.651538	0.285000	10.880000
277	-168.581538	0.285000	10.850000
278	-168.581538	0.287000	10.800000
279	-168.511538	0.287000	10.810000
280	-168.401538	0.289000	11.010000
281	-168.351538	0.289000	11.090000
282	-168.341538	0.291000	11.050000
283	-168.221538	0.291000	10.910000
284	-168.091538	0.293000	11.150000
285	-167.931538	0.293000	10.840000
286	-167.881538	0.295000	10.930000
287	-167.581538	0.297000	11.090000
288	-167.451538	0.297000	10.780000
289	-167.381538	0.299000	10.850000
290	-167.381538	0.299000	10.850000
291	-167.341538	0.301000	10.850000
292	-167.321538	0.301000	10.880000
293	-167.231538	0.302000	10.900000
294	-167.231538	0.302000	10.930000
295	-167.181538	0.304000	11.160000
296	-167.151538	0.304000	10.910000
297	-167.041538	0.306000	10.790000
298	-167.031538	0.306000	10.840000
299	-166.991538	0.308000	10.760000
300	-166.961538	0.308000	11.000000
301	-166.911538	0.310000	11.150000
302	-166.801538	0.310000	11.070000
303	-166.781538	0.312000	11.020000
304	-166.671538	0.312000	11.020000
305	-166.641538	0.314000	10.990000
306	-166.581538	0.314000	11.050000
307	-166.561538	0.316000	10.890000
308	-166.561538	0.316000	10.940000
309	-166.561538	0.318000	10.970000
310	-166.481538	0.318000	10.790000
311	-166.411538	0.320000	10.810000
312	-166.381538	0.320000	11.000000
313	-166.351538	0.322000	10.900000
314	-166.291538	0.324000	10.780000
315	-166.191538	0.326000	11.010000
316	-166.091538	0.326000	10.860000
317	-165.981538	0.328000	11.050000
318	-165.791538	0.330000	11.020000
319	-165.751538	0.330000	10.870000
320	-165.671538	0.330000	11.080000
321	-165.621538	0.332000	10.920000
322	-165.591538	0.334000	10.950000
323	-165.471538	0.334000	10.980000
324	-165.421538	0.336000	11.150000
325	-165.071538	0.336000	10.960000
326	-164.891538	0.338000	11.210000
327	-164.821538	0.338000	11.100000
328	-164.791538	0.340000	11.100000
329	-164.521538	0.342000	11.230000
330	-164.501538	0.342000	11.100000
331	-164.491538	0.343000	11.120000
332	-164.391538	0.343000	11.210000
333	-164.361538	0.345000	11.200000
334	-164.331538	0.345000	11.160000
335	-164.201538	0.345000	11.230000
336	-164.171538	0.347000	11.270000
337	-164.161538	0.349000	11.100000
338	-164.111538	0.349000	11.190000
339	-164.031538	0.351000	10.990000
340	-164.021538	0.351000	11.150000
341	-164.001538	0.353000	11.170000
342	-163.991538	0.353000	11.000000
343	-163.941538	0.353000	11.230000
344	-163.921538	0.355000	11.350000
345	-163.591538	0.359000	11.060000
346	-163.571538	0.357000	11.020000
347	-163.371538	0.359000	11.330000
348	-163.321538	0.361000	11.050000
349	-163.201538	0.361000	11.280000
350	-163.051538	0.361000	11.070000
351	-163.051538	0.363000	11.250000
352	-163.011538	0.365000	11.290000
353	-162.981538	0.365000	11.220000
354	-162.971538	0.367000	11.140000
355	-162.861538	0.367000	11.290000
356	-162.841538	0.369000	11.060000
357	-162.791538	0.369000	11.180000
358	-162.551538	0.369000	11.130000
359	-162.471538	0.371000	11.190000
360	-162.391538	0.373000	10.960000
361	-162.361538	0.373000	11.210000
362	-162.351538	0.375000	11.230000
363	-162.291538	0.375000	11.240000
364	-162.291538	0.377000	11.070000
365	-162.091538	0.377000	10.990000
366	-162.081538	0.379000	11.310000
367	-162.061538	0.379000	11.270000
368	-162.001538	0.381000	11.350000
369	-161.931538	0.381000	11.110000
370	-161.881538	0.383000	11.260000
371	-161.721538	0.383000	11.250000
372	-161.691538	0.385000	11.230000
373	-161.441538	0.385000	11.210000
374	-161.421538	0.386000	11.240000
375	-161.361538	0.386000	11.260000
376	-161.221538	0.388000	11.410000
377	-161.021538	0.390000	11.470000
378	-160.821538	0.390000	11.450000
379	-160.801538	0.392000	11.230000
380	-160.701538	0.392000	11.290000
381	-160.591538	0.392000	11.350000
382	-160.521538	0.394000	11.380000
383	-160.501538	0.396000	11.160000
384	-160.491538	0.396000	11.340000
385	-160.411538	0.398000	11.290000
386	-160.361538	0.398000	11.350000
387	-160.261538	0.400000	11.370000
388	-160.251538	0.400000	11.290000
389	-160.211538	0.402000	11.450000
390	-160.101538	0.404000	11.230000
391	-160.091538	0.404000	11.250000
392	-160.031538	0.406000	11.500000
393	-160.021538	0.408000	11.200000
394	-159.971538	0.410000	11.400000
395	-159.891538	0.410000	11.510000
396	-159.831538	0.412000	11.180000
397	-159.741538	0.410000	11.370000
398	-159.591538	0.414000	11.320000
399	-159.581538	0.414000	11.340000
400	-159.571538	0.416000	11.200000
401	-159.471538	0.416000	11.300000
402	-159.311538	0.418000	11.460000
403	-159.271538	0.418000	11.400000
404	-159.261538	0.420000	11.660000
405	-159.211538	0.422000	11.460000
406	-159.151538	0.422000	11.560000
407	-159.111538	0.424000	11.400000
408	-159.101538	0.424000	11.480000
409	-159.051538	0.426000	11.530000
410	-159.031538	0.426000	11.290000
411	-158.981538	0.427000	11.310000
412	-158.901538	0.427000	11.330000
413	-158.791538	0.429000	11.640000
414	-158.771538	0.429000	11.480000
415	-158.731538	0.431000	11.600000
416	-158.681538	0.431000	11.540000
417	-158.651538	0.433000	11.590000
418	-158.511538	0.433000	11.380000
419	-158.431538	0.435000	11.590000
420	-158.351538	0.435000	11.410000
421	-158.341538	0.437000	11.530000
422	-158.321538	0.437000	11.610000
423	-158.301538	0.439000	11.510000
424	-158.261538	0.439000	11.560000
425	-158.121538	0.441000	11.670000
426	-158.101538	0.441000	11.470000
427	-158.001538	0.443000	11.360000
428	-158.001538	0.445000	11.530000
429	-157.971538	0.445000	11.540000
430	-157.941538	0.447000	11.580000
431	-157.931538	0.447000	11.450000
432	-157.741538	0.449000	11.570000
433	-157.671538	0.449000	11.460000
434	-157.381538	0.451000	11.580000
435	-157.311538	0.451000	11.470000
436	-157.081538	0.453000	11.610000
437	-157.031538	0.453000	11.590000
438	-157.021538	0.455000	11.420000
439	-156.681538	0.455000	11.880000
440	-156.681538	0.457000	11.680000
441	-156.521538	0.457000	11.740000
442	-156.491538	0.459000	11.630000
443	-156.261538	0.459000	11.540000
444	-156.231538	0.461000	11.780000
445	-156.231538	0.461000	11.480000
446	-156.161538	0.463000	11.720000
447	-156.081538	0.465000	11.670000
448	-156.061538	0.465000	11.720000
449	-156.051538	0.467000	11.730000
450	-155.991538	0.467000	11.580000
451	-155.761538	0.468000	11.780000
452	-155.741538	0.468000	11.750000
453	-155.691538	0.470000	11.720000
454	-155.541538	0.470000	11.640000
455	-155.531538	0.472000	11.670000
456	-155.281538	0.472000	11.770000
457	-155.261538	0.474000	11.630000
458	-155.161538	0.474000	11.550000
459	-155.121538	0.476000	11.840000
460	-155.051538	0.476000	11.490000
461	-155.051538	0.478000	11.450000
462	-155.031538	0.478000	11.630000
463	-154.931538	0.480000	11.610000
464	-154.751538	0.480000	11.580000
465	-154.741538	0.482000	11.840000
466	-154.711538	0.482000	11.730000
467	-154.701538	0.484000	11.760000
468	-154.691538	0.486000	11.760000
469	-154.671538	0.486000	11.750000
470	-154.571538	0.490000	11.570000
471	-154.571538	0.490000	11.540000
472	-154.451538	0.492000	11.520000
473	-154.361538	0.492000	11.670000
474	-154.361538	0.494000	11.650000
475	-154.361538	0.494000	11.550000
476	-154.261538	0.494000	11.610000
477	-154.231538	0.496000	11.570000
478	-154.131538	0.498000	11.560000
479	-154.121538	0.498000	11.650000
480	-154.081538	0.500000	11.760000
481	-153.971538	0.500000	11.750000
482	-153.511538	0.502000	12.040000
483	-153.341538	0.502000	11.640000
484	-153.301538	0.502000	11.840000
485	-153.081538	0.504000	11.820000
486	-153.061538	0.506000	11.760000
487	-152.981538	0.508000	11.680000
488	-152.931538	0.508000	11.670000
489	-152.791538	0.509000	11.700000
490	-152.771538	0.509000	12.070000
491	-152.571538	0.509000	11.760000
492	-152.541538	0.511000	11.780000
493	-152.481538	0.513000	11.840000
494	-152.461538	0.513000	12.150000
495	-152.461538	0.513000	11.760000
496	-152.451538	0.515000	11.820000
497	-152.331538	0.517000	11.870000
498	-152.331538	0.517000	11.910000
499	-152.331538	0.517000	11.970000
500	-152.321538	0.519000	12.000000
501	-152.281538	0.521000	11.950000
502	-151.971538	0.521000	11.800000
503	-151.881538	0.523000	11.990000
504	-151.831538	0.523000	11.780000
505	-151.821538	0.525000	12.000000
506	-151.731538	0.527000	12.050000
507	-151.621538	0.527000	11.850000
508	-151.561538	0.529000	11.560000
509	-151.391538	0.529000	11.920000
510	-151.351538	0.531000	12.000000
511	-151.341538	0.531000	12.090000
512	-151.311538	0.533000	11.960000
513	-151.271538	0.533000	11.660000
514	-151.061538	0.533000	11.870000
515	-150.921538	0.535000	12.110000
516	-150.871538	0.537000	11.930000
517	-150.851538	0.539000	11.850000
518	-150.671538	0.539000	12.040000
519	-150.651538	0.541000	11.870000
520	-150.511538	0.541000	12.110000
521	-150.471538	0.541000	12.010000
522	-150.431538	0.543000	12.000000
523	-150.401538	0.547000	12.000000
524	-150.351538	0.545000	11.970000
525	-150.281538	0.545000	12.080000
526	-150.251538	0.547000	11.830000
527	-150.121538	0.549000	11.960000
528	-150.031538	0.549000	11.950000
529	-149.941538	0.549000	12.230000
530	-149.881538	0.551000	11.970000
531	-149.841538	0.552000	12.200000
532	-149.781538	0.552000	12.000000
533	-149.671538	0.554000	12.060000
534	-149.621538	0.554000	12.050000
535	-149.541538	0.556000	11.980000
536	-149.481538	0.556000	12.030000
537	-149.301538	0.558000	12.000000
538	-148.981538	0.560000	12.350000
539	-148.931538	0.560000	12.010000
540	-148.781538	0.562000	12.190000
541	-148.731538	0.562000	12.260000
542	-148.701538	0.564000	12.120000
543	-148.561538	0.564000	12.140000
544	-148.531538	0.564000	12.090000
545	-148.471538	0.566000	12.010000
546	-148.401538	0.568000	12.170000
547	-148.381538	0.568000	12.180000
548	-148.361538	0.570000	12.120000
549	-148.221538	0.570000	12.210000
550	-148.011538	0.574000	12.240000
551	-147.951538	0.574000	12.080000
552	-147.901538	0.576000	12.190000
553	-147.891538	0.578000	12.060000
554	-147.861538	0.578000	11.920000
555	-147.661538	0.580000	12.440000
556	-147.631538	0.580000	12.330000
557	-147.581538	0.582000	12.240000
558	-147.561538	0.582000	12.110000
559	-147.331538	0.584000	12.100000
560	-147.271538	0.584000	12.330000
561	-147.271538	0.586000	12.140000
562	-147.031538	0.586000	12.180000
563	-146.771538	0.588000	12.240000
564	-146.721538	0.588000	12.100000
565	-146.631538	0.590000	12.110000
566	-146.631538	0.592000	12.160000
567	-146.571538	0.592000	12.160000
568	-146.501538	0.593000	12.210000
569	-146.391538	0.593000	12.090000
570	-146.211538	0.595000	12.170000
571	-146.201538	0.595000	12.220000
572	-146.171538	0.597000	12.350000
573	-146.051538	0.597000	12.300000
574	-145.971538	0.599000	12.230000
575	-145.971538	0.599000	12.190000
576	-145.951538	0.601000	12.300000
577	-145.911538	0.601000	12.220000
578	-145.891538	0.603000	12.210000
579	-145.861538	0.603000	12.180000
580	-145.831538	0.605000	12.240000
581	-145.821538	0.605000	12.370000
582	-145.791538	0.607000	12.260000
583	-145.731538	0.607000	12.280000
584	-145.581538	0.609000	12.460000
585	-145.571538	0.609000	12.470000
586	-145.521538	0.611000	12.270000
587	-145.511538	0.611000	12.120000
588	-145.511538	0.613000	12.280000
589	-145.421538	0.613000	12.140000
590	-145.361538	0.615000	12.280000
591	-145.111538	0.615000	12.100000
592	-145.071538	0.617000	12.220000
593	-144.991538	0.617000	12.230000
594	-144.911538	0.619000	12.420000
595	-144.851538	0.619000	12.140000
596	-144.841538	0.621000	12.390000
597	-144.761538	0.621000	12.310000
598	-144.691538	0.623000	12.370000
599	-144.661538	0.623000	12.500000
600	-144.481538	0.625000	12.240000
601	-144.451538	0.625000	12.420000
602	-144.451538	0.627000	12.460000
603	-144.451538	0.627000	12.440000
604	-144.411538	0.629000	12.440000
605	-144.391538	0.629000	12.400000
606	-144.341538	0.631000	12.460000
607	-144.291538	0.631000	12.510000
608	-144.101538	0.633000	12.360000
609	-143.981538	0.633000	12.340000
610	-143.881538	0.635000	12.430000
611	-143.881538	0.635000	12.310000
612	-143.641538	0.636000	12.520000
613	-143.461538	0.636000	12.500000
614	-143.271538	0.638000	12.400000
615	-143.241538	0.638000	12.290000
616	-143.111538	0.640000	12.610000
617	-143.081538	0.642000	12.440000
618	-143.041538	0.642000	12.450000
619	-143.031538	0.644000	12.450000
620	-143.011538	0.644000	12.450000
621	-142.931538	0.646000	12.450000
622	-142.881538	0.646000	12.670000
623	-142.791538	0.648000	12.610000
624	-142.781538	0.648000	12.470000
625	-142.681538	0.650000	12.670000
626	-142.621538	0.650000	12.550000
627	-142.521538	0.652000	12.600000
628	-142.361538	0.652000	12.620000
629	-142.331538	0.654000	12.390000
630	-142.321538	0.654000	12.510000
631	-142.291538	0.658000	12.760000
632	-142.271538	0.658000	12.550000
633	-142.241538	0.658000	12.510000
634	-142.231538	0.660000	12.520000
635	-142.151538	0.662000	12.500000
636	-142.051538	0.662000	12.750000
637	-142.031538	0.664000	12.550000
638	-142.031538	0.664000	12.630000
639	-141.961538	0.666000	12.600000
640	-141.861538	0.666000	12.590000
641	-141.561538	0.666000	12.670000
642	-141.391538	0.668000	12.470000
643	-141.391538	0.670000	12.620000
644	-141.371538	0.672000	12.560000
645	-141.361538	0.672000	12.730000
646	-140.961538	0.672000	12.580000
647	-140.921538	0.674000	12.650000
648	-140.781538	0.674000	12.730000
649	-140.771538	0.674000	12.630000
650	-140.711538	0.676000	12.790000
651	-140.481538	0.677000	12.610000
652	-140.481538	0.677000	12.870000
653	-140.401538	0.679000	12.540000
654	-140.391538	0.679000	12.730000
655	-140.281538	0.681000	12.620000
656	-140.241538	0.681000	12.500000
657	-140.211538	0.683000	12.600000
658	-140.161538	0.683000	12.720000
659	-140.151538	0.685000	12.860000
660	-140.141538	0.685000	12.900000
661	-140.041538	0.687000	12.720000
662	-139.971538	0.687000	12.800000
663	-139.881538	0.689000	12.720000
664	-139.851538	0.689000	12.690000
665	-139.711538	0.689000	12.720000
666	-139.661538	0.691000	12.470000
667	-139.641538	0.693000	12.550000
668	-139.581538	0.695000	12.560000
669	-139.561538	0.695000	12.640000
670	-139.471538	0.697000	12.790000
671	-139.411538	0.697000	12.770000
672	-139.391538	0.697000	12.850000
673	-139.261538	0.699000	12.750000
674	-139.111538	0.701000	12.920000
675	-139.041538	0.701000	12.760000
676	-138.811538	0.701000	12.720000
677	-138.781538	0.703000	12.870000
678	-138.681538	0.705000	12.680000
679	-138.551538	0.705000	12.840000
680	-138.541538	0.705000	12.910000
681	-138.511538	0.707000	12.830000
682	-138.501538	0.707000	12.830000
683	-138.381538	0.707000	12.920000
684	-138.371538	0.711000	12.960000
685	-138.351538	0.711000	12.910000
686	-138.281538	0.713000	12.870000
687	-138.271538	0.713000	12.840000
688	-138.191538	0.713000	12.780000
689	-138.041538	0.715000	12.680000
690	-137.971538	0.717000	12.920000
691	-137.941538	0.717000	12.910000
692	-137.901538	0.718000	12.830000
693	-137.821538	0.718000	12.860000
694	-137.691538	0.720000	12.810000
695	-137.641538	0.720000	12.920000
696	-137.631538	0.720000	12.920000
697	-137.621538	0.722000	12.850000
698	-137.561538	0.724000	12.840000
699	-137.271538	0.726000	13.030000
700	-137.261538	0.726000	12.870000
701	-137.221538	0.728000	13.060000
702	-137.201538	0.728000	13.070000
703	-137.191538	0.728000	12.900000
704	-137.011538	0.730000	12.960000
705	-137.011538	0.732000	13.030000
706	-137.001538	0.732000	12.920000
707	-136.981538	0.732000	13.110000
708	-136.891538	0.734000	12.850000
709	-136.781538	0.736000	13.230000
710	-136.751538	0.736000	13.030000
711	-136.671538	0.740000	13.010000
712	-136.611538	0.740000	12.990000
713	-136.551538	0.742000	12.970000
714	-136.491538	0.742000	13.050000
715	-136.291538	0.744000	12.800000
716	-136.281538	0.744000	12.800000
717	-136.211538	0.746000	12.990000
718	-136.201538	0.748000	12.810000
719	-136.111538	0.748000	13.040000
720	-136.081538	0.750000	13.060000
721	-135.961538	0.750000	13.230000
722	-135.861538	0.752000	13.040000
723	-135.821538	0.752000	13.210000
724	-135.801538	0.754000	13.090000
725	-135.771538	0.754000	13.000000
726	-135.731538	0.756000	13.050000
727	-135.541538	0.756000	12.860000
728	-135.481538	0.758000	13.140000
729	-135.271538	0.758000	13.160000
730	-135.261538	0.759000	13.230000
731	-135.141538	0.759000	12.940000
732	-135.111538	0.761000	13.000000
733	-134.931538	0.761000	13.140000
734	-134.921538	0.765000	13.250000
735	-134.871538	0.765000	13.070000
736	-134.861538	0.765000	13.110000
737	-134.761538	0.767000	13.230000
738	-134.621538	0.767000	13.290000
739	-134.611538	0.769000	13.170000
740	-134.551538	0.769000	13.160000
741	-134.531538	0.771000	13.160000
742	-134.431538	0.771000	13.060000
743	-134.291538	0.773000	13.190000
744	-134.221538	0.773000	13.010000
745	-134.091538	0.775000	13.110000
746	-134.041538	0.775000	13.310000
747	-133.881538	0.777000	13.110000
748	-133.871538	0.779000	13.170000
749	-133.481538	0.779000	13.390000
750	-133.471538	0.781000	13.300000
751	-133.371538	0.781000	13.300000
752	-133.161538	0.783000	13.280000
753	-133.151538	0.783000	13.230000
754	-133.141538	0.785000	13.260000
755	-133.101538	0.785000	13.390000
756	-133.061538	0.787000	13.370000
757	-133.001538	0.787000	13.360000
758	-132.931538	0.789000	13.230000
759	-132.841538	0.789000	13.510000
760	-132.831538	0.791000	13.300000
761	-132.711538	0.791000	13.340000
762	-132.681538	0.793000	13.330000
763	-132.581538	0.793000	13.320000
764	-132.451538	0.795000	13.220000
765	-132.321538	0.795000	13.520000
766	-132.281538	0.797000	13.360000
767	-132.221538	0.797000	13.260000
768	-132.191538	0.799000	13.230000
769	-132.161538	0.799000	13.280000
770	-132.071538	0.801000	13.490000
771	-132.071538	0.801000	13.490000
772	-131.951538	0.801000	13.580000
773	-131.871538	0.801000	13.370000
774	-131.841538	0.804000	13.300000
775	-131.841538	0.804000	13.310000
776	-131.681538	0.804000	13.440000
777	-131.641538	0.806000	13.590000
778	-131.621538	0.808000	13.510000
779	-131.571538	0.808000	13.360000
780	-131.551538	0.810000	13.400000
781	-131.491538	0.810000	13.430000
782	-131.461538	0.812000	13.420000
783	-131.381538	0.812000	13.390000
784	-131.121538	0.814000	13.230000
785	-131.031538	0.814000	13.370000
786	-130.911538	0.816000	13.410000
787	-130.811538	0.816000	13.400000
788	-130.751538	0.818000	13.380000
789	-130.711538	0.818000	13.480000
790	-130.601538	0.820000	13.500000
791	-130.591538	0.820000	13.390000
792	-130.561538	0.822000	13.450000
793	-130.531538	0.824000	13.510000
794	-130.431538	0.826000	13.400000
795	-130.351538	0.826000	13.380000
796	-130.341538	0.828000	13.580000
797	-130.251538	0.828000	13.490000
798	-130.241538	0.830000	13.460000
799	-130.211538	0.830000	13.470000
800	-130.111538	0.830000	13.450000
801	-129.871538	0.832000	13.570000
802	-129.861538	0.832000	13.490000
803	-129.861538	0.832000	13.350000
804	-129.731538	0.836000	13.670000
805	-129.681538	0.836000	13.380000
806	-129.621538	0.838000	13.770000
807	-129.521538	0.838000	13.470000
808	-129.481538	0.840000	13.440000
809	-129.341538	0.840000	13.410000
810	-129.301538	0.842000	13.720000
811	-129.121538	0.842000	13.510000
812	-129.081538	0.843000	13.580000
813	-128.871538	0.843000	13.530000
814	-128.821538	0.845000	13.500000
815	-128.821538	0.845000	13.840000
816	-128.751538	0.845000	13.670000
817	-128.691538	0.847000	13.570000
818	-128.671538	0.849000	13.640000
819	-128.601538	0.851000	13.650000
820	-128.531538	0.851000	13.730000
821	-128.231538	0.853000	13.670000
822	-128.211538	0.853000	13.580000
823	-128.071538	0.853000	13.340000
824	-128.021538	0.855000	13.620000
825	-127.971538	0.857000	13.600000
826	-127.951538	0.859000	13.610000
827	-127.921538	0.859000	13.650000
828	-127.881538	0.859000	14.020000
829	-127.851538	0.861000	13.550000
830	-127.821538	0.861000	13.620000
831	-127.781538	0.861000	13.520000
832	-127.751538	0.863000	13.480000
833	-127.701538	0.865000	13.570000
834	-127.511538	0.865000	13.550000
835	-127.491538	0.867000	13.510000
836	-127.491538	0.867000	13.720000
837	-127.361538	0.869000	13.570000
838	-127.351538	0.869000	13.430000
839	-127.341538	0.871000	13.460000
840	-127.141538	0.873000	13.630000
841	-126.851538	0.873000	13.600000
842	-126.641538	0.875000	13.590000
843	-126.601538	0.875000	13.760000
844	-126.591538	0.877000	13.780000
845	-126.391538	0.877000	13.850000
846	-126.361538	0.877000	13.740000
847	-126.241538	0.879000	13.640000
848	-126.131538	0.881000	13.840000
849	-126.081538	0.881000	13.800000
850	-125.851538	0.883000	13.730000
851	-125.841538	0.883000	13.630000
852	-125.801538	0.885000	13.780000
853	-125.781538	0.885000	13.720000
854	-125.781538	0.885000	13.600000
855	-125.741538	0.886000	13.810000
856	-125.551538	0.888000	13.730000
857	-125.431538	0.888000	13.830000
858	-125.391538	0.890000	13.860000
859	-125.351538	0.890000	13.680000
860	-125.301538	0.892000	13.750000
861	-125.261538	0.892000	13.840000
862	-125.201538	0.892000	13.750000
863	-125.141538	0.894000	13.690000
864	-125.071538	0.896000	13.780000
865	-124.821538	0.896000	13.840000
866	-124.641538	0.898000	13.770000
867	-124.621538	0.898000	14.060000
868	-124.591538	0.900000	13.810000
869	-124.431538	0.900000	13.760000
870	-124.391538	0.902000	13.830000
871	-124.391538	0.902000	13.970000
872	-124.361538	0.904000	14.010000
873	-124.281538	0.904000	13.970000
874	-124.161538	0.906000	13.700000
875	-124.141538	0.908000	13.800000
876	-124.131538	0.910000	13.830000
877	-124.131538	0.910000	13.960000
878	-124.121538	0.912000	13.910000
879	-124.071538	0.912000	13.980000
880	-124.071538	0.914000	13.990000
881	-123.911538	0.914000	14.000000
882	-123.841538	0.916000	13.820000
883	-123.811538	0.916000	13.770000
884	-123.681538	0.918000	14.050000
885	-123.671538	0.918000	13.880000
886	-123.651538	0.920000	13.930000
887	-123.621538	0.920000	14.000000
888	-123.581538	0.922000	13.860000
889	-123.371538	0.922000	14.050000
890	-123.251538	0.924000	13.800000
891	-123.091538	0.924000	13.940000
892	-122.861538	0.926000	13.880000
893	-122.781538	0.926000	13.880000
894	-122.781538	0.927000	13.980000
895	-122.711538	0.927000	13.800000
896	-122.621538	0.929000	14.080000
897	-122.571538	0.929000	14.040000
898	-122.461538	0.931000	13.850000
899	-122.381538	0.931000	13.930000
900	-122.271538	0.933000	14.070000
901	-122.151538	0.933000	13.920000
902	-122.101538	0.935000	13.930000
903	-122.091538	0.935000	14.080000
904	-122.081538	0.937000	14.170000
905	-122.051538	0.937000	13.950000
906	-121.971538	0.939000	13.930000
907	-121.971538	0.939000	13.900000
908	-121.961538	0.941000	14.160000
909	-121.961538	0.941000	14.120000
910	-121.961538	0.941000	14.050000
911	-121.651538	0.943000	13.900000
912	-121.601538	0.945000	14.170000
913	-121.551538	0.945000	13.990000
914	-121.521538	0.947000	14.060000
915	-121.341538	0.947000	14.070000
916	-121.311538	0.949000	14.100000
917	-121.181538	0.949000	14.090000
918	-121.031538	0.951000	14.030000
919	-120.951538	0.951000	13.930000
920	-120.761538	0.953000	14.090000
921	-120.751538	0.953000	14.020000
922	-120.741538	0.955000	14.280000
923	-120.701538	0.957000	14.120000
924	-120.641538	0.957000	14.190000
925	-120.601538	0.959000	14.110000
926	-120.581538	0.959000	14.240000
927	-120.581538	0.961000	14.100000
928	-120.531538	0.961000	14.110000
929	-120.461538	0.963000	14.140000
930	-120.441538	0.963000	13.980000
931	-120.411538	0.965000	14.170000
932	-120.371538	0.965000	14.120000
933	-120.341538	0.967000	14.160000
934	-120.261538	0.967000	14.170000
935	-120.251538	0.968000	14.150000
936	-120.171538	0.968000	14.090000
937	-120.161538	0.970000	14.080000
938	-120.121538	0.970000	14.020000
939	-120.071538	0.972000	14.210000
940	-119.811538	0.972000	14.200000
941	-119.711538	0.974000	14.130000
942	-119.621538	0.976000	14.130000
943	-119.521538	0.976000	14.140000
944	-119.471538	0.978000	14.120000
945	-119.241538	0.978000	14.220000
946	-119.041538	0.980000	14.290000
947	-118.921538	0.980000	14.420000
948	-118.841538	0.982000	14.360000
949	-118.831538	0.982000	14.260000
950	-118.741538	0.984000	14.130000
951	-118.721538	0.984000	14.160000
952	-118.551538	0.986000	14.300000
953	-118.541538	0.986000	14.070000
954	-118.531538	0.988000	14.340000
955	-118.511538	0.988000	14.230000
956	-118.491538	0.992000	14.200000
957	-118.461538	0.992000	14.490000
958	-118.381538	0.994000	14.350000
959	-118.271538	0.994000	14.470000
960	-118.241538	0.994000	14.300000
961	-118.221538	0.996000	14.420000
962	-118.191538	0.998000	14.300000
963	-118.161538	0.998000	14.390000
964	-118.121538	1.000000	14.380000
965	-118.061538	1.000000	14.310000
966	-118.051538	1.002000	14.380000
967	-118.001538	1.002000	14.270000
968	-117.831538	1.002000	14.290000
969	-117.701538	1.004000	14.440000
970	-117.581538	1.006000	14.360000
971	-117.331538	1.006000	14.390000
972	-117.191538	1.008000	14.410000
973	-117.061538	1.009000	14.380000
974	-116.771538	1.009000	14.350000
975	-116.731538	1.009000	14.410000
976	-116.711538	1.011000	14.420000
977	-116.681538	1.013000	14.420000
978	-116.471538	1.013000	14.500000
979	-116.121538	1.015000	14.460000
980	-116.121538	1.015000	14.400000
981	-116.061538	1.017000	14.420000
982	-116.001538	1.017000	14.660000
983	-115.991538	1.019000	14.310000
984	-115.861538	1.021000	14.480000
985	-115.861538	1.021000	14.450000
986	-115.831538	1.023000	14.450000
987	-115.821538	1.023000	14.540000
988	-115.801538	1.025000	14.460000
989	-115.731538	1.025000	14.480000
990	-115.731538	1.025000	14.340000
991	-115.701538	1.027000	14.470000
992	-115.651538	1.029000	14.400000
993	-115.511538	1.029000	14.490000
994	-115.471538	1.031000	14.390000
995	-115.411538	1.031000	14.400000
996	-115.381538	1.033000	14.360000
997	-115.341538	1.033000	14.510000
998	-115.221538	1.033000	14.690000
999	-115.121538	1.035000	14.490000
1000	-115.091538	1.035000	14.510000
1001	-114.961538	1.039000	14.930000
1002	-114.861538	1.039000	14.690000
1003	-114.831538	1.041000	14.600000
1004	-114.671538	1.041000	14.710000
1005	-114.541538	1.041000	14.580000
1006	-114.501538	1.043000	14.370000
1007	-114.481538	1.045000	14.500000
1008	-114.471538	1.045000	14.500000
1009	-114.341538	1.047000	14.570000
1010	-114.281538	1.047000	14.500000
1011	-114.181538	1.049000	14.720000
1012	-114.021538	1.049000	14.630000
1013	-114.021538	1.051000	14.560000
1014	-113.981538	1.052000	14.620000
1015	-113.961538	1.052000	14.500000
1016	-113.891538	1.054000	14.510000
1017	-113.761538	1.054000	14.500000
1018	-113.631538	1.056000	14.740000
1019	-113.491538	1.056000	14.570000
1020	-113.411538	1.058000	14.590000
1021	-113.411538	1.060000	14.720000
1022	-113.411538	1.060000	14.600000
1023	-113.401538	1.062000	14.600000
1024	-113.151538	1.062000	14.580000
1025	-113.081538	1.064000	14.720000
1026	-112.981538	1.064000	14.690000
1027	-112.891538	1.066000	14.660000
1028	-112.821538	1.066000	14.650000
1029	-112.761538	1.068000	14.480000
1030	-112.711538	1.068000	14.530000
1031	-112.371538	1.070000	14.820000
1032	-112.191538	1.070000	14.600000
1033	-112.151538	1.074000	14.770000
1034	-112.101538	1.074000	14.720000
1035	-112.101538	1.078000	14.820000
1036	-112.021538	1.078000	14.820000
1037	-111.921538	1.078000	14.830000
1038	-111.781538	1.078000	14.670000
1039	-111.721538	1.080000	14.700000
1040	-111.661538	1.082000	14.710000
1041	-111.631538	1.082000	15.010000
1042	-111.471538	1.084000	14.780000
1043	-111.471538	1.084000	14.730000
1044	-111.471538	1.086000	15.000000
1045	-111.471538	1.086000	14.930000
1046	-111.371538	1.088000	14.870000
1047	-111.341538	1.088000	14.780000
1048	-111.331538	1.090000	14.800000
1049	-111.201538	1.090000	14.880000
1050	-111.181538	1.092000	14.850000
1051	-111.051538	1.092000	14.770000
1052	-111.031538	1.093000	14.740000
1053	-110.981538	1.093000	14.750000
1054	-110.971538	1.095000	14.810000
1055	-110.901538	1.095000	14.880000
1056	-110.891538	1.097000	14.860000
1057	-110.781538	1.097000	14.970000
1058	-110.681538	1.097000	14.980000
1059	-110.681538	1.097000	14.900000
1060	-110.681538	1.101000	14.760000
1061	-110.591538	1.103000	14.750000
1062	-110.441538	1.103000	14.860000
1063	-110.161538	1.105000	15.170000
1064	-110.081538	1.105000	14.900000
1065	-110.021538	1.107000	14.910000
1066	-109.781538	1.107000	15.030000
1067	-109.751538	1.109000	14.920000
1068	-109.731538	1.109000	14.860000
1069	-109.681538	1.111000	15.050000
1070	-109.651538	1.111000	14.890000
1071	-109.631538	1.113000	15.060000
1072	-109.631538	1.113000	14.980000
1073	-109.611538	1.115000	15.050000
1074	-109.561538	1.115000	15.020000
1075	-109.461538	1.117000	14.980000
1076	-109.451538	1.117000	14.900000
1077	-109.431538	1.119000	14.870000
1078	-109.431538	1.119000	14.960000
1079	-109.311538	1.121000	15.090000
1080	-109.241538	1.123000	15.070000
1081	-109.221538	1.123000	14.890000
1082	-109.201538	1.125000	14.950000
1083	-109.061538	1.125000	14.980000
1084	-109.041538	1.127000	15.100000
1085	-109.001538	1.127000	14.780000
1086	-108.981538	1.129000	14.850000
1087	-108.881538	1.129000	14.770000
1088	-108.871538	1.131000	14.770000
1089	-108.861538	1.131000	14.820000
1090	-108.501538	1.133000	14.980000
1091	-108.121538	1.135000	15.170000
1092	-108.091538	1.135000	14.890000
1093	-108.051538	1.136000	15.180000
1094	-107.781538	1.136000	15.210000
1095	-107.641538	1.138000	14.900000
1096	-107.571538	1.138000	15.020000
1097	-107.561538	1.140000	15.110000
1098	-107.521538	1.140000	15.200000
1099	-107.491538	1.142000	15.000000
1100	-107.491538	1.142000	15.010000
1101	-107.381538	1.144000	15.100000
1102	-107.331538	1.144000	15.040000
1103	-107.311538	1.146000	14.960000
1104	-107.171538	1.146000	15.010000
1105	-106.961538	1.148000	14.990000
1106	-106.711538	1.148000	15.130000
1107	-106.671538	1.150000	15.110000
1108	-106.561538	1.150000	15.010000
1109	-106.371538	1.152000	15.380000
1110	-106.271538	1.152000	15.040000
1111	-106.211538	1.154000	15.300000
1112	-106.071538	1.154000	15.050000
1113	-106.021538	1.158000	15.240000
1114	-105.981538	1.158000	15.250000
1115	-105.861538	1.158000	15.220000
1116	-105.721538	1.160000	15.280000
1117	-105.621538	1.162000	15.310000
1118	-105.601538	1.162000	15.390000
1119	-105.591538	1.164000	15.190000
1120	-105.401538	1.166000	15.290000
1121	-105.361538	1.166000	15.270000
1122	-105.341538	1.166000	15.230000
1123	-105.231538	1.168000	15.300000
1124	-105.231538	1.170000	15.230000
1125	-105.071538	1.170000	15.210000
1126	-105.071538	1.172000	15.450000
1127	-104.971538	1.172000	15.270000
1128	-104.851538	1.174000	15.150000
1129	-104.751538	1.174000	15.110000
1130	-104.721538	1.176000	15.220000
1131	-104.681538	1.176000	15.270000
1132	-104.661538	1.177000	15.210000
1133	-104.561538	1.177000	15.160000
1134	-104.451538	1.179000	15.180000
1135	-104.331538	1.179000	15.300000
1136	-104.311538	1.181000	15.370000
1137	-104.241538	1.181000	15.200000
1138	-104.231538	1.181000	15.380000
1139	-104.081538	1.183000	15.200000
1140	-104.081538	1.185000	15.510000
1141	-104.031538	1.185000	15.350000
1142	-103.991538	1.187000	15.390000
1143	-103.951538	1.187000	15.250000
1144	-103.951538	1.189000	15.260000
1145	-103.911538	1.189000	15.390000
1146	-103.821538	1.189000	15.320000
1147	-103.721538	1.191000	15.430000
1148	-103.471538	1.193000	15.370000
1149	-103.461538	1.191000	15.470000
1150	-103.321538	1.195000	15.420000
1151	-103.231538	1.195000	15.350000
1152	-103.191538	1.197000	15.560000
1153	-103.041538	1.197000	15.220000
1154	-102.781538	1.197000	15.420000
1155	-102.651538	1.199000	15.360000
1156	-102.551538	1.201000	15.170000
1157	-102.511538	1.201000	15.190000
1158	-102.351538	1.203000	15.500000
1159	-102.311538	1.203000	15.430000
1160	-102.231538	1.205000	15.500000
1161	-102.191538	1.205000	15.300000
1162	-102.171538	1.207000	15.310000
1163	-102.101538	1.209000	15.340000
1164	-102.081538	1.209000	15.400000
1165	-102.071538	1.211000	15.360000
1166	-101.981538	1.211000	15.330000
1167	-101.921538	1.213000	15.330000
1168	-101.921538	1.213000	15.790000
1169	-101.701538	1.213000	15.250000
1170	-101.681538	1.215000	15.380000
1171	-101.601538	1.217000	15.570000
1172	-101.591538	1.218000	15.330000
1173	-101.561538	1.218000	15.440000
1174	-101.491538	1.220000	15.530000
1175	-101.261538	1.220000	15.360000
1176	-101.251538	1.220000	15.380000
1177	-101.091538	1.222000	15.460000
1178	-101.091538	1.224000	15.440000
1179	-101.011538	1.224000	15.380000
1180	-101.001538	1.224000	15.380000
1181	-101.001538	1.226000	15.430000
1182	-100.961538	1.228000	15.380000
1183	-100.861538	1.228000	15.460000
1184	-100.801538	1.228000	15.280000
1185	-100.781538	1.230000	15.410000
1186	-100.771538	1.234000	15.480000
1187	-100.631538	1.234000	15.660000
1188	-100.621538	1.234000	15.480000
1189	-100.551538	1.234000	15.470000
1190	-100.491538	1.236000	15.210000
1191	-100.451538	1.240000	15.470000
1192	-100.291538	1.240000	15.570000
1193	-100.091538	1.242000	15.670000
1194	-99.941538	1.242000	15.580000
1195	-99.761538	1.244000	15.500000
1196	-99.671538	1.244000	15.390000
1197	-99.541538	1.246000	15.410000
1198	-99.461538	1.246000	15.590000
1199	-99.441538	1.248000	15.510000
1200	-99.421538	1.248000	15.540000
1201	-99.361538	1.250000	15.540000
1202	-99.281538	1.250000	15.570000
1203	-99.271538	1.252000	15.650000
1204	-99.261538	1.252000	15.770000
1205	-99.151538	1.254000	15.700000
1206	-99.141538	1.254000	15.730000
1207	-99.071538	1.254000	15.610000
1208	-99.051538	1.254000	15.670000
1209	-99.051538	1.258000	15.690000
1210	-99.021538	1.258000	15.790000
1211	-98.981538	1.259000	15.590000
1212	-98.851538	1.261000	15.730000
1213	-98.731538	1.261000	15.720000
1214	-98.611538	1.263000	15.730000
1215	-98.511538	1.263000	15.650000
1216	-98.361538	1.265000	15.670000
1217	-98.321538	1.265000	15.730000
1218	-98.311538	1.267000	15.760000
1219	-98.251538	1.267000	15.870000
1220	-98.211538	1.269000	15.620000
1221	-98.021538	1.269000	15.700000
1222	-97.961538	1.271000	15.820000
1223	-97.941538	1.271000	15.820000
1224	-97.861538	1.273000	15.910000
1225	-97.831538	1.273000	16.170000
1226	-97.801538	1.275000	15.580000
1227	-97.461538	1.275000	15.890000
1228	-97.411538	1.277000	15.500000
1229	-97.381538	1.277000	15.630000
1230	-97.211538	1.281000	15.800000
1231	-97.131538	1.279000	15.740000
1232	-96.991538	1.281000	15.900000
1233	-96.891538	1.283000	15.720000
1234	-96.881538	1.283000	15.820000
1235	-96.811538	1.285000	15.770000
1236	-96.731538	1.285000	16.100000
1237	-96.571538	1.287000	15.880000
1238	-96.561538	1.287000	15.940000
1239	-96.531538	1.289000	16.050000
1240	-96.521538	1.289000	15.910000
1241	-96.431538	1.291000	15.880000
1242	-96.351538	1.291000	15.900000
1243	-96.221538	1.293000	15.810000
1244	-96.181538	1.293000	15.870000
1245	-96.171538	1.295000	15.950000
1246	-96.001538	1.295000	16.060000
1247	-95.971538	1.297000	15.970000
1248	-95.861538	1.297000	15.800000
1249	-95.821538	1.299000	16.090000
1250	-95.731538	1.299000	15.950000
1251	-95.441538	1.301000	16.040000
1252	-95.441538	1.302000	16.070000
1253	-95.351538	1.302000	15.900000
1254	-95.191538	1.304000	16.200000
1255	-95.141538	1.304000	16.070000
1256	-95.071538	1.306000	16.150000
1257	-94.991538	1.306000	15.930000
1258	-94.981538	1.308000	16.110000
1259	-94.931538	1.308000	16.000000
1260	-94.891538	1.310000	15.990000
1261	-94.841538	1.310000	16.100000
1262	-94.821538	1.312000	16.340000
1263	-94.781538	1.312000	16.100000
1264	-94.561538	1.314000	16.010000
1265	-94.361538	1.314000	15.980000
1266	-94.331538	1.316000	16.110000
1267	-94.291538	1.316000	15.920000
1268	-94.131538	1.318000	15.990000
1269	-94.091538	1.316000	16.050000
1270	-94.071538	1.320000	16.100000
1271	-94.041538	1.324000	16.040000
1272	-93.981538	1.324000	16.040000
1273	-93.961538	1.326000	16.020000
1274	-93.861538	1.326000	16.190000
1275	-93.751538	1.328000	15.970000
1276	-93.591538	1.328000	16.110000
1277	-93.561538	1.330000	16.070000
1278	-93.371538	1.330000	16.080000
1279	-93.211538	1.330000	16.200000
1280	-93.121538	1.332000	16.130000
1281	-93.121538	1.334000	16.140000
1282	-93.111538	1.336000	16.100000
1283	-93.111538	1.336000	16.010000
1284	-93.061538	1.338000	15.990000
1285	-93.031538	1.338000	16.200000
1286	-93.001538	1.338000	16.170000
1287	-92.681538	1.340000	16.230000
1288	-92.661538	1.343000	16.410000
1289	-92.591538	1.342000	16.150000
1290	-92.511538	1.343000	16.090000
1291	-92.491538	1.343000	16.130000
1292	-92.331538	1.345000	16.050000
1293	-92.291538	1.345000	16.100000
1294	-92.261538	1.345000	16.190000
1295	-92.221538	1.347000	16.130000
1296	-92.081538	1.349000	16.050000
1297	-92.011538	1.349000	16.220000
1298	-92.001538	1.351000	16.140000
1299	-91.921538	1.351000	16.080000
1300	-91.791538	1.353000	16.070000
1301	-91.701538	1.353000	16.210000
1302	-91.491538	1.353000	15.950000
1303	-91.251538	1.355000	16.310000
1304	-91.071538	1.357000	16.310000
1305	-90.881538	1.357000	16.370000
1306	-90.861538	1.359000	16.340000
1307	-90.811538	1.359000	16.090000
1308	-90.691538	1.361000	16.240000
1309	-90.661538	1.361000	16.530000
1310	-90.661538	1.361000	16.270000
1311	-90.581538	1.365000	16.350000
1312	-90.511538	1.365000	16.310000
1313	-90.421538	1.367000	16.250000
1314	-90.351538	1.367000	16.290000
1315	-90.331538	1.369000	16.450000
1316	-90.221538	1.369000	16.220000
1317	-90.131538	1.369000	16.320000
1318	-90.111538	1.371000	16.340000
1319	-90.101538	1.373000	16.370000
1320	-90.061538	1.373000	16.220000
1321	-90.021538	1.373000	16.240000
1322	-89.911538	1.375000	16.160000
1323	-89.791538	1.377000	16.420000
1324	-89.751538	1.377000	16.130000
1325	-89.731538	1.377000	16.410000
1326	-89.691538	1.379000	16.290000
1327	-89.671538	1.381000	16.230000
1328	-89.481538	1.381000	16.340000
1329	-89.391538	1.383000	16.370000
1330	-89.311538	1.383000	16.590000
1331	-89.261538	1.385000	16.230000
1332	-89.121538	1.385000	16.340000
1333	-89.031538	1.386000	16.450000
1334	-88.971538	1.388000	16.430000
1335	-88.831538	1.388000	16.420000
1336	-88.811538	1.390000	16.600000
1337	-88.791538	1.390000	16.370000
1338	-88.771538	1.392000	16.270000
1339	-88.751538	1.392000	16.490000
1340	-88.701538	1.392000	16.360000
1341	-88.651538	1.394000	16.330000
1342	-88.641538	1.396000	16.440000
1343	-88.621538	1.396000	16.410000
1344	-88.621538	1.398000	16.660000
1345	-88.591538	1.398000	16.300000
1346	-88.571538	1.400000	16.390000
1347	-88.471538	1.400000	16.360000
1348	-88.251538	1.400000	16.370000
1349	-88.131538	1.402000	16.230000
1350	-88.021538	1.406000	16.450000
1351	-88.011538	1.408000	16.390000
1352	-87.671538	1.408000	16.670000
1353	-87.481538	1.410000	16.540000
1354	-87.281538	1.410000	16.630000
1355	-87.271538	1.412000	16.480000
1356	-87.211538	1.412000	16.390000
1357	-87.121538	1.414000	16.750000
1358	-87.101538	1.414000	16.320000
1359	-87.101538	1.416000	16.670000
1360	-87.021538	1.416000	16.430000
1361	-86.941538	1.418000	16.650000
1362	-86.851538	1.418000	16.530000
1363	-86.821538	1.420000	16.670000
1364	-86.791538	1.420000	16.700000
1365	-86.791538	1.422000	16.730000
1366	-86.681538	1.422000	16.480000
1367	-86.671538	1.424000	16.580000
1368	-86.671538	1.424000	16.480000
1369	-86.651538	1.426000	16.690000
1370	-86.471538	1.426000	16.240000
1371	-86.441538	1.427000	16.670000
1372	-86.441538	1.429000	16.590000
1373	-86.391538	1.429000	16.640000
1374	-86.371538	1.431000	16.580000
1375	-86.291538	1.431000	16.650000
1376	-86.061538	1.433000	16.490000
1377	-86.011538	1.433000	16.680000
1378	-85.991538	1.435000	16.700000
1379	-85.821538	1.435000	16.710000
1380	-85.771538	1.437000	16.740000
1381	-85.711538	1.439000	16.720000
1382	-85.131538	1.439000	16.620000
1383	-85.071538	1.441000	16.820000
1384	-85.041538	1.441000	16.630000
1385	-85.041538	1.443000	16.620000
1386	-84.881538	1.443000	16.690000
1387	-84.861538	1.445000	16.780000
1388	-84.801538	1.445000	16.790000
1389	-84.661538	1.447000	16.850000
1390	-84.631538	1.449000	16.750000
1391	-84.621538	1.449000	16.590000
1392	-84.571538	1.451000	16.440000
1393	-84.561538	1.451000	16.760000
1394	-84.541538	1.453000	16.580000
1395	-84.541538	1.453000	16.740000
1396	-84.501538	1.455000	15.630000
1397	-84.441538	1.455000	16.880000
1398	-84.351538	1.457000	16.830000
1399	-84.241538	1.457000	16.680000
1400	-84.041538	1.459000	16.720000
1401	-83.671538	1.459000	16.940000
1402	-83.581538	1.461000	15.430000
1403	-83.481538	1.461000	16.950000
1404	-83.361538	1.463000	16.750000
1405	-83.231538	1.463000	16.860000
1406	-83.111538	1.465000	16.940000
1407	-83.031538	1.465000	16.100000
1408	-82.951538	1.468000	15.520000
1409	-82.931538	1.468000	15.580000
1410	-82.921538	1.468000	15.710000
1411	-82.871538	1.470000	15.640000
1412	-82.831538	1.470000	15.670000
1413	-82.821538	1.472000	15.710000
1414	-82.761538	1.472000	16.830000
1415	-82.751538	1.474000	15.480000
1416	-82.741538	1.474000	15.670000
1417	-82.621538	1.476000	15.580000
1418	-82.571538	1.476000	16.760000
1419	-82.511538	1.478000	15.510000
1420	-82.361538	1.478000	15.740000
1421	-82.241538	1.480000	15.630000
1422	-82.151538	1.480000	15.510000
1423	-82.151538	1.482000	15.530000
1424	-82.111538	1.482000	15.650000
1425	-81.961538	1.484000	15.670000
1426	-81.871538	1.484000	15.540000
1427	-81.791538	1.486000	15.640000
1428	-81.671538	1.486000	15.740000
1429	-81.481538	1.490000	15.530000
1430	-81.471538	1.490000	15.700000
1431	-81.461538	1.492000	15.760000
1432	-81.441538	1.494000	15.770000
1433	-81.381538	1.494000	15.640000
1434	-81.321538	1.494000	15.610000
1435	-81.161538	1.496000	15.790000
1436	-81.041538	1.498000	15.830000
1437	-80.991538	1.498000	15.610000
1438	-80.741538	1.500000	15.960000
1439	-80.731538	1.500000	15.630000
1440	-80.591538	1.502000	15.820000
1441	-80.541538	1.502000	15.760000
1442	-80.521538	1.502000	15.740000
1443	-80.511538	1.504000	15.540000
1444	-80.481538	1.506000	15.580000
1445	-80.331538	1.506000	15.730000
1446	-80.311538	1.508000	15.850000
1447	-80.171538	1.508000	15.640000
1448	-80.161538	1.509000	15.770000
1449	-79.951538	1.509000	15.720000
1450	-79.911538	1.511000	15.820000
1451	-79.721538	1.511000	15.710000
1452	-79.721538	1.513000	15.680000
1453	-79.711538	1.513000	15.740000
1454	-79.631538	1.515000	15.800000
1455	-79.561538	1.515000	15.610000
1456	-79.561538	1.517000	15.590000
1457	-79.541538	1.517000	15.890000
1458	-79.531538	1.517000	15.700000
1459	-79.501538	1.519000	15.640000
1460	-79.351538	1.521000	15.750000
1461	-79.301538	1.521000	15.730000
1462	-79.171538	1.523000	15.790000
1463	-79.161538	1.523000	15.640000
1464	-79.051538	1.525000	15.880000
1465	-78.931538	1.525000	15.930000
1466	-78.591538	1.525000	15.810000
1467	-78.551538	1.527000	15.920000
1468	-78.541538	1.531000	15.890000
1469	-78.511538	1.531000	15.940000
1470	-78.331538	1.531000	15.890000
1471	-78.211538	1.531000	15.650000
1472	-78.181538	1.533000	15.940000
1473	-78.101538	1.533000	15.850000
1474	-78.041538	1.535000	15.990000
1475	-78.041538	1.537000	15.880000
1476	-78.041538	1.537000	15.840000
1477	-78.021538	1.539000	15.920000
1478	-77.731538	1.539000	15.890000
1479	-77.721538	1.541000	15.870000
1480	-77.621538	1.541000	15.950000
1481	-77.611538	1.541000	15.870000
1482	-77.601538	1.543000	15.930000
1483	-77.551538	1.545000	16.030000
1484	-77.521538	1.545000	15.890000
1485	-77.401538	1.547000	15.920000
1486	-77.341538	1.547000	15.790000
1487	-77.281538	1.549000	15.920000
1488	-77.001538	1.549000	15.860000
1489	-76.721538	1.551000	15.980000
1490	-76.681538	1.551000	15.920000
1491	-76.581538	1.551000	16.060000
1492	-76.571538	1.554000	16.090000
1493	-76.541538	1.554000	16.040000
1494	-76.531538	1.556000	16.170000
1495	-76.501538	1.556000	15.950000
1496	-76.451538	1.556000	15.840000
1497	-76.371538	1.558000	16.270000
1498	-76.351538	1.560000	16.060000
1499	-76.321538	1.560000	16.100000
1500	-76.191538	1.560000	16.110000
1501	-76.151538	1.562000	15.900000
1502	-76.051538	1.564000	16.280000
1503	-75.961538	1.564000	16.140000
1504	-75.821538	1.564000	16.100000
1505	-75.781538	1.566000	16.280000
1506	-75.731538	1.568000	16.030000
1507	-75.701538	1.568000	16.030000
1508	-75.681538	1.570000	16.070000
1509	-75.651538	1.570000	16.060000
1510	-75.601538	1.574000	15.990000
1511	-75.511538	1.574000	16.070000
1512	-75.451538	1.576000	15.920000
1513	-75.361538	1.576000	16.230000
1514	-75.231538	1.578000	16.270000
1515	-75.201538	1.578000	16.280000
1516	-75.171538	1.580000	15.990000
1517	-75.081538	1.580000	16.330000
1518	-75.031538	1.582000	16.320000
1519	-75.021538	1.582000	16.090000
1520	-74.871538	1.582000	16.280000
1521	-74.781538	1.586000	16.250000
1522	-74.731538	1.586000	16.190000
1523	-74.661538	1.588000	16.180000
1524	-74.661538	1.588000	16.170000
1525	-74.611538	1.590000	16.080000
1526	-74.571538	1.590000	16.220000
1527	-74.481538	1.592000	16.060000
1528	-74.331538	1.592000	16.170000
1529	-74.221538	1.593000	16.130000
1530	-74.201538	1.593000	16.040000
1531	-74.151538	1.595000	16.330000
1532	-74.001538	1.595000	16.190000
1533	-73.901538	1.597000	16.170000
1534	-73.871538	1.597000	16.230000
1535	-73.851538	1.599000	16.160000
1536	-73.481538	1.599000	16.270000
1537	-73.421538	1.601000	16.270000
1538	-73.391538	1.601000	16.120000
1539	-73.351538	1.603000	16.390000
1540	-73.311538	1.603000	16.300000
1541	-73.231538	1.605000	16.060000
1542	-73.201538	1.607000	16.430000
1543	-72.751538	1.607000	16.360000
1544	-72.711538	1.609000	16.230000
1545	-72.681538	1.609000	16.550000
1546	-72.631538	1.611000	16.420000
1547	-72.581538	1.611000	16.410000
1548	-72.391538	1.613000	16.390000
1549	-72.391538	1.613000	16.600000
1550	-72.371538	1.615000	16.660000
1551	-72.341538	1.617000	16.270000
1552	-72.121538	1.617000	16.340000
1553	-72.121538	1.619000	16.390000
1554	-71.951538	1.619000	16.530000
1555	-71.931538	1.621000	16.370000
1556	-71.921538	1.621000	16.370000
1557	-71.891538	1.623000	16.290000
1558	-71.821538	1.625000	16.290000
1559	-71.701538	1.625000	16.500000
1560	-71.611538	1.627000	16.470000
1561	-71.561538	1.627000	16.640000
1562	-71.511538	1.629000	16.440000
1563	-71.461538	1.629000	16.500000
1564	-71.401538	1.631000	16.350000
1565	-71.351538	1.631000	16.320000
1566	-71.331538	1.633000	16.580000
1567	-71.281538	1.633000	16.340000
1568	-71.231538	1.635000	16.370000
1569	-71.141538	1.635000	16.390000
1570	-71.051538	1.636000	16.340000
1571	-70.981538	1.636000	16.400000
1572	-70.851538	1.638000	16.470000
1573	-70.651538	1.640000	16.420000
1574	-70.401538	1.640000	16.450000
1575	-70.331538	1.640000	16.590000
1576	-70.281538	1.642000	16.500000
1577	-70.281538	1.642000	16.380000
1578	-70.091538	1.644000	16.840000
1579	-69.961538	1.644000	16.610000
1580	-69.891538	1.646000	16.440000
1581	-69.881538	1.646000	16.570000
1582	-69.881538	1.648000	16.510000
1583	-69.861538	1.648000	16.710000
1584	-69.771538	1.650000	16.560000
1585	-69.671538	1.650000	16.780000
1586	-69.641538	1.652000	16.580000
1587	-69.641538	1.652000	16.690000
1588	-69.621538	1.654000	16.630000
1589	-69.551538	1.654000	16.540000
1590	-69.491538	1.658000	16.570000
1591	-69.461538	1.658000	16.510000
1592	-69.421538	1.658000	16.610000
1593	-69.331538	1.660000	16.450000
1594	-69.301538	1.662000	16.700000
1595	-69.211538	1.662000	16.470000
1596	-69.111538	1.664000	16.620000
1597	-69.011538	1.664000	16.620000
1598	-68.891538	1.666000	16.630000
1599	-68.861538	1.666000	16.740000
1600	-68.641538	1.666000	16.500000
1601	-68.641538	1.670000	16.620000
1602	-68.601538	1.670000	16.690000
1603	-68.421538	1.672000	16.750000
1604	-68.321538	1.672000	16.650000
1605	-68.301538	1.674000	16.600000
1606	-68.201538	1.674000	16.740000
1607	-68.051538	1.674000	16.750000
1608	-68.011538	1.676000	16.740000
1609	-67.931538	1.677000	16.730000
1610	-67.791538	1.677000	16.780000
1611	-67.781538	1.677000	16.780000
1612	-67.731538	1.679000	16.600000
1613	-67.721538	1.681000	16.820000
1614	-67.711538	1.681000	16.710000
1615	-67.681538	1.681000	16.630000
1616	-67.681538	1.683000	16.730000
1617	-67.581538	1.685000	16.550000
1618	-67.561538	1.685000	16.630000
1619	-67.351538	1.687000	16.700000
1620	-67.151538	1.687000	16.770000
1621	-67.001538	1.689000	16.920000
1622	-66.881538	1.689000	16.590000
1623	-66.621538	1.691000	16.780000
1624	-66.471538	1.693000	16.630000
1625	-66.231538	1.693000	16.830000
1626	-66.071538	1.695000	16.850000
1627	-65.891538	1.695000	16.810000
1628	-65.811538	1.697000	16.980000
1629	-65.771538	1.697000	16.660000
1630	-65.731538	1.697000	16.900000
1631	-65.631538	1.701000	16.750000
1632	-65.531538	1.701000	16.640000
1633	-65.491538	1.703000	16.850000
1634	-65.361538	1.703000	16.830000
1635	-65.351538	1.705000	16.930000
1636	-65.191538	1.705000	16.690000
1637	-65.161538	1.705000	16.810000
1638	-65.101538	1.707000	16.820000
1639	-65.101538	1.709000	16.710000
1640	-65.081538	1.709000	16.850000
1641	-65.051538	1.709000	16.730000
1642	-65.041538	1.711000	16.850000
1643	-65.001538	1.713000	16.710000
1644	-64.941538	1.713000	16.850000
1645	-64.901538	1.713000	16.860000
1646	-64.851538	1.715000	16.880000
1647	-64.841538	1.717000	16.810000
1648	-64.791538	1.717000	16.850000
1649	-64.721538	1.718000	17.030000
1650	-64.631538	1.718000	16.620000
1651	-64.401538	1.720000	16.900000
1652	-64.111538	1.720000	16.800000
1653	-64.091538	1.722000	16.810000
1654	-64.051538	1.724000	16.870000
1655	-64.001538	1.724000	16.820000
1656	-63.921538	1.726000	17.090000
1657	-63.861538	1.726000	16.960000
1658	-63.761538	1.728000	17.030000
1659	-63.711538	1.728000	17.080000
1660	-63.691538	1.730000	16.730000
1661	-63.641538	1.734000	17.050000
1662	-63.531538	1.732000	17.080000
1663	-63.511538	1.734000	17.030000
1664	-63.271538	1.734000	17.030000
1665	-63.261538	1.736000	16.980000
1666	-63.251538	1.736000	17.000000
1667	-63.211538	1.740000	16.870000
1668	-63.191538	1.740000	16.950000
1669	-63.161538	1.742000	17.130000
1670	-63.101538	1.742000	17.020000
1671	-63.101538	1.744000	16.970000
1672	-63.031538	1.744000	17.220000
1673	-62.891538	1.746000	16.860000
1674	-62.891538	1.746000	17.150000
1675	-62.671538	1.748000	16.960000
1676	-62.501538	1.748000	16.960000
1677	-62.471538	1.750000	17.030000
1678	-62.371538	1.750000	17.080000
1679	-62.231538	1.752000	17.170000
1680	-62.011538	1.752000	17.040000
1681	-61.901538	1.754000	17.080000
1682	-61.821538	1.754000	17.050000
1683	-61.821538	1.756000	17.150000
1684	-61.691538	1.756000	17.160000
1685	-61.641538	1.758000	17.140000
1686	-61.611538	1.758000	17.040000
1687	-61.601538	1.759000	17.070000
1688	-61.501538	1.759000	17.150000
1689	-61.461538	1.761000	17.080000
1690	-61.371538	1.761000	17.080000
1691	-61.321538	1.763000	17.050000
1692	-61.241538	1.765000	17.150000
1693	-61.201538	1.765000	17.030000
1694	-61.081538	1.767000	17.180000
1695	-61.071538	1.767000	17.060000
1696	-61.041538	1.769000	16.990000
1697	-60.941538	1.769000	17.140000
1698	-60.631538	1.769000	17.130000
1699	-60.581538	1.771000	17.140000
1700	-60.491538	1.773000	17.160000
1701	-60.351538	1.775000	17.180000
1702	-60.161538	1.775000	17.090000
1703	-60.101538	1.777000	17.300000
1704	-60.091538	1.777000	17.190000
1705	-59.951538	1.779000	17.230000
1706	-59.911538	1.779000	17.090000
1707	-59.881538	1.781000	17.090000
1708	-59.821538	1.781000	17.010000
1709	-59.791538	1.783000	17.300000
1710	-59.751538	1.783000	17.120000
1711	-59.621538	1.785000	17.160000
1712	-59.431538	1.785000	17.330000
1713	-59.361538	1.785000	17.190000
1714	-59.341538	1.785000	16.910000
1715	-59.281538	1.789000	17.380000
1716	-59.271538	1.789000	17.250000
1717	-59.221538	1.791000	17.170000
1718	-59.161538	1.791000	17.190000
1719	-59.081538	1.793000	17.270000
1720	-59.021538	1.795000	17.350000
1721	-58.951538	1.795000	17.270000
1722	-58.931538	1.797000	17.300000
1723	-58.851538	1.797000	17.230000
1724	-58.821538	1.799000	17.180000
1725	-58.811538	1.799000	17.360000
1726	-58.711538	1.801000	16.970000
1727	-58.701538	1.801000	17.240000
1728	-58.681538	1.802000	17.280000
1729	-58.631538	1.802000	17.160000
1730	-58.591538	1.804000	17.380000
1731	-58.371538	1.806000	17.410000
1732	-58.211538	1.806000	17.490000
1733	-58.131538	1.808000	17.390000
1734	-58.061538	1.808000	17.160000
1735	-58.031538	1.810000	17.460000
1736	-57.911538	1.810000	17.370000
1737	-57.871538	1.812000	17.390000
1738	-57.691538	1.812000	17.310000
1739	-57.551538	1.814000	17.510000
1740	-57.301538	1.816000	17.510000
1741	-57.141538	1.816000	17.480000
1742	-57.131538	1.818000	17.600000
1743	-57.101538	1.818000	17.550000
1744	-57.091538	1.820000	17.600000
1745	-57.001538	1.820000	17.480000
1746	-56.881538	1.824000	17.460000
1747	-56.861538	1.824000	17.500000
1748	-56.811538	1.826000	17.420000
1749	-56.801538	1.826000	17.350000
1750	-56.691538	1.828000	17.480000
1751	-56.581538	1.828000	17.400000
1752	-56.421538	1.830000	17.370000
1753	-56.401538	1.830000	17.480000
1754	-56.351538	1.830000	17.370000
1755	-56.201538	1.832000	17.430000
1756	-56.051538	1.834000	17.330000
1757	-56.011538	1.832000	17.400000
1758	-55.981538	1.836000	17.590000
1759	-55.871538	1.838000	17.570000
1760	-55.811538	1.838000	17.440000
1761	-55.611538	1.838000	17.520000
1762	-55.391538	1.840000	17.550000
1763	-55.221538	1.842000	17.530000
1764	-55.131538	1.842000	17.540000
1765	-55.101538	1.843000	17.630000
1766	-54.741538	1.843000	17.590000
1767	-54.741538	1.845000	17.690000
1768	-54.681538	1.845000	17.540000
1769	-54.631538	1.847000	17.600000
1770	-54.601538	1.847000	17.620000
1771	-54.421538	1.849000	17.630000
1772	-54.251538	1.849000	17.600000
1773	-54.241538	1.851000	17.610000
1774	-54.201538	1.851000	17.710000
1775	-54.091538	1.853000	17.600000
1776	-54.081538	1.853000	17.570000
1777	-53.951538	1.853000	17.570000
1778	-53.931538	1.855000	17.640000
1779	-53.861538	1.857000	17.590000
1780	-53.861538	1.857000	17.720000
1781	-53.831538	1.859000	17.660000
1782	-53.661538	1.859000	17.600000
1783	-53.601538	1.861000	17.620000
1784	-53.581538	1.861000	17.580000
1785	-53.471538	1.861000	17.740000
1786	-53.461538	1.863000	17.570000
1787	-53.381538	1.863000	17.730000
1788	-53.211538	1.865000	17.650000
1789	-53.151538	1.867000	17.600000
1790	-52.961538	1.869000	17.680000
1791	-52.901538	1.869000	17.650000
1792	-52.901538	1.869000	17.650000
1793	-52.891538	1.871000	17.790000
1794	-52.891538	1.873000	17.820000
1795	-52.791538	1.873000	17.770000
1796	-52.791538	1.875000	17.820000
1797	-52.761538	1.875000	17.910000
1798	-52.751538	1.877000	17.870000
1799	-52.741538	1.877000	17.700000
1800	-52.651538	1.877000	17.680000
1801	-52.641538	1.879000	17.810000
1802	-52.631538	1.881000	17.810000
1803	-52.611538	1.881000	17.780000
1804	-52.601538	1.883000	17.710000
1805	-52.511538	1.883000	17.750000
1806	-52.471538	1.885000	17.810000
1807	-52.461538	1.885000	17.700000
1808	-52.461538	1.885000	17.870000
1809	-52.341538	1.886000	17.740000
1810	-52.161538	1.888000	17.800000
1811	-52.151538	1.890000	17.710000
1812	-52.031538	1.890000	17.890000
1813	-51.891538	1.890000	17.770000
1814	-51.881538	1.892000	17.830000
1815	-51.421538	1.892000	17.830000
1816	-51.301538	1.892000	17.900000
1817	-51.261538	1.894000	17.790000
1818	-51.251538	1.896000	17.770000
1819	-51.241538	1.896000	17.850000
1820	-50.931538	1.898000	17.850000
1821	-50.861538	1.898000	17.790000
1822	-50.841538	1.900000	17.830000
1823	-50.761538	1.900000	17.830000
1824	-50.731538	1.900000	17.860000
1825	-50.721538	1.902000	17.990000
1826	-50.681538	1.904000	17.950000
1827	-50.541538	1.904000	17.810000
1828	-50.511538	1.908000	17.840000
1829	-50.501538	1.908000	17.910000
1830	-50.471538	1.910000	17.880000
1831	-50.461538	1.910000	17.860000
1832	-50.411538	1.912000	17.890000
1833	-50.371538	1.912000	17.720000
1834	-50.311538	1.914000	17.920000
1835	-50.311538	1.914000	17.880000
1836	-50.261538	1.916000	17.760000
1837	-50.231538	1.916000	18.010000
1838	-50.191538	1.918000	18.020000
1839	-50.061538	1.918000	17.780000
1840	-49.921538	1.920000	17.840000
1841	-49.691538	1.920000	17.780000
1842	-49.521538	1.922000	17.820000
1843	-49.521538	1.922000	17.950000
1844	-49.421538	1.924000	17.940000
1845	-49.241538	1.924000	17.920000
1846	-49.191538	1.926000	18.060000
1847	-49.181538	1.926000	17.800000
1848	-49.151538	1.926000	17.980000
1849	-49.121538	1.926000	17.940000
1850	-48.891538	1.929000	17.920000
1851	-48.781538	1.929000	18.010000
1852	-48.721538	1.931000	17.930000
1853	-48.721538	1.931000	18.040000
1854	-48.591538	1.933000	17.930000
1855	-48.541538	1.933000	17.950000
1856	-48.501538	1.935000	18.080000
1857	-48.471538	1.935000	18.090000
1858	-48.391538	1.937000	18.130000
1859	-48.221538	1.937000	17.890000
1860	-48.141538	1.939000	18.010000
1861	-48.121538	1.939000	18.060000
1862	-48.051538	1.941000	18.100000
1863	-48.021538	1.941000	17.980000
1864	-47.811538	1.943000	18.340000
1865	-47.751538	1.943000	17.970000
1866	-47.721538	1.945000	18.060000
1867	-47.611538	1.945000	18.010000
1868	-47.561538	1.947000	18.130000
1869	-47.481538	1.947000	17.960000
1870	-47.321538	1.949000	17.960000
1871	-47.171538	1.949000	18.140000
1872	-47.031538	1.951000	18.320000
1873	-47.031538	1.951000	18.190000
1874	-47.001538	1.953000	18.190000
1875	-46.901538	1.953000	18.150000
1876	-46.861538	1.955000	18.070000
1877	-46.671538	1.955000	18.040000
1878	-46.631538	1.957000	18.180000
1879	-46.601538	1.957000	18.200000
1880	-46.391538	1.959000	18.130000
1881	-46.351538	1.959000	18.250000
1882	-46.261538	1.961000	18.250000
1883	-46.161538	1.961000	18.210000
1884	-46.111538	1.963000	18.220000
1885	-46.091538	1.963000	18.230000
1886	-46.041538	1.965000	18.310000
1887	-46.021538	1.965000	18.170000
1888	-46.011538	1.967000	18.200000
1889	-45.931538	1.967000	18.260000
1890	-45.931538	1.968000	18.370000
1891	-45.761538	1.968000	18.260000
1892	-45.721538	1.970000	18.270000
1893	-45.711538	1.972000	18.190000
1894	-45.431538	1.972000	18.380000
1895	-45.411538	1.974000	18.330000
1896	-45.241538	1.974000	18.210000
1897	-45.241538	1.976000	18.240000
1898	-45.211538	1.976000	18.380000
1899	-45.191538	1.978000	18.140000
1900	-45.191538	1.978000	18.250000
1901	-45.081538	1.980000	18.290000
1902	-44.891538	1.980000	18.140000
1903	-44.891538	1.982000	18.290000
1904	-44.851538	1.982000	18.210000
1905	-44.811538	1.984000	18.230000
1906	-44.801538	1.984000	18.280000
1907	-44.551538	1.986000	18.460000
1908	-44.411538	1.986000	18.260000
1909	-44.401538	1.988000	18.320000
1910	-44.341538	1.988000	18.340000
1911	-44.331538	1.992000	18.360000
1912	-44.271538	1.992000	18.520000
1913	-44.231538	1.994000	18.220000
1914	-44.121538	1.994000	18.520000
1915	-43.981538	1.996000	18.330000
1916	-43.821538	1.996000	18.450000
1917	-43.701538	1.998000	18.390000
1918	-43.661538	1.998000	18.230000
1919	-43.601538	2.000000	18.370000
1920	-43.441538	2.000000	18.460000
1921	-43.361538	2.002000	18.370000
1922	-43.331538	2.002000	18.450000
1923	-43.311538	2.002000	18.510000
1924	-43.201538	2.004000	18.360000
1925	-43.141538	2.004000	18.520000
1926	-43.071538	2.006000	18.170000
1927	-43.071538	2.008000	18.320000
1928	-43.011538	2.008000	18.390000
1929	-42.931538	2.009000	18.450000
1930	-42.921538	2.009000	18.420000
1931	-42.901538	2.009000	18.440000
1932	-42.871538	2.011000	18.420000
1933	-42.671538	2.013000	18.490000
1934	-42.621538	2.015000	18.390000
1935	-42.601538	2.015000	18.500000
1936	-42.201538	2.017000	18.330000
1937	-42.201538	2.017000	18.570000
1938	-42.151538	2.017000	18.490000
1939	-42.111538	2.019000	18.520000
1940	-42.081538	2.021000	18.420000
1941	-42.031538	2.021000	18.560000
1942	-41.981538	2.023000	18.430000
1943	-41.891538	2.023000	18.570000
1944	-41.841538	2.025000	18.540000
1945	-41.741538	2.025000	18.420000
1946	-41.691538	2.025000	18.510000
1947	-41.551538	2.027000	18.530000
1948	-41.511538	2.029000	18.520000
1949	-41.491538	2.029000	18.590000
1950	-41.491538	2.031000	18.570000
1951	-41.381538	2.031000	18.540000
1952	-41.301538	2.033000	18.640000
1953	-41.121538	2.033000	18.650000
1954	-41.071538	2.035000	18.550000
1955	-40.841538	2.035000	18.610000
1956	-40.761538	2.035000	18.550000
1957	-40.671538	2.037000	18.780000
1958	-40.501538	2.039000	18.810000
1959	-40.481538	2.039000	18.590000
1960	-40.421538	2.041000	18.710000
1961	-40.411538	2.041000	18.740000
1962	-40.101538	2.041000	18.880000
1963	-39.951538	2.043000	18.590000
1964	-39.891538	2.045000	18.710000
1965	-39.771538	2.045000	18.740000
1966	-39.741538	2.047000	18.550000
1967	-39.651538	2.047000	18.680000
1968	-39.631538	2.049000	18.680000
1969	-39.611538	2.049000	18.660000
1970	-39.441538	2.049000	18.750000
1971	-39.381538	2.051000	18.710000
1972	-39.351538	2.052000	18.740000
1973	-39.341538	2.051000	18.850000
1974	-39.331538	2.054000	18.610000
1975	-39.321538	2.054000	18.770000
1976	-39.281538	2.056000	18.600000
1977	-39.261538	2.056000	18.700000
1978	-39.261538	2.056000	18.670000
1979	-39.241538	2.058000	18.670000
1980	-39.221538	2.060000	18.760000
1981	-38.801538	2.060000	18.750000
1982	-38.761538	2.062000	18.750000
1983	-38.701538	2.062000	18.900000
1984	-38.631538	2.064000	18.730000
1985	-38.571538	2.064000	18.750000
1986	-38.561538	2.066000	18.670000
1987	-38.361538	2.066000	18.890000
1988	-38.341538	2.068000	18.760000
1989	-38.341538	2.068000	18.800000
1990	-38.151538	2.070000	18.720000
1991	-38.081538	2.070000	18.590000
1992	-38.081538	2.074000	18.830000
1993	-38.061538	2.074000	18.760000
1994	-38.031538	2.078000	18.490000
1995	-38.021538	2.076000	18.780000
1996	-38.001538	2.078000	18.840000
1997	-37.991538	2.078000	18.880000
1998	-37.901538	2.080000	18.900000
1999	-37.781538	2.080000	18.730000
2000	-37.611538	2.082000	18.700000
2001	-37.601538	2.082000	18.900000
2002	-37.401538	2.084000	18.710000
2003	-37.381538	2.084000	18.770000
2004	-37.311538	2.086000	18.900000
2005	-37.291538	2.086000	18.850000
2006	-37.261538	2.086000	18.710000
2007	-36.921538	2.088000	18.840000
2008	-36.891538	2.090000	18.820000
2009	-36.681538	2.090000	18.930000
2010	-36.631538	2.092000	18.910000
2011	-36.381538	2.092000	19.040000
2012	-36.341538	2.093000	18.910000
2013	-36.161538	2.093000	18.890000
2014	-36.101538	2.095000	18.880000
2015	-36.081538	2.095000	18.910000
2016	-36.061538	2.097000	19.000000
2017	-36.001538	2.099000	18.910000
2018	-35.941538	2.099000	18.930000
2019	-35.921538	2.101000	18.990000
2020	-35.841538	2.101000	18.980000
2021	-35.751538	2.103000	18.890000
2022	-35.421538	2.103000	19.070000
2023	-35.351538	2.105000	19.010000
2024	-35.251538	2.105000	18.820000
2025	-35.251538	2.107000	18.850000
2026	-35.231538	2.107000	18.960000
2027	-35.221538	2.109000	18.970000
2028	-35.181538	2.109000	18.780000
2029	-35.141538	2.111000	18.850000
2030	-35.101538	2.111000	18.990000
2031	-35.031538	2.113000	18.970000
2032	-35.021538	2.113000	18.980000
2033	-34.931538	2.115000	18.900000
2034	-34.891538	2.115000	18.870000
2035	-34.871538	2.117000	18.860000
2036	-34.711538	2.117000	19.130000
2037	-34.651538	2.119000	18.990000
2038	-34.601538	2.119000	18.990000
2039	-34.551538	2.121000	18.960000
2040	-34.281538	2.121000	19.100000
2041	-34.261538	2.123000	19.010000
2042	-34.251538	2.123000	19.150000
2043	-34.221538	2.125000	18.920000
2044	-34.091538	2.125000	19.010000
2045	-34.031538	2.127000	19.130000
2046	-33.931538	2.127000	19.170000
2047	-33.561538	2.129000	19.150000
2048	-33.461538	2.131000	19.000000
2049	-33.441538	2.131000	19.080000
2050	-33.391538	2.133000	19.020000
2051	-33.321538	2.133000	19.050000
2052	-33.291538	2.135000	19.070000
2053	-33.081538	2.135000	19.010000
2054	-32.961538	2.136000	19.120000
2055	-32.941538	2.136000	18.990000
2056	-32.941538	2.138000	19.020000
2057	-32.831538	2.138000	19.260000
2058	-32.581538	2.140000	19.120000
2059	-32.571538	2.140000	19.160000
2060	-32.531538	2.142000	19.090000
2061	-32.511538	2.142000	19.190000
2062	-32.481538	2.144000	19.060000
2063	-32.431538	2.144000	19.150000
2064	-32.381538	2.146000	19.100000
2065	-32.331538	2.146000	19.170000
2066	-32.231538	2.148000	19.200000
2067	-32.171538	2.148000	19.090000
2068	-32.071538	2.150000	19.220000
2069	-32.031538	2.152000	19.280000
2070	-31.651538	2.152000	19.260000
2071	-31.541538	2.154000	19.170000
2072	-31.531538	2.154000	19.100000
2073	-31.501538	2.158000	19.150000
2074	-31.481538	2.158000	19.290000
2075	-31.471538	2.158000	19.220000
2076	-31.351538	2.160000	19.300000
2077	-31.291538	2.162000	19.330000
2078	-31.181538	2.164000	19.340000
2079	-31.161538	2.164000	19.260000
2080	-31.121538	2.166000	19.260000
2081	-31.011538	2.166000	19.240000
2082	-30.851538	2.166000	19.270000
2083	-30.751538	2.168000	19.240000
2084	-30.741538	2.170000	19.280000
2085	-30.711538	2.170000	19.280000
2086	-30.521538	2.170000	19.420000
2087	-30.511538	2.172000	19.180000
2088	-30.461538	2.174000	19.190000
2089	-30.461538	2.174000	19.290000
2090	-30.451538	2.174000	19.360000
2091	-30.261538	2.176000	19.290000
2092	-30.251538	2.177000	19.240000
2093	-30.221538	2.177000	19.280000
2094	-30.101538	2.179000	19.290000
2095	-30.031538	2.179000	19.310000
2096	-29.971538	2.181000	19.300000
2097	-29.941538	2.181000	19.370000
2098	-29.691538	2.183000	19.370000
2099	-29.431538	2.185000	19.220000
2100	-29.171538	2.185000	19.350000
2101	-29.111538	2.187000	19.520000
2102	-29.001538	2.187000	19.420000
2103	-28.901538	2.189000	19.320000
2104	-28.781538	2.189000	19.450000
2105	-28.771538	2.189000	19.440000
2106	-28.691538	2.191000	19.330000
2107	-28.661538	2.193000	19.640000
2108	-28.651538	2.195000	19.560000
2109	-28.631538	2.195000	19.410000
2110	-28.631538	2.197000	19.360000
2111	-28.561538	2.197000	19.450000
2112	-28.551538	2.197000	19.340000
2113	-28.441538	2.199000	19.400000
2114	-28.361538	2.203000	19.530000
2115	-28.311538	2.201000	19.440000
2116	-28.221538	2.203000	19.380000
2117	-28.191538	2.203000	19.570000
2118	-28.141538	2.205000	19.520000
2119	-28.121538	2.205000	19.540000
2120	-28.071538	2.205000	19.530000
2121	-27.991538	2.207000	19.460000
2122	-27.881538	2.209000	19.540000
2123	-27.871538	2.209000	19.350000
2124	-27.801538	2.211000	19.530000
2125	-27.511538	2.211000	19.690000
2126	-27.491538	2.213000	19.430000
2127	-27.461538	2.213000	19.430000
2128	-27.161538	2.213000	19.590000
2129	-27.061538	2.215000	19.560000
2130	-26.941538	2.217000	19.640000
2131	-26.921538	2.217000	19.640000
2132	-26.841538	2.218000	19.640000
2133	-26.651538	2.218000	19.550000
2134	-26.651538	2.220000	19.750000
2135	-26.651538	2.220000	19.700000
2136	-26.571538	2.220000	19.660000
2137	-26.491538	2.224000	19.690000
2138	-26.491538	2.224000	19.570000
2139	-26.311538	2.226000	19.670000
2140	-26.301538	2.226000	19.640000
2141	-26.201538	2.228000	19.630000
2142	-26.051538	2.228000	19.610000
2143	-26.011538	2.228000	19.620000
2144	-26.001538	2.230000	19.750000
2145	-25.921538	2.232000	19.720000
2146	-25.821538	2.232000	19.450000
2147	-25.711538	2.234000	19.710000
2148	-25.671538	2.234000	19.740000
2149	-25.621538	2.236000	19.710000
2150	-25.521538	2.236000	19.820000
2151	-25.501538	2.240000	19.720000
2152	-25.421538	2.240000	19.650000
2153	-25.311538	2.242000	19.820000
2154	-25.281538	2.242000	19.830000
2155	-25.261538	2.244000	19.750000
2156	-25.261538	2.244000	19.750000
2157	-25.211538	2.246000	19.760000
2158	-25.121538	2.248000	19.810000
2159	-25.121538	2.248000	19.720000
2160	-25.051538	2.250000	19.860000
2161	-25.021538	2.250000	19.710000
2162	-24.981538	2.252000	19.860000
2163	-24.791538	2.252000	19.750000
2164	-24.651538	2.254000	19.740000
2165	-24.561538	2.254000	19.900000
2166	-24.521538	2.254000	19.720000
2167	-24.431538	2.256000	19.840000
2168	-24.431538	2.258000	19.660000
2169	-24.331538	2.258000	19.770000
2170	-24.231538	2.259000	19.690000
2171	-24.221538	2.259000	19.780000
2172	-24.201538	2.261000	19.690000
2173	-24.011538	2.261000	19.860000
2174	-23.691538	2.263000	19.860000
2175	-23.511538	2.263000	19.740000
2176	-23.481538	2.265000	19.790000
2177	-23.461538	2.267000	19.720000
2178	-23.431538	2.267000	19.880000
2179	-23.391538	2.269000	19.740000
2180	-23.211538	2.269000	19.910000
2181	-23.201538	2.271000	19.960000
2182	-23.161538	2.271000	20.100000
2183	-23.071538	2.273000	19.690000
2184	-22.981538	2.273000	19.830000
2185	-22.941538	2.275000	19.830000
2186	-22.771538	2.275000	19.860000
2187	-22.751538	2.277000	19.920000
2188	-22.691538	2.277000	19.950000
2189	-22.671538	2.279000	19.910000
2190	-22.671538	2.279000	19.850000
2191	-22.611538	2.281000	19.870000
2192	-22.561538	2.281000	19.920000
2193	-22.441538	2.283000	19.790000
2194	-22.391538	2.283000	19.850000
2195	-22.291538	2.285000	19.990000
2196	-22.171538	2.285000	19.960000
2197	-22.011538	2.287000	19.970000
2198	-21.861538	2.289000	19.850000
2199	-21.741538	2.289000	20.080000
2200	-21.411538	2.291000	19.800000
2201	-21.331538	2.291000	20.140000
2202	-21.281538	2.293000	20.010000
2203	-21.201538	2.293000	19.960000
2204	-21.091538	2.295000	19.980000
2205	-21.071538	2.295000	20.030000
2206	-21.041538	2.297000	20.030000
2207	-20.981538	2.299000	20.030000
2208	-20.901538	2.299000	19.940000
2209	-20.781538	2.301000	20.140000
2210	-20.771538	2.301000	20.040000
2211	-20.741538	2.302000	20.060000
2212	-20.741538	2.302000	19.900000
2213	-20.701538	2.304000	20.010000
2214	-20.561538	2.304000	20.110000
2215	-20.521538	2.306000	20.080000
2216	-20.511538	2.308000	19.960000
2217	-20.511538	2.308000	19.990000
2218	-20.461538	2.310000	20.090000
2219	-20.391538	2.310000	20.110000
2220	-20.341538	2.312000	20.030000
2221	-20.311538	2.312000	20.010000
2222	-20.241538	2.314000	19.970000
2223	-20.061538	2.314000	20.070000
2224	-19.961538	2.316000	20.040000
2225	-19.961538	2.316000	20.190000
2226	-19.831538	2.318000	20.270000
2227	-19.641538	2.316000	19.980000
2228	-19.281538	2.320000	20.090000
2229	-19.181538	2.320000	20.170000
2230	-19.161538	2.322000	20.110000
2231	-19.111538	2.324000	20.040000
2232	-19.091538	2.326000	20.260000
2233	-19.081538	2.326000	20.140000
2234	-18.991538	2.328000	20.080000
2235	-18.861538	2.328000	20.110000
2236	-18.851538	2.330000	20.290000
2237	-18.841538	2.330000	20.200000
2238	-18.771538	2.330000	20.140000
2239	-18.761538	2.332000	20.190000
2240	-18.751538	2.334000	20.140000
2241	-18.651538	2.334000	20.290000
2242	-18.581538	2.336000	20.120000
2243	-18.561538	2.336000	20.080000
2244	-18.561538	2.338000	20.260000
2245	-18.511538	2.338000	20.170000
2246	-18.411538	2.340000	20.260000
2247	-18.361538	2.340000	20.220000
2248	-18.361538	2.343000	20.190000
2249	-18.271538	2.342000	20.130000
2250	-18.201538	2.343000	20.240000
2251	-18.011538	2.343000	20.080000
2252	-17.931538	2.345000	20.170000
2253	-17.851538	2.345000	20.260000
2254	-17.851538	2.345000	20.250000
2255	-17.781538	2.347000	20.140000
2256	-17.691538	2.349000	20.240000
2257	-17.291538	2.349000	20.190000
2258	-17.121538	2.351000	20.290000
2259	-16.931538	2.351000	20.280000
2260	-16.911538	2.353000	20.260000
2261	-16.871538	2.353000	20.300000
2262	-16.781538	2.353000	20.340000
2263	-16.771538	2.355000	20.290000
2264	-16.701538	2.357000	20.350000
2265	-16.561538	2.357000	20.450000
2266	-16.481538	2.359000	20.300000
2267	-16.441538	2.361000	20.370000
2268	-16.431538	2.361000	20.270000
2269	-16.391538	2.361000	20.370000
2270	-16.291538	2.363000	20.330000
2271	-16.291538	2.365000	20.230000
2272	-16.241538	2.365000	20.390000
2273	-16.191538	2.367000	20.370000
2274	-16.101538	2.367000	20.390000
2275	-15.791538	2.369000	20.210000
2276	-15.791538	2.369000	20.410000
2277	-15.731538	2.371000	20.470000
2278	-15.651538	2.371000	20.490000
2279	-15.641538	2.373000	20.370000
2280	-15.551538	2.375000	20.260000
2281	-15.361538	2.375000	20.310000
2282	-15.161538	2.375000	20.450000
2283	-15.141538	2.377000	20.390000
2284	-15.111538	2.377000	20.510000
2285	-15.091538	2.377000	20.300000
2286	-15.081538	2.379000	20.590000
2287	-15.071538	2.381000	20.490000
2288	-14.991538	2.381000	20.450000
2289	-14.891538	2.383000	20.330000
2290	-14.881538	2.383000	20.420000
2291	-14.671538	2.385000	20.510000
2292	-14.661538	2.385000	20.560000
2293	-14.651538	2.385000	20.480000
2294	-14.621538	2.386000	20.710000
2295	-14.531538	2.388000	20.500000
2296	-14.441538	2.388000	20.530000
2297	-14.141538	2.390000	20.510000
2298	-14.141538	2.392000	20.640000
2299	-14.021538	2.392000	20.560000
2300	-13.981538	2.392000	20.680000
2301	-13.961538	2.394000	20.520000
2302	-13.771538	2.396000	20.500000
2303	-13.621538	2.396000	20.590000
2304	-13.611538	2.398000	20.480000
2305	-13.591538	2.398000	20.480000
2306	-13.471538	2.400000	20.800000
2307	-13.381538	2.400000	20.540000
2308	-13.291538	2.402000	20.490000
2309	-13.271538	2.402000	20.610000
2310	-13.111538	2.404000	20.420000
2311	-13.111538	2.404000	20.500000
2312	-13.111538	2.406000	20.630000
2313	-13.071538	2.408000	20.460000
2314	-13.011538	2.410000	20.480000
2315	-12.921538	2.410000	20.520000
2316	-12.791538	2.412000	20.660000
2317	-12.721538	2.412000	20.370000
2318	-12.641538	2.414000	20.480000
2319	-12.611538	2.414000	20.500000
2320	-12.551538	2.416000	20.640000
2321	-12.481538	2.416000	20.760000
2322	-12.341538	2.418000	20.600000
2323	-12.091538	2.418000	20.670000
2324	-11.891538	2.420000	20.680000
2325	-11.861538	2.420000	20.890000
2326	-11.811538	2.422000	20.630000
2327	-11.751538	2.422000	20.750000
2328	-11.721538	2.424000	20.640000
2329	-11.681538	2.426000	20.510000
2330	-11.661538	2.426000	20.600000
2331	-11.451538	2.427000	20.790000
2332	-11.411538	2.427000	20.610000
2333	-11.261538	2.429000	20.660000
2334	-11.261538	2.429000	20.730000
2335	-11.251538	2.431000	20.640000
2336	-10.971538	2.431000	20.880000
2337	-10.841538	2.433000	20.760000
2338	-10.761538	2.437000	20.580000
2339	-10.491538	2.435000	20.820000
2340	-10.411538	2.437000	20.780000
2341	-10.321538	2.437000	20.920000
2342	-10.291538	2.439000	20.710000
2343	-10.251538	2.439000	20.790000
2344	-9.901538	2.441000	20.880000
2345	-9.761538	2.441000	20.710000
2346	-9.661538	2.441000	20.830000
2347	-9.651538	2.445000	20.810000
2348	-9.581538	2.445000	20.920000
2349	-9.501538	2.447000	20.810000
2350	-9.481538	2.447000	20.820000
2351	-9.351538	2.449000	20.810000
2352	-9.341538	2.449000	20.850000
2353	-9.321538	2.451000	20.810000
2354	-9.291538	2.451000	20.840000
2355	-9.281538	2.453000	20.910000
2356	-9.221538	2.453000	20.930000
2357	-9.201538	2.455000	20.870000
2358	-9.021538	2.455000	20.820000
2359	-8.991538	2.457000	20.770000
2360	-8.981538	2.457000	20.850000
2361	-8.921538	2.459000	20.640000
2362	-8.891538	2.459000	20.850000
2363	-8.811538	2.461000	21.050000
2364	-8.771538	2.461000	21.010000
2365	-8.601538	2.463000	20.920000
2366	-8.561538	2.463000	20.820000
2367	-8.461538	2.465000	20.860000
2368	-8.451538	2.467000	20.920000
2369	-8.441538	2.467000	20.830000
2370	-8.371538	2.468000	20.870000
2371	-8.111538	2.468000	20.950000
2372	-7.861538	2.470000	20.990000
2373	-7.851538	2.470000	20.930000
2374	-7.751538	2.472000	20.870000
2375	-7.561538	2.472000	21.050000
2376	-7.521538	2.472000	21.000000
2377	-7.461538	2.476000	20.820000
2378	-7.351538	2.476000	20.940000
2379	-7.341538	2.478000	21.090000
2380	-7.331538	2.478000	21.010000
2381	-7.301538	2.480000	20.990000
2382	-7.291538	2.480000	21.010000
2383	-7.291538	2.482000	20.950000
2384	-7.291538	2.482000	20.960000
2385	-7.271538	2.484000	21.010000
2386	-7.261538	2.484000	20.930000
2387	-7.161538	2.486000	21.020000
2388	-7.111538	2.486000	20.990000
2389	-7.051538	2.490000	21.090000
2390	-7.031538	2.490000	21.130000
2391	-6.991538	2.492000	20.920000
2392	-6.931538	2.492000	21.000000
2393	-6.911538	2.494000	21.180000
2394	-6.911538	2.494000	21.080000
2395	-6.901538	2.494000	21.110000
2396	-6.881538	2.496000	21.100000
2397	-6.761538	2.498000	21.070000
2398	-6.761538	2.498000	21.070000
2399	-6.641538	2.500000	20.950000
2400	-6.561538	2.500000	21.230000
2401	-6.531538	2.502000	20.960000
2402	-6.471538	2.502000	21.090000
2403	-6.431538	2.502000	21.110000
2404	-6.381538	2.504000	21.120000
2405	-6.341538	2.504000	20.930000
2406	-6.331538	2.506000	21.140000
2407	-6.261538	2.508000	21.040000
2408	-6.251538	2.509000	21.000000
2409	-6.201538	2.509000	21.130000
2410	-6.171538	2.509000	21.180000
2411	-6.111538	2.511000	21.030000
2412	-6.081538	2.513000	20.960000
2413	-6.081538	2.513000	21.030000
2414	-5.961538	2.515000	21.150000
2415	-5.951538	2.515000	21.110000
2416	-5.901538	2.517000	21.040000
2417	-5.731538	2.519000	21.100000
2418	-4.601538	2.519000	21.380000
2419	-4.561538	2.521000	21.390000
2420	-4.541538	2.521000	21.370000
2421	-4.331538	2.523000	21.270000
2422	-4.181538	2.523000	21.320000
2423	-4.141538	2.525000	21.320000
2424	-4.031538	2.525000	21.310000
2425	-3.991538	2.525000	21.320000
2426	-3.971538	2.529000	21.210000
2427	-3.971538	2.529000	21.360000
2428	-3.901538	2.531000	21.330000
2429	-3.831538	2.531000	21.280000
2430	-3.821538	2.533000	21.290000
2431	-3.751538	2.533000	21.400000
2432	-3.571538	2.533000	21.290000
2433	-3.401538	2.535000	21.270000
2434	-3.341538	2.537000	21.310000
2435	-3.331538	2.535000	21.270000
2436	-3.331538	2.539000	21.280000
2437	-3.001538	2.539000	21.380000
2438	-2.911538	2.541000	21.230000
2439	-2.821538	2.541000	21.380000
2440	-2.811538	2.541000	21.360000
2441	-2.781538	2.543000	21.390000
2442	-2.741538	2.545000	21.330000
2443	-2.621538	2.545000	21.360000
2444	-2.551538	2.547000	21.300000
2445	-2.481538	2.547000	21.400000
2446	-2.461538	2.549000	21.410000
2447	-2.231538	2.549000	21.450000
2448	-2.181538	2.551000	21.450000
2449	-2.121538	2.552000	21.330000
2450	-1.971538	2.552000	21.570000
2451	-1.871538	2.554000	21.330000
2452	-1.681538	2.554000	21.580000
2453	-1.111538	2.556000	21.510000
2454	-1.061538	2.556000	21.580000
2455	-0.961538	2.556000	21.480000
2456	-0.911538	2.562000	21.480000
2457	-0.821538	2.560000	21.460000
2458	-0.801538	2.562000	21.510000
2459	-0.731538	2.562000	21.490000
2460	-0.641538	2.564000	21.510000
2461	-0.551538	2.564000	21.480000
2462	-0.461538	2.564000	21.450000
2463	-0.441538	2.566000	21.490000
