1	-191.867615	0.000000	9.550000
2	-190.977615	0.000000	9.500000
3	-190.527615	0.003000	9.470000
4	-190.497615	0.003000	9.630000
5	-190.477615	0.005000	9.580000
6	-190.287615	0.005000	9.390000
7	-190.147615	0.007000	9.370000
8	-190.027615	0.007000	9.430000
9	-189.967615	0.009000	9.440000
10	-189.487615	0.009000	9.430000
11	-189.487615	0.011000	9.590000
12	-189.457615	0.011000	9.540000
13	-189.387615	0.011000	9.500000
14	-189.317615	0.013000	9.820000
15	-189.137615	0.015000	9.410000
16	-189.137615	0.015000	9.350000
17	-189.037615	0.017000	9.440000
18	-188.997615	0.017000	9.660000
19	-188.757615	0.019000	9.650000
20	-188.657615	0.019000	9.320000
21	-188.637615	0.021000	9.640000
22	-188.537615	0.021000	9.610000
23	-188.517615	0.023000	9.510000
24	-188.487615	0.023000	10.010000
25	-188.377615	0.027000	9.360000
26	-188.097615	0.025000	9.640000
27	-188.067615	0.027000	9.690000
28	-188.007615	0.027000	9.740000
29	-187.967615	0.029000	9.640000
30	-187.967615	0.029000	9.670000
31	-187.957615	0.031000	9.540000
32	-187.897615	0.031000	9.830000
33	-187.837615	0.033000	9.650000
34	-187.827615	0.033000	9.690000
35	-187.817615	0.035000	9.710000
36	-187.767615	0.035000	9.720000
37	-187.667615	0.037000	9.540000
38	-187.667615	0.037000	10.160000
39	-187.637615	0.039000	9.590000
40	-187.597615	0.039000	9.830000
41	-187.587615	0.041000	9.490000
42	-187.397615	0.041000	9.440000
43	-187.387615	0.042000	9.290000
44	-187.367615	0.042000	9.650000
45	-187.367615	0.042000	9.500000
46	-187.327615	0.044000	9.500000
47	-187.277615	0.046000	9.530000
48	-186.947615	0.046000	9.890000
49	-186.857615	0.048000	9.910000
50	-186.857615	0.048000	10.190000
51	-186.847615	0.050000	9.540000
52	-186.807615	0.050000	9.720000
53	-186.737615	0.052000	9.750000
54	-186.607615	0.052000	9.480000
55	-186.607615	0.054000	9.650000
56	-186.437615	0.054000	9.690000
57	-186.407615	0.058000	9.700000
58	-186.357615	0.056000	9.580000
59	-186.157615	0.058000	10.000000
60	-185.937615	0.058000	9.720000
61	-185.917615	0.060000	9.490000
62	-185.857615	0.060000	9.660000
63	-185.857615	0.064000	9.920000
64	-185.647615	0.062000	9.710000
65	-185.577615	0.066000	9.570000
66	-185.577615	0.066000	9.780000
67	-185.517615	0.068000	9.590000
68	-185.487615	0.068000	9.570000
69	-185.457615	0.068000	9.490000
70	-185.397615	0.070000	9.740000
71	-185.397615	0.072000	9.810000
72	-185.367615	0.072000	9.880000
73	-185.267615	0.074000	9.660000
74	-185.147615	0.074000	9.810000
75	-185.007615	0.076000	10.120000
76	-184.967615	0.076000	9.950000
77	-184.897615	0.078000	9.840000
78	-184.897615	0.078000	9.830000
79	-184.807615	0.080000	9.600000
80	-184.757615	0.080000	9.800000
81	-184.627615	0.082000	9.890000
82	-184.627615	0.082000	9.880000
83	-184.537615	0.083000	10.110000
84	-184.507615	0.083000	9.860000
85	-184.427615	0.083000	10.250000
86	-184.397615	0.085000	9.700000
87	-184.397615	0.087000	9.830000
88	-184.367615	0.089000	9.820000
89	-184.257615	0.089000	9.740000
90	-184.247615	0.089000	9.740000
91	-184.207615	0.091000	9.720000
92	-184.197615	0.091000	9.740000
93	-184.137615	0.091000	9.860000
94	-184.047615	0.093000	10.310000
95	-183.997615	0.095000	9.710000
96	-183.967615	0.095000	9.660000
97	-183.927615	0.095000	9.950000
98	-183.897615	0.097000	10.000000
99	-183.777615	0.099000	10.150000
100	-183.727615	0.099000	10.040000
101	-183.577615	0.099000	9.830000
102	-183.467615	0.101000	9.860000
103	-183.447615	0.103000	10.090000
104	-183.447615	0.103000	9.870000
105	-183.367615	0.105000	9.830000
106	-183.327615	0.105000	9.980000
107	-183.317615	0.107000	9.890000
108	-183.267615	0.109000	9.800000
109	-183.197615	0.109000	10.140000
110	-183.147615	0.111000	9.930000
111	-183.117615	0.111000	10.210000
112	-182.997615	0.113000	9.990000
113	-182.987615	0.113000	9.710000
114	-182.687615	0.115000	9.850000
115	-182.587615	0.115000	10.000000
116	-182.487615	0.115000	9.660000
117	-182.307615	0.117000	10.000000
118	-182.297615	0.119000	9.790000
119	-182.287615	0.121000	9.890000
120	-182.147615	0.121000	10.120000
121	-182.117615	0.121000	9.970000
122	-182.107615	0.123000	10.270000
123	-181.997615	0.123000	9.850000
124	-181.767615	0.123000	9.860000
125	-181.737615	0.125000	9.910000
126	-181.467615	0.125000	9.870000
127	-181.407615	0.125000	10.580000
128	-181.337615	0.126000	10.550000
129	-181.297615	0.128000	9.920000
130	-181.237615	0.130000	10.490000
131	-181.147615	0.130000	10.580000
132	-181.027615	0.130000	9.960000
133	-181.007615	0.132000	10.060000
134	-180.817615	0.134000	10.550000
135	-180.777615	0.134000	9.950000
136	-180.757615	0.136000	10.080000
137	-180.617615	0.136000	9.920000
138	-180.607615	0.138000	10.090000
139	-180.597615	0.138000	10.100000
140	-180.367615	0.138000	10.330000
141	-180.307615	0.140000	9.880000
142	-179.997615	0.142000	10.130000
143	-179.867615	0.142000	9.980000
144	-179.867615	0.144000	10.050000
145	-179.837615	0.144000	10.410000
146	-179.777615	0.148000	9.910000
147	-179.707615	0.148000	10.020000
148	-179.697615	0.150000	10.340000
149	-179.687615	0.150000	10.010000
150	-179.647615	0.152000	10.110000
151	-179.597615	0.152000	10.180000
152	-179.547615	0.154000	10.350000
153	-179.547615	0.154000	10.160000
154	-179.527615	0.156000	10.390000
155	-179.477615	0.156000	10.360000
156	-179.387615	0.158000	10.200000
157	-179.287615	0.158000	10.350000
158	-179.287615	0.160000	10.270000
159	-179.187615	0.160000	10.080000
160	-179.107615	0.162000	10.120000
161	-179.047615	0.162000	10.080000
162	-178.977615	0.164000	9.990000
163	-178.847615	0.164000	9.990000
164	-178.817615	0.166000	9.950000
165	-178.757615	0.166000	10.170000
166	-178.707615	0.167000	10.020000
167	-178.487615	0.167000	10.150000
168	-178.367615	0.169000	10.330000
169	-178.307615	0.169000	10.120000
170	-178.307615	0.171000	9.960000
171	-178.267615	0.171000	10.090000
172	-178.187615	0.173000	10.090000
173	-178.147615	0.173000	10.400000
174	-178.097615	0.175000	10.280000
175	-177.897615	0.175000	10.070000
176	-177.877615	0.177000	10.170000
177	-177.827615	0.177000	10.010000
178	-177.757615	0.179000	9.980000
179	-177.717615	0.179000	10.340000
180	-177.677615	0.181000	10.170000
181	-177.467615	0.183000	10.220000
182	-177.337615	0.183000	10.200000
183	-177.217615	0.183000	10.450000
184	-177.197615	0.185000	10.300000
185	-177.187615	0.185000	10.020000
186	-177.177615	0.187000	10.270000
187	-177.127615	0.187000	10.270000
188	-176.977615	0.187000	10.280000
189	-176.947615	0.187000	10.200000
190	-176.727615	0.191000	10.230000
191	-176.627615	0.191000	10.110000
192	-176.607615	0.193000	10.040000
193	-176.517615	0.193000	10.270000
194	-176.447615	0.195000	10.620000
195	-176.377615	0.195000	10.190000
196	-176.357615	0.197000	10.160000
197	-176.357615	0.197000	10.370000
198	-176.347615	0.199000	10.200000
199	-176.337615	0.199000	10.250000
200	-176.297615	0.201000	10.460000
201	-176.247615	0.201000	10.240000
202	-176.197615	0.203000	10.240000
203	-176.157615	0.203000	10.140000
204	-176.137615	0.203000	9.970000
205	-176.127615	0.203000	10.370000
206	-176.017615	0.207000	10.300000
207	-175.927615	0.207000	10.250000
208	-175.887615	0.209000	10.280000
209	-175.747615	0.209000	10.230000
210	-175.727615	0.210000	10.310000
211	-175.667615	0.210000	10.630000
212	-175.607615	0.212000	10.270000
213	-175.527615	0.214000	10.660000
214	-175.527615	0.214000	10.580000
215	-175.497615	0.214000	10.190000
216	-175.387615	0.216000	10.460000
217	-175.297615	0.216000	10.560000
218	-175.267615	0.218000	10.150000
219	-175.117615	0.218000	10.440000
220	-175.017615	0.218000	10.310000
221	-174.947615	0.218000	10.150000
222	-174.937615	0.222000	10.360000
223	-174.777615	0.222000	10.330000
224	-174.747615	0.224000	10.200000
225	-174.637615	0.224000	10.160000
226	-174.637615	0.226000	10.390000
227	-174.477615	0.226000	10.250000
228	-174.477615	0.228000	10.530000
229	-174.397615	0.228000	10.280000
230	-174.387615	0.232000	10.020000
231	-174.307615	0.232000	10.230000
232	-174.227615	0.232000	10.430000
233	-174.047615	0.234000	10.480000
234	-174.017615	0.234000	10.460000
235	-173.637615	0.236000	10.190000
236	-173.497615	0.238000	10.350000
237	-173.497615	0.238000	10.280000
238	-173.397615	0.240000	10.770000
239	-173.387615	0.240000	10.420000
240	-173.377615	0.240000	10.460000
241	-173.357615	0.242000	10.260000
242	-173.187615	0.246000	10.210000
243	-173.187615	0.244000	10.520000
244	-173.157615	0.246000	10.520000
245	-173.027615	0.246000	10.670000
246	-172.957615	0.248000	10.250000
247	-172.847615	0.248000	10.370000
248	-172.757615	0.248000	10.460000
249	-172.677615	0.250000	10.440000
250	-172.667615	0.251000	10.510000
251	-172.577615	0.251000	10.320000
252	-172.547615	0.253000	10.540000
253	-172.387615	0.255000	10.530000
254	-172.327615	0.255000	10.220000
255	-172.217615	0.255000	10.380000
256	-172.137615	0.257000	10.560000
257	-172.027615	0.259000	10.500000
258	-171.947615	0.259000	10.350000
259	-171.927615	0.261000	10.730000
260	-171.867615	0.261000	10.530000
261	-171.797615	0.263000	10.430000
262	-171.747615	0.263000	10.680000
263	-171.717615	0.265000	10.440000
264	-171.527615	0.265000	10.380000
265	-171.507615	0.267000	10.440000
266	-171.487615	0.267000	10.450000
267	-171.447615	0.269000	10.370000
268	-171.437615	0.269000	10.340000
269	-171.377615	0.271000	10.610000
270	-171.167615	0.271000	10.500000
271	-171.147615	0.271000	10.410000
272	-171.037615	0.273000	10.520000
273	-171.017615	0.275000	10.650000
274	-170.937615	0.275000	10.570000
275	-170.887615	0.277000	10.510000
276	-170.817615	0.277000	10.640000
277	-170.737615	0.279000	10.530000
278	-170.597615	0.279000	10.490000
279	-170.477615	0.279000	10.720000
280	-170.387615	0.281000	10.610000
281	-170.297615	0.283000	10.870000
282	-170.187615	0.281000	10.530000
283	-170.077615	0.285000	10.410000
284	-170.027615	0.285000	10.530000
285	-169.947615	0.287000	10.440000
286	-169.907615	0.287000	10.620000
287	-169.867615	0.287000	10.360000
288	-169.857615	0.289000	10.460000
289	-169.737615	0.291000	10.360000
290	-169.617615	0.291000	10.500000
291	-169.557615	0.292000	10.700000
292	-169.497615	0.292000	10.520000
293	-169.357615	0.294000	10.400000
294	-169.207615	0.296000	10.910000
295	-169.077615	0.296000	10.930000
296	-168.897615	0.298000	10.700000
297	-168.877615	0.298000	10.490000
298	-168.807615	0.300000	10.980000
299	-168.757615	0.300000	10.770000
300	-168.687615	0.302000	10.900000
301	-168.507615	0.302000	10.570000
302	-168.467615	0.302000	10.660000
303	-168.447615	0.304000	10.760000
304	-168.407615	0.308000	10.780000
305	-168.407615	0.306000	10.700000
306	-168.407615	0.308000	11.050000
307	-168.287615	0.308000	10.700000
308	-168.237615	0.310000	10.870000
309	-168.127615	0.310000	10.730000
310	-168.077615	0.314000	10.720000
311	-168.067615	0.314000	10.760000
312	-167.987615	0.316000	10.560000
313	-167.917615	0.316000	10.760000
314	-167.907615	0.318000	10.710000
315	-167.797615	0.318000	10.960000
316	-167.787615	0.320000	10.760000
317	-167.567615	0.320000	10.700000
318	-167.547615	0.322000	10.820000
319	-167.367615	0.322000	10.700000
320	-167.337615	0.324000	10.850000
321	-167.317615	0.324000	10.770000
322	-167.197615	0.326000	11.120000
323	-167.057615	0.326000	10.840000
324	-167.007615	0.328000	10.980000
325	-166.927615	0.330000	10.760000
326	-166.877615	0.330000	10.820000
327	-166.877615	0.332000	10.890000
328	-166.717615	0.332000	10.740000
329	-166.717615	0.333000	11.010000
330	-166.677615	0.333000	11.070000
331	-166.657615	0.335000	11.050000
332	-166.617615	0.335000	10.850000
333	-166.567615	0.335000	11.080000
334	-166.537615	0.337000	10.630000
335	-166.507615	0.339000	10.950000
336	-166.427615	0.339000	11.250000
337	-166.317615	0.341000	10.930000
338	-166.247615	0.341000	11.080000
339	-166.087615	0.343000	10.950000
340	-166.027615	0.343000	10.900000
341	-165.997615	0.343000	11.140000
342	-165.877615	0.343000	11.000000
343	-165.867615	0.347000	10.960000
344	-165.827615	0.347000	10.940000
345	-165.817615	0.349000	10.790000
346	-165.727615	0.349000	10.970000
347	-165.717615	0.351000	10.870000
348	-165.667615	0.351000	10.920000
349	-165.637615	0.355000	11.000000
350	-165.557615	0.355000	10.930000
351	-165.537615	0.355000	10.870000
352	-165.507615	0.355000	10.820000
353	-165.487615	0.357000	10.830000
354	-165.457615	0.357000	11.170000
355	-165.397615	0.359000	10.990000
356	-165.307615	0.359000	10.930000
357	-165.227615	0.361000	10.940000
358	-165.127615	0.361000	11.070000
359	-165.047615	0.363000	11.000000
360	-164.917615	0.363000	11.000000
361	-164.837615	0.365000	10.950000
362	-164.777615	0.365000	11.180000
363	-164.707615	0.367000	11.050000
364	-164.647615	0.367000	10.970000
365	-164.527615	0.369000	10.990000
366	-164.507615	0.371000	10.960000
367	-164.327615	0.371000	11.100000
368	-164.307615	0.371000	10.890000
369	-164.167615	0.373000	11.000000
370	-164.147615	0.373000	11.240000
371	-164.137615	0.375000	11.050000
372	-164.077615	0.375000	10.940000
373	-163.977615	0.376000	11.010000
374	-163.787615	0.376000	10.940000
375	-163.727615	0.378000	11.050000
376	-163.717615	0.378000	11.000000
377	-163.627615	0.380000	11.200000
378	-163.597615	0.380000	11.170000
379	-163.527615	0.382000	10.840000
380	-163.527615	0.382000	11.140000
381	-163.417615	0.384000	11.230000
382	-163.237615	0.384000	11.050000
383	-163.147615	0.386000	11.090000
384	-163.127615	0.386000	11.170000
385	-163.007615	0.388000	11.080000
386	-162.917615	0.388000	11.070000
387	-162.857615	0.390000	11.010000
388	-162.847615	0.390000	11.000000
389	-162.827615	0.392000	11.290000
390	-162.767615	0.392000	11.100000
391	-162.737615	0.394000	11.080000
392	-162.717615	0.394000	10.900000
393	-162.667615	0.396000	11.090000
394	-162.637615	0.398000	10.920000
395	-162.627615	0.402000	11.020000
396	-162.557615	0.400000	11.090000
397	-162.537615	0.402000	11.320000
398	-162.377615	0.402000	11.290000
399	-162.327615	0.404000	11.100000
400	-162.327615	0.404000	11.260000
401	-162.267615	0.404000	11.010000
402	-162.247615	0.406000	11.070000
403	-162.237615	0.408000	11.120000
404	-162.057615	0.408000	11.280000
405	-161.917615	0.410000	11.040000
406	-161.837615	0.410000	11.150000
407	-161.647615	0.412000	11.310000
408	-161.507615	0.412000	11.090000
409	-161.437615	0.412000	11.190000
410	-161.417615	0.414000	11.250000
411	-161.297615	0.416000	11.120000
412	-161.287615	0.416000	11.280000
413	-160.837615	0.417000	11.330000
414	-160.817615	0.417000	11.370000
415	-160.807615	0.419000	11.350000
416	-160.757615	0.419000	11.120000
417	-160.597615	0.421000	11.170000
418	-160.517615	0.423000	11.420000
419	-160.447615	0.423000	11.320000
420	-160.427615	0.425000	11.170000
421	-160.337615	0.425000	11.120000
422	-160.337615	0.427000	11.200000
423	-160.257615	0.427000	11.230000
424	-160.207615	0.429000	11.450000
425	-160.177615	0.429000	11.270000
426	-160.057615	0.431000	11.320000
427	-159.947615	0.431000	11.540000
428	-159.897615	0.433000	11.140000
429	-159.847615	0.433000	11.260000
430	-159.817615	0.435000	11.410000
431	-159.777615	0.435000	11.410000
432	-159.777615	0.435000	11.340000
433	-159.697615	0.437000	11.240000
434	-159.617615	0.437000	11.380000
435	-159.547615	0.437000	11.200000
436	-159.537615	0.441000	11.240000
437	-159.487615	0.441000	11.380000
438	-159.467615	0.443000	11.100000
439	-159.447615	0.443000	11.500000
440	-159.247615	0.443000	11.140000
441	-159.127615	0.445000	11.270000
442	-159.077615	0.447000	11.320000
443	-159.027615	0.447000	11.570000
444	-159.017615	0.449000	11.260000
445	-158.957615	0.449000	11.250000
446	-158.857615	0.451000	11.350000
447	-158.817615	0.453000	11.440000
448	-158.767615	0.453000	11.470000
449	-158.737615	0.455000	11.340000
450	-158.697615	0.455000	11.410000
451	-158.397615	0.457000	11.620000
452	-158.357615	0.457000	11.430000
453	-158.347615	0.459000	11.630000
454	-158.327615	0.459000	11.370000
455	-158.207615	0.460000	11.700000
456	-158.167615	0.460000	11.400000
457	-158.117615	0.462000	11.550000
458	-158.097615	0.462000	11.580000
459	-157.917615	0.464000	11.640000
460	-157.907615	0.464000	11.160000
461	-157.867615	0.466000	11.360000
462	-157.627615	0.466000	11.590000
463	-157.527615	0.466000	11.590000
464	-157.427615	0.468000	11.680000
465	-157.417615	0.470000	11.650000
466	-157.297615	0.470000	11.520000
467	-157.247615	0.472000	11.480000
468	-157.177615	0.474000	11.560000
469	-157.157615	0.474000	11.380000
470	-157.077615	0.474000	11.380000
471	-157.057615	0.476000	11.670000
472	-156.937615	0.478000	11.620000
473	-156.917615	0.478000	11.470000
474	-156.807615	0.480000	11.560000
475	-156.737615	0.482000	11.740000
476	-156.737615	0.484000	11.540000
477	-156.707615	0.484000	11.540000
478	-156.647615	0.484000	11.480000
479	-156.637615	0.484000	11.620000
480	-156.497615	0.488000	11.530000
481	-156.307615	0.488000	11.490000
482	-156.277615	0.490000	11.630000
483	-156.197615	0.490000	11.700000
484	-156.107615	0.492000	11.830000
485	-156.097615	0.492000	11.680000
486	-155.877615	0.496000	11.590000
487	-155.847615	0.494000	11.670000
488	-155.767615	0.496000	11.720000
489	-155.757615	0.496000	11.530000
490	-155.707615	0.498000	11.580000
491	-155.527615	0.498000	11.660000
492	-155.497615	0.500000	11.680000
493	-155.477615	0.500000	11.560000
494	-155.477615	0.501000	11.690000
495	-155.457615	0.501000	11.690000
496	-155.317615	0.503000	11.540000
497	-155.237615	0.503000	11.630000
498	-155.237615	0.505000	11.910000
499	-155.157615	0.505000	11.630000
500	-155.127615	0.507000	11.700000
501	-155.047615	0.507000	11.700000
502	-154.997615	0.509000	11.630000
503	-154.927615	0.509000	11.800000
504	-154.787615	0.511000	11.790000
505	-154.787615	0.511000	11.690000
506	-154.767615	0.513000	11.750000
507	-154.707615	0.513000	11.660000
508	-154.467615	0.515000	11.910000
509	-154.277615	0.515000	11.800000
510	-154.177615	0.517000	11.730000
511	-154.077615	0.517000	11.590000
512	-153.997615	0.519000	11.880000
513	-153.527615	0.519000	11.770000
514	-153.457615	0.521000	11.710000
515	-153.387615	0.521000	11.900000
516	-153.327615	0.523000	11.770000
517	-153.317615	0.523000	11.880000
518	-153.237615	0.527000	11.730000
519	-153.147615	0.527000	11.710000
520	-153.147615	0.527000	11.990000
521	-153.067615	0.529000	11.910000
522	-152.997615	0.529000	11.790000
523	-152.967615	0.531000	11.820000
524	-152.907615	0.531000	11.860000
525	-152.857615	0.533000	11.890000
526	-152.617615	0.533000	12.050000
527	-152.607615	0.535000	11.900000
528	-152.597615	0.535000	12.100000
529	-152.407615	0.537000	11.980000
530	-152.337615	0.537000	11.940000
531	-152.207615	0.539000	11.830000
532	-152.127615	0.539000	11.960000
533	-152.017615	0.541000	12.040000
534	-151.867615	0.541000	11.880000
535	-151.857615	0.542000	11.960000
536	-151.837615	0.542000	12.020000
537	-151.837615	0.544000	11.890000
538	-151.837615	0.544000	11.910000
539	-151.817615	0.546000	11.960000
540	-151.777615	0.546000	11.960000
541	-151.757615	0.548000	12.150000
542	-151.577615	0.548000	12.030000
543	-151.537615	0.550000	12.090000
544	-151.457615	0.550000	12.020000
545	-151.437615	0.552000	12.040000
546	-151.417615	0.552000	11.860000
547	-151.387615	0.554000	11.900000
548	-151.287615	0.554000	11.790000
549	-151.177615	0.554000	12.010000
550	-151.077615	0.556000	11.880000
551	-150.937615	0.558000	12.020000
552	-150.887615	0.558000	11.780000
553	-150.847615	0.560000	12.010000
554	-150.827615	0.560000	11.960000
555	-150.767615	0.564000	12.060000
556	-150.737615	0.564000	11.940000
557	-150.637615	0.566000	11.970000
558	-150.617615	0.566000	11.930000
559	-150.587615	0.568000	12.050000
560	-150.577615	0.568000	12.040000
561	-150.567615	0.570000	12.000000
562	-150.507615	0.570000	12.110000
563	-150.507615	0.572000	11.930000
564	-150.487615	0.572000	12.030000
565	-150.457615	0.574000	11.990000
566	-150.377615	0.574000	12.000000
567	-150.357615	0.576000	11.920000
568	-150.347615	0.576000	11.980000
569	-150.347615	0.576000	12.100000
570	-149.867615	0.578000	12.060000
571	-149.597615	0.580000	12.070000
572	-149.457615	0.578000	11.930000
573	-149.347615	0.582000	11.950000
574	-149.187615	0.582000	12.210000
575	-149.107615	0.583000	12.150000
576	-149.087615	0.583000	12.000000
577	-148.897615	0.583000	12.090000
578	-148.877615	0.585000	12.250000
579	-148.767615	0.587000	12.100000
580	-148.767615	0.587000	12.060000
581	-148.727615	0.589000	12.180000
582	-148.707615	0.589000	11.940000
583	-148.617615	0.591000	12.010000
584	-148.597615	0.591000	12.160000
585	-148.497615	0.591000	12.410000
586	-148.357615	0.593000	12.000000
587	-148.287615	0.595000	12.360000
588	-148.257615	0.595000	12.130000
589	-148.237615	0.597000	12.180000
590	-148.217615	0.597000	12.140000
591	-148.097615	0.599000	12.130000
592	-148.097615	0.599000	11.940000
593	-148.087615	0.601000	12.220000
594	-148.057615	0.601000	12.040000
595	-147.857615	0.603000	11.970000
596	-147.697615	0.603000	12.060000
597	-147.677615	0.605000	12.220000
598	-147.657615	0.605000	12.220000
599	-147.627615	0.607000	12.760000
600	-147.627615	0.607000	12.130000
601	-147.617615	0.607000	12.150000
602	-147.587615	0.609000	12.180000
603	-147.457615	0.611000	12.290000
604	-147.227615	0.611000	12.060000
605	-147.187615	0.613000	12.050000
606	-147.147615	0.613000	12.100000
607	-146.757615	0.615000	12.200000
608	-146.717615	0.615000	12.070000
609	-146.627615	0.615000	12.190000
610	-146.537615	0.617000	12.150000
611	-146.537615	0.619000	12.220000
612	-146.527615	0.621000	12.130000
613	-146.467615	0.621000	12.280000
614	-146.257615	0.623000	12.030000
615	-146.207615	0.623000	12.100000
616	-146.187615	0.623000	12.190000
617	-146.167615	0.625000	12.130000
618	-145.807615	0.626000	12.340000
619	-145.767615	0.625000	12.090000
620	-145.737615	0.628000	12.320000
621	-145.677615	0.628000	12.280000
622	-145.507615	0.630000	12.060000
623	-145.477615	0.630000	12.190000
624	-145.477615	0.630000	12.140000
625	-145.427615	0.632000	12.480000
626	-145.367615	0.634000	12.370000
627	-145.327615	0.634000	12.460000
628	-145.307615	0.636000	12.290000
629	-145.307615	0.636000	12.400000
630	-145.307615	0.638000	12.340000
631	-145.137615	0.638000	12.520000
632	-145.117615	0.638000	12.230000
633	-145.097615	0.640000	12.300000
634	-145.097615	0.640000	12.340000
635	-145.027615	0.642000	12.150000
636	-145.027615	0.644000	12.260000
637	-144.827615	0.644000	12.370000
638	-144.767615	0.648000	12.570000
639	-144.677615	0.648000	12.590000
640	-144.607615	0.650000	12.530000
641	-144.577615	0.652000	12.280000
642	-144.537615	0.652000	12.640000
643	-144.447615	0.652000	12.680000
644	-144.447615	0.654000	12.440000
645	-144.177615	0.654000	12.340000
646	-144.147615	0.656000	12.300000
647	-144.107615	0.656000	12.580000
648	-144.067615	0.658000	12.570000
649	-143.997615	0.658000	12.460000
650	-143.967615	0.660000	12.370000
651	-143.697615	0.660000	12.410000
652	-143.637615	0.662000	12.530000
653	-143.577615	0.662000	12.480000
654	-143.567615	0.664000	12.570000
655	-143.507615	0.664000	12.300000
656	-143.357615	0.666000	12.490000
657	-143.347615	0.666000	12.460000
658	-143.307615	0.667000	12.440000
659	-143.197615	0.667000	12.640000
660	-143.137615	0.669000	12.470000
661	-142.977615	0.669000	12.500000
662	-142.937615	0.671000	12.640000
663	-142.897615	0.671000	12.590000
664	-142.777615	0.671000	12.500000
665	-142.777615	0.673000	12.650000
666	-142.767615	0.675000	12.560000
667	-142.717615	0.675000	12.470000
668	-142.657615	0.677000	12.570000
669	-142.657615	0.677000	12.570000
670	-142.517615	0.679000	12.700000
671	-142.517615	0.679000	12.430000
672	-142.447615	0.681000	12.510000
673	-142.347615	0.683000	12.600000
674	-142.277615	0.683000	12.330000
675	-142.177615	0.683000	12.460000
676	-142.167615	0.685000	12.670000
677	-142.157615	0.685000	12.650000
678	-142.137615	0.687000	12.530000
679	-141.997615	0.687000	12.620000
680	-141.807615	0.689000	12.480000
681	-141.707615	0.689000	12.530000
682	-141.687615	0.691000	12.610000
683	-141.677615	0.691000	12.760000
684	-141.667615	0.693000	12.590000
685	-141.597615	0.693000	12.610000
686	-141.497615	0.695000	12.680000
687	-141.477615	0.695000	12.840000
688	-141.327615	0.697000	12.600000
689	-141.127615	0.697000	12.730000
690	-141.027615	0.699000	12.600000
691	-140.947615	0.699000	12.980000
692	-140.637615	0.701000	12.760000
693	-140.587615	0.701000	12.910000
694	-140.577615	0.703000	12.720000
695	-140.317615	0.703000	12.860000
696	-140.237615	0.705000	12.930000
697	-140.207615	0.707000	12.740000
698	-140.127615	0.707000	12.590000
699	-140.077615	0.709000	12.870000
700	-140.047615	0.709000	12.740000
701	-140.047615	0.710000	12.790000
702	-140.027615	0.710000	12.620000
703	-139.937615	0.712000	12.780000
704	-139.917615	0.712000	12.820000
705	-139.807615	0.714000	12.790000
706	-139.637615	0.714000	12.690000
707	-139.577615	0.716000	12.620000
708	-139.507615	0.716000	12.570000
709	-139.507615	0.718000	12.570000
710	-139.467615	0.718000	12.890000
711	-139.327615	0.720000	12.780000
712	-139.247615	0.720000	12.860000
713	-139.177615	0.722000	12.660000
714	-139.177615	0.722000	12.950000
715	-139.147615	0.724000	12.750000
716	-139.127615	0.726000	12.790000
717	-138.897615	0.726000	13.010000
718	-138.817615	0.728000	12.900000
719	-138.767615	0.728000	12.810000
720	-138.647615	0.732000	12.950000
721	-138.637615	0.732000	13.030000
722	-138.607615	0.732000	13.030000
723	-138.577615	0.734000	13.010000
724	-138.507615	0.736000	13.040000
725	-138.467615	0.736000	12.860000
726	-138.337615	0.738000	12.900000
727	-138.227615	0.738000	12.960000
728	-138.227615	0.740000	13.050000
729	-138.217615	0.740000	12.680000
730	-138.217615	0.740000	13.210000
731	-138.117615	0.742000	12.970000
732	-138.107615	0.744000	12.910000
733	-138.067615	0.746000	13.060000
734	-138.047615	0.746000	13.320000
735	-137.977615	0.746000	13.180000
736	-137.907615	0.748000	12.970000
737	-137.797615	0.748000	13.040000
738	-137.747615	0.748000	13.030000
739	-137.667615	0.750000	13.200000
740	-137.557615	0.751000	13.000000
741	-137.547615	0.751000	13.000000
742	-137.447615	0.753000	12.930000
743	-137.437615	0.753000	12.890000
744	-137.377615	0.755000	13.150000
745	-137.307615	0.755000	13.090000
746	-137.127615	0.755000	13.050000
747	-137.037615	0.757000	12.850000
748	-137.017615	0.759000	13.180000
749	-136.977615	0.759000	13.390000
750	-136.897615	0.761000	13.020000
751	-136.887615	0.761000	13.080000
752	-136.847615	0.763000	13.000000
753	-136.837615	0.763000	13.010000
754	-136.817615	0.763000	13.270000
755	-136.777615	0.765000	13.040000
756	-136.717615	0.767000	13.200000
757	-136.587615	0.765000	13.010000
758	-136.517615	0.769000	13.150000
759	-136.477615	0.769000	13.070000
760	-136.387615	0.771000	13.040000
761	-136.237615	0.771000	13.020000
762	-136.217615	0.771000	13.150000
763	-136.057615	0.773000	13.050000
764	-136.027615	0.775000	13.060000
765	-136.017615	0.775000	13.340000
766	-135.907615	0.775000	13.040000
767	-135.907615	0.777000	13.160000
768	-135.877615	0.779000	13.230000
769	-135.747615	0.779000	13.110000
770	-135.727615	0.779000	13.110000
771	-135.617615	0.781000	13.160000
772	-135.607615	0.783000	12.990000
773	-135.547615	0.783000	13.050000
774	-135.377615	0.785000	13.090000
775	-135.377615	0.785000	13.280000
776	-135.187615	0.787000	13.110000
777	-135.057615	0.789000	13.170000
778	-134.747615	0.789000	13.290000
779	-134.697615	0.791000	13.390000
780	-134.547615	0.791000	13.460000
781	-134.507615	0.792000	13.150000
782	-134.457615	0.792000	13.220000
783	-134.387615	0.794000	13.310000
784	-134.037615	0.794000	13.200000
785	-134.027615	0.794000	13.370000
786	-133.987615	0.796000	13.170000
787	-133.967615	0.798000	13.210000
788	-133.957615	0.796000	13.320000
789	-133.787615	0.800000	13.290000
790	-133.757615	0.800000	13.170000
791	-133.677615	0.802000	13.320000
792	-133.667615	0.802000	13.170000
793	-133.587615	0.802000	13.340000
794	-133.467615	0.804000	13.310000
795	-133.427615	0.808000	13.120000
796	-133.427615	0.808000	13.350000
797	-133.367615	0.806000	13.140000
798	-133.297615	0.808000	13.260000
799	-133.267615	0.810000	13.390000
800	-133.107615	0.810000	13.460000
801	-133.037615	0.814000	13.450000
802	-133.007615	0.814000	13.340000
803	-132.987615	0.816000	13.270000
804	-132.967615	0.816000	13.390000
805	-132.677615	0.818000	13.380000
806	-132.677615	0.818000	13.290000
807	-132.637615	0.820000	13.370000
808	-132.457615	0.824000	13.480000
809	-132.347615	0.822000	13.130000
810	-132.277615	0.824000	13.530000
811	-132.097615	0.824000	13.510000
812	-132.067615	0.826000	13.590000
813	-131.967615	0.826000	13.520000
814	-131.967615	0.828000	13.350000
815	-131.887615	0.828000	13.550000
816	-131.817615	0.828000	13.510000
817	-131.617615	0.830000	13.370000
818	-131.517615	0.832000	13.370000
819	-131.517615	0.832000	13.490000
820	-131.427615	0.833000	13.290000
821	-131.387615	0.833000	13.380000
822	-131.247615	0.835000	13.460000
823	-131.127615	0.835000	13.470000
824	-131.127615	0.837000	13.630000
825	-131.047615	0.837000	13.390000
826	-131.037615	0.839000	13.340000
827	-131.037615	0.839000	13.460000
828	-130.967615	0.841000	13.620000
829	-130.937615	0.841000	13.530000
830	-130.877615	0.843000	13.450000
831	-130.857615	0.843000	13.570000
832	-130.767615	0.845000	13.450000
833	-130.747615	0.845000	13.420000
834	-130.597615	0.847000	13.330000
835	-130.557615	0.847000	13.590000
836	-130.547615	0.849000	13.590000
837	-130.507615	0.849000	13.480000
838	-130.467615	0.851000	13.590000
839	-130.377615	0.851000	13.520000
840	-130.307615	0.853000	13.430000
841	-130.137615	0.855000	13.600000
842	-129.877615	0.855000	13.620000
843	-129.707615	0.855000	13.550000
844	-129.627615	0.857000	13.440000
845	-129.417615	0.857000	13.610000
846	-129.347615	0.859000	13.570000
847	-129.337615	0.859000	13.490000
848	-129.267615	0.859000	13.580000
849	-129.187615	0.861000	13.550000
850	-129.177615	0.863000	13.630000
851	-129.167615	0.863000	13.550000
852	-129.157615	0.865000	13.530000
853	-128.877615	0.865000	13.550000
854	-128.747615	0.867000	13.730000
855	-128.647615	0.867000	13.700000
856	-128.637615	0.869000	13.570000
857	-128.557615	0.869000	13.590000
858	-128.547615	0.871000	13.550000
859	-128.517615	0.871000	13.820000
860	-128.507615	0.873000	13.970000
861	-128.477615	0.873000	13.640000
862	-128.477615	0.875000	13.600000
863	-128.407615	0.875000	13.550000
864	-128.407615	0.876000	13.760000
865	-128.317615	0.876000	13.660000
866	-128.257615	0.878000	13.650000
867	-128.247615	0.878000	13.680000
868	-128.227615	0.880000	13.850000
869	-128.207615	0.882000	13.530000
870	-128.207615	0.882000	13.790000
871	-128.147615	0.884000	13.650000
872	-128.137615	0.884000	13.850000
873	-128.117615	0.886000	13.590000
874	-127.887615	0.886000	13.720000
875	-127.787615	0.888000	13.850000
876	-127.757615	0.888000	13.730000
877	-127.687615	0.890000	13.650000
878	-127.527615	0.890000	13.810000
879	-127.407615	0.892000	13.730000
880	-127.367615	0.890000	13.780000
881	-127.337615	0.894000	13.720000
882	-127.127615	0.894000	13.670000
883	-127.087615	0.896000	13.770000
884	-126.817615	0.898000	13.760000
885	-126.787615	0.900000	13.780000
886	-126.767615	0.900000	13.760000
887	-126.397615	0.902000	13.870000
888	-126.397615	0.902000	13.910000
889	-126.247615	0.904000	13.830000
890	-126.117615	0.904000	13.780000
891	-126.117615	0.906000	14.040000
892	-126.057615	0.906000	13.790000
893	-126.047615	0.908000	13.720000
894	-125.937615	0.908000	13.880000
895	-125.877615	0.910000	13.810000
896	-125.847615	0.910000	13.840000
897	-125.817615	0.912000	13.970000
898	-125.817615	0.912000	13.800000
899	-125.787615	0.912000	13.780000
900	-125.727615	0.914000	13.850000
901	-125.687615	0.917000	13.690000
902	-125.677615	0.916000	13.880000
903	-125.547615	0.917000	13.810000
904	-125.517615	0.917000	13.980000
905	-125.237615	0.919000	13.840000
906	-125.147615	0.919000	13.840000
907	-124.987615	0.919000	13.960000
908	-124.907615	0.921000	13.750000
909	-124.877615	0.921000	13.760000
910	-124.807615	0.923000	13.860000
911	-124.737615	0.925000	13.820000
912	-124.697615	0.925000	13.760000
913	-124.527615	0.927000	13.910000
914	-124.507615	0.927000	14.050000
915	-124.487615	0.927000	13.910000
916	-124.207615	0.929000	13.990000
917	-124.157615	0.931000	13.930000
918	-124.137615	0.931000	13.780000
919	-124.077615	0.933000	13.910000
920	-124.067615	0.933000	13.920000
921	-123.997615	0.935000	14.070000
922	-123.907615	0.935000	13.890000
923	-123.887615	0.935000	13.890000
924	-123.837615	0.937000	13.880000
925	-123.497615	0.939000	14.000000
926	-123.487615	0.937000	13.830000
927	-123.397615	0.941000	13.980000
928	-123.347615	0.941000	14.130000
929	-123.277615	0.943000	14.050000
930	-123.267615	0.943000	13.920000
931	-123.257615	0.943000	13.980000
932	-123.197615	0.945000	13.950000
933	-123.167615	0.949000	13.980000
934	-123.097615	0.947000	14.110000
935	-123.057615	0.949000	13.910000
936	-123.017615	0.949000	13.890000
937	-122.887615	0.951000	14.130000
938	-122.847615	0.951000	13.940000
939	-122.617615	0.951000	14.060000
940	-122.567615	0.953000	14.060000
941	-122.547615	0.955000	13.890000
942	-122.477615	0.955000	14.250000
943	-122.087615	0.957000	14.220000
944	-121.977615	0.957000	13.840000
945	-121.847615	0.959000	14.240000
946	-121.577615	0.959000	14.080000
947	-121.487615	0.959000	14.080000
948	-121.357615	0.960000	14.050000
949	-121.317615	0.962000	13.900000
950	-121.287615	0.962000	14.080000
951	-121.277615	0.964000	14.210000
952	-121.217615	0.964000	14.070000
953	-121.217615	0.966000	14.090000
954	-121.187615	0.966000	13.850000
955	-121.177615	0.966000	14.200000
956	-121.177615	0.968000	13.950000
957	-121.157615	0.970000	14.100000
958	-121.157615	0.970000	14.170000
959	-121.147615	0.972000	13.980000
960	-121.147615	0.972000	14.120000
961	-121.057615	0.974000	13.860000
962	-120.907615	0.974000	14.130000
963	-120.737615	0.974000	14.040000
964	-120.727615	0.976000	14.120000
965	-120.727615	0.978000	14.210000
966	-120.707615	0.978000	14.150000
967	-120.707615	0.980000	14.260000
968	-120.697615	0.982000	13.900000
969	-120.657615	0.984000	14.170000
970	-120.567615	0.984000	14.210000
971	-120.277615	0.986000	14.400000
972	-120.247615	0.986000	14.150000
973	-120.247615	0.988000	14.050000
974	-120.157615	0.988000	14.250000
975	-120.117615	0.990000	14.090000
976	-119.997615	0.990000	14.340000
977	-119.957615	0.992000	14.240000
978	-119.917615	0.992000	14.410000
979	-119.877615	0.994000	14.330000
980	-119.867615	0.994000	14.130000
981	-119.857615	0.996000	14.330000
982	-119.827615	0.996000	14.340000
983	-119.737615	0.998000	14.120000
984	-119.727615	0.998000	14.250000
985	-119.627615	1.000000	14.240000
986	-119.507615	1.000000	14.160000
987	-119.437615	1.001000	14.300000
988	-119.397615	1.001000	14.180000
989	-119.377615	1.003000	14.180000
990	-119.297615	1.003000	14.310000
991	-119.267615	1.005000	14.280000
992	-119.267615	1.005000	14.430000
993	-119.197615	1.007000	14.330000
994	-119.117615	1.007000	14.370000
995	-119.107615	1.009000	14.320000
996	-119.057615	1.011000	14.110000
997	-119.017615	1.011000	14.330000
998	-118.557615	1.011000	14.270000
999	-118.337615	1.013000	14.310000
1000	-118.247615	1.013000	14.420000
1001	-118.147615	1.015000	14.280000
1002	-118.117615	1.015000	14.320000
1003	-117.717615	1.017000	14.420000
1004	-117.447615	1.017000	14.440000
1005	-117.427615	1.019000	14.290000
1006	-117.407615	1.019000	14.290000
1007	-117.367615	1.021000	14.440000
1008	-117.227615	1.021000	14.370000
1009	-117.167615	1.023000	14.420000
1010	-117.157615	1.023000	14.460000
1011	-117.147615	1.025000	14.360000
1012	-117.147615	1.025000	14.470000
1013	-117.127615	1.027000	14.440000
1014	-117.117615	1.027000	14.310000
1015	-117.017615	1.027000	14.390000
1016	-117.017615	1.029000	14.380000
1017	-117.017615	1.031000	14.280000
1018	-116.997615	1.031000	14.430000
1019	-116.897615	1.033000	14.410000
1020	-116.887615	1.033000	14.220000
1021	-116.887615	1.035000	14.390000
1022	-116.837615	1.035000	14.300000
1023	-116.817615	1.037000	14.450000
1024	-116.707615	1.037000	14.540000
1025	-116.657615	1.039000	14.290000
1026	-116.497615	1.039000	14.260000
1027	-116.387615	1.041000	14.340000
1028	-116.247615	1.041000	14.460000
1029	-116.177615	1.042000	14.420000
1030	-116.157615	1.042000	14.490000
1031	-116.147615	1.044000	14.440000
1032	-116.127615	1.044000	14.320000
1033	-116.127615	1.046000	14.330000
1034	-116.097615	1.046000	14.320000
1035	-115.947615	1.048000	14.360000
1036	-115.837615	1.048000	14.560000
1037	-115.627615	1.050000	14.410000
1038	-115.607615	1.050000	14.520000
1039	-115.597615	1.052000	14.310000
1040	-115.567615	1.052000	14.390000
1041	-115.507615	1.054000	14.480000
1042	-115.507615	1.054000	14.390000
1043	-115.367615	1.056000	14.440000
1044	-115.347615	1.056000	14.630000
1045	-115.347615	1.058000	14.590000
1046	-115.317615	1.058000	14.520000
1047	-115.287615	1.058000	14.360000
1048	-114.797615	1.060000	14.580000
1049	-114.757615	1.064000	14.780000
1050	-114.687615	1.064000	14.500000
1051	-114.527615	1.066000	14.680000
1052	-114.407615	1.066000	14.470000
1053	-114.347615	1.068000	14.580000
1054	-114.277615	1.068000	14.650000
1055	-114.237615	1.068000	14.500000
1056	-114.237615	1.070000	14.600000
1057	-114.177615	1.072000	14.770000
1058	-114.077615	1.072000	14.470000
1059	-114.047615	1.074000	14.680000
1060	-113.917615	1.074000	14.680000
1061	-113.847615	1.076000	14.610000
1062	-113.797615	1.076000	14.520000
1063	-113.787615	1.076000	14.600000
1064	-113.657615	1.078000	14.770000
1065	-113.657615	1.080000	14.640000
1066	-113.397615	1.078000	14.640000
1067	-113.397615	1.080000	14.700000
1068	-113.367615	1.082000	14.730000
1069	-113.297615	1.083000	14.630000
1070	-113.277615	1.083000	14.660000
1071	-113.207615	1.083000	14.700000
1072	-113.097615	1.085000	14.790000
1073	-112.947615	1.087000	14.680000
1074	-112.927615	1.087000	14.620000
1075	-112.917615	1.089000	14.600000
1076	-112.847615	1.089000	14.460000
1077	-112.797615	1.091000	14.710000
1078	-112.757615	1.091000	14.730000
1079	-112.687615	1.091000	14.670000
1080	-112.497615	1.093000	14.800000
1081	-112.397615	1.095000	14.720000
1082	-112.367615	1.095000	14.780000
1083	-112.167615	1.097000	14.760000
1084	-112.037615	1.097000	14.720000
1085	-111.977615	1.099000	14.750000
1086	-111.877615	1.099000	14.750000
1087	-111.847615	1.099000	14.820000
1088	-111.747615	1.101000	14.720000
1089	-111.647615	1.105000	14.840000
1090	-111.557615	1.105000	14.680000
1091	-111.487615	1.105000	14.800000
1092	-111.457615	1.107000	14.790000
1093	-111.397615	1.107000	14.870000
1094	-111.297615	1.107000	14.740000
1095	-111.197615	1.109000	14.760000
1096	-111.067615	1.111000	14.800000
1097	-111.067615	1.111000	14.740000
1098	-110.897615	1.111000	14.850000
1099	-110.837615	1.113000	14.790000
1100	-110.707615	1.115000	14.810000
1101	-110.677615	1.115000	14.860000
1102	-110.677615	1.115000	15.010000
1103	-110.557615	1.117000	13.730000
1104	-110.547615	1.119000	14.890000
1105	-110.517615	1.119000	14.790000
1106	-110.457615	1.121000	14.850000
1107	-110.457615	1.121000	15.110000
1108	-110.357615	1.123000	14.760000
1109	-110.257615	1.123000	13.600000
1110	-110.167615	1.125000	14.890000
1111	-110.167615	1.125000	13.640000
1112	-110.167615	1.126000	13.560000
1113	-109.967615	1.126000	15.110000
1114	-109.937615	1.128000	14.270000
1115	-109.897615	1.128000	14.880000
1116	-109.867615	1.130000	13.580000
1117	-109.837615	1.130000	14.960000
1118	-109.737615	1.130000	13.730000
1119	-109.707615	1.132000	13.680000
1120	-109.637615	1.134000	13.710000
1121	-109.637615	1.136000	13.690000
1122	-109.637615	1.136000	13.680000
1123	-109.617615	1.136000	15.050000
1124	-109.517615	1.138000	13.590000
1125	-109.507615	1.138000	14.970000
1126	-109.507615	1.138000	13.800000
1127	-109.397615	1.140000	13.730000
1128	-109.347615	1.140000	13.680000
1129	-109.207615	1.142000	13.610000
1130	-109.057615	1.142000	13.620000
1131	-108.967615	1.144000	13.550000
1132	-108.837615	1.148000	13.590000
1133	-108.807615	1.148000	13.670000
1134	-108.707615	1.150000	13.780000
1135	-108.577615	1.150000	13.830000
1136	-108.487615	1.152000	13.720000
1137	-108.277615	1.152000	13.770000
1138	-108.227615	1.154000	13.960000
1139	-108.157615	1.154000	13.740000
1140	-108.057615	1.156000	13.740000
1141	-107.917615	1.156000	13.800000
1142	-107.897615	1.158000	13.750000
1143	-107.697615	1.158000	13.880000
1144	-107.697615	1.160000	13.710000
1145	-107.627615	1.160000	13.940000
1146	-107.557615	1.162000	13.820000
1147	-107.517615	1.162000	13.920000
1148	-107.507615	1.164000	13.650000
1149	-107.497615	1.164000	13.610000
1150	-107.467615	1.166000	13.740000
1151	-107.197615	1.166000	13.940000
1152	-107.187615	1.167000	13.800000
1153	-107.177615	1.167000	13.700000
1154	-107.127615	1.169000	13.790000
1155	-107.127615	1.169000	13.670000
1156	-107.057615	1.171000	13.850000
1157	-107.027615	1.171000	13.910000
1158	-106.867615	1.173000	13.740000
1159	-106.657615	1.171000	13.810000
1160	-106.627615	1.175000	13.770000
1161	-106.617615	1.175000	13.960000
1162	-106.557615	1.177000	13.850000
1163	-106.517615	1.177000	13.870000
1164	-106.447615	1.179000	14.020000
1165	-106.227615	1.179000	13.780000
1166	-106.157615	1.181000	14.090000
1167	-105.977615	1.181000	13.700000
1168	-105.937615	1.183000	13.600000
1169	-105.917615	1.183000	13.830000
1170	-105.847615	1.185000	13.710000
1171	-105.817615	1.185000	13.720000
1172	-105.767615	1.187000	14.010000
1173	-105.627615	1.187000	14.080000
1174	-105.547615	1.189000	13.790000
1175	-105.507615	1.189000	13.910000
1176	-105.477615	1.191000	14.330000
1177	-105.377615	1.191000	13.920000
1178	-105.287615	1.193000	13.980000
1179	-105.037615	1.193000	13.940000
1180	-105.017615	1.195000	14.050000
1181	-104.937615	1.195000	13.960000
1182	-104.827615	1.197000	13.800000
1183	-104.717615	1.199000	13.990000
1184	-104.667615	1.199000	14.150000
1185	-104.617615	1.199000	13.970000
1186	-104.567615	1.201000	13.950000
1187	-104.437615	1.201000	13.960000
1188	-104.407615	1.203000	13.990000
1189	-104.387615	1.203000	14.070000
1190	-104.327615	1.205000	13.950000
1191	-104.217615	1.203000	14.060000
1192	-104.067615	1.207000	13.810000
1193	-104.057615	1.207000	14.220000
1194	-103.987615	1.209000	14.230000
1195	-103.727615	1.209000	14.170000
1196	-103.707615	1.210000	15.320000
1197	-103.677615	1.210000	14.260000
1198	-103.667615	1.212000	14.060000
1199	-103.577615	1.212000	14.180000
1200	-103.567615	1.214000	14.100000
1201	-103.567615	1.214000	14.190000
1202	-103.557615	1.216000	14.040000
1203	-103.547615	1.216000	15.400000
1204	-103.397615	1.218000	15.430000
1205	-103.387615	1.218000	15.350000
1206	-103.307615	1.220000	14.070000
1207	-103.207615	1.220000	15.480000
1208	-103.187615	1.222000	14.040000
1209	-103.057615	1.222000	15.440000
1210	-103.017615	1.224000	15.550000
1211	-102.887615	1.224000	15.460000
1212	-102.757615	1.226000	14.110000
1213	-102.757615	1.226000	14.050000
1214	-102.737615	1.228000	14.790000
1215	-102.637615	1.230000	15.490000
1216	-102.547615	1.232000	14.040000
1217	-102.427615	1.232000	15.620000
1218	-102.377615	1.232000	13.970000
1219	-102.377615	1.234000	14.010000
1220	-102.337615	1.236000	14.180000
1221	-102.267615	1.236000	14.060000
1222	-102.247615	1.238000	14.030000
1223	-102.247615	1.238000	15.190000
1224	-102.117615	1.240000	15.490000
1225	-102.047615	1.240000	14.000000
1226	-101.917615	1.240000	14.140000
1227	-101.737615	1.242000	15.510000
1228	-101.597615	1.244000	15.640000
1229	-101.557615	1.244000	15.570000
1230	-101.467615	1.246000	15.670000
1231	-101.327615	1.246000	15.570000
1232	-100.927615	1.248000	15.640000
1233	-100.857615	1.248000	15.610000
1234	-100.827615	1.248000	15.760000
1235	-100.807615	1.250000	15.590000
1236	-100.797615	1.250000	15.500000
1237	-100.767615	1.251000	15.500000
1238	-100.677615	1.253000	15.630000
1239	-100.637615	1.253000	15.760000
1240	-100.557615	1.255000	15.410000
1241	-100.477615	1.255000	15.470000
1242	-100.477615	1.255000	15.620000
1243	-100.457615	1.257000	15.640000
1244	-100.387615	1.261000	15.480000
1245	-100.307615	1.259000	15.550000
1246	-100.257615	1.261000	15.580000
1247	-100.237615	1.261000	15.740000
1248	-99.997615	1.263000	15.760000
1249	-99.927615	1.263000	15.600000
1250	-99.907615	1.263000	15.590000
1251	-99.847615	1.265000	15.580000
1252	-99.847615	1.267000	15.640000
1253	-99.707615	1.267000	15.780000
1254	-99.697615	1.269000	15.740000
1255	-99.517615	1.269000	15.580000
1256	-99.427615	1.271000	15.670000
1257	-99.177615	1.271000	15.850000
1258	-99.167615	1.271000	15.810000
1259	-99.127615	1.273000	15.640000
1260	-98.827615	1.275000	15.900000
1261	-98.797615	1.275000	15.790000
1262	-98.787615	1.277000	15.860000
1263	-98.627615	1.277000	15.870000
1264	-98.577615	1.279000	15.860000
1265	-98.577615	1.279000	15.900000
1266	-98.467615	1.279000	15.700000
1267	-98.407615	1.281000	15.770000
1268	-98.377615	1.283000	15.830000
1269	-98.327615	1.283000	15.720000
1270	-98.297615	1.285000	15.920000
1271	-98.287615	1.285000	15.810000
1272	-98.257615	1.287000	15.920000
1273	-98.197615	1.287000	15.800000
1274	-98.147615	1.289000	15.810000
1275	-98.077615	1.289000	15.890000
1276	-97.997615	1.291000	15.820000
1277	-97.967615	1.291000	15.800000
1278	-97.847615	1.292000	15.650000
1279	-97.847615	1.292000	15.810000
1280	-97.817615	1.294000	15.840000
1281	-97.747615	1.294000	16.210000
1282	-97.747615	1.294000	15.910000
1283	-97.587615	1.296000	15.700000
1284	-97.517615	1.298000	15.930000
1285	-97.277615	1.298000	15.810000
1286	-97.247615	1.300000	15.860000
1287	-97.067615	1.300000	15.950000
1288	-97.027615	1.302000	15.960000
1289	-96.997615	1.302000	15.830000
1290	-96.797615	1.302000	15.820000
1291	-96.797615	1.304000	15.860000
1292	-96.797615	1.306000	15.750000
1293	-96.767615	1.306000	15.950000
1294	-96.737615	1.308000	15.910000
1295	-96.637615	1.308000	16.030000
1296	-96.637615	1.310000	15.950000
1297	-96.597615	1.310000	15.920000
1298	-96.547615	1.314000	15.880000
1299	-96.527615	1.312000	15.770000
1300	-96.497615	1.316000	15.820000
1301	-96.447615	1.316000	15.830000
1302	-96.357615	1.318000	15.910000
1303	-96.337615	1.318000	15.920000
1304	-96.227615	1.320000	15.890000
1305	-96.207615	1.320000	15.960000
1306	-96.127615	1.322000	15.950000
1307	-96.097615	1.324000	15.940000
1308	-95.827615	1.324000	15.930000
1309	-95.527615	1.324000	15.950000
1310	-95.407615	1.326000	15.920000
1311	-95.307615	1.326000	15.930000
1312	-95.287615	1.328000	16.070000
1313	-95.287615	1.328000	15.930000
1314	-95.197615	1.330000	15.950000
1315	-94.987615	1.330000	16.020000
1316	-94.977615	1.332000	16.250000
1317	-94.947615	1.332000	15.990000
1318	-94.947615	1.332000	16.020000
1319	-94.847615	1.333000	15.870000
1320	-94.837615	1.335000	15.950000
1321	-94.827615	1.335000	16.150000
1322	-94.807615	1.337000	15.900000
1323	-94.737615	1.337000	16.090000
1324	-94.707615	1.339000	15.790000
1325	-94.677615	1.339000	16.040000
1326	-94.557615	1.341000	16.000000
1327	-94.557615	1.341000	16.000000
1328	-94.297615	1.343000	15.980000
1329	-93.957615	1.343000	16.060000
1330	-93.867615	1.345000	16.130000
1331	-93.837615	1.345000	16.190000
1332	-93.827615	1.347000	16.020000
1333	-93.667615	1.347000	16.260000
1334	-93.547615	1.349000	16.190000
1335	-93.457615	1.349000	16.200000
1336	-93.427615	1.351000	16.040000
1337	-93.277615	1.351000	16.070000
1338	-93.107615	1.353000	16.250000
1339	-93.097615	1.353000	16.300000
1340	-93.007615	1.355000	16.100000
1341	-93.007615	1.355000	16.200000
1342	-92.887615	1.357000	16.230000
1343	-92.857615	1.357000	16.280000
1344	-92.777615	1.359000	16.150000
1345	-92.727615	1.359000	16.160000
1346	-92.717615	1.361000	16.230000
1347	-92.687615	1.361000	16.160000
1348	-92.587615	1.363000	16.240000
1349	-92.537615	1.363000	16.350000
1350	-92.497615	1.363000	16.040000
1351	-92.307615	1.365000	16.200000
1352	-92.287615	1.367000	16.200000
1353	-92.227615	1.367000	16.160000
1354	-92.227615	1.369000	16.260000
1355	-92.117615	1.369000	16.060000
1356	-91.967615	1.371000	16.180000
1357	-91.917615	1.371000	16.250000
1358	-91.797615	1.373000	16.180000
1359	-91.747615	1.373000	16.330000
1360	-91.647615	1.375000	16.140000
1361	-91.577615	1.375000	16.290000
1362	-91.547615	1.375000	16.070000
1363	-91.547615	1.376000	16.230000
1364	-91.437615	1.378000	16.460000
1365	-91.407615	1.378000	16.450000
1366	-91.317615	1.380000	16.190000
1367	-91.307615	1.380000	16.370000
1368	-91.257615	1.382000	16.080000
1369	-91.237615	1.382000	16.140000
1370	-91.237615	1.384000	15.120000
1371	-91.207615	1.384000	16.210000
1372	-91.147615	1.386000	16.310000
1373	-91.087615	1.386000	16.300000
1374	-91.017615	1.388000	16.270000
1375	-90.937615	1.388000	16.210000
1376	-90.937615	1.390000	16.470000
1377	-90.877615	1.390000	16.300000
1378	-90.867615	1.392000	16.370000
1379	-90.847615	1.392000	16.470000
1380	-90.717615	1.394000	14.910000
1381	-90.697615	1.394000	15.180000
1382	-90.647615	1.396000	16.300000
1383	-90.647615	1.398000	15.150000
1384	-90.537615	1.400000	16.250000
1385	-90.527615	1.400000	16.300000
1386	-90.417615	1.402000	16.040000
1387	-90.407615	1.402000	16.510000
1388	-90.397615	1.404000	15.040000
1389	-90.357615	1.404000	16.050000
1390	-90.287615	1.406000	16.450000
1391	-90.127615	1.406000	15.010000
1392	-89.887615	1.408000	16.480000
1393	-89.837615	1.408000	14.880000
1394	-89.557615	1.410000	14.950000
1395	-89.557615	1.410000	15.050000
1396	-89.507615	1.412000	14.900000
1397	-89.397615	1.412000	15.090000
1398	-89.207615	1.412000	15.050000
1399	-88.927615	1.414000	15.010000
1400	-88.467615	1.416000	15.050000
1401	-88.427615	1.416000	15.250000
1402	-88.427615	1.416000	15.230000
1403	-88.377615	1.417000	15.140000
1404	-88.317615	1.419000	15.030000
1405	-88.277615	1.419000	15.190000
1406	-88.247615	1.419000	15.150000
1407	-88.167615	1.421000	15.290000
1408	-88.057615	1.423000	15.190000
1409	-88.027615	1.423000	15.040000
1410	-88.007615	1.425000	15.220000
1411	-87.987615	1.425000	15.290000
1412	-87.987615	1.427000	15.350000
1413	-87.917615	1.427000	15.270000
1414	-87.867615	1.429000	15.200000
1415	-87.817615	1.429000	15.190000
1416	-87.787615	1.431000	15.420000
1417	-87.687615	1.431000	15.280000
1418	-87.627615	1.433000	15.180000
1419	-87.537615	1.433000	15.340000
1420	-87.417615	1.435000	15.090000
1421	-87.297615	1.435000	15.260000
1422	-86.987615	1.435000	15.070000
1423	-86.957615	1.437000	15.380000
1424	-86.947615	1.439000	15.240000
1425	-86.937615	1.439000	15.190000
1426	-86.897615	1.441000	15.250000
1427	-86.847615	1.441000	15.290000
1428	-86.817615	1.443000	15.220000
1429	-86.777615	1.443000	15.150000
1430	-86.757615	1.443000	15.360000
1431	-86.627615	1.445000	15.510000
1432	-86.557615	1.447000	15.210000
1433	-86.437615	1.447000	15.350000
1434	-86.437615	1.447000	15.270000
1435	-86.417615	1.449000	15.300000
1436	-86.287615	1.451000	15.190000
1437	-86.287615	1.451000	15.430000
1438	-86.157615	1.451000	15.270000
1439	-86.107615	1.453000	15.250000
1440	-85.957615	1.455000	15.390000
1441	-85.947615	1.455000	15.270000
1442	-85.877615	1.457000	15.220000
1443	-85.837615	1.457000	15.440000
1444	-85.817615	1.459000	15.390000
1445	-85.787615	1.459000	15.310000
1446	-85.677615	1.459000	15.260000
1447	-85.617615	1.460000	15.280000
1448	-85.597615	1.462000	15.320000
1449	-85.537615	1.462000	15.360000
1450	-85.527615	1.464000	15.230000
1451	-85.477615	1.464000	15.490000
1452	-85.447615	1.466000	15.340000
1453	-85.427615	1.466000	15.390000
1454	-85.377615	1.466000	15.320000
1455	-85.327615	1.468000	15.180000
1456	-85.247615	1.468000	15.380000
1457	-85.247615	1.470000	15.370000
1458	-85.237615	1.472000	15.440000
1459	-85.207615	1.472000	15.300000
1460	-85.117615	1.474000	15.470000
1461	-85.097615	1.474000	15.270000
1462	-85.077615	1.474000	15.290000
1463	-85.067615	1.476000	15.320000
1464	-85.047615	1.478000	15.380000
1465	-85.007615	1.478000	15.310000
1466	-84.997615	1.482000	15.220000
1467	-84.997615	1.482000	15.190000
1468	-84.897615	1.484000	15.330000
1469	-84.887615	1.484000	15.340000
1470	-84.857615	1.486000	15.280000
1471	-84.747615	1.486000	15.280000
1472	-84.727615	1.488000	15.350000
1473	-84.707615	1.488000	15.370000
1474	-84.557615	1.490000	15.370000
1475	-84.537615	1.490000	15.320000
1476	-84.397615	1.492000	15.360000
1477	-83.247615	1.492000	15.570000
1478	-83.177615	1.494000	15.550000
1479	-83.137615	1.494000	15.570000
1480	-83.117615	1.496000	15.510000
1481	-83.047615	1.496000	15.540000
1482	-82.917615	1.498000	15.670000
1483	-82.607615	1.498000	15.440000
1484	-82.487615	1.500000	15.750000
1485	-82.337615	1.500000	15.690000
1486	-82.077615	1.500000	15.620000
1487	-82.037615	1.501000	15.830000
1488	-81.997615	1.503000	15.610000
1489	-81.837615	1.503000	15.650000
1490	-81.827615	1.505000	15.490000
1491	-81.777615	1.505000	15.770000
1492	-81.687615	1.507000	15.530000
1493	-81.337615	1.507000	15.720000
1494	-81.327615	1.511000	15.630000
1495	-81.317615	1.511000	17.010000
1496	-81.297615	1.511000	15.730000
1497	-81.257615	1.511000	15.620000
1498	-81.217615	1.513000	15.720000
1499	-81.217615	1.513000	15.610000
1500	-81.117615	1.515000	17.050000
1501	-81.067615	1.515000	15.700000
1502	-81.037615	1.517000	15.640000
1503	-80.987615	1.517000	15.720000
1504	-80.987615	1.519000	16.970000
1505	-80.927615	1.519000	15.920000
1506	-80.867615	1.521000	17.010000
1507	-80.707615	1.521000	15.680000
1508	-80.707615	1.523000	15.690000
1509	-80.637615	1.523000	16.960000
1510	-80.607615	1.525000	16.970000
1511	-80.487615	1.525000	15.490000
1512	-80.437615	1.527000	16.950000
1513	-80.387615	1.527000	17.110000
1514	-80.337615	1.529000	17.020000
1515	-80.277615	1.529000	17.030000
1516	-80.157615	1.531000	16.930000
1517	-80.137615	1.531000	17.070000
1518	-80.087615	1.531000	16.920000
1519	-79.937615	1.535000	17.070000
1520	-79.917615	1.535000	17.090000
1521	-79.857615	1.537000	16.880000
1522	-79.847615	1.537000	17.020000
1523	-79.717615	1.539000	15.790000
1524	-79.577615	1.539000	15.610000
1525	-79.557615	1.541000	15.630000
1526	-79.547615	1.541000	17.190000
1527	-79.497615	1.542000	15.720000
1528	-79.367615	1.542000	15.760000
1529	-79.367615	1.544000	15.930000
1530	-79.257615	1.544000	16.840000
1531	-79.227615	1.546000	15.710000
1532	-79.077615	1.546000	15.780000
1533	-78.907615	1.548000	15.920000
1534	-78.897615	1.548000	16.920000
1535	-78.847615	1.550000	16.960000
1536	-78.607615	1.550000	15.890000
1537	-78.587615	1.552000	15.830000
1538	-78.457615	1.552000	17.010000
1539	-78.437615	1.554000	16.930000
1540	-78.217615	1.554000	16.840000
1541	-78.007615	1.556000	15.740000
1542	-77.847615	1.556000	16.000000
1543	-77.827615	1.558000	15.840000
1544	-77.767615	1.558000	15.820000
1545	-77.637615	1.560000	15.840000
1546	-77.637615	1.560000	16.020000
1547	-77.527615	1.564000	15.830000
1548	-77.437615	1.564000	15.860000
1549	-77.377615	1.564000	15.990000
1550	-77.367615	1.566000	15.850000
1551	-77.267615	1.568000	15.980000
1552	-77.257615	1.568000	17.140000
1553	-77.217615	1.568000	16.060000
1554	-77.207615	1.570000	15.970000
1555	-77.177615	1.572000	15.860000
1556	-77.157615	1.572000	15.990000
1557	-77.137615	1.574000	15.910000
1558	-77.087615	1.574000	16.030000
1559	-77.027615	1.576000	15.850000
1560	-77.027615	1.576000	15.930000
1561	-76.927615	1.576000	15.800000
1562	-76.777615	1.578000	15.820000
1563	-76.707615	1.580000	15.940000
1564	-76.547615	1.580000	15.910000
1565	-76.457615	1.582000	16.000000
1566	-76.447615	1.582000	15.880000
1567	-76.387615	1.583000	15.770000
1568	-76.367615	1.583000	15.950000
1569	-76.267615	1.583000	15.910000
1570	-76.177615	1.585000	16.290000
1571	-76.047615	1.587000	16.070000
1572	-76.017615	1.587000	16.190000
1573	-75.967615	1.589000	15.980000
1574	-75.927615	1.589000	16.170000
1575	-75.857615	1.591000	15.800000
1576	-75.827615	1.591000	16.120000
1577	-75.817615	1.591000	16.160000
1578	-75.757615	1.593000	16.130000
1579	-75.717615	1.593000	16.160000
1580	-75.717615	1.597000	16.190000
1581	-75.647615	1.597000	16.100000
1582	-75.477615	1.599000	16.110000
1583	-75.337615	1.599000	16.180000
1584	-75.287615	1.599000	16.320000
1585	-75.257615	1.601000	16.050000
1586	-75.177615	1.605000	16.200000
1587	-74.997615	1.605000	16.230000
1588	-74.987615	1.605000	16.190000
1589	-74.907615	1.605000	16.150000
1590	-74.887615	1.607000	16.240000
1591	-74.797615	1.607000	16.170000
1592	-74.707615	1.607000	16.170000
1593	-74.587615	1.609000	16.310000
1594	-74.587615	1.611000	16.280000
1595	-74.497615	1.611000	16.240000
1596	-74.487615	1.613000	16.470000
1597	-74.427615	1.613000	16.010000
1598	-74.407615	1.615000	16.250000
1599	-73.797615	1.615000	16.170000
1600	-73.797615	1.617000	16.230000
1601	-73.787615	1.619000	16.220000
1602	-73.707615	1.619000	16.140000
1603	-73.667615	1.621000	16.200000
1604	-73.527615	1.621000	16.230000
1605	-73.507615	1.623000	16.160000
1606	-73.327615	1.623000	16.160000
1607	-73.327615	1.625000	16.210000
1608	-73.077615	1.625000	16.350000
1609	-72.987615	1.626000	16.220000
1610	-72.957615	1.626000	16.390000
1611	-72.867615	1.628000	16.420000
1612	-72.827615	1.628000	16.370000
1613	-72.557615	1.630000	16.120000
1614	-72.387615	1.630000	16.330000
1615	-72.297615	1.630000	16.460000
1616	-72.257615	1.632000	16.390000
1617	-72.247615	1.634000	16.540000
1618	-72.227615	1.636000	16.470000
1619	-72.137615	1.636000	16.490000
1620	-72.017615	1.638000	16.360000
1621	-71.997615	1.638000	16.540000
1622	-71.947615	1.638000	16.240000
1623	-71.947615	1.640000	16.420000
1624	-71.887615	1.640000	16.320000
1625	-71.877615	1.640000	16.390000
1626	-71.837615	1.644000	16.480000
1627	-71.627615	1.644000	16.430000
1628	-71.607615	1.648000	16.250000
1629	-71.597615	1.648000	16.350000
1630	-71.497615	1.650000	16.570000
1631	-71.447615	1.652000	16.430000
1632	-71.327615	1.652000	16.430000
1633	-71.287615	1.652000	16.370000
1634	-71.277615	1.654000	16.510000
1635	-71.237615	1.654000	16.430000
1636	-71.217615	1.656000	16.460000
1637	-71.137615	1.656000	16.380000
1638	-71.137615	1.656000	16.550000
1639	-71.087615	1.656000	16.190000
1640	-70.997615	1.660000	16.360000
1641	-70.947615	1.660000	16.550000
1642	-70.937615	1.662000	16.420000
1643	-70.927615	1.662000	16.410000
1644	-70.827615	1.664000	16.350000
1645	-70.757615	1.664000	16.400000
1646	-70.727615	1.666000	16.410000
1647	-70.407615	1.666000	16.480000
1648	-70.397615	1.667000	16.510000
1649	-70.357615	1.667000	16.330000
1650	-70.337615	1.667000	16.560000
1651	-70.287615	1.669000	16.350000
1652	-70.027615	1.671000	16.640000
1653	-69.997615	1.671000	16.460000
1654	-69.627615	1.673000	16.730000
1655	-69.597615	1.673000	16.610000
1656	-69.587615	1.675000	16.650000
1657	-69.377615	1.675000	16.510000
1658	-69.357615	1.677000	16.570000
1659	-69.187615	1.677000	16.420000
1660	-69.167615	1.679000	16.490000
1661	-69.157615	1.679000	16.480000
1662	-69.047615	1.683000	16.650000
1663	-69.037615	1.681000	16.530000
1664	-68.967615	1.683000	16.780000
1665	-68.947615	1.683000	16.590000
1666	-68.897615	1.685000	16.620000
1667	-68.877615	1.685000	16.620000
1668	-68.827615	1.687000	16.530000
1669	-68.667615	1.687000	16.750000
1670	-68.487615	1.689000	16.720000
1671	-68.417615	1.689000	16.540000
1672	-68.407615	1.691000	16.470000
1673	-68.287615	1.691000	16.600000
1674	-68.247615	1.693000	16.540000
1675	-68.247615	1.693000	16.720000
1676	-68.117615	1.695000	16.900000
1677	-68.107615	1.695000	16.560000
1678	-68.027615	1.697000	16.590000
1679	-68.007615	1.697000	16.520000
1680	-67.957615	1.699000	16.650000
1681	-67.917615	1.699000	16.710000
1682	-67.907615	1.701000	16.870000
1683	-67.857615	1.701000	16.690000
1684	-67.837615	1.703000	16.730000
1685	-67.757615	1.703000	16.780000
1686	-67.737615	1.705000	16.650000
1687	-67.737615	1.705000	16.630000
1688	-67.707615	1.707000	16.650000
1689	-67.667615	1.707000	16.670000
1690	-67.587615	1.709000	16.630000
1691	-67.567615	1.709000	16.590000
1692	-67.537615	1.710000	16.760000
1693	-67.527615	1.710000	16.720000
1694	-67.527615	1.714000	16.770000
1695	-67.527615	1.712000	16.940000
1696	-67.527615	1.673000	16.770000
1697	-67.517615	1.673000	16.750000
1698	-67.507615	1.675000	16.750000
1699	-67.447615	1.675000	16.780000
1700	-67.447615	1.675000	16.820000
1701	-67.437615	1.677000	16.800000
1702	-67.407615	1.677000	16.770000
1703	-67.387615	1.679000	16.800000
1704	-67.377615	1.679000	16.640000
1705	-67.367615	1.681000	16.830000
1706	-67.357615	1.683000	16.730000
1707	-67.187615	1.683000	16.910000
1708	-67.177615	1.683000	16.660000
1709	-67.167615	1.685000	16.730000
1710	-67.147615	1.685000	16.810000
1711	-67.117615	1.687000	16.810000
1712	-67.077615	1.687000	16.490000
1713	-66.997615	1.691000	16.680000
1714	-66.997615	1.691000	16.730000
1715	-66.987615	1.691000	16.770000
1716	-66.987615	1.693000	16.760000
1717	-66.977615	1.693000	16.790000
1718	-66.937615	1.695000	16.790000
1719	-66.927615	1.697000	16.610000
1720	-66.907615	1.697000	16.640000
1721	-66.907615	1.699000	16.880000
1722	-66.887615	1.699000	16.830000
1723	-66.777615	1.699000	16.720000
1724	-66.757615	1.701000	16.750000
1725	-66.717615	1.701000	16.680000
1726	-66.707615	1.703000	16.780000
1727	-66.697615	1.705000	16.650000
1728	-66.677615	1.705000	16.710000
1729	-66.637615	1.707000	16.690000
1730	-66.467615	1.707000	16.760000
1731	-66.457615	1.709000	16.890000
1732	-66.437615	1.709000	16.740000
1733	-66.417615	1.710000	16.790000
1734	-66.417615	1.710000	16.840000
1735	-66.397615	1.712000	16.740000
1736	-66.337615	1.712000	16.910000
1737	-66.307615	1.714000	16.760000
1738	-66.267615	1.714000	16.750000
1739	-66.077615	1.714000	16.760000
1740	-66.067615	1.716000	16.680000
1741	-65.957615	1.718000	16.910000
1742	-65.957615	1.718000	16.850000
1743	-65.927615	1.718000	16.800000
1744	-65.907615	1.720000	16.820000
1745	-65.847615	1.722000	16.940000
1746	-65.837615	1.722000	16.760000
1747	-65.677615	1.722000	16.720000
1748	-65.557615	1.724000	16.840000
1749	-65.457615	1.724000	16.760000
1750	-65.447615	1.726000	16.930000
1751	-65.407615	1.728000	16.970000
1752	-65.377615	1.730000	16.920000
1753	-65.187615	1.730000	16.860000
1754	-65.157615	1.732000	16.880000
1755	-65.147615	1.732000	16.870000
1756	-65.017615	1.734000	16.840000
1757	-64.997615	1.736000	17.020000
1758	-64.817615	1.736000	16.770000
1759	-64.777615	1.736000	16.870000
1760	-64.277615	1.738000	16.990000
1761	-64.197615	1.740000	17.050000
1762	-64.167615	1.740000	16.980000
1763	-64.127615	1.740000	16.930000
1764	-64.057615	1.742000	16.990000
1765	-64.047615	1.744000	16.980000
1766	-63.987615	1.746000	16.990000
1767	-63.977615	1.746000	16.930000
1768	-63.977615	1.746000	17.050000
1769	-63.897615	1.748000	17.040000
1770	-63.897615	1.748000	17.040000
1771	-63.767615	1.750000	17.080000
1772	-63.737615	1.750000	17.080000
1773	-63.737615	1.750000	16.930000
1774	-63.697615	1.751000	16.880000
1775	-63.677615	1.753000	17.060000
1776	-63.597615	1.755000	17.060000
1777	-63.527615	1.755000	16.990000
1778	-63.477615	1.755000	16.860000
1779	-63.427615	1.757000	17.030000
1780	-63.387615	1.759000	16.980000
1781	-63.177615	1.759000	16.990000
1782	-63.087615	1.761000	16.950000
1783	-63.027615	1.761000	17.030000
1784	-62.957615	1.761000	17.140000
1785	-62.917615	1.763000	16.930000
1786	-62.897615	1.763000	16.980000
1787	-62.797615	1.765000	17.030000
1788	-62.687615	1.767000	17.000000
1789	-62.527615	1.767000	17.080000
1790	-62.507615	1.767000	16.950000
1791	-62.417615	1.769000	17.180000
1792	-62.267615	1.771000	17.150000
1793	-62.197615	1.771000	17.010000
1794	-62.197615	1.771000	17.070000
1795	-62.187615	1.773000	17.180000
1796	-62.177615	1.777000	17.130000
1797	-62.167615	1.775000	17.120000
1798	-62.157615	1.777000	17.050000
1799	-61.977615	1.777000	17.180000
1800	-61.897615	1.777000	17.040000
1801	-61.697615	1.779000	17.080000
1802	-61.617615	1.779000	17.270000
1803	-61.607615	1.781000	17.050000
1804	-61.437615	1.783000	17.190000
1805	-61.417615	1.783000	17.270000
1806	-61.387615	1.783000	17.190000
1807	-61.337615	1.785000	17.210000
1808	-61.117615	1.787000	17.310000
1809	-60.987615	1.787000	17.280000
1810	-60.947615	1.787000	17.060000
1811	-60.837615	1.789000	17.280000
1812	-60.707615	1.791000	17.220000
1813	-60.597615	1.791000	17.220000
1814	-60.507615	1.792000	17.260000
1815	-60.467615	1.792000	17.160000
1816	-60.347615	1.794000	17.210000
1817	-60.267615	1.794000	17.170000
1818	-60.227615	1.794000	17.230000
1819	-60.217615	1.796000	17.310000
1820	-60.067615	1.798000	17.310000
1821	-59.987615	1.798000	17.340000
1822	-59.887615	1.798000	17.490000
1823	-59.837615	1.800000	17.300000
1824	-59.827615	1.802000	17.380000
1825	-59.717615	1.802000	17.430000
1826	-59.627615	1.802000	17.280000
1827	-59.577615	1.804000	17.170000
1828	-59.567615	1.806000	17.320000
1829	-59.567615	1.806000	17.430000
1830	-59.547615	1.808000	17.330000
1831	-59.527615	1.808000	17.210000
1832	-59.467615	1.808000	17.330000
1833	-59.277615	1.810000	17.260000
1834	-59.257615	1.810000	17.260000
1835	-59.207615	1.812000	17.310000
1836	-59.027615	1.816000	17.260000
1837	-59.027615	1.818000	17.460000
1838	-58.927615	1.818000	17.300000
1839	-58.867615	1.818000	17.300000
1840	-58.817615	1.820000	17.340000
1841	-58.777615	1.820000	17.330000
1842	-58.657615	1.824000	17.260000
1843	-58.587615	1.824000	17.460000
1844	-58.497615	1.824000	17.160000
1845	-58.467615	1.824000	17.550000
1846	-58.457615	1.826000	17.420000
1847	-58.437615	1.826000	17.330000
1848	-58.427615	1.828000	17.370000
1849	-58.397615	1.830000	17.220000
1850	-58.377615	1.830000	17.280000
1851	-58.217615	1.832000	17.400000
1852	-58.217615	1.832000	17.580000
1853	-58.177615	1.832000	17.470000
1854	-58.107615	1.833000	17.530000
1855	-57.887615	1.833000	17.520000
1856	-57.877615	1.835000	17.430000
1857	-57.757615	1.835000	17.300000
1858	-57.697615	1.839000	17.470000
1859	-57.677615	1.839000	17.480000
1860	-57.637615	1.839000	17.540000
1861	-57.417615	1.839000	17.670000
1862	-57.327615	1.841000	17.530000
1863	-57.207615	1.841000	17.380000
1864	-57.177615	1.843000	17.670000
1865	-57.167615	1.845000	17.650000
1866	-56.907615	1.845000	17.600000
1867	-56.867615	1.845000	17.570000
1868	-56.847615	1.847000	17.570000
1869	-56.827615	1.849000	17.510000
1870	-56.797615	1.849000	17.750000
1871	-56.767615	1.849000	17.590000
1872	-56.657615	1.851000	17.540000
1873	-56.607615	1.853000	17.500000
1874	-56.367615	1.853000	17.510000
1875	-56.097615	1.855000	17.620000
1876	-55.947615	1.855000	17.430000
1877	-55.837615	1.855000	17.580000
1878	-55.757615	1.857000	17.580000
1879	-55.727615	1.857000	17.560000
1880	-55.537615	1.859000	17.530000
1881	-55.407615	1.861000	17.540000
1882	-55.307615	1.861000	17.520000
1883	-55.187615	1.863000	17.550000
1884	-55.137615	1.863000	17.560000
1885	-54.927615	1.863000	17.720000
1886	-54.917615	1.865000	17.560000
1887	-54.877615	1.865000	17.560000
1888	-54.727615	1.867000	17.480000
1889	-54.697615	1.869000	17.590000
1890	-54.667615	1.871000	17.620000
1891	-54.617615	1.871000	17.640000
1892	-54.417615	1.871000	17.540000
1893	-54.297615	1.871000	17.510000
1894	-54.267615	1.873000	17.690000
1895	-54.177615	1.873000	17.510000
1896	-54.147615	1.875000	17.680000
1897	-54.117615	1.875000	17.760000
1898	-54.107615	1.875000	17.640000
1899	-53.957615	1.876000	17.600000
1900	-53.657615	1.878000	17.790000
1901	-53.637615	1.878000	17.500000
1902	-53.637615	1.880000	17.840000
1903	-53.477615	1.880000	17.820000
1904	-53.347615	1.882000	17.690000
1905	-53.337615	1.884000	17.490000
1906	-53.307615	1.884000	17.690000
1907	-53.217615	1.886000	17.660000
1908	-53.197615	1.886000	17.670000
1909	-53.157615	1.886000	17.830000
1910	-53.147615	1.888000	17.860000
1911	-53.117615	1.888000	17.560000
1912	-53.117615	1.890000	17.720000
1913	-53.087615	1.892000	17.870000
1914	-52.997615	1.892000	17.630000
1915	-52.867615	1.894000	17.810000
1916	-52.807615	1.894000	17.740000
1917	-52.797615	1.898000	17.840000
1918	-52.697615	1.898000	17.690000
1919	-52.687615	1.898000	17.720000
1920	-52.677615	1.900000	17.730000
1921	-52.407615	1.902000	17.790000
1922	-52.377615	1.902000	17.680000
1923	-52.347615	1.902000	17.650000
1924	-52.347615	1.904000	17.960000
1925	-52.247615	1.904000	17.870000
1926	-52.017615	1.906000	17.890000
1927	-52.007615	1.908000	17.860000
1928	-51.937615	1.906000	17.860000
1929	-51.867615	1.908000	17.860000
1930	-51.787615	1.910000	17.840000
1931	-51.767615	1.912000	17.840000
1932	-51.707615	1.912000	18.060000
1933	-51.257615	1.912000	17.750000
1934	-51.227615	1.914000	17.940000
1935	-51.167615	1.916000	17.970000
1936	-50.947615	1.916000	18.030000
1937	-50.917615	1.917000	17.850000
1938	-50.907615	1.917000	18.020000
1939	-50.907615	1.917000	18.060000
1940	-50.767615	1.919000	18.130000
1941	-50.677615	1.919000	17.730000
1942	-50.627615	1.921000	17.960000
1943	-50.627615	1.923000	17.940000
1944	-50.547615	1.923000	17.860000
1945	-50.537615	1.923000	17.830000
1946	-50.517615	1.925000	17.840000
1947	-50.487615	1.927000	17.820000
1948	-50.467615	1.927000	17.870000
1949	-50.447615	1.927000	17.990000
1950	-50.427615	1.929000	18.100000
1951	-50.417615	1.931000	17.970000
1952	-50.337615	1.933000	17.930000
1953	-50.297615	1.933000	17.890000
1954	-50.147615	1.933000	17.950000
1955	-49.867615	1.933000	17.950000
1956	-49.807615	1.935000	18.110000
1957	-49.807615	1.935000	18.010000
1958	-49.767615	1.937000	18.050000
1959	-49.717615	1.939000	17.950000
1960	-49.637615	1.937000	17.930000
1961	-49.597615	1.939000	17.920000
1962	-49.477615	1.941000	17.950000
1963	-49.227615	1.943000	17.940000
1964	-49.137615	1.943000	17.990000
1965	-49.127615	1.943000	18.060000
1966	-48.987615	1.945000	17.930000
1967	-48.877615	1.947000	18.040000
1968	-48.877615	1.947000	18.140000
1969	-48.847615	1.949000	17.990000
1970	-48.807615	1.949000	17.910000
1971	-48.777615	1.949000	18.030000
1972	-48.737615	1.951000	18.080000
1973	-48.647615	1.951000	18.000000
1974	-48.627615	1.953000	18.040000
1975	-48.577615	1.955000	18.130000
1976	-48.517615	1.955000	18.140000
1977	-48.507615	1.955000	18.010000
1978	-48.417615	1.957000	17.850000
1979	-48.377615	1.959000	17.980000
1980	-48.227615	1.959000	18.180000
1981	-48.127615	1.959000	18.160000
1982	-48.017615	1.960000	18.030000
1983	-47.947615	1.962000	18.000000
1984	-47.727615	1.964000	18.050000
1985	-47.707615	1.964000	18.110000
1986	-47.557615	1.964000	18.240000
1987	-47.487615	1.964000	18.090000
1988	-47.397615	1.966000	18.050000
1989	-47.347615	1.966000	18.030000
1990	-47.317615	1.968000	18.150000
1991	-47.257615	1.970000	18.180000
1992	-47.147615	1.968000	18.150000
1993	-47.107615	1.970000	18.140000
1994	-47.107615	1.972000	18.200000
1995	-47.057615	1.974000	18.240000
1996	-47.057615	1.974000	18.280000
1997	-46.967615	1.974000	18.130000
1998	-46.967615	1.976000	18.070000
1999	-46.897615	1.978000	18.260000
2000	-46.757615	1.978000	18.260000
2001	-46.757615	1.980000	18.390000
2002	-46.717615	1.982000	18.230000
2003	-46.717615	1.984000	18.220000
2004	-46.667615	1.986000	18.130000
2005	-46.617615	1.986000	18.230000
2006	-46.567615	1.988000	18.290000
2007	-46.477615	1.988000	18.240000
2008	-46.407615	1.988000	18.100000
2009	-46.347615	1.990000	18.210000
2010	-46.097615	1.992000	18.160000
2011	-46.017615	1.992000	18.180000
2012	-45.917615	1.992000	18.190000
2013	-45.917615	1.994000	18.370000
2014	-45.857615	1.996000	18.290000
2015	-45.837615	1.996000	18.390000
2016	-45.447615	1.996000	18.340000
2017	-45.387615	1.998000	18.400000
2018	-45.337615	1.998000	18.380000
2019	-45.337615	2.000000	18.240000
2020	-45.287615	2.001000	18.210000
2021	-45.267615	2.001000	18.300000
2022	-45.247615	2.003000	18.400000
2023	-45.097615	2.003000	18.380000
2024	-45.087615	2.005000	18.290000
2025	-45.017615	2.005000	18.390000
2026	-44.977615	2.005000	18.450000
2027	-44.857615	2.007000	18.290000
2028	-44.517615	2.009000	18.380000
2029	-44.487615	2.011000	18.510000
2030	-44.397615	2.011000	18.410000
2031	-44.347615	2.011000	18.380000
2032	-44.287615	2.011000	18.340000
2033	-44.207615	2.013000	18.320000
2034	-44.187615	2.013000	18.280000
2035	-44.137615	2.015000	18.470000
2036	-44.107615	2.017000	18.260000
2037	-44.107615	2.017000	18.260000
2038	-44.027615	2.019000	18.520000
2039	-44.017615	2.019000	18.450000
2040	-43.967615	2.019000	18.420000
2041	-43.927615	2.021000	18.290000
2042	-43.847615	2.021000	18.290000
2043	-43.807615	2.023000	18.300000
2044	-43.747615	2.025000	18.480000
2045	-43.687615	2.027000	18.470000
2046	-43.597615	2.027000	18.320000
2047	-43.527615	2.027000	18.560000
2048	-43.477615	2.027000	18.460000
2049	-43.437615	2.029000	18.530000
2050	-43.397615	2.029000	18.430000
2051	-43.257615	2.031000	18.390000
2052	-43.227615	2.033000	18.400000
2053	-43.007615	2.033000	18.470000
2054	-42.757615	2.033000	18.450000
2055	-42.677615	2.035000	18.400000
2056	-42.647615	2.037000	18.560000
2057	-42.427615	2.037000	18.410000
2058	-42.237615	2.037000	18.630000
2059	-42.067615	2.039000	18.350000
2060	-42.027615	2.041000	18.470000
2061	-41.967615	2.041000	18.530000
2062	-41.847615	2.042000	18.510000
2063	-41.817615	2.042000	18.400000
2064	-41.797615	2.042000	18.480000
2065	-41.647615	2.044000	18.570000
2066	-41.577615	2.044000	18.720000
2067	-41.517615	2.046000	18.500000
2068	-41.387615	2.048000	18.500000
2069	-41.377615	2.048000	18.710000
2070	-41.257615	2.050000	18.730000
2071	-41.157615	2.050000	18.540000
2072	-40.957615	2.050000	18.650000
2073	-40.917615	2.052000	18.640000
2074	-40.777615	2.052000	18.640000
2075	-40.747615	2.054000	18.550000
2076	-40.517615	2.056000	18.530000
2077	-40.497615	2.058000	18.390000
2078	-40.477615	2.058000	18.450000
2079	-40.447615	2.058000	18.560000
2080	-40.387615	2.058000	18.620000
2081	-40.387615	2.060000	18.690000
2082	-40.377615	2.064000	18.500000
2083	-40.247615	2.064000	18.480000
2084	-40.227615	2.066000	18.630000
2085	-40.147615	2.066000	18.690000
2086	-40.097615	2.068000	18.670000
2087	-40.067615	2.068000	18.640000
2088	-40.067615	2.068000	18.660000
2089	-40.047615	2.070000	18.610000
2090	-40.017615	2.072000	18.620000
2091	-39.927615	2.072000	18.530000
2092	-39.827615	2.074000	18.640000
2093	-39.577615	2.074000	18.640000
2094	-39.487615	2.076000	18.550000
2095	-39.467615	2.076000	18.640000
2096	-39.287615	2.076000	18.560000
2097	-39.157615	2.078000	18.700000
2098	-39.117615	2.080000	18.740000
2099	-39.017615	2.080000	18.650000
2100	-38.947615	2.080000	18.700000
2101	-38.797615	2.082000	18.630000
2102	-38.787615	2.083000	18.740000
2103	-38.717615	2.083000	18.690000
2104	-38.657615	2.083000	18.640000
2105	-38.517615	2.085000	18.820000
2106	-38.457615	2.085000	18.610000
2107	-38.297615	2.087000	18.540000
2108	-38.277615	2.089000	18.670000
2109	-38.197615	2.089000	18.820000
2110	-38.197615	2.089000	18.740000
2111	-38.177615	2.091000	18.690000
2112	-38.107615	2.091000	18.840000
2113	-38.107615	2.093000	18.830000
2114	-38.067615	2.095000	18.660000
2115	-38.067615	2.095000	18.570000
2116	-38.027615	2.095000	18.810000
2117	-37.767615	2.097000	18.850000
2118	-37.657615	2.099000	18.980000
2119	-37.647615	2.099000	18.900000
2120	-37.637615	2.099000	18.890000
2121	-37.527615	2.101000	18.810000
2122	-37.497615	2.103000	18.960000
2123	-37.427615	2.103000	18.820000
2124	-37.407615	2.105000	18.990000
2125	-37.397615	2.105000	18.840000
2126	-37.257615	2.107000	18.950000
2127	-37.207615	2.107000	18.940000
2128	-37.177615	2.107000	18.760000
2129	-36.957615	2.109000	18.890000
2130	-36.927615	2.111000	18.830000
2131	-36.917615	2.111000	18.960000
2132	-36.907615	2.111000	18.880000
2133	-36.837615	2.113000	18.900000
2134	-36.837615	2.115000	18.860000
2135	-36.777615	2.115000	18.920000
2136	-36.687615	2.115000	18.690000
2137	-36.567615	2.117000	18.960000
2138	-36.557615	2.119000	18.790000
2139	-36.527615	2.121000	19.030000
2140	-36.417615	2.121000	18.800000
2141	-36.307615	2.121000	19.000000
2142	-36.227615	2.123000	18.950000
2143	-36.167615	2.123000	19.010000
2144	-35.977615	2.125000	18.960000
2145	-35.877615	2.126000	19.060000
2146	-35.827615	2.126000	19.010000
2147	-35.777615	2.126000	18.990000
2148	-35.317615	2.128000	19.100000
2149	-35.307615	2.130000	18.990000
2150	-35.247615	2.130000	19.060000
2151	-35.227615	2.130000	18.940000
2152	-35.147615	2.132000	19.090000
2153	-35.087615	2.134000	19.180000
2154	-35.057615	2.134000	18.950000
2155	-35.037615	2.136000	19.030000
2156	-34.987615	2.136000	18.890000
2157	-34.977615	2.136000	19.120000
2158	-34.967615	2.138000	18.980000
2159	-34.897615	2.138000	19.210000
2160	-34.757615	2.140000	19.170000
2161	-34.607615	2.142000	19.010000
2162	-34.497615	2.142000	18.990000
2163	-34.457615	2.142000	19.090000
2164	-34.337615	2.144000	19.010000
2165	-34.287615	2.146000	18.800000
2166	-34.057615	2.148000	19.120000
2167	-34.047615	2.150000	18.880000
2168	-33.997615	2.150000	18.980000
2169	-33.877615	2.150000	19.010000
2170	-33.707615	2.152000	18.970000
2171	-33.687615	2.152000	19.120000
2172	-33.547615	2.154000	19.180000
2173	-33.507615	2.154000	19.110000
2174	-33.497615	2.156000	18.980000
2175	-33.467615	2.158000	19.130000
2176	-33.357615	2.158000	19.050000
2177	-33.207615	2.160000	19.010000
2178	-33.197615	2.160000	19.080000
2179	-33.167615	2.160000	19.180000
2180	-33.117615	2.162000	19.080000
2181	-33.077615	2.162000	19.180000
2182	-33.067615	2.164000	19.110000
2183	-32.357615	2.166000	19.240000
2184	-32.287615	2.166000	19.300000
2185	-32.267615	2.167000	19.240000
2186	-32.217615	2.167000	19.190000
2187	-32.207615	2.167000	19.110000
2188	-32.077615	2.169000	19.240000
2189	-32.057615	2.169000	19.230000
2190	-31.947615	2.171000	19.200000
2191	-31.847615	2.171000	19.300000
2192	-31.757615	2.173000	19.250000
2193	-31.737615	2.175000	19.240000
2194	-31.707615	2.175000	19.220000
2195	-31.687615	2.175000	19.250000
2196	-31.677615	2.177000	19.260000
2197	-31.527615	2.177000	19.260000
2198	-31.457615	2.179000	19.290000
2199	-31.427615	2.179000	19.290000
2200	-31.317615	2.181000	19.370000
2201	-31.127615	2.183000	19.200000
2202	-31.017615	2.183000	19.210000
2203	-30.957615	2.183000	19.370000
2204	-30.937615	2.185000	19.280000
2205	-30.887615	2.185000	19.170000
2206	-30.887615	2.187000	19.280000
2207	-30.767615	2.189000	19.370000
2208	-30.747615	2.189000	19.390000
2209	-30.727615	2.191000	19.330000
2210	-30.677615	2.191000	19.260000
2211	-30.657615	2.193000	19.430000
2212	-30.607615	2.193000	19.260000
2213	-30.557615	2.193000	19.370000
2214	-30.407615	2.195000	19.230000
2215	-30.307615	2.197000	19.300000
2216	-30.307615	2.197000	19.390000
2217	-30.147615	2.199000	19.400000
2218	-30.027615	2.199000	19.400000
2219	-30.017615	2.199000	19.440000
2220	-29.967615	2.201000	19.330000
2221	-29.967615	2.203000	19.380000
2222	-29.957615	2.203000	19.350000
2223	-29.927615	2.205000	19.380000
2224	-29.817615	2.205000	19.310000
2225	-29.747615	2.207000	19.380000
2226	-29.727615	2.207000	19.380000
2227	-29.687615	2.207000	19.340000
2228	-29.547615	2.209000	19.580000
2229	-29.397615	2.210000	19.480000
2230	-29.377615	2.210000	19.600000
2231	-29.307615	2.210000	19.400000
2232	-29.237615	2.214000	19.380000
2233	-29.127615	2.214000	19.550000
2234	-28.897615	2.214000	19.350000
2235	-28.837615	2.216000	19.470000
2236	-28.727615	2.216000	19.520000
2237	-28.627615	2.218000	19.490000
2238	-28.617615	2.220000	19.660000
2239	-28.577615	2.220000	19.520000
2240	-28.527615	2.220000	19.370000
2241	-28.267615	2.222000	19.450000
2242	-28.207615	2.224000	19.530000
2243	-28.207615	2.224000	19.660000
2244	-28.157615	2.224000	19.580000
2245	-28.117615	2.226000	19.530000
2246	-27.967615	2.228000	19.560000
2247	-27.927615	2.228000	19.620000
2248	-27.897615	2.230000	19.610000
2249	-27.877615	2.232000	19.560000
2250	-27.737615	2.232000	19.550000
2251	-27.717615	2.234000	19.590000
2252	-27.607615	2.236000	19.450000
2253	-27.487615	2.234000	19.680000
2254	-27.447615	2.236000	19.730000
2255	-27.377615	2.238000	19.610000
2256	-27.247615	2.240000	19.550000
2257	-27.017615	2.240000	19.630000
2258	-26.907615	2.240000	19.690000
2259	-26.767615	2.242000	19.610000
2260	-26.737615	2.246000	19.640000
2261	-26.727615	2.244000	19.540000
2262	-26.727615	2.246000	19.600000
2263	-26.637615	2.246000	19.700000
2264	-26.637615	2.248000	19.800000
2265	-26.407615	2.248000	19.710000
2266	-26.277615	2.250000	19.630000
2267	-26.247615	2.251000	19.540000
2268	-26.197615	2.250000	19.910000
2269	-26.117615	2.250000	19.650000
2270	-26.097615	2.253000	19.740000
2271	-26.007615	2.253000	19.580000
2272	-25.967615	2.255000	19.780000
2273	-25.907615	2.255000	19.650000
2274	-25.667615	2.257000	19.800000
2275	-25.617615	2.259000	19.680000
2276	-25.607615	2.259000	19.830000
2277	-25.587615	2.261000	19.910000
2278	-25.567615	2.261000	19.770000
2279	-25.457615	2.261000	19.700000
2280	-25.367615	2.263000	19.840000
2281	-25.297615	2.263000	19.710000
2282	-25.277615	2.265000	19.710000
2283	-25.277615	2.265000	19.770000
2284	-25.117615	2.265000	19.840000
2285	-24.967615	2.269000	19.830000
2286	-24.947615	2.271000	20.000000
2287	-24.737615	2.271000	19.710000
2288	-24.717615	2.271000	19.630000
2289	-24.677615	2.273000	19.810000
2290	-24.667615	2.273000	19.780000
2291	-24.657615	2.275000	19.840000
2292	-24.647615	2.275000	19.870000
2293	-24.577615	2.277000	20.010000
2294	-24.527615	2.277000	19.750000
2295	-24.307615	2.279000	19.660000
2296	-24.287615	2.279000	19.840000
2297	-24.247615	2.281000	19.820000
2298	-23.847615	2.283000	19.820000
2299	-23.737615	2.283000	19.900000
2300	-23.717615	2.283000	19.890000
2301	-23.577615	2.285000	19.810000
2302	-23.547615	2.285000	19.830000
2303	-23.467615	2.287000	19.820000
2304	-23.427615	2.287000	19.830000
2305	-23.337615	2.289000	19.890000
2306	-23.317615	2.291000	19.810000
2307	-23.257615	2.291000	19.880000
2308	-23.207615	2.292000	19.890000
2309	-23.137615	2.292000	19.870000
2310	-23.127615	2.294000	19.840000
2311	-23.107615	2.294000	19.840000
2312	-23.087615	2.294000	19.880000
2313	-23.007615	2.296000	19.940000
2314	-22.997615	2.298000	19.890000
2315	-22.977615	2.298000	19.920000
2316	-22.917615	2.300000	19.800000
2317	-22.877615	2.302000	19.930000
2318	-22.837615	2.302000	19.990000
2319	-22.647615	2.302000	19.870000
2320	-22.637615	2.304000	19.940000
2321	-22.537615	2.304000	19.720000
2322	-22.537615	2.306000	19.960000
2323	-22.517615	2.306000	19.890000
2324	-22.327615	2.308000	19.980000
2325	-22.187615	2.308000	20.040000
2326	-22.077615	2.310000	20.080000
2327	-21.997615	2.310000	19.800000
2328	-21.957615	2.314000	19.950000
2329	-21.907615	2.316000	20.110000
2330	-21.807615	2.316000	20.040000
2331	-21.657615	2.316000	20.010000
2332	-21.597615	2.318000	20.150000
2333	-21.457615	2.320000	20.060000
2334	-21.417615	2.322000	20.020000
2335	-21.387615	2.322000	20.020000
2336	-21.377615	2.324000	20.080000
2337	-21.337615	2.324000	19.980000
2338	-21.287615	2.324000	20.110000
2339	-21.247615	2.326000	20.100000
2340	-21.117615	2.326000	20.080000
2341	-20.867615	2.328000	20.130000
2342	-20.847615	2.328000	20.050000
2343	-20.827615	2.328000	20.040000
2344	-20.767615	2.332000	20.030000
2345	-20.637615	2.332000	19.980000
2346	-20.357615	2.332000	19.980000
2347	-20.327615	2.333000	20.050000
2348	-20.297615	2.333000	20.120000
2349	-20.287615	2.335000	20.110000
2350	-20.147615	2.337000	20.270000
2351	-20.057615	2.337000	20.160000
2352	-20.027615	2.337000	20.010000
2353	-20.017615	2.339000	19.920000
2354	-19.857615	2.341000	20.200000
2355	-19.787615	2.341000	20.140000
2356	-19.767615	2.343000	20.120000
2357	-19.407615	2.345000	20.290000
2358	-19.357615	2.345000	20.070000
2359	-19.347615	2.347000	20.190000
2360	-19.307615	2.347000	20.140000
2361	-19.217615	2.347000	20.290000
2362	-19.157615	2.349000	20.170000
2363	-19.097615	2.349000	20.100000
2364	-19.017615	2.351000	20.070000
2365	-19.007615	2.353000	20.170000
2366	-18.827615	2.353000	20.150000
2367	-18.807615	2.355000	20.130000
2368	-18.757615	2.355000	20.090000
2369	-18.737615	2.355000	20.050000
2370	-18.717615	2.357000	20.230000
2371	-18.697615	2.357000	20.290000
2372	-18.317615	2.359000	20.150000
2373	-18.207615	2.359000	20.090000
2374	-18.107615	2.361000	20.360000
2375	-18.027615	2.363000	20.050000
2376	-17.877615	2.363000	20.290000
2377	-17.797615	2.363000	20.340000
2378	-17.697615	2.365000	20.110000
2379	-17.397615	2.365000	20.120000
2380	-17.347615	2.367000	20.170000
2381	-17.347615	2.369000	20.480000
2382	-17.337615	2.371000	20.370000
2383	-17.257615	2.371000	20.360000
2384	-17.247615	2.371000	20.220000
2385	-17.207615	2.373000	20.340000
2386	-17.107615	2.373000	20.200000
2387	-17.077615	2.375000	20.250000
2388	-17.057615	2.376000	20.290000
2389	-17.057615	2.376000	20.240000
2390	-17.037615	2.378000	20.330000
2391	-17.037615	2.378000	20.320000
2392	-17.007615	2.378000	20.250000
2393	-16.697615	2.380000	20.420000
2394	-16.657615	2.380000	20.390000
2395	-16.647615	2.382000	20.670000
2396	-16.607615	2.384000	20.310000
2397	-16.497615	2.384000	20.370000
2398	-16.457615	2.386000	20.320000
2399	-16.447615	2.386000	20.340000
2400	-16.287615	2.386000	20.300000
2401	-16.267615	2.388000	20.250000
2402	-16.247615	2.388000	20.490000
2403	-16.137615	2.390000	20.410000
2404	-16.087615	2.392000	20.330000
2405	-16.017615	2.390000	20.290000
2406	-15.977615	2.394000	20.430000
2407	-15.497615	2.394000	20.520000
2408	-15.347615	2.396000	20.430000
2409	-15.207615	2.398000	20.460000
2410	-15.157615	2.402000	20.480000
2411	-15.127615	2.400000	20.500000
2412	-15.087615	2.402000	20.540000
2413	-14.997615	2.402000	20.400000
2414	-14.877615	2.404000	20.440000
2415	-14.817615	2.404000	20.600000
2416	-14.787615	2.406000	20.440000
2417	-14.737615	2.408000	20.540000
2418	-14.597615	2.408000	20.500000
2419	-14.497615	2.408000	20.570000
2420	-14.437615	2.410000	20.480000
2421	-14.017615	2.412000	20.570000
2422	-14.007615	2.412000	20.630000
2423	-13.937615	2.412000	20.570000
2424	-13.837615	2.414000	20.610000
2425	-13.787615	2.416000	20.580000
2426	-13.727615	2.416000	20.530000
2427	-13.727615	2.417000	20.660000
2428	-13.717615	2.417000	20.570000
2429	-13.477615	2.417000	20.680000
2430	-13.377615	2.419000	20.680000
2431	-13.327615	2.419000	20.600000
2432	-13.317615	2.421000	20.660000
2433	-13.287615	2.421000	20.600000
2434	-13.247615	2.425000	20.590000
2435	-13.227615	2.425000	20.690000
2436	-13.217615	2.427000	20.570000
2437	-13.117615	2.427000	20.600000
2438	-12.997615	2.427000	20.490000
2439	-12.957615	2.429000	20.740000
2440	-12.907615	2.431000	20.650000
2441	-12.877615	2.433000	20.660000
2442	-12.827615	2.433000	20.630000
2443	-12.747615	2.433000	20.560000
2444	-12.737615	2.435000	20.600000
2445	-12.647615	2.435000	20.650000
2446	-12.597615	2.435000	20.640000
2447	-12.557615	2.437000	20.650000
2448	-12.487615	2.439000	20.540000
2449	-12.417615	2.439000	20.650000
2450	-12.387615	2.439000	20.630000
2451	-12.167615	2.441000	20.710000
2452	-12.147615	2.443000	20.540000
2453	-12.067615	2.443000	20.570000
2454	-12.057615	2.443000	20.570000
2455	-11.937615	2.445000	20.790000
2456	-11.937615	2.447000	20.720000
2457	-11.897615	2.447000	20.700000
2458	-11.867615	2.449000	20.700000
2459	-11.857615	2.449000	20.720000
2460	-11.787615	2.449000	20.610000
2461	-11.707615	2.451000	20.830000
2462	-11.597615	2.451000	20.790000
2463	-11.597615	2.453000	20.850000
2464	-11.287615	2.453000	20.800000
2465	-11.127615	2.455000	20.610000
2466	-11.107615	2.457000	20.960000
2467	-10.937615	2.459000	20.680000
2468	-10.777615	2.459000	20.700000
2469	-10.707615	2.459000	20.780000
2470	-10.687615	2.460000	20.750000
2471	-10.647615	2.462000	20.820000
2472	-10.637615	2.464000	20.870000
2473	-10.587615	2.464000	20.820000
2474	-10.467615	2.464000	20.750000
2475	-10.437615	2.466000	21.020000
2476	-10.427615	2.466000	20.780000
2477	-10.327615	2.468000	20.810000
2478	-10.257615	2.470000	21.020000
2479	-10.237615	2.470000	20.910000
2480	-10.157615	2.472000	20.950000
2481	-10.127615	2.472000	20.800000
2482	-10.127615	2.472000	20.800000
2483	-10.017615	2.474000	20.880000
2484	-9.567615	2.474000	20.920000
2485	-9.547615	2.476000	20.910000
2486	-9.247615	2.478000	21.040000
2487	-9.127615	2.478000	20.880000
2488	-9.107615	2.480000	20.900000
2489	-8.997615	2.482000	20.890000
2490	-8.817615	2.482000	21.010000
2491	-8.727615	2.484000	21.000000
2492	-8.657615	2.484000	20.980000
2493	-8.547615	2.486000	20.920000
2494	-8.367615	2.488000	21.050000
2495	-8.367615	2.488000	21.030000
2496	-8.337615	2.488000	21.130000
2497	-8.307615	2.490000	20.970000
2498	-8.277615	2.490000	20.880000
2499	-8.227615	2.492000	20.910000
2500	-8.197615	2.494000	20.910000
2501	-8.167615	2.494000	21.020000
2502	-7.997615	2.496000	21.090000
2503	-7.837615	2.496000	20.930000
2504	-7.757615	2.498000	21.150000
2505	-7.607615	2.498000	21.040000
2506	-7.487615	2.500000	21.230000
2507	-7.397615	2.501000	21.010000
2508	-7.357615	2.501000	20.980000
2509	-7.337615	2.503000	20.940000
2510	-7.317615	2.503000	20.940000
2511	-7.317615	2.505000	21.070000
2512	-7.237615	2.505000	21.040000
2513	-7.237615	2.505000	21.010000
2514	-7.027615	2.507000	21.140000
2515	-6.987615	2.509000	20.910000
2516	-6.917615	2.509000	20.990000
2517	-6.787615	2.511000	21.110000
2518	-6.737615	2.511000	21.140000
2519	-6.677615	2.511000	21.310000
2520	-6.667615	2.513000	21.220000
2521	-6.657615	2.513000	21.070000
2522	-6.627615	2.515000	21.220000
2523	-6.417615	2.515000	21.130000
2524	-6.357615	2.517000	21.250000
2525	-6.337615	2.519000	21.060000
2526	-6.257615	2.519000	21.120000
2527	-6.197615	2.519000	21.210000
2528	-6.167615	2.521000	21.100000
2529	-6.007615	2.521000	21.210000
2530	-5.997615	2.523000	21.090000
2531	-5.917615	2.525000	21.130000
2532	-5.867615	2.525000	21.080000
2533	-5.847615	2.525000	21.140000
2534	-5.827615	2.527000	21.160000
2535	-5.767615	2.529000	21.050000
2536	-5.767615	2.529000	21.070000
2537	-5.667615	2.529000	21.160000
2538	-5.597615	2.531000	21.150000
2539	-5.557615	2.533000	21.100000
2540	-5.547615	2.533000	21.160000
2541	-5.527615	2.535000	21.120000
2542	-5.497615	2.535000	21.200000
2543	-5.267615	2.535000	21.160000
2544	-5.247615	2.537000	21.110000
2545	-5.197615	2.537000	21.110000
2546	-5.177615	2.539000	21.190000
2547	-5.167615	2.541000	21.090000
2548	-5.167615	2.541000	21.190000
2549	-5.047615	2.542000	21.190000
2550	-5.027615	2.542000	21.270000
2551	-4.737615	2.542000	21.310000
2552	-4.727615	2.544000	21.160000
2553	-4.727615	2.544000	21.260000
2554	-4.687615	2.546000	21.210000
2555	-4.577615	2.546000	21.090000
2556	-4.077615	2.548000	21.420000
2557	-3.977615	2.550000	21.130000
2558	-3.777615	2.550000	21.370000
2559	-3.747615	2.550000	21.380000
2560	-3.697615	2.552000	21.410000
2561	-3.637615	2.552000	21.470000
2562	-3.547615	2.554000	21.350000
2563	-3.497615	2.556000	21.490000
2564	-3.407615	2.556000	21.400000
2565	-3.127615	2.556000	21.580000
2566	-3.057615	2.558000	21.330000
2567	-3.037615	2.560000	21.440000
2568	-2.797615	2.564000	21.280000
2569	-2.737615	2.564000	21.330000
2570	-2.687615	2.564000	21.500000
2571	-2.247615	2.566000	21.430000
2572	-1.967615	2.568000	21.300000
2573	-1.947615	2.568000	21.420000
2574	-1.947615	2.568000	21.490000
2575	-1.927615	2.570000	21.400000
2576	-1.927615	2.572000	21.470000
2577	-1.917615	2.572000	21.610000
2578	-1.787615	2.574000	21.470000
2579	-1.637615	2.574000	21.390000
2580	-1.497615	2.574000	21.490000
2581	-1.487615	2.576000	21.430000
2582	-1.247615	2.576000	21.310000
2583	-0.937615	2.578000	21.430000
