1	-190.767930	0.000000	9.720000
2	-190.207930	0.002000	9.590000
3	-189.547930	0.000000	9.690000
4	-189.517930	0.002000	9.840000
5	-189.477930	0.002000	9.490000
6	-189.327930	0.004000	9.780000
7	-189.297930	0.004000	9.420000
8	-189.277930	0.006000	9.940000
9	-189.067930	0.008000	9.530000
10	-189.067930	0.008000	9.860000
11	-188.827930	0.010000	10.000000
12	-188.617930	0.010000	9.940000
13	-188.557930	0.012000	9.730000
14	-188.547930	0.012000	9.900000
15	-188.537930	0.014000	9.560000
16	-188.217930	0.016000	9.680000
17	-188.127930	0.016000	9.690000
18	-188.037930	0.017000	9.600000
19	-187.827930	0.017000	9.870000
20	-187.797930	0.017000	9.730000
21	-187.707930	0.019000	9.650000
22	-187.597930	0.019000	9.840000
23	-187.477930	0.021000	9.890000
24	-187.387930	0.023000	9.570000
25	-187.297930	0.023000	9.770000
26	-187.287930	0.023000	9.830000
27	-187.227930	0.025000	9.630000
28	-187.087930	0.027000	9.580000
29	-187.057930	0.027000	9.870000
30	-187.007930	0.027000	9.680000
31	-187.007930	0.029000	9.820000
32	-186.997930	0.031000	9.510000
33	-186.937930	0.031000	10.000000
34	-186.917930	0.033000	9.580000
35	-186.897930	0.033000	10.160000
36	-186.857930	0.035000	9.630000
37	-186.847930	0.035000	9.860000
38	-186.817930	0.037000	9.710000
39	-186.677930	0.039000	9.710000
40	-186.507930	0.039000	9.590000
41	-186.457930	0.039000	9.720000
42	-186.227930	0.041000	9.680000
43	-186.137930	0.043000	9.800000
44	-186.137930	0.043000	9.820000
45	-186.057930	0.045000	9.660000
46	-185.997930	0.047000	9.810000
47	-185.957930	0.047000	9.940000
48	-185.797930	0.049000	9.760000
49	-185.777930	0.049000	9.680000
50	-185.727930	0.049000	9.960000
51	-185.697930	0.051000	9.800000
52	-185.687930	0.051000	9.660000
53	-185.507930	0.055000	9.930000
54	-185.507930	0.055000	9.620000
55	-185.497930	0.055000	9.660000
56	-185.407930	0.057000	9.970000
57	-185.347930	0.059000	9.700000
58	-185.337930	0.059000	9.710000
59	-185.327930	0.059000	9.630000
60	-185.267930	0.060000	9.960000
61	-185.247930	0.062000	9.820000
62	-185.177930	0.062000	9.790000
63	-185.067930	0.064000	9.950000
64	-184.907930	0.064000	9.560000
65	-184.897930	0.064000	9.890000
66	-184.877930	0.066000	9.670000
67	-184.867930	0.066000	9.900000
68	-184.657930	0.068000	9.680000
69	-184.637930	0.070000	9.880000
70	-184.507930	0.070000	9.640000
71	-184.487930	0.070000	9.700000
72	-184.457930	0.072000	9.640000
73	-184.287930	0.074000	9.740000
74	-184.287930	0.074000	9.950000
75	-184.247930	0.076000	9.980000
76	-184.147930	0.078000	9.840000
77	-184.137930	0.078000	9.890000
78	-183.797930	0.080000	9.980000
79	-183.777930	0.082000	9.880000
80	-183.757930	0.082000	9.780000
81	-183.677930	0.084000	9.790000
82	-183.547930	0.086000	9.800000
83	-183.397930	0.086000	9.850000
84	-183.347930	0.088000	9.830000
85	-183.287930	0.088000	10.540000
86	-183.147930	0.090000	10.000000
87	-183.147930	0.090000	9.840000
88	-183.027930	0.090000	9.950000
89	-182.957930	0.092000	10.330000
90	-182.787930	0.092000	10.000000
91	-182.787930	0.094000	9.950000
92	-182.767930	0.096000	10.190000
93	-182.737930	0.096000	10.140000
94	-182.697930	0.098000	9.630000
95	-182.467930	0.098000	10.020000
96	-182.277930	0.100000	10.270000
97	-182.247930	0.101000	9.940000
98	-182.197930	0.101000	10.020000
99	-182.187930	0.103000	9.820000
100	-182.147930	0.103000	9.910000
101	-182.107930	0.103000	9.850000
102	-182.077930	0.105000	9.930000
103	-181.947930	0.105000	9.900000
104	-181.887930	0.107000	9.850000
105	-181.857930	0.109000	9.680000
106	-181.837930	0.109000	10.070000
107	-181.787930	0.111000	10.040000
108	-181.767930	0.111000	9.830000
109	-181.727930	0.111000	10.010000
110	-181.717930	0.113000	10.100000
111	-181.697930	0.113000	10.160000
112	-181.697930	0.115000	9.990000
113	-181.617930	0.115000	10.080000
114	-181.557930	0.117000	10.000000
115	-181.557930	0.119000	9.910000
116	-181.547930	0.119000	10.120000
117	-181.437930	0.119000	10.320000
118	-181.147930	0.121000	9.970000
119	-180.967930	0.121000	10.070000
120	-180.937930	0.123000	10.110000
121	-180.827930	0.125000	9.800000
122	-180.627930	0.125000	10.240000
123	-180.607930	0.127000	10.020000
124	-180.207930	0.127000	10.210000
125	-180.077930	0.129000	10.270000
126	-179.947930	0.129000	10.120000
127	-179.937930	0.131000	10.070000
128	-179.867930	0.133000	10.200000
129	-179.757930	0.133000	10.370000
130	-179.647930	0.135000	10.260000
131	-179.597930	0.135000	10.190000
132	-179.577930	0.135000	10.020000
133	-179.567930	0.137000	10.030000
134	-179.517930	0.137000	10.370000
135	-179.367930	0.139000	10.290000
136	-179.367930	0.141000	10.090000
137	-179.287930	0.141000	10.280000
138	-179.197930	0.142000	10.030000
139	-179.197930	0.142000	10.110000
140	-179.107930	0.144000	10.340000
141	-179.097930	0.144000	10.380000
142	-178.997930	0.146000	9.890000
143	-178.937930	0.148000	10.420000
144	-178.887930	0.148000	10.240000
145	-178.807930	0.150000	10.110000
146	-178.747930	0.150000	9.860000
147	-178.717930	0.150000	10.150000
148	-178.607930	0.152000	10.150000
149	-178.567930	0.152000	9.810000
150	-178.467930	0.154000	10.090000
151	-178.417930	0.154000	10.260000
152	-178.357930	0.156000	10.350000
153	-178.227930	0.158000	10.080000
154	-178.177930	0.158000	10.040000
155	-178.157930	0.160000	10.590000
156	-178.147930	0.164000	10.090000
157	-178.087930	0.164000	10.180000
158	-177.997930	0.164000	10.100000
159	-177.957930	0.166000	10.150000
160	-177.947930	0.168000	10.150000
161	-177.637930	0.168000	10.450000
162	-177.617930	0.168000	10.230000
163	-177.567930	0.170000	10.250000
164	-177.437930	0.172000	10.200000
165	-177.407930	0.172000	10.230000
166	-177.367930	0.174000	10.480000
167	-177.317930	0.174000	10.300000
168	-177.267930	0.174000	10.400000
169	-177.147930	0.176000	10.220000
170	-176.927930	0.176000	10.130000
171	-176.927930	0.178000	10.240000
172	-176.887930	0.180000	10.160000
173	-176.817930	0.180000	10.120000
174	-176.767930	0.182000	10.390000
175	-176.597930	0.183000	10.280000
176	-176.477930	0.183000	10.210000
177	-176.347930	0.183000	10.390000
178	-176.347930	0.185000	10.340000
179	-176.037930	0.187000	10.370000
180	-175.937930	0.187000	10.170000
181	-175.927930	0.187000	10.950000
182	-175.837930	0.189000	10.340000
183	-175.687930	0.189000	10.350000
184	-175.597930	0.191000	10.240000
185	-175.557930	0.191000	10.400000
186	-175.417930	0.193000	10.270000
187	-175.397930	0.193000	10.440000
188	-175.317930	0.193000	10.370000
189	-175.307930	0.197000	10.370000
190	-175.297930	0.197000	10.690000
191	-175.227930	0.199000	10.670000
192	-175.207930	0.199000	10.420000
193	-175.187930	0.201000	10.280000
194	-175.127930	0.203000	10.310000
195	-175.057930	0.203000	10.420000
196	-174.967930	0.205000	10.460000
197	-174.917930	0.205000	10.590000
198	-174.897930	0.205000	10.640000
199	-174.857930	0.207000	10.580000
200	-174.807930	0.207000	10.200000
201	-174.707930	0.209000	10.400000
202	-174.677930	0.211000	10.260000
203	-174.657930	0.211000	10.440000
204	-174.547930	0.213000	10.330000
205	-174.527930	0.215000	10.390000
206	-174.507930	0.215000	10.410000
207	-174.247930	0.215000	10.280000
208	-174.227930	0.217000	10.370000
209	-174.217930	0.219000	10.610000
210	-174.137930	0.219000	10.420000
211	-174.127930	0.219000	10.440000
212	-174.097930	0.221000	10.450000
213	-174.017930	0.221000	10.490000
214	-174.007930	0.223000	10.490000
215	-173.857930	0.223000	10.550000
216	-173.817930	0.225000	10.400000
217	-173.777930	0.226000	10.580000
218	-173.767930	0.226000	10.590000
219	-173.757930	0.226000	10.310000
220	-173.697930	0.228000	10.430000
221	-173.667930	0.230000	10.480000
222	-173.657930	0.230000	10.460000
223	-173.637930	0.230000	10.730000
224	-173.497930	0.232000	10.620000
225	-173.457930	0.234000	10.500000
226	-173.427930	0.234000	10.360000
227	-173.147930	0.236000	10.680000
228	-173.127930	0.236000	10.660000
229	-172.827930	0.236000	10.400000
230	-172.787930	0.238000	10.430000
231	-172.537930	0.238000	10.510000
232	-172.487930	0.242000	10.520000
233	-172.397930	0.242000	10.610000
234	-172.337930	0.242000	10.650000
235	-172.297930	0.244000	10.680000
236	-172.207930	0.246000	10.550000
237	-171.987930	0.248000	10.530000
238	-171.827930	0.250000	10.600000
239	-171.817930	0.252000	10.550000
240	-171.757930	0.252000	10.490000
241	-171.747930	0.254000	10.850000
242	-171.707930	0.254000	10.680000
243	-171.497930	0.254000	10.650000
244	-171.447930	0.256000	10.620000
245	-171.427930	0.258000	10.650000
246	-171.407930	0.258000	10.750000
247	-171.347930	0.260000	10.800000
248	-171.297930	0.260000	10.910000
249	-171.137930	0.260000	10.570000
250	-170.967930	0.262000	10.760000
251	-170.637930	0.264000	10.710000
252	-170.567930	0.266000	10.560000
253	-170.487930	0.266000	10.950000
254	-170.407930	0.267000	10.720000
255	-170.407930	0.267000	10.740000
256	-170.327930	0.267000	10.780000
257	-170.197930	0.269000	10.780000
258	-170.127930	0.269000	10.910000
259	-170.097930	0.271000	10.990000
260	-170.087930	0.271000	10.680000
261	-170.037930	0.273000	10.760000
262	-170.007930	0.275000	10.740000
263	-169.917930	0.275000	10.980000
264	-169.837930	0.275000	10.820000
265	-169.747930	0.277000	10.650000
266	-169.657930	0.277000	11.000000
267	-169.647930	0.279000	10.790000
268	-169.627930	0.281000	10.920000
269	-169.567930	0.281000	10.800000
270	-169.567930	0.283000	10.860000
271	-169.547930	0.283000	11.100000
272	-169.547930	0.285000	10.790000
273	-169.487930	0.285000	10.870000
274	-169.467930	0.287000	10.680000
275	-169.457930	0.289000	10.790000
276	-169.347930	0.289000	10.800000
277	-169.147930	0.291000	10.900000
278	-169.107930	0.291000	10.680000
279	-169.107930	0.291000	10.660000
280	-169.067930	0.293000	10.720000
281	-169.017930	0.295000	10.810000
282	-168.857930	0.297000	10.940000
283	-168.647930	0.297000	11.000000
284	-168.327930	0.299000	10.950000
285	-168.247930	0.299000	10.990000
286	-168.217930	0.299000	10.810000
287	-167.977930	0.301000	10.770000
288	-167.867930	0.301000	10.840000
289	-167.757930	0.303000	10.800000
290	-167.687930	0.305000	11.080000
291	-167.567930	0.305000	10.850000
292	-167.497930	0.307000	10.660000
293	-167.497930	0.307000	10.900000
294	-167.387930	0.309000	10.960000
295	-167.167930	0.309000	11.230000
296	-167.117930	0.309000	10.880000
297	-167.047930	0.310000	10.930000
298	-167.007930	0.310000	10.920000
299	-166.967930	0.312000	10.990000
300	-166.847930	0.314000	10.850000
301	-166.827930	0.314000	11.100000
302	-166.807930	0.316000	10.800000
303	-166.657930	0.316000	10.840000
304	-166.637930	0.318000	11.020000
305	-166.577930	0.320000	11.220000
306	-166.527930	0.320000	10.760000
307	-166.387930	0.322000	11.330000
308	-166.297930	0.322000	10.970000
309	-166.247930	0.322000	10.920000
310	-166.217930	0.324000	10.960000
311	-166.217930	0.326000	10.830000
312	-166.177930	0.328000	10.920000
313	-166.167930	0.328000	11.070000
314	-166.107930	0.330000	11.010000
315	-166.057930	0.332000	11.150000
316	-165.997930	0.332000	10.840000
317	-165.997930	0.334000	11.120000
318	-165.827930	0.336000	11.040000
319	-165.797930	0.336000	10.900000
320	-165.707930	0.336000	11.130000
321	-165.677930	0.338000	11.090000
322	-165.487930	0.340000	10.860000
323	-165.477930	0.340000	10.810000
324	-165.397930	0.340000	11.030000
325	-165.367930	0.342000	10.950000
326	-165.227930	0.344000	11.080000
327	-165.127930	0.346000	10.980000
328	-165.117930	0.346000	11.030000
329	-165.047930	0.348000	11.000000
330	-164.977930	0.348000	11.000000
331	-164.847930	0.348000	10.880000
332	-164.837930	0.350000	11.020000
333	-164.777930	0.351000	11.070000
334	-164.737930	0.351000	11.020000
335	-164.727930	0.351000	10.920000
336	-164.637930	0.353000	11.060000
337	-164.527930	0.355000	11.030000
338	-164.487930	0.355000	11.020000
339	-164.367930	0.357000	10.980000
340	-164.327930	0.359000	11.170000
341	-164.227930	0.359000	11.080000
342	-164.107930	0.361000	11.040000
343	-164.077930	0.361000	11.290000
344	-164.017930	0.361000	11.160000
345	-163.987930	0.363000	10.980000
346	-163.877930	0.363000	11.230000
347	-163.857930	0.365000	11.090000
348	-163.817930	0.367000	10.960000
349	-163.677930	0.367000	11.200000
350	-163.657930	0.367000	11.240000
351	-163.647930	0.369000	11.020000
352	-163.537930	0.371000	11.080000
353	-163.497930	0.371000	11.250000
354	-163.207930	0.371000	11.130000
355	-163.187930	0.373000	11.210000
356	-163.067930	0.375000	11.350000
357	-162.997930	0.375000	11.130000
358	-162.987930	0.375000	11.000000
359	-162.947930	0.377000	11.010000
360	-162.947930	0.377000	11.220000
361	-162.877930	0.379000	11.250000
362	-162.647930	0.379000	11.490000
363	-162.637930	0.381000	11.070000
364	-162.617930	0.381000	11.230000
365	-162.497930	0.381000	11.020000
366	-162.477930	0.385000	11.450000
367	-162.457930	0.385000	11.220000
368	-162.427930	0.387000	11.000000
369	-162.347930	0.387000	11.360000
370	-162.207930	0.389000	11.140000
371	-162.007930	0.391000	11.240000
372	-161.997930	0.391000	11.290000
373	-161.977930	0.392000	11.210000
374	-161.837930	0.392000	11.470000
375	-161.727930	0.392000	11.150000
376	-161.577930	0.394000	11.290000
377	-161.567930	0.394000	11.360000
378	-161.507930	0.398000	11.300000
379	-161.457930	0.398000	11.370000
380	-161.447930	0.398000	11.440000
381	-161.377930	0.400000	11.280000
382	-161.247930	0.402000	11.240000
383	-161.157930	0.402000	11.230000
384	-161.077930	0.402000	11.290000
385	-160.957930	0.404000	11.350000
386	-160.947930	0.406000	11.220000
387	-160.887930	0.406000	11.350000
388	-160.867930	0.406000	11.210000
389	-160.827930	0.408000	11.460000
390	-160.757930	0.408000	11.320000
391	-160.747930	0.410000	11.300000
392	-160.677930	0.410000	11.520000
393	-160.437930	0.414000	11.300000
394	-160.367930	0.416000	11.460000
395	-160.147930	0.416000	11.520000
396	-160.117930	0.418000	11.340000
397	-159.977930	0.418000	11.870000
398	-159.937930	0.420000	11.420000
399	-159.927930	0.420000	11.270000
400	-159.927930	0.422000	11.240000
401	-159.907930	0.422000	11.220000
402	-159.777930	0.424000	11.290000
403	-159.607930	0.424000	11.470000
404	-159.517930	0.424000	11.300000
405	-159.497930	0.426000	11.360000
406	-159.447930	0.428000	11.330000
407	-159.437930	0.428000	11.300000
408	-159.407930	0.428000	11.320000
409	-159.367930	0.430000	11.400000
410	-159.357930	0.432000	11.680000
411	-159.347930	0.432000	11.480000
412	-159.327930	0.432000	11.310000
413	-159.257930	0.433000	11.200000
414	-158.967930	0.433000	11.500000
415	-158.947930	0.435000	11.790000
416	-158.867930	0.437000	11.360000
417	-158.797930	0.437000	11.430000
418	-158.647930	0.437000	11.350000
419	-158.627930	0.439000	11.350000
420	-158.587930	0.439000	11.350000
421	-158.547930	0.441000	11.480000
422	-158.517930	0.441000	11.430000
423	-158.397930	0.443000	11.300000
424	-158.397930	0.445000	11.480000
425	-158.257930	0.445000	11.340000
426	-158.057930	0.447000	11.400000
427	-157.997930	0.447000	11.510000
428	-157.977930	0.447000	11.370000
429	-157.907930	0.449000	11.500000
430	-157.867930	0.449000	11.600000
431	-157.767930	0.451000	11.620000
432	-157.727930	0.453000	11.670000
433	-157.517930	0.453000	11.770000
434	-157.497930	0.455000	11.530000
435	-157.457930	0.455000	11.470000
436	-157.397930	0.455000	11.650000
437	-157.237930	0.457000	11.620000
438	-157.197930	0.457000	11.670000
439	-157.077930	0.459000	11.520000
440	-156.707930	0.461000	11.450000
441	-156.697930	0.463000	11.720000
442	-156.697930	0.463000	11.700000
443	-156.657930	0.463000	11.550000
444	-156.637930	0.465000	11.720000
445	-156.367930	0.465000	11.490000
446	-156.317930	0.467000	11.530000
447	-156.187930	0.469000	11.700000
448	-156.137930	0.469000	11.700000
449	-156.067930	0.469000	11.590000
450	-156.037930	0.471000	11.410000
451	-155.967930	0.471000	11.590000
452	-155.907930	0.473000	11.530000
453	-155.907930	0.473000	11.500000
454	-155.847930	0.475000	11.560000
455	-155.827930	0.475000	11.660000
456	-155.797930	0.475000	11.610000
457	-155.747930	0.478000	11.780000
458	-155.617930	0.478000	11.590000
459	-155.547930	0.478000	11.460000
460	-155.387930	0.480000	11.550000
461	-155.337930	0.480000	11.590000
462	-155.257930	0.482000	11.530000
463	-155.147930	0.484000	11.700000
464	-155.077930	0.484000	11.630000
465	-154.967930	0.486000	11.600000
466	-154.887930	0.486000	11.370000
467	-154.817930	0.486000	11.390000
468	-154.807930	0.488000	11.680000
469	-154.737930	0.488000	11.460000
470	-154.627930	0.490000	11.560000
471	-154.497930	0.492000	11.830000
472	-154.457930	0.494000	11.690000
473	-154.327930	0.494000	11.790000
474	-154.327930	0.494000	11.830000
475	-154.277930	0.498000	11.870000
476	-154.257930	0.500000	11.760000
477	-154.237930	0.500000	11.750000
478	-154.227930	0.502000	11.870000
479	-154.047930	0.502000	11.560000
480	-154.037930	0.504000	11.540000
481	-154.037930	0.504000	11.720000
482	-153.957930	0.506000	11.710000
483	-153.877930	0.508000	11.970000
484	-153.857930	0.508000	11.890000
485	-153.647930	0.508000	11.790000
486	-153.547930	0.510000	11.810000
487	-153.467930	0.512000	11.750000
488	-153.397930	0.512000	11.780000
489	-153.217930	0.512000	11.700000
490	-153.137930	0.514000	11.860000
491	-153.007930	0.516000	11.850000
492	-152.997930	0.516000	11.900000
493	-152.907930	0.517000	11.740000
494	-152.857930	0.517000	11.630000
495	-152.837930	0.517000	11.780000
496	-152.827930	0.519000	11.860000
497	-152.767930	0.519000	11.760000
498	-152.767930	0.521000	11.840000
499	-152.727930	0.521000	11.560000
500	-152.687930	0.523000	11.890000
501	-152.657930	0.523000	11.830000
502	-152.627930	0.525000	11.840000
503	-152.427930	0.527000	11.700000
504	-152.407930	0.527000	11.810000
505	-152.237930	0.527000	11.810000
506	-152.127930	0.529000	11.700000
507	-152.027930	0.531000	11.840000
508	-151.857930	0.531000	11.660000
509	-151.827930	0.533000	12.110000
510	-151.697930	0.535000	11.980000
511	-151.687930	0.535000	11.890000
512	-151.667930	0.535000	12.010000
513	-151.657930	0.537000	11.540000
514	-151.647930	0.539000	11.770000
515	-151.617930	0.539000	11.790000
516	-151.587930	0.539000	11.850000
517	-151.517930	0.541000	11.740000
518	-151.367930	0.543000	11.580000
519	-150.957930	0.543000	11.970000
520	-150.877930	0.545000	11.780000
521	-150.827930	0.547000	11.710000
522	-150.567930	0.547000	12.230000
523	-150.557930	0.549000	11.890000
524	-150.507930	0.549000	11.780000
525	-150.437930	0.549000	11.850000
526	-150.397930	0.551000	12.050000
527	-150.377930	0.551000	11.750000
528	-150.307930	0.553000	12.060000
529	-150.267930	0.553000	12.200000
530	-150.187930	0.555000	11.890000
531	-150.117930	0.555000	11.940000
532	-150.057930	0.557000	12.100000
533	-149.987930	0.559000	11.910000
534	-149.977930	0.559000	11.990000
535	-149.877930	0.559000	11.740000
536	-149.827930	0.560000	12.210000
537	-149.817930	0.562000	11.880000
538	-149.807930	0.564000	12.030000
539	-149.697930	0.562000	12.100000
540	-149.647930	0.566000	12.020000
541	-149.567930	0.566000	12.180000
542	-149.547930	0.566000	11.960000
543	-149.417930	0.568000	11.800000
544	-149.407930	0.570000	12.040000
545	-149.387930	0.570000	11.910000
546	-149.367930	0.570000	12.210000
547	-149.317930	0.572000	12.140000
548	-149.297930	0.574000	11.990000
549	-148.967930	0.574000	12.020000
550	-148.917930	0.576000	12.050000
551	-148.907930	0.576000	12.110000
552	-148.827930	0.578000	12.270000
553	-148.577930	0.578000	12.190000
554	-148.567930	0.580000	12.140000
555	-148.337930	0.582000	12.140000
556	-148.317930	0.582000	12.070000
557	-148.247930	0.584000	12.090000
558	-148.137930	0.586000	11.940000
559	-148.137930	0.584000	12.190000
560	-148.007930	0.588000	12.280000
561	-147.957930	0.588000	12.080000
562	-147.897930	0.590000	12.040000
563	-147.887930	0.590000	12.180000
564	-147.777930	0.592000	12.090000
565	-147.727930	0.594000	12.310000
566	-147.527930	0.594000	12.300000
567	-147.327930	0.596000	12.260000
568	-147.257930	0.596000	12.090000
569	-147.187930	0.596000	12.150000
570	-147.167930	0.598000	12.180000
571	-147.127930	0.598000	11.970000
572	-146.977930	0.600000	12.100000
573	-146.947930	0.601000	12.510000
574	-146.737930	0.601000	12.450000
575	-146.677930	0.603000	12.330000
576	-146.457930	0.603000	12.250000
577	-146.377930	0.605000	12.110000
578	-146.317930	0.605000	12.180000
579	-146.207930	0.605000	12.320000
580	-146.197930	0.607000	12.470000
581	-146.127930	0.609000	12.340000
582	-146.047930	0.611000	12.240000
583	-145.997930	0.611000	12.320000
584	-145.977930	0.611000	12.250000
585	-145.977930	0.613000	12.550000
586	-145.897930	0.613000	12.250000
587	-145.787930	0.615000	12.320000
588	-145.747930	0.617000	12.380000
589	-145.747930	0.617000	12.330000
590	-145.737930	0.617000	12.390000
591	-145.677930	0.619000	12.200000
592	-145.647930	0.619000	12.350000
593	-145.637930	0.621000	12.080000
594	-145.327930	0.621000	12.430000
595	-145.317930	0.623000	12.230000
596	-145.277930	0.625000	12.450000
597	-145.267930	0.625000	12.330000
598	-145.217930	0.627000	12.320000
599	-145.197930	0.627000	12.230000
600	-145.187930	0.629000	12.470000
601	-145.127930	0.629000	12.300000
602	-145.017930	0.631000	12.330000
603	-145.007930	0.633000	12.430000
604	-144.997930	0.633000	12.340000
605	-144.947930	0.635000	12.180000
606	-144.867930	0.635000	12.350000
607	-144.537930	0.635000	12.510000
608	-144.527930	0.637000	12.220000
609	-144.337930	0.637000	12.580000
610	-144.317930	0.639000	12.370000
611	-144.297930	0.641000	12.490000
612	-144.157930	0.641000	12.670000
613	-144.097930	0.642000	12.450000
614	-143.997930	0.642000	12.570000
615	-143.987930	0.642000	12.530000
616	-143.817930	0.644000	12.670000
617	-143.527930	0.644000	12.400000
618	-143.497930	0.646000	12.510000
619	-143.437930	0.646000	12.500000
620	-143.427930	0.648000	12.590000
621	-143.367930	0.648000	12.740000
622	-143.337930	0.650000	12.630000
623	-143.287930	0.650000	12.480000
624	-143.277930	0.652000	12.470000
625	-143.257930	0.652000	12.530000
626	-143.257930	0.654000	12.510000
627	-143.247930	0.656000	12.760000
628	-143.177930	0.656000	12.570000
629	-143.167930	0.658000	12.600000
630	-143.157930	0.658000	12.630000
631	-142.927930	0.660000	12.790000
632	-142.907930	0.664000	12.460000
633	-142.687930	0.664000	12.630000
634	-142.487930	0.664000	12.410000
635	-142.367930	0.666000	12.650000
636	-142.337930	0.668000	12.680000
637	-142.307930	0.668000	12.570000
638	-142.257930	0.668000	12.570000
639	-142.097930	0.670000	12.500000
640	-142.077930	0.672000	12.760000
641	-142.047930	0.674000	12.570000
642	-141.947930	0.674000	12.580000
643	-141.817930	0.674000	12.460000
644	-141.757930	0.676000	12.550000
645	-141.657930	0.676000	12.680000
646	-141.627930	0.678000	12.550000
647	-141.577930	0.680000	12.500000
648	-141.547930	0.680000	12.800000
649	-141.497930	0.680000	12.550000
650	-141.397930	0.682000	12.610000
651	-141.367930	0.683000	12.560000
652	-141.297930	0.683000	12.600000
653	-141.227930	0.683000	12.480000
654	-141.177930	0.685000	12.670000
655	-141.057930	0.687000	12.620000
656	-141.047930	0.689000	12.660000
657	-141.037930	0.689000	12.330000
658	-140.937930	0.689000	12.850000
659	-140.877930	0.691000	12.650000
660	-140.867930	0.691000	12.710000
661	-140.237930	0.691000	12.710000
662	-140.197930	0.693000	12.760000
663	-140.137930	0.695000	12.420000
664	-140.137930	0.695000	12.530000
665	-139.847930	0.695000	13.020000
666	-139.777930	0.697000	12.600000
667	-139.757930	0.699000	12.940000
668	-139.567930	0.699000	12.880000
669	-139.517930	0.699000	12.870000
670	-139.437930	0.703000	12.690000
671	-139.377930	0.703000	12.870000
672	-139.367930	0.705000	12.950000
673	-139.207930	0.705000	12.800000
674	-139.177930	0.705000	12.580000
675	-139.177930	0.707000	12.640000
676	-139.157930	0.707000	12.840000
677	-138.977930	0.709000	12.950000
678	-138.967930	0.711000	12.970000
679	-138.947930	0.709000	12.850000
680	-138.927930	0.713000	12.920000
681	-138.877930	0.715000	12.850000
682	-138.827930	0.715000	12.840000
683	-138.747930	0.715000	12.910000
684	-138.727930	0.717000	12.730000
685	-138.707930	0.719000	12.930000
686	-138.647930	0.719000	12.660000
687	-138.527930	0.721000	12.890000
688	-138.437930	0.721000	12.910000
689	-138.407930	0.723000	13.080000
690	-138.287930	0.723000	12.930000
691	-138.127930	0.725000	12.940000
692	-138.067930	0.726000	13.270000
693	-138.027930	0.726000	12.840000
694	-137.897930	0.726000	13.050000
695	-137.887930	0.728000	12.890000
696	-137.837930	0.730000	12.910000
697	-137.807930	0.730000	12.830000
698	-137.697930	0.730000	13.090000
699	-137.367930	0.734000	12.810000
700	-137.337930	0.734000	12.940000
701	-137.277930	0.736000	13.440000
702	-137.267930	0.736000	12.860000
703	-137.237930	0.736000	12.820000
704	-137.237930	0.738000	13.030000
705	-137.227930	0.738000	12.910000
706	-137.227930	0.740000	12.960000
707	-137.157930	0.742000	13.000000
708	-137.157930	0.742000	12.920000
709	-136.757930	0.744000	12.920000
710	-136.707930	0.746000	13.120000
711	-136.697930	0.748000	12.960000
712	-136.527930	0.750000	13.130000
713	-136.287930	0.750000	12.930000
714	-136.267930	0.752000	13.110000
715	-136.157930	0.752000	13.190000
716	-136.107930	0.752000	13.100000
717	-135.987930	0.754000	13.130000
718	-135.977930	0.756000	12.990000
719	-135.867930	0.756000	12.900000
720	-135.807930	0.758000	13.110000
721	-135.637930	0.758000	12.940000
722	-135.467930	0.760000	13.010000
723	-135.417930	0.760000	12.910000
724	-135.367930	0.760000	13.250000
725	-135.157930	0.762000	13.070000
726	-135.157930	0.764000	13.200000
727	-135.097930	0.764000	13.050000
728	-135.057930	0.764000	12.970000
729	-134.987930	0.766000	12.990000
730	-134.987930	0.767000	13.270000
731	-134.917930	0.767000	13.160000
732	-134.827930	0.767000	13.080000
733	-134.817930	0.769000	13.300000
734	-134.787930	0.769000	13.090000
735	-134.767930	0.771000	13.000000
736	-134.747930	0.773000	13.300000
737	-134.697930	0.773000	13.090000
738	-134.687930	0.775000	13.130000
739	-134.437930	0.777000	13.190000
740	-134.427930	0.777000	13.310000
741	-134.407930	0.777000	13.170000
742	-134.387930	0.779000	13.110000
743	-134.187930	0.781000	13.260000
744	-134.167930	0.781000	13.470000
745	-134.107930	0.783000	13.200000
746	-133.897930	0.783000	13.270000
747	-133.817930	0.783000	13.370000
748	-133.807930	0.785000	13.210000
749	-133.797930	0.785000	13.340000
750	-133.637930	0.787000	13.320000
751	-133.637930	0.789000	13.370000
752	-133.607930	0.789000	13.220000
753	-133.447930	0.791000	13.260000
754	-133.447930	0.791000	13.230000
755	-133.327930	0.791000	13.310000
756	-133.267930	0.793000	13.220000
757	-133.077930	0.793000	13.270000
758	-132.997930	0.795000	13.200000
759	-132.947930	0.795000	13.300000
760	-132.917930	0.797000	13.420000
761	-132.797930	0.799000	13.550000
762	-132.757930	0.799000	13.170000
763	-132.507930	0.799000	13.280000
764	-132.497930	0.801000	13.500000
765	-132.367930	0.801000	13.250000
766	-132.317930	0.803000	13.340000
767	-132.117930	0.805000	13.460000
768	-132.107930	0.805000	13.370000
769	-131.887930	0.805000	13.300000
770	-131.727930	0.807000	13.420000
771	-131.677930	0.809000	13.610000
772	-131.667930	0.809000	13.540000
773	-131.577930	0.810000	13.200000
774	-131.397930	0.812000	13.430000
775	-131.337930	0.812000	13.560000
776	-131.297930	0.814000	13.430000
777	-131.267930	0.814000	13.510000
778	-131.247930	0.814000	13.510000
779	-131.247930	0.816000	13.500000
780	-131.167930	0.816000	13.450000
781	-131.147930	0.818000	13.490000
782	-131.107930	0.820000	13.490000
783	-131.097930	0.820000	13.450000
784	-131.097930	0.822000	13.500000
785	-130.997930	0.822000	13.440000
786	-130.987930	0.822000	13.550000
787	-130.897930	0.824000	13.540000
788	-130.867930	0.824000	13.480000
789	-130.867930	0.828000	13.430000
790	-130.857930	0.828000	13.430000
791	-130.827930	0.830000	13.440000
792	-130.787930	0.832000	13.330000
793	-130.787930	0.832000	13.370000
794	-130.787930	0.834000	13.360000
795	-130.687930	0.836000	13.440000
796	-130.447930	0.836000	13.320000
797	-130.427930	0.834000	13.370000
798	-130.377930	0.838000	13.510000
799	-130.307930	0.840000	13.430000
800	-130.027930	0.840000	13.550000
801	-130.007930	0.840000	13.500000
802	-129.977930	0.842000	13.340000
803	-129.977930	0.844000	13.600000
804	-129.787930	0.844000	13.530000
805	-129.787930	0.846000	13.570000
806	-129.597930	0.846000	13.320000
807	-129.567930	0.848000	13.470000
808	-129.497930	0.848000	13.690000
809	-129.467930	0.850000	13.450000
810	-129.447930	0.851000	13.570000
811	-129.407930	0.851000	13.390000
812	-129.387930	0.851000	13.640000
813	-129.327930	0.853000	13.470000
814	-129.247930	0.855000	13.550000
815	-129.197930	0.855000	13.520000
816	-129.087930	0.855000	13.550000
817	-129.017930	0.857000	13.580000
818	-128.977930	0.857000	13.550000
819	-128.807930	0.859000	13.490000
820	-128.777930	0.859000	13.690000
821	-128.777930	0.861000	13.660000
822	-128.617930	0.861000	13.580000
823	-128.607930	0.863000	13.280000
824	-128.327930	0.863000	13.580000
825	-127.997930	0.865000	13.660000
826	-127.907930	0.867000	13.770000
827	-127.827930	0.867000	13.790000
828	-127.747930	0.867000	13.720000
829	-127.677930	0.871000	13.770000
830	-127.607930	0.871000	13.780000
831	-127.557930	0.871000	13.760000
832	-127.407930	0.873000	13.720000
833	-127.407930	0.875000	13.670000
834	-127.347930	0.875000	13.980000
835	-127.337930	0.877000	13.730000
836	-127.307930	0.877000	13.670000
837	-127.217930	0.877000	13.780000
838	-127.187930	0.879000	13.720000
839	-127.167930	0.879000	13.700000
840	-126.877930	0.881000	13.640000
841	-126.867930	0.883000	13.620000
842	-126.747930	0.883000	13.620000
843	-126.737930	0.883000	13.970000
844	-126.587930	0.885000	13.810000
845	-126.557930	0.887000	13.840000
846	-126.447930	0.887000	13.720000
847	-126.137930	0.889000	13.970000
848	-126.127930	0.889000	13.770000
849	-126.067930	0.891000	14.000000
850	-126.007930	0.892000	13.760000
851	-126.007930	0.892000	13.850000
852	-125.997930	0.892000	13.570000
853	-125.967930	0.894000	13.810000
854	-125.867930	0.894000	13.630000
855	-125.867930	0.896000	13.860000
856	-125.797930	0.898000	13.760000
857	-125.647930	0.898000	13.850000
858	-125.497930	0.896000	13.850000
859	-125.447930	0.900000	13.730000
860	-125.277930	0.902000	13.820000
861	-125.217930	0.902000	13.760000
862	-125.177930	0.902000	13.750000
863	-125.177930	0.904000	13.990000
864	-125.147930	0.906000	13.810000
865	-125.117930	0.906000	13.760000
866	-125.107930	0.908000	13.770000
867	-124.987930	0.908000	13.930000
868	-124.837930	0.908000	13.850000
869	-124.777930	0.912000	13.740000
870	-124.757930	0.914000	13.840000
871	-124.517930	0.916000	13.960000
872	-124.437930	0.916000	13.880000
873	-124.307930	0.916000	13.870000
874	-124.257930	0.918000	13.780000
875	-124.217930	0.918000	13.800000
876	-124.187930	0.920000	13.800000
877	-124.187930	0.922000	13.720000
878	-124.157930	0.924000	13.900000
879	-124.147930	0.924000	14.050000
880	-124.137930	0.924000	14.070000
881	-123.987930	0.924000	13.830000
882	-123.927930	0.926000	13.850000
883	-123.877930	0.926000	13.770000
884	-123.857930	0.928000	14.000000
885	-123.737930	0.930000	13.920000
886	-123.687930	0.930000	13.960000
887	-123.667930	0.932000	13.920000
888	-123.657930	0.932000	13.850000
889	-123.477930	0.933000	13.890000
890	-123.417930	0.933000	13.900000
891	-123.317930	0.935000	13.970000
892	-123.277930	0.937000	14.010000
893	-123.207930	0.937000	14.060000
894	-123.117930	0.939000	14.040000
895	-123.027930	0.939000	13.940000
896	-122.987930	0.939000	14.090000
897	-122.847930	0.941000	14.030000
898	-122.577930	0.941000	14.040000
899	-122.527930	0.945000	14.120000
900	-122.227930	0.945000	13.960000
901	-122.107930	0.947000	14.160000
902	-121.997930	0.947000	14.140000
903	-121.947930	0.947000	14.110000
904	-121.907930	0.949000	14.280000
905	-121.817930	0.949000	14.130000
906	-121.817930	0.951000	14.100000
907	-121.697930	0.953000	14.290000
908	-121.667930	0.953000	14.190000
909	-121.337930	0.953000	14.080000
910	-121.327930	0.955000	14.240000
911	-121.297930	0.955000	14.300000
912	-121.257930	0.957000	13.990000
913	-121.227930	0.957000	14.190000
914	-121.137930	0.959000	14.120000
915	-121.027930	0.959000	14.220000
916	-120.847930	0.961000	14.180000
917	-120.807930	0.963000	14.370000
918	-120.787930	0.963000	14.010000
919	-120.787930	0.963000	14.140000
920	-120.747930	0.965000	14.240000
921	-120.717930	0.965000	14.210000
922	-120.717930	0.967000	14.290000
923	-120.697930	0.969000	14.270000
924	-120.587930	0.969000	14.310000
925	-120.557930	0.971000	14.330000
926	-120.387930	0.971000	14.220000
927	-120.157930	0.973000	14.300000
928	-120.137930	0.973000	14.420000
929	-119.977930	0.975000	14.410000
930	-119.907930	0.976000	14.440000
931	-119.817930	0.976000	14.100000
932	-119.777930	0.978000	14.470000
933	-119.607930	0.978000	14.210000
934	-119.577930	0.978000	14.270000
935	-119.527930	0.980000	14.460000
936	-119.497930	0.980000	14.300000
937	-119.427930	0.982000	14.290000
938	-119.357930	0.982000	14.260000
939	-119.347930	0.984000	14.400000
940	-119.197930	0.984000	14.370000
941	-119.137930	0.986000	14.330000
942	-119.077930	0.986000	14.270000
943	-118.937930	0.988000	14.170000
944	-118.927930	0.988000	14.500000
945	-118.877930	0.990000	14.440000
946	-118.817930	0.992000	14.380000
947	-118.807930	0.992000	14.340000
948	-118.787930	0.994000	14.380000
949	-118.717930	0.994000	14.330000
950	-118.617930	0.994000	14.250000
951	-118.447930	0.998000	14.280000
952	-118.437930	1.000000	14.190000
953	-118.347930	1.000000	14.400000
954	-118.287930	1.002000	14.270000
955	-118.247930	1.002000	14.360000
956	-118.087930	1.002000	14.120000
957	-118.007930	1.004000	14.360000
958	-117.867930	1.004000	14.390000
959	-117.837930	1.006000	14.470000
960	-117.797930	1.008000	14.380000
961	-117.677930	1.008000	14.280000
962	-117.627930	1.008000	14.460000
963	-117.597930	1.010000	14.430000
964	-117.577930	1.012000	14.530000
965	-117.537930	1.012000	14.370000
966	-117.447930	1.012000	14.600000
967	-117.437930	1.014000	14.330000
968	-117.417930	1.016000	14.320000
969	-117.417930	1.016000	14.580000
970	-117.417930	1.017000	14.470000
971	-117.147930	1.017000	14.590000
972	-117.047930	1.019000	14.420000
973	-116.987930	1.019000	14.530000
974	-116.687930	1.021000	14.510000
975	-116.637930	1.023000	14.340000
976	-116.467930	1.023000	14.540000
977	-116.357930	1.023000	14.290000
978	-116.307930	1.025000	14.540000
979	-116.287930	1.027000	14.430000
980	-116.227930	1.027000	14.490000
981	-116.227930	1.029000	14.550000
982	-116.127930	1.031000	14.240000
983	-116.117930	1.031000	14.540000
984	-115.877930	1.033000	14.430000
985	-115.797930	1.033000	14.560000
986	-115.717930	1.033000	14.450000
987	-115.607930	1.035000	14.520000
988	-115.557930	1.035000	14.480000
989	-115.487930	1.037000	14.410000
990	-115.427930	1.039000	14.580000
991	-115.417930	1.039000	14.720000
992	-115.337930	1.041000	14.560000
993	-115.297930	1.043000	14.590000
994	-115.227930	1.043000	14.440000
995	-115.217930	1.043000	14.670000
996	-115.127930	1.045000	14.600000
997	-114.707930	1.047000	14.710000
998	-114.687930	1.047000	14.550000
999	-114.577930	1.049000	14.650000
1000	-114.547930	1.049000	14.610000
1001	-114.527930	1.051000	14.560000
1002	-114.507930	1.051000	14.690000
1003	-114.477930	1.053000	14.780000
1004	-114.387930	1.055000	14.860000
1005	-114.377930	1.055000	14.730000
1006	-114.357930	1.057000	14.570000
1007	-114.317930	1.057000	14.660000
1008	-114.137930	1.059000	14.860000
1009	-114.127930	1.059000	14.380000
1010	-114.097930	1.059000	14.580000
1011	-114.067930	1.060000	14.690000
1012	-114.057930	1.062000	14.660000
1013	-113.957930	1.062000	14.610000
1014	-113.937930	1.064000	14.630000
1015	-113.927930	1.064000	14.580000
1016	-113.907930	1.064000	14.580000
1017	-113.877930	1.066000	14.770000
1018	-113.847930	1.066000	14.630000
1019	-113.697930	1.068000	14.870000
1020	-113.677930	1.070000	14.790000
1021	-113.577930	1.070000	14.790000
1022	-113.547930	1.070000	14.630000
1023	-113.457930	1.072000	14.670000
1024	-113.247930	1.074000	14.680000
1025	-113.067930	1.074000	14.650000
1026	-112.987930	1.074000	14.810000
1027	-112.927930	1.076000	14.870000
1028	-112.897930	1.078000	14.880000
1029	-112.837930	1.080000	14.750000
1030	-112.837930	1.082000	14.860000
1031	-112.737930	1.082000	14.710000
1032	-112.577930	1.084000	14.730000
1033	-112.507930	1.086000	14.860000
1034	-112.437930	1.086000	14.760000
1035	-112.347930	1.088000	14.830000
1036	-112.287930	1.088000	14.940000
1037	-112.247930	1.088000	14.890000
1038	-112.087930	1.090000	14.660000
1039	-112.057930	1.092000	14.830000
1040	-111.607930	1.092000	14.730000
1041	-111.597930	1.094000	14.780000
1042	-111.537930	1.094000	14.730000
1043	-111.467930	1.096000	14.810000
1044	-111.307930	1.096000	14.800000
1045	-111.307930	1.096000	14.910000
1046	-111.277930	1.098000	15.060000
1047	-111.177930	1.098000	14.700000
1048	-111.117930	1.100000	14.940000
1049	-111.087930	1.100000	14.920000
1050	-111.017930	1.103000	14.890000
1051	-110.957930	1.103000	14.700000
1052	-110.887930	1.103000	14.850000
1053	-110.757930	1.105000	14.820000
1054	-110.697930	1.105000	14.770000
1055	-110.627930	1.107000	14.750000
1056	-110.407930	1.109000	14.940000
1057	-110.337930	1.111000	14.960000
1058	-110.307930	1.109000	14.970000
1059	-110.147930	1.113000	14.880000
1060	-110.047930	1.113000	14.990000
1061	-110.047930	1.113000	15.030000
1062	-110.017930	1.115000	15.010000
1063	-109.977930	1.117000	14.840000
1064	-109.947930	1.117000	14.940000
1065	-109.747930	1.119000	15.030000
1066	-109.657930	1.119000	14.860000
1067	-109.597930	1.119000	15.050000
1068	-109.587930	1.121000	14.900000
1069	-109.467930	1.121000	14.870000
1070	-109.427930	1.123000	14.910000
1071	-109.407930	1.123000	14.930000
1072	-109.267930	1.127000	15.090000
1073	-109.207930	1.127000	14.900000
1074	-109.077930	1.127000	14.780000
1075	-109.057930	1.127000	14.950000
1076	-108.847930	1.129000	15.050000
1077	-108.727930	1.129000	14.990000
1078	-108.667930	1.131000	15.050000
1079	-108.617930	1.131000	15.060000
1080	-108.557930	1.133000	14.970000
1081	-108.367930	1.135000	15.320000
1082	-108.337930	1.135000	15.070000
1083	-108.307930	1.135000	15.260000
1084	-108.277930	1.137000	15.000000
1085	-108.167930	1.137000	14.860000
1086	-108.147930	1.139000	15.070000
1087	-108.037930	1.141000	15.180000
1088	-108.017930	1.141000	15.140000
1089	-108.007930	1.142000	15.110000
1090	-107.847930	1.142000	14.920000
1091	-107.817930	1.144000	15.010000
1092	-107.807930	1.144000	15.010000
1093	-107.747930	1.146000	14.950000
1094	-107.647930	1.148000	14.970000
1095	-107.617930	1.148000	15.070000
1096	-107.457930	1.150000	15.100000
1097	-107.447930	1.150000	15.000000
1098	-107.417930	1.150000	14.980000
1099	-107.227930	1.152000	15.100000
1100	-107.057930	1.154000	15.150000
1101	-106.847930	1.156000	15.140000
1102	-106.817930	1.156000	15.060000
1103	-106.797930	1.158000	15.080000
1104	-106.707930	1.158000	15.260000
1105	-106.687930	1.158000	14.980000
1106	-106.637930	1.160000	15.020000
1107	-106.577930	1.164000	15.330000
1108	-106.557930	1.164000	15.080000
1109	-106.417930	1.164000	15.270000
1110	-106.287930	1.166000	15.150000
1111	-106.237930	1.168000	15.260000
1112	-106.197930	1.168000	15.060000
1113	-106.047930	1.168000	15.040000
1114	-105.997930	1.170000	15.130000
1115	-105.927930	1.172000	15.180000
1116	-105.917930	1.172000	14.990000
1117	-105.907930	1.174000	15.110000
1118	-105.877930	1.174000	15.110000
1119	-105.877930	1.176000	15.450000
1120	-105.667930	1.176000	15.120000
1121	-105.557930	1.178000	15.290000
1122	-105.237930	1.180000	15.470000
1123	-105.197930	1.180000	15.260000
1124	-105.097930	1.180000	15.250000
1125	-105.047930	1.182000	15.370000
1126	-105.007930	1.183000	15.400000
1127	-104.877930	1.183000	14.970000
1128	-104.747930	1.183000	15.190000
1129	-104.667930	1.185000	15.380000
1130	-104.597930	1.187000	15.490000
1131	-104.577930	1.189000	15.340000
1132	-104.557930	1.189000	15.420000
1133	-104.487930	1.189000	15.240000
1134	-104.387930	1.191000	15.290000
1135	-104.377930	1.191000	15.290000
1136	-104.357930	1.193000	15.400000
1137	-104.337930	1.193000	15.300000
1138	-104.297930	1.195000	15.340000
1139	-104.277930	1.195000	15.330000
1140	-104.257930	1.197000	15.280000
1141	-104.237930	1.199000	15.420000
1142	-104.067930	1.199000	15.260000
1143	-104.017930	1.199000	15.290000
1144	-103.937930	1.201000	15.180000
1145	-103.887930	1.203000	15.300000
1146	-103.867930	1.203000	15.340000
1147	-103.727930	1.205000	15.340000
1148	-103.677930	1.205000	15.290000
1149	-103.457930	1.207000	15.360000
1150	-103.347930	1.207000	15.320000
1151	-103.167930	1.209000	15.490000
1152	-102.977930	1.211000	15.420000
1153	-102.847930	1.211000	15.470000
1154	-102.817930	1.211000	15.510000
1155	-102.437930	1.213000	15.450000
1156	-102.267930	1.215000	15.470000
1157	-102.237930	1.215000	15.420000
1158	-102.187930	1.217000	15.390000
1159	-102.097930	1.217000	15.540000
1160	-102.077930	1.219000	15.440000
1161	-101.937930	1.219000	15.480000
1162	-101.927930	1.221000	15.590000
1163	-101.897930	1.221000	15.350000
1164	-101.897930	1.221000	15.180000
1165	-101.807930	1.223000	15.550000
1166	-101.797930	1.223000	15.400000
1167	-101.747930	1.225000	15.570000
1168	-101.737930	1.226000	15.510000
1169	-101.737930	1.226000	15.490000
1170	-101.557930	1.226000	15.640000
1171	-101.457930	1.228000	15.470000
1172	-101.437930	1.230000	15.530000
1173	-101.417930	1.230000	15.510000
1174	-101.387930	1.230000	15.030000
1175	-101.287930	1.232000	15.580000
1176	-101.227930	1.234000	15.650000
1177	-101.097930	1.234000	15.600000
1178	-101.087930	1.234000	15.510000
1179	-100.967930	1.236000	15.470000
1180	-100.837930	1.236000	15.450000
1181	-100.707930	1.238000	15.670000
1182	-100.677930	1.238000	15.670000
1183	-100.657930	1.240000	15.710000
1184	-100.457930	1.242000	15.690000
1185	-100.447930	1.242000	15.810000
1186	-100.417930	1.242000	15.730000
1187	-100.367930	1.244000	15.670000
1188	-100.307930	1.246000	15.370000
1189	-100.257930	1.248000	15.620000
1190	-100.157930	1.250000	15.490000
1191	-100.097930	1.252000	15.620000
1192	-100.057930	1.252000	15.800000
1193	-100.017930	1.252000	15.700000
1194	-99.887930	1.254000	15.530000
1195	-99.827930	1.254000	15.640000
1196	-99.737930	1.256000	15.710000
1197	-99.637930	1.258000	15.570000
1198	-99.617930	1.258000	15.700000
1199	-99.457930	1.258000	15.530000
1200	-99.387930	1.260000	15.600000
1201	-99.337930	1.260000	15.760000
1202	-99.327930	1.262000	15.480000
1203	-99.237930	1.262000	15.710000
1204	-99.207930	1.264000	15.640000
1205	-99.097930	1.264000	15.560000
1206	-99.037930	1.267000	16.050000
1207	-98.847930	1.267000	15.800000
1208	-98.837930	1.267000	15.900000
1209	-98.757930	1.269000	15.680000
1210	-98.747930	1.269000	15.620000
1211	-98.537930	1.271000	15.880000
1212	-98.417930	1.273000	15.670000
1213	-98.407930	1.273000	15.870000
1214	-98.247930	1.275000	15.520000
1215	-98.067930	1.275000	15.930000
1216	-98.057930	1.277000	15.700000
1217	-97.947930	1.277000	15.760000
1218	-97.867930	1.277000	15.800000
1219	-97.837930	1.279000	15.710000
1220	-97.767930	1.281000	15.850000
1221	-97.767930	1.281000	15.620000
1222	-97.687930	1.283000	15.920000
1223	-97.497930	1.283000	15.770000
1224	-97.287930	1.285000	15.980000
1225	-97.207930	1.285000	15.920000
1226	-97.197930	1.285000	15.800000
1227	-97.037930	1.287000	16.000000
1228	-96.957930	1.287000	15.830000
1229	-96.847930	1.289000	15.740000
1230	-96.817930	1.291000	15.780000
1231	-96.757930	1.291000	15.780000
1232	-96.567930	1.293000	15.820000
1233	-96.437930	1.293000	15.900000
1234	-96.427930	1.295000	15.750000
1235	-96.287930	1.297000	15.890000
1236	-96.247930	1.297000	15.930000
1237	-96.017930	1.299000	15.830000
1238	-95.927930	1.299000	15.820000
1239	-95.907930	1.301000	15.780000
1240	-95.837930	1.301000	15.900000
1241	-95.827930	1.301000	15.810000
1242	-95.817930	1.303000	15.840000
1243	-95.817930	1.305000	15.850000
1244	-95.757930	1.305000	15.920000
1245	-95.697930	1.307000	15.890000
1246	-95.647930	1.307000	15.780000
1247	-95.647930	1.307000	15.890000
1248	-95.587930	1.309000	16.010000
1249	-95.587930	1.310000	15.940000
1250	-95.447930	1.312000	15.890000
1251	-95.407930	1.312000	15.900000
1252	-95.387930	1.314000	15.950000
1253	-95.347930	1.314000	15.720000
1254	-95.327930	1.314000	15.930000
1255	-95.207930	1.316000	14.590000
1256	-95.177930	1.318000	15.890000
1257	-94.977930	1.318000	15.680000
1258	-94.907930	1.318000	15.720000
1259	-94.827930	1.322000	15.970000
1260	-94.777930	1.322000	15.820000
1261	-94.647930	1.322000	14.680000
1262	-94.617930	1.324000	15.720000
1263	-94.517930	1.324000	14.730000
1264	-94.427930	1.326000	15.950000
1265	-94.347930	1.328000	14.640000
1266	-94.287930	1.328000	14.850000
1267	-94.057930	1.328000	14.730000
1268	-93.887930	1.332000	14.950000
1269	-93.887930	1.334000	14.710000
1270	-93.787930	1.336000	14.780000
1271	-93.767930	1.336000	14.530000
1272	-93.657930	1.336000	14.670000
1273	-93.637930	1.338000	14.930000
1274	-93.437930	1.340000	14.860000
1275	-93.357930	1.340000	14.740000
1276	-93.317930	1.340000	14.830000
1277	-93.277930	1.342000	14.880000
1278	-93.197930	1.344000	14.850000
1279	-93.157930	1.344000	14.700000
1280	-92.967930	1.346000	14.790000
1281	-92.847930	1.346000	14.820000
1282	-92.707930	1.346000	14.790000
1283	-92.587930	1.348000	14.850000
1284	-92.507930	1.348000	14.920000
1285	-92.507930	1.350000	14.880000
1286	-92.467930	1.350000	14.950000
1287	-92.457930	1.351000	15.050000
1288	-92.347930	1.351000	14.590000
1289	-92.347930	1.355000	14.960000
1290	-92.287930	1.355000	16.330000
1291	-92.277930	1.355000	16.260000
1292	-92.137930	1.357000	14.780000
1293	-92.127930	1.359000	14.950000
1294	-92.067930	1.359000	14.760000
1295	-92.007930	1.361000	14.970000
1296	-91.927930	1.361000	14.800000
1297	-91.887930	1.361000	14.780000
1298	-91.867930	1.363000	16.220000
1299	-91.757930	1.363000	14.960000
1300	-91.747930	1.365000	14.840000
1301	-91.587930	1.365000	14.760000
1302	-91.587930	1.365000	15.590000
1303	-91.507930	1.369000	16.120000
1304	-91.477930	1.369000	16.330000
1305	-91.407930	1.371000	16.270000
1306	-91.357930	1.371000	16.340000
1307	-91.267930	1.371000	14.830000
1308	-91.007930	1.373000	16.380000
1309	-90.707930	1.375000	16.310000
1310	-90.647930	1.377000	16.280000
1311	-90.627930	1.377000	14.840000
1312	-90.547930	1.377000	16.340000
1313	-90.517930	1.379000	14.780000
1314	-90.507930	1.379000	16.370000
1315	-90.357930	1.381000	16.250000
1316	-90.357930	1.383000	16.240000
1317	-90.347930	1.383000	16.440000
1318	-90.297930	1.383000	16.550000
1319	-90.247930	1.385000	14.680000
1320	-90.087930	1.387000	16.280000
1321	-89.937930	1.387000	16.280000
1322	-89.877930	1.387000	16.440000
1323	-89.877930	1.389000	16.280000
1324	-89.787930	1.391000	16.450000
1325	-89.677930	1.391000	16.290000
1326	-89.607930	1.392000	16.430000
1327	-89.487930	1.392000	16.490000
1328	-89.467930	1.394000	16.330000
1329	-89.347930	1.394000	16.500000
1330	-89.207930	1.396000	16.340000
1331	-89.117930	1.398000	16.470000
1332	-89.097930	1.398000	16.490000
1333	-89.007930	1.398000	16.410000
1334	-88.867930	1.400000	16.530000
1335	-88.857930	1.402000	16.490000
1336	-88.847930	1.402000	16.300000
1337	-88.777930	1.402000	16.350000
1338	-88.727930	1.406000	16.500000
1339	-88.607930	1.406000	16.460000
1340	-88.597930	1.408000	16.570000
1341	-88.447930	1.408000	16.310000
1342	-88.317930	1.408000	16.650000
1343	-88.257930	1.410000	16.390000
1344	-88.157930	1.410000	16.540000
1345	-88.077930	1.414000	16.490000
1346	-88.007930	1.414000	16.550000
1347	-87.977930	1.416000	16.350000
1348	-87.967930	1.416000	16.480000
1349	-87.957930	1.418000	16.300000
1350	-87.927930	1.418000	16.390000
1351	-87.787930	1.420000	16.530000
1352	-87.777930	1.422000	16.390000
1353	-87.777930	1.422000	16.580000
1354	-87.677930	1.424000	16.530000
1355	-87.267930	1.424000	16.520000
1356	-87.197930	1.424000	15.250000
1357	-87.167930	1.426000	16.440000
1358	-87.157930	1.426000	16.580000
1359	-87.047930	1.428000	16.500000
1360	-86.557930	1.430000	16.460000
1361	-86.437930	1.430000	16.670000
1362	-86.237930	1.432000	15.210000
1363	-86.107930	1.432000	15.260000
1364	-86.017930	1.433000	15.270000
1365	-85.877930	1.433000	15.330000
1366	-85.847930	1.433000	15.300000
1367	-85.837930	1.435000	15.370000
1368	-85.837930	1.435000	15.310000
1369	-85.757930	1.437000	16.670000
1370	-85.697930	1.439000	16.790000
1371	-85.667930	1.439000	15.370000
1372	-85.627930	1.439000	15.250000
1373	-85.627930	1.441000	15.450000
1374	-85.617930	1.441000	15.380000
1375	-85.507930	1.443000	15.210000
1376	-85.467930	1.445000	16.670000
1377	-85.447930	1.443000	15.370000
1378	-85.437930	1.447000	15.190000
1379	-85.387930	1.447000	16.660000
1380	-85.287930	1.449000	15.350000
1381	-85.247930	1.449000	15.440000
1382	-85.027930	1.451000	15.280000
1383	-84.987930	1.453000	15.280000
1384	-84.937930	1.453000	15.300000
1385	-84.887930	1.455000	15.370000
1386	-84.827930	1.455000	15.190000
1387	-84.717930	1.455000	15.390000
1388	-84.657930	1.457000	15.440000
1389	-84.637930	1.457000	15.480000
1390	-84.627930	1.459000	15.420000
1391	-84.577930	1.459000	15.250000
1392	-84.497930	1.459000	15.260000
1393	-84.297930	1.463000	15.500000
1394	-84.267930	1.463000	15.480000
1395	-84.267930	1.465000	15.320000
1396	-84.217930	1.465000	15.300000
1397	-84.207930	1.465000	15.250000
1398	-84.017930	1.469000	15.320000
1399	-83.727930	1.469000	15.560000
1400	-83.687930	1.471000	15.380000
1401	-83.687930	1.471000	15.440000
1402	-83.447930	1.471000	15.550000
1403	-83.347930	1.473000	15.570000
1404	-83.317930	1.473000	15.680000
1405	-83.287930	1.475000	15.560000
1406	-83.187930	1.476000	15.340000
1407	-83.187930	1.476000	15.470000
1408	-83.167930	1.476000	15.470000
1409	-83.057930	1.478000	15.450000
1410	-83.047930	1.478000	15.450000
1411	-83.037930	1.480000	15.410000
1412	-82.997930	1.480000	15.640000
1413	-82.967930	1.482000	15.420000
1414	-82.947930	1.484000	15.350000
1415	-82.907930	1.484000	15.560000
1416	-82.897930	1.486000	15.420000
1417	-82.567930	1.486000	15.460000
1418	-82.457930	1.486000	15.470000
1419	-82.457930	1.488000	15.540000
1420	-82.357930	1.490000	15.660000
1421	-82.347930	1.492000	15.750000
1422	-82.307930	1.492000	15.630000
1423	-82.237930	1.494000	15.540000
1424	-82.087930	1.494000	15.590000
1425	-81.987930	1.498000	15.570000
1426	-81.927930	1.498000	15.550000
1427	-81.847930	1.498000	15.610000
1428	-81.847930	1.500000	15.530000
1429	-81.767930	1.502000	15.470000
1430	-81.707930	1.502000	15.530000
1431	-81.707930	1.504000	15.530000
1432	-81.677930	1.504000	15.740000
1433	-81.397930	1.504000	15.660000
1434	-81.267930	1.506000	15.530000
1435	-81.227930	1.508000	15.590000
1436	-81.117930	1.506000	15.580000
1437	-81.107930	1.508000	15.440000
1438	-81.057930	1.510000	15.570000
1439	-80.817930	1.512000	15.630000
1440	-80.637930	1.512000	15.610000
1441	-80.597930	1.514000	15.530000
1442	-80.457930	1.516000	15.640000
1443	-80.267930	1.516000	15.580000
1444	-80.237930	1.517000	15.700000
1445	-80.127930	1.517000	15.600000
1446	-80.007930	1.517000	15.720000
1447	-79.977930	1.519000	15.760000
1448	-79.827930	1.519000	15.750000
1449	-79.777930	1.521000	15.720000
1450	-79.667930	1.523000	15.590000
1451	-79.397930	1.523000	15.780000
1452	-79.247930	1.523000	15.600000
1453	-79.247930	1.525000	15.720000
1454	-79.057930	1.527000	16.010000
1455	-78.987930	1.527000	15.690000
1456	-78.877930	1.527000	15.790000
1457	-78.867930	1.529000	15.800000
1458	-78.857930	1.531000	15.810000
1459	-78.777930	1.533000	15.680000
1460	-78.727930	1.533000	15.930000
1461	-78.667930	1.533000	15.870000
1462	-78.667930	1.535000	15.930000
1463	-78.667930	1.535000	15.710000
1464	-78.637930	1.537000	15.830000
1465	-78.637930	1.539000	15.900000
1466	-78.567930	1.539000	15.870000
1467	-78.557930	1.539000	15.980000
1468	-78.517930	1.541000	15.770000
1469	-78.497930	1.543000	15.910000
1470	-78.467930	1.543000	15.840000
1471	-78.387930	1.543000	15.840000
1472	-78.357930	1.545000	15.920000
1473	-78.347930	1.547000	15.920000
1474	-78.317930	1.547000	16.040000
1475	-78.297930	1.549000	15.930000
1476	-78.157930	1.549000	15.680000
1477	-78.087930	1.551000	15.800000
1478	-78.087930	1.551000	15.920000
1479	-78.027930	1.553000	15.720000
1480	-77.787930	1.555000	15.790000
1481	-77.557930	1.555000	15.930000
1482	-77.537930	1.555000	15.910000
1483	-77.377930	1.557000	16.090000
1484	-77.147930	1.559000	15.830000
1485	-77.117930	1.559000	15.880000
1486	-77.057930	1.559000	15.960000
1487	-76.977930	1.560000	15.870000
1488	-76.857930	1.562000	15.880000
1489	-76.837930	1.562000	15.800000
1490	-76.827930	1.564000	15.970000
1491	-76.657930	1.564000	16.000000
1492	-76.597930	1.564000	16.190000
1493	-76.567930	1.566000	15.850000
1494	-76.527930	1.566000	15.950000
1495	-76.497930	1.568000	16.050000
1496	-76.287930	1.570000	15.860000
1497	-76.277930	1.568000	15.860000
1498	-76.277930	1.572000	15.910000
1499	-76.037930	1.574000	16.050000
1500	-75.947930	1.574000	15.930000
1501	-75.917930	1.574000	15.880000
1502	-75.857930	1.576000	15.920000
1503	-75.757930	1.578000	15.930000
1504	-75.717930	1.578000	15.930000
1505	-75.537930	1.580000	16.040000
1506	-75.537930	1.582000	16.060000
1507	-75.497930	1.582000	15.980000
1508	-75.367930	1.584000	16.110000
1509	-75.327930	1.586000	15.920000
1510	-75.047930	1.586000	16.000000
1511	-74.977930	1.588000	15.940000
1512	-74.907930	1.588000	16.000000
1513	-74.867930	1.588000	16.220000
1514	-74.857930	1.590000	15.980000
1515	-74.847930	1.592000	16.090000
1516	-74.787930	1.592000	16.110000
1517	-74.757930	1.592000	15.980000
1518	-74.717930	1.594000	16.070000
1519	-74.597930	1.596000	16.020000
1520	-74.267930	1.596000	16.210000
1521	-74.247930	1.598000	16.170000
1522	-73.997930	1.598000	16.300000
1523	-73.937930	1.600000	16.040000
1524	-73.917930	1.601000	16.130000
1525	-73.897930	1.601000	16.060000
1526	-73.827930	1.603000	16.180000
1527	-73.807930	1.603000	16.070000
1528	-73.787930	1.605000	16.230000
1529	-73.757930	1.605000	16.110000
1530	-73.717930	1.605000	16.090000
1531	-73.467930	1.607000	16.020000
1532	-73.417930	1.609000	16.060000
1533	-73.257930	1.609000	16.150000
1534	-73.227930	1.611000	16.400000
1535	-73.227930	1.611000	16.170000
1536	-73.177930	1.611000	16.250000
1537	-73.157930	1.613000	16.190000
1538	-73.127930	1.615000	16.270000
1539	-73.067930	1.615000	16.140000
1540	-73.047930	1.617000	16.250000
1541	-73.037930	1.617000	16.130000
1542	-72.967930	1.619000	16.160000
1543	-72.827930	1.619000	16.250000
1544	-72.787930	1.619000	16.230000
1545	-72.777930	1.621000	16.190000
1546	-72.677930	1.623000	16.210000
1547	-72.657930	1.623000	16.210000
1548	-72.637930	1.623000	16.300000
1549	-72.457930	1.627000	15.970000
1550	-72.117930	1.627000	16.170000
1551	-71.947930	1.627000	16.330000
1552	-71.907930	1.629000	16.340000
1553	-71.827930	1.629000	16.310000
1554	-71.807930	1.631000	16.270000
1555	-71.777930	1.633000	16.080000
1556	-71.577930	1.633000	16.120000
1557	-71.567930	1.635000	16.180000
1558	-71.437930	1.635000	16.410000
1559	-71.297930	1.637000	16.250000
1560	-71.247930	1.637000	16.240000
1561	-71.227930	1.639000	16.270000
1562	-71.157930	1.641000	16.200000
1563	-71.147930	1.641000	16.370000
1564	-71.107930	1.642000	16.410000
1565	-71.097930	1.642000	16.110000
1566	-70.987930	1.642000	16.360000
1567	-70.877930	1.644000	16.290000
1568	-70.697930	1.646000	16.390000
1569	-70.667930	1.646000	16.350000
1570	-70.357930	1.646000	16.350000
1571	-70.347930	1.646000	16.320000
1572	-70.187930	1.650000	16.350000
1573	-70.107930	1.650000	16.380000
1574	-69.927930	1.652000	16.410000
1575	-69.907930	1.652000	16.410000
1576	-69.697930	1.652000	16.520000
1577	-69.687930	1.654000	16.280000
1578	-69.537930	1.654000	16.560000
1579	-69.517930	1.656000	16.370000
1580	-69.497930	1.658000	16.370000
1581	-69.487930	1.658000	16.410000
1582	-69.487930	1.658000	16.430000
1583	-69.357930	1.660000	16.370000
1584	-69.217930	1.664000	16.440000
1585	-69.197930	1.664000	16.450000
1586	-69.187930	1.664000	16.730000
1587	-69.137930	1.666000	16.300000
1588	-69.137930	1.668000	16.510000
1589	-69.057930	1.668000	16.460000
1590	-69.057930	1.670000	16.550000
1591	-68.967930	1.672000	16.690000
1592	-68.947930	1.672000	16.340000
1593	-68.857930	1.674000	16.520000
1594	-68.717930	1.674000	16.390000
1595	-68.697930	1.674000	16.400000
1596	-68.567930	1.676000	16.510000
1597	-68.557930	1.676000	16.470000
1598	-68.477930	1.678000	16.650000
1599	-68.437930	1.680000	16.580000
1600	-68.307930	1.680000	16.350000
1601	-68.287930	1.680000	16.460000
1602	-68.277930	1.682000	16.480000
1603	-68.267930	1.683000	16.540000
1604	-68.137930	1.683000	16.510000
1605	-68.127930	1.683000	16.550000
1606	-68.097930	1.685000	16.510000
1607	-68.077930	1.687000	16.540000
1608	-67.837930	1.687000	16.520000
1609	-67.757930	1.689000	16.640000
1610	-67.687930	1.689000	16.690000
1611	-67.467930	1.691000	16.510000
1612	-67.377930	1.691000	16.670000
1613	-67.167930	1.693000	16.680000
1614	-67.157930	1.695000	16.620000
1615	-67.137930	1.695000	16.500000
1616	-66.977930	1.695000	16.600000
1617	-66.887930	1.697000	16.650000
1618	-66.737930	1.699000	16.730000
1619	-66.717930	1.699000	16.490000
1620	-66.647930	1.699000	16.600000
1621	-66.597930	1.701000	16.550000
1622	-66.477930	1.703000	16.650000
1623	-66.457930	1.703000	16.630000
1624	-66.087930	1.705000	16.610000
1625	-65.997930	1.705000	16.740000
1626	-65.877930	1.707000	16.490000
1627	-65.787930	1.707000	16.610000
1628	-65.777930	1.707000	16.630000
1629	-65.767930	1.709000	16.610000
1630	-65.757930	1.711000	16.620000
1631	-65.747930	1.711000	16.590000
1632	-65.667930	1.711000	16.640000
1633	-65.657930	1.713000	16.640000
1634	-65.547930	1.715000	16.700000
1635	-65.457930	1.715000	16.650000
1636	-65.397930	1.715000	16.790000
1637	-65.327930	1.717000	16.680000
1638	-65.247930	1.717000	16.710000
1639	-65.227930	1.719000	16.480000
1640	-65.197930	1.721000	16.640000
1641	-65.137930	1.721000	16.750000
1642	-65.067930	1.723000	16.600000
1643	-64.967930	1.723000	16.880000
1644	-64.837930	1.725000	16.810000
1645	-64.827930	1.726000	16.630000
1646	-64.807930	1.726000	16.980000
1647	-64.787930	1.726000	16.880000
1648	-64.497930	1.728000	17.040000
1649	-64.357930	1.730000	16.960000
1650	-64.327930	1.730000	16.720000
1651	-64.307930	1.730000	16.980000
1652	-64.257930	1.732000	16.770000
1653	-64.207930	1.736000	17.070000
1654	-64.177930	1.736000	16.750000
1655	-64.147930	1.736000	16.730000
1656	-64.147930	1.736000	16.750000
1657	-64.137930	1.738000	16.830000
1658	-64.117930	1.738000	16.680000
1659	-64.007930	1.738000	16.840000
1660	-63.737930	1.740000	16.880000
1661	-63.657930	1.742000	16.930000
1662	-63.637930	1.742000	16.830000
1663	-63.497930	1.742000	16.750000
1664	-63.497930	1.744000	16.880000
1665	-63.197930	1.746000	16.850000
1666	-63.097930	1.748000	16.880000
1667	-63.077930	1.750000	17.010000
1668	-63.067930	1.750000	17.020000
1669	-63.027930	1.752000	16.820000
1670	-62.977930	1.752000	16.770000
1671	-62.737930	1.754000	17.160000
1672	-62.717930	1.754000	17.020000
1673	-62.677930	1.756000	17.080000
1674	-62.567930	1.758000	17.050000
1675	-62.517930	1.758000	17.030000
1676	-62.467930	1.760000	17.020000
1677	-62.447930	1.760000	16.990000
1678	-62.377930	1.760000	16.960000
1679	-62.277930	1.762000	16.960000
1680	-62.257930	1.762000	17.140000
1681	-62.217930	1.764000	17.070000
1682	-62.177930	1.766000	16.980000
1683	-62.167930	1.766000	16.960000
1684	-62.157930	1.767000	16.980000
1685	-62.117930	1.767000	17.040000
1686	-62.067930	1.767000	17.160000
1687	-62.017930	1.769000	17.030000
1688	-61.797930	1.769000	17.020000
1689	-61.767930	1.771000	16.930000
1690	-61.177930	1.773000	17.200000
1691	-60.957930	1.775000	17.310000
1692	-60.917930	1.775000	17.070000
1693	-60.897930	1.775000	17.190000
1694	-60.807930	1.777000	17.140000
1695	-60.797930	1.777000	17.150000
1696	-60.697930	1.779000	17.020000
1697	-60.627930	1.781000	17.010000
1698	-60.597930	1.783000	17.260000
1699	-60.547930	1.783000	17.220000
1700	-60.507930	1.783000	17.100000
1701	-60.327930	1.785000	17.060000
1702	-60.297930	1.785000	17.090000
1703	-60.267930	1.787000	17.120000
1704	-60.247930	1.789000	17.120000
1705	-60.227930	1.789000	16.860000
1706	-60.087930	1.791000	17.250000
1707	-60.027930	1.791000	17.060000
1708	-59.847930	1.791000	17.130000
1709	-59.807930	1.793000	17.090000
1710	-59.757930	1.793000	17.240000
1711	-59.707930	1.795000	17.150000
1712	-59.697930	1.797000	17.150000
1713	-59.677930	1.797000	17.210000
1714	-59.597930	1.799000	17.090000
1715	-59.487930	1.799000	17.220000
1716	-59.467930	1.801000	17.180000
1717	-59.457930	1.801000	17.130000
1718	-59.387930	1.801000	17.220000
1719	-59.087930	1.803000	17.320000
1720	-58.967930	1.805000	17.240000
1721	-58.757930	1.807000	16.970000
1722	-58.677930	1.807000	17.100000
1723	-58.607930	1.807000	17.130000
1724	-58.527930	1.809000	17.090000
1725	-57.967930	1.809000	17.100000
1726	-57.967930	1.810000	17.350000
1727	-57.967930	1.812000	17.280000
1728	-57.917930	1.812000	17.150000
1729	-57.887930	1.814000	17.220000
1730	-57.857930	1.814000	17.300000
1731	-57.807930	1.816000	17.140000
1732	-57.807930	1.816000	17.450000
1733	-57.717930	1.818000	17.310000
1734	-57.687930	1.820000	17.200000
1735	-57.667930	1.820000	17.180000
1736	-57.567930	1.822000	17.310000
1737	-57.547930	1.822000	17.420000
1738	-57.517930	1.822000	17.080000
1739	-57.497930	1.824000	17.290000
1740	-57.447930	1.824000	17.150000
1741	-57.307930	1.826000	17.290000
1742	-57.287930	1.828000	17.280000
1743	-57.267930	1.828000	17.450000
1744	-57.247930	1.830000	17.160000
1745	-57.077930	1.832000	17.290000
1746	-56.997930	1.832000	17.220000
1747	-56.957930	1.834000	17.410000
1748	-56.937930	1.836000	17.230000
1749	-56.767930	1.836000	17.350000
1750	-56.667930	1.838000	17.330000
1751	-56.667930	1.840000	17.340000
1752	-56.587930	1.840000	17.520000
1753	-56.537930	1.840000	17.460000
1754	-56.477930	1.842000	17.360000
1755	-56.377930	1.844000	17.220000
1756	-56.287930	1.846000	17.260000
1757	-56.257930	1.846000	17.430000
1758	-56.227930	1.848000	17.400000
1759	-56.177930	1.848000	17.510000
1760	-56.137930	1.848000	17.430000
1761	-56.087930	1.850000	17.470000
1762	-56.047930	1.851000	17.300000
1763	-55.967930	1.851000	17.570000
1764	-55.947930	1.851000	17.320000
1765	-55.927930	1.853000	17.370000
1766	-55.797930	1.855000	17.500000
1767	-55.777930	1.855000	17.370000
1768	-55.237930	1.857000	17.510000
1769	-55.027930	1.859000	17.510000
1770	-54.757930	1.859000	17.460000
1771	-54.607930	1.861000	17.430000
1772	-54.497930	1.861000	17.500000
1773	-54.327930	1.861000	17.460000
1774	-54.307930	1.863000	17.520000
1775	-54.227930	1.863000	17.610000
1776	-54.217930	1.865000	17.470000
1777	-54.077930	1.867000	17.560000
1778	-53.827930	1.867000	17.590000
1779	-53.787930	1.867000	17.600000
1780	-53.737930	1.869000	17.570000
1781	-53.737930	1.871000	17.530000
1782	-53.577930	1.871000	17.570000
1783	-53.537930	1.871000	17.430000
1784	-53.357930	1.873000	17.590000
1785	-53.317930	1.877000	17.660000
1786	-53.197930	1.875000	17.500000
1787	-53.127930	1.875000	17.560000
1788	-53.107930	1.877000	17.570000
1789	-53.087930	1.877000	17.560000
1790	-53.037930	1.879000	17.680000
1791	-52.997930	1.879000	17.660000
1792	-52.887930	1.881000	17.690000
1793	-52.697930	1.881000	17.760000
1794	-52.657930	1.881000	17.520000
1795	-52.637930	1.885000	17.580000
1796	-52.607930	1.885000	17.580000
1797	-52.427930	1.887000	17.650000
1798	-52.137930	1.887000	17.680000
1799	-52.037930	1.887000	17.640000
1800	-51.977930	1.889000	17.690000
1801	-51.927930	1.891000	17.730000
1802	-51.857930	1.891000	17.740000
1803	-51.837930	1.892000	17.760000
1804	-51.787930	1.892000	17.640000
1805	-51.717930	1.892000	17.610000
1806	-51.627930	1.894000	17.780000
1807	-51.617930	1.894000	17.430000
1808	-51.617930	1.898000	17.710000
1809	-51.587930	1.898000	17.750000
1810	-51.547930	1.898000	17.590000
1811	-51.547930	1.900000	17.850000
1812	-51.447930	1.902000	17.630000
1813	-51.437930	1.902000	17.860000
1814	-51.357930	1.902000	17.730000
1815	-51.327930	1.904000	17.800000
1816	-51.317930	1.906000	17.670000
1817	-51.317930	1.906000	17.690000
1818	-51.217930	1.906000	17.660000
1819	-51.187930	1.908000	17.920000
1820	-51.097930	1.908000	17.610000
1821	-51.067930	1.910000	17.730000
1822	-51.037930	1.910000	17.780000
1823	-50.877930	1.914000	17.670000
1824	-50.687930	1.916000	17.720000
1825	-50.657930	1.916000	17.720000
1826	-50.657930	1.916000	17.660000
1827	-50.647930	1.918000	17.650000
1828	-50.647930	1.920000	17.810000
1829	-50.557930	1.922000	17.620000
1830	-50.077930	1.922000	17.870000
1831	-50.077930	1.924000	17.840000
1832	-50.007930	1.924000	17.850000
1833	-50.007930	1.924000	17.830000
1834	-49.947930	1.926000	17.770000
1835	-49.937930	1.928000	17.820000
1836	-49.767930	1.928000	17.660000
1837	-49.747930	1.928000	17.890000
1838	-49.747930	1.930000	17.920000
1839	-49.607930	1.932000	17.840000
1840	-49.537930	1.932000	17.850000
1841	-49.517930	1.932000	17.940000
1842	-49.447930	1.933000	17.660000
1843	-49.417930	1.933000	17.830000
1844	-49.387930	1.935000	17.810000
1845	-49.387930	1.937000	17.870000
1846	-49.357930	1.939000	17.960000
1847	-49.267930	1.939000	17.880000
1848	-49.127930	1.939000	17.810000
1849	-48.647930	1.939000	17.910000
1850	-48.447930	1.941000	17.980000
1851	-48.317930	1.941000	17.980000
1852	-48.227930	1.943000	18.120000
1853	-48.137930	1.945000	18.090000
1854	-48.057930	1.945000	17.930000
1855	-47.997930	1.947000	18.010000
1856	-47.957930	1.947000	17.910000
1857	-47.877930	1.947000	18.040000
1858	-47.827930	1.949000	18.010000
1859	-47.737930	1.951000	18.050000
1860	-47.707930	1.953000	17.960000
1861	-47.617930	1.953000	18.140000
1862	-47.407930	1.955000	17.990000
1863	-47.407930	1.955000	18.040000
1864	-47.407930	1.955000	18.240000
1865	-47.357930	1.957000	17.900000
1866	-47.037930	1.957000	18.090000
1867	-46.967930	1.959000	18.090000
1868	-46.907930	1.961000	17.860000
1869	-46.907930	1.963000	18.120000
1870	-46.817930	1.963000	17.900000
1871	-46.737930	1.963000	18.060000
1872	-46.707930	1.965000	18.130000
1873	-46.647930	1.965000	17.930000
1874	-46.597930	1.967000	18.060000
1875	-46.577930	1.969000	18.260000
1876	-46.547930	1.969000	18.000000
1877	-46.477930	1.969000	18.120000
1878	-46.467930	1.971000	18.150000
1879	-46.287930	1.973000	18.000000
1880	-46.287930	1.973000	18.310000
1881	-46.197930	1.975000	18.060000
1882	-46.167930	1.976000	18.380000
1883	-46.157930	1.976000	18.090000
1884	-46.117930	1.978000	18.280000
1885	-45.967930	1.978000	18.260000
1886	-45.857930	1.978000	18.070000
1887	-45.817930	1.980000	18.110000
1888	-45.807930	1.980000	18.100000
1889	-45.747930	1.982000	18.290000
1890	-45.657930	1.984000	18.190000
1891	-45.547930	1.984000	18.080000
1892	-45.527930	1.986000	18.280000
1893	-45.327930	1.986000	18.090000
1894	-45.317930	1.986000	18.240000
1895	-45.297930	1.988000	18.350000
1896	-45.267930	1.988000	18.130000
1897	-45.247930	1.990000	18.360000
1898	-45.097930	1.990000	18.460000
1899	-45.077930	1.992000	18.250000
1900	-44.967930	1.994000	18.180000
1901	-44.957930	1.994000	18.180000
1902	-44.937930	1.994000	18.250000
1903	-44.907930	1.998000	18.240000
1904	-44.887930	2.000000	18.220000
1905	-44.877930	2.000000	18.280000
1906	-44.797930	2.002000	18.310000
1907	-44.697930	2.002000	18.230000
1908	-44.557930	2.004000	18.230000
1909	-44.547930	2.004000	18.220000
1910	-44.547930	2.004000	18.210000
1911	-44.537930	2.006000	18.250000
1912	-44.267930	2.008000	18.370000
1913	-44.207930	2.008000	18.240000
1914	-44.167930	2.008000	18.320000
1915	-44.137930	2.010000	18.210000
1916	-43.927930	2.012000	18.320000
1917	-43.847930	2.012000	18.250000
1918	-43.817930	2.014000	18.510000
1919	-43.617930	2.016000	18.340000
1920	-43.587930	2.016000	18.540000
1921	-43.537930	2.017000	18.460000
1922	-43.277930	2.017000	18.500000
1923	-43.267930	2.017000	18.450000
1924	-43.097930	2.019000	18.500000
1925	-42.977930	2.021000	18.590000
1926	-42.887930	2.021000	18.330000
1927	-42.837930	2.023000	18.360000
1928	-42.727930	2.023000	18.430000
1929	-42.597930	2.023000	18.320000
1930	-42.337930	2.025000	18.350000
1931	-42.257930	2.027000	18.480000
1932	-42.257930	2.027000	18.520000
1933	-42.187930	2.027000	18.440000
1934	-42.157930	2.029000	18.430000
1935	-42.157930	2.031000	18.540000
1936	-42.057930	2.031000	18.530000
1937	-41.977930	2.033000	18.450000
1938	-41.927930	2.035000	18.410000
1939	-41.847930	2.035000	18.500000
1940	-41.807930	2.035000	18.450000
1941	-41.567930	2.037000	18.430000
1942	-41.407930	2.039000	18.520000
1943	-41.307930	2.039000	18.560000
1944	-41.197930	2.041000	18.400000
1945	-41.097930	2.041000	18.440000
1946	-41.007930	2.043000	18.600000
1947	-40.987930	2.043000	18.420000
1948	-40.957930	2.043000	18.320000
1949	-40.897930	2.045000	18.470000
1950	-40.887930	2.047000	18.600000
1951	-40.817930	2.047000	18.560000
1952	-40.737930	2.049000	18.510000
1953	-40.717930	2.049000	18.450000
1954	-40.647930	2.049000	18.420000
1955	-40.597930	2.051000	18.480000
1956	-40.407930	2.051000	18.400000
1957	-40.327930	2.053000	18.450000
1958	-40.327930	2.055000	18.540000
1959	-40.187930	2.055000	18.400000
1960	-40.117930	2.057000	18.600000
1961	-40.097930	2.059000	18.790000
1962	-40.077930	2.059000	18.490000
1963	-39.957930	2.059000	18.610000
1964	-39.927930	2.060000	18.410000
1965	-39.767930	2.062000	18.540000
1966	-39.547930	2.062000	18.720000
1967	-39.537930	2.062000	18.580000
1968	-39.517930	2.064000	18.610000
1969	-39.437930	2.064000	18.550000
1970	-39.347930	2.066000	18.580000
1971	-39.167930	2.066000	18.720000
1972	-39.037930	2.068000	18.650000
1973	-39.017930	2.070000	18.630000
1974	-38.977930	2.070000	18.640000
1975	-38.977930	2.070000	18.810000
1976	-38.887930	2.072000	18.610000
1977	-38.697930	2.074000	18.750000
1978	-38.687930	2.074000	18.520000
1979	-38.677930	2.074000	18.620000
1980	-38.657930	2.076000	18.480000
1981	-38.597930	2.078000	18.790000
1982	-38.577930	2.078000	18.690000
1983	-38.547930	2.080000	18.730000
1984	-38.527930	2.082000	18.660000
1985	-38.497930	2.082000	18.640000
1986	-38.397930	2.084000	18.730000
1987	-38.277930	2.086000	18.690000
1988	-38.197930	2.086000	18.940000
1989	-38.057930	2.088000	18.690000
1990	-38.027930	2.088000	18.850000
1991	-37.907930	2.090000	18.690000
1992	-37.877930	2.090000	18.680000
1993	-37.667930	2.092000	18.890000
1994	-37.647930	2.094000	18.790000
1995	-37.637930	2.094000	18.800000
1996	-37.627930	2.096000	18.830000
1997	-37.537930	2.096000	18.900000
1998	-37.387930	2.098000	18.870000
1999	-37.167930	2.098000	18.880000
2000	-37.137930	2.100000	18.720000
2001	-37.037930	2.101000	18.830000
2002	-37.017930	2.101000	18.850000
2003	-36.937930	2.103000	18.850000
2004	-36.857930	2.103000	18.950000
2005	-36.557930	2.105000	18.800000
2006	-36.247930	2.105000	18.870000
2007	-36.157930	2.107000	18.770000
2008	-35.837930	2.109000	18.870000
2009	-35.817930	2.109000	19.010000
2010	-35.757930	2.111000	18.870000
2011	-35.637930	2.111000	18.970000
2012	-35.627930	2.111000	19.070000
2013	-35.607930	2.113000	18.780000
2014	-35.467930	2.113000	18.820000
2015	-35.377930	2.115000	19.020000
2016	-35.327930	2.115000	19.010000
2017	-35.217930	2.117000	18.950000
2018	-35.087930	2.119000	18.900000
2019	-35.077930	2.119000	18.930000
2020	-35.047930	2.121000	19.100000
2021	-34.977930	2.121000	19.010000
2022	-34.917930	2.123000	18.990000
2023	-34.867930	2.125000	18.930000
2024	-34.867930	2.125000	18.870000
2025	-34.797930	2.127000	18.950000
2026	-34.797930	2.127000	18.840000
2027	-34.757930	2.129000	18.960000
2028	-34.687930	2.129000	19.170000
2029	-34.667930	2.129000	18.920000
2030	-34.647930	2.131000	18.890000
2031	-34.587930	2.131000	19.050000
2032	-34.527930	2.131000	19.140000
2033	-34.507930	2.135000	19.050000
2034	-34.207930	2.135000	19.160000
2035	-34.167930	2.137000	19.030000
2036	-34.137930	2.137000	19.010000
2037	-34.127930	2.139000	19.020000
2038	-34.057930	2.139000	18.900000
2039	-33.997930	2.141000	19.050000
2040	-33.987930	2.141000	19.130000
2041	-33.967930	2.142000	19.090000
2042	-33.897930	2.142000	19.210000
2043	-33.847930	2.142000	19.000000
2044	-33.787930	2.144000	19.010000
2045	-33.767930	2.144000	19.050000
2046	-33.747930	2.146000	19.190000
2047	-33.617930	2.146000	19.010000
2048	-33.617930	2.148000	19.120000
2049	-33.607930	2.150000	19.020000
2050	-33.607930	2.150000	19.270000
2051	-33.597930	2.150000	19.120000
2052	-33.597930	2.152000	19.160000
2053	-33.587930	2.152000	19.030000
2054	-33.557930	2.154000	19.080000
2055	-33.507930	2.156000	18.980000
2056	-33.487930	2.156000	19.100000
2057	-33.487930	2.158000	19.090000
2058	-33.397930	2.158000	19.150000
2059	-33.377930	2.160000	19.040000
2060	-33.367930	2.164000	19.070000
2061	-33.317930	2.164000	19.220000
2062	-33.317930	2.164000	19.090000
2063	-33.287930	2.166000	19.130000
2064	-33.257930	2.168000	18.990000
2065	-33.217930	2.168000	19.160000
2066	-33.217930	2.168000	19.170000
2067	-33.217930	2.170000	19.350000
2068	-33.207930	2.170000	19.030000
2069	-33.197930	2.172000	19.070000
2070	-33.197930	2.174000	19.160000
2071	-33.157930	2.174000	19.090000
2072	-33.117930	2.174000	19.170000
2073	-33.107930	2.176000	19.090000
2074	-33.087930	2.176000	19.160000
2075	-33.067930	2.178000	19.240000
2076	-33.037930	2.180000	19.080000
2077	-32.987930	2.180000	19.240000
2078	-32.977930	2.180000	19.060000
2079	-32.977930	2.182000	19.060000
2080	-32.947930	2.183000	19.180000
2081	-32.937930	2.183000	18.930000
2082	-32.917930	2.183000	19.170000
2083	-32.907930	2.185000	19.130000
2084	-32.897930	2.187000	19.020000
2085	-32.887930	2.187000	19.110000
2086	-32.877930	2.189000	19.020000
2087	-32.837930	2.189000	19.080000
2088	-32.797930	2.191000	19.220000
2089	-32.757930	2.191000	19.110000
2090	-32.757930	2.193000	19.090000
2091	-32.747930	2.195000	19.120000
2092	-32.737930	2.195000	19.170000
2093	-32.737930	2.195000	19.190000
2094	-32.697930	2.197000	19.110000
2095	-32.687930	2.199000	19.190000
2096	-32.677930	2.199000	19.080000
2097	-32.667930	2.199000	19.130000
2098	-32.647930	2.201000	19.240000
2099	-32.597930	2.203000	19.130000
2100	-32.557930	2.203000	19.130000
2101	-32.547930	2.205000	19.190000
2102	-32.497930	2.205000	19.100000
2103	-32.487930	2.205000	19.160000
2104	-32.467930	2.207000	19.140000
2105	-32.467930	2.207000	19.140000
2106	-32.457930	2.209000	19.110000
2107	-32.447930	2.211000	19.060000
2108	-32.447930	2.211000	19.180000
2109	-32.427930	2.211000	19.190000
2110	-32.287930	2.213000	19.220000
2111	-32.277930	2.215000	18.970000
2112	-32.267930	2.215000	19.150000
2113	-32.207930	2.215000	19.110000
2114	-32.197930	2.217000	19.160000
2115	-32.157930	2.219000	19.110000
2116	-32.157930	2.221000	19.080000
2117	-32.137930	2.221000	19.100000
2118	-32.137930	2.221000	19.370000
2119	-32.127930	2.223000	19.150000
2120	-32.117930	2.223000	19.190000
2121	-31.977930	2.225000	19.100000
2122	-31.967930	2.226000	19.090000
2123	-31.937930	2.226000	19.120000
2124	-31.917930	2.226000	19.180000
2125	-31.537930	2.228000	19.100000
2126	-31.507930	2.230000	19.150000
2127	-31.157930	2.230000	19.220000
2128	-29.067930	2.232000	19.650000
2129	-27.917930	2.232000	19.470000
2130	-27.557930	2.234000	19.660000
2131	-27.457930	2.234000	19.570000
2132	-27.447930	2.236000	19.650000
2133	-27.007930	2.236000	19.610000
2134	-26.997930	2.238000	19.510000
2135	-26.657930	2.238000	19.720000
2136	-26.577930	2.238000	19.590000
2137	-26.517930	2.240000	19.600000
2138	-26.507930	2.242000	19.660000
2139	-26.477930	2.242000	19.500000
2140	-26.357930	2.242000	19.590000
2141	-26.327930	2.244000	19.610000
2142	-26.267930	2.246000	19.650000
2143	-26.197930	2.248000	19.600000
2144	-25.917930	2.250000	19.680000
2145	-25.797930	2.250000	19.670000
2146	-25.747930	2.252000	19.500000
2147	-25.657930	2.252000	19.600000
2148	-25.577930	2.252000	19.600000
2149	-25.297930	2.254000	19.610000
2150	-25.207930	2.256000	19.650000
2151	-25.117930	2.258000	19.610000
2152	-25.117930	2.258000	19.740000
2153	-25.067930	2.260000	19.770000
2154	-25.027930	2.260000	19.700000
2155	-24.997930	2.260000	19.670000
2156	-24.987930	2.262000	19.800000
2157	-24.977930	2.262000	19.840000
2158	-24.897930	2.264000	19.870000
2159	-24.877930	2.266000	19.640000
2160	-24.797930	2.266000	19.680000
2161	-24.567930	2.267000	19.750000
2162	-24.547930	2.267000	19.690000
2163	-24.487930	2.267000	19.640000
2164	-24.487930	2.269000	19.770000
2165	-24.327930	2.271000	19.760000
2166	-24.107930	2.271000	19.770000
2167	-24.077930	2.271000	19.600000
2168	-23.937930	2.273000	19.740000
2169	-23.847930	2.275000	19.770000
2170	-23.847930	2.275000	19.700000
2171	-23.827930	2.275000	19.680000
2172	-23.807930	2.277000	19.710000
2173	-23.787930	2.277000	19.750000
2174	-23.727930	2.279000	19.500000
2175	-23.697930	2.281000	19.730000
2176	-23.647930	2.283000	19.670000
2177	-23.577930	2.283000	19.840000
2178	-23.497930	2.283000	19.830000
2179	-23.327930	2.283000	19.750000
2180	-23.267930	2.285000	19.800000
2181	-22.847930	2.285000	19.540000
2182	-22.737930	2.287000	19.840000
2183	-22.637930	2.289000	19.800000
2184	-22.427930	2.289000	19.850000
2185	-22.397930	2.291000	19.920000
2186	-22.267930	2.291000	20.030000
2187	-22.197930	2.291000	19.880000
2188	-22.197930	2.293000	19.980000
2189	-22.197930	2.295000	19.960000
2190	-22.177930	2.297000	19.890000
2191	-22.167930	2.297000	19.900000
2192	-22.087930	2.299000	19.870000
2193	-21.887930	2.299000	19.720000
2194	-21.827930	2.299000	20.070000
2195	-21.777930	2.301000	19.950000
2196	-21.757930	2.301000	19.790000
2197	-21.757930	2.303000	19.940000
2198	-21.667930	2.305000	20.030000
2199	-21.647930	2.307000	19.830000
2200	-21.507930	2.307000	20.000000
2201	-21.457930	2.307000	19.910000
2202	-21.387930	2.309000	20.090000
2203	-21.317930	2.309000	19.870000
2204	-21.147930	2.310000	19.810000
2205	-21.097930	2.312000	19.990000
2206	-20.947930	2.312000	19.890000
2207	-20.917930	2.314000	19.950000
2208	-20.907930	2.314000	19.960000
2209	-20.847930	2.316000	19.990000
2210	-20.657930	2.316000	19.980000
2211	-20.557930	2.318000	19.980000
2212	-20.427930	2.320000	19.860000
2213	-20.397930	2.320000	19.950000
2214	-20.177930	2.322000	20.080000
2215	-20.137930	2.322000	19.960000
2216	-20.117930	2.322000	19.890000
2217	-19.797930	2.326000	20.000000
2218	-19.737930	2.326000	20.090000
2219	-19.697930	2.328000	20.080000
2220	-19.627930	2.328000	20.030000
2221	-19.617930	2.330000	20.030000
2222	-19.567930	2.332000	20.080000
2223	-19.467930	2.332000	20.040000
2224	-19.337930	2.334000	20.140000
2225	-19.327930	2.336000	20.160000
2226	-19.207930	2.336000	20.060000
2227	-19.137930	2.338000	19.900000
2228	-19.077930	2.340000	20.050000
2229	-19.037930	2.340000	20.070000
2230	-18.997930	2.340000	19.980000
2231	-18.977930	2.342000	20.150000
2232	-18.927930	2.344000	20.040000
2233	-18.887930	2.344000	20.170000
2234	-18.867930	2.346000	20.180000
2235	-18.787930	2.346000	20.190000
2236	-18.677930	2.348000	20.260000
2237	-18.667930	2.348000	20.190000
2238	-18.187930	2.350000	20.260000
2239	-18.157930	2.351000	20.310000
2240	-18.097930	2.351000	20.190000
2241	-18.047930	2.351000	20.230000
2242	-18.007930	2.353000	20.260000
2243	-17.907930	2.355000	20.200000
2244	-17.707930	2.355000	20.290000
2245	-17.687930	2.355000	20.160000
2246	-17.557930	2.357000	20.270000
2247	-17.487930	2.359000	20.290000
2248	-17.447930	2.359000	20.250000
2249	-17.437930	2.361000	20.300000
2250	-17.297930	2.361000	20.170000
2251	-17.217930	2.361000	20.210000
2252	-17.177930	2.363000	20.230000
2253	-17.157930	2.363000	20.200000
2254	-16.997930	2.365000	20.250000
2255	-16.957930	2.365000	20.410000
2256	-16.897930	2.367000	20.280000
2257	-16.867930	2.369000	20.150000
2258	-16.817930	2.371000	20.340000
2259	-16.737930	2.371000	20.390000
2260	-16.637930	2.371000	20.390000
2261	-16.537930	2.373000	20.320000
2262	-16.397930	2.375000	20.400000
2263	-16.277930	2.375000	20.410000
2264	-16.127930	2.377000	20.320000
2265	-16.067930	2.377000	20.420000
2266	-15.967930	2.379000	20.360000
2267	-15.827930	2.379000	20.190000
2268	-15.817930	2.379000	20.410000
2269	-15.797930	2.381000	20.340000
2270	-15.757930	2.383000	20.420000
2271	-15.667930	2.383000	20.400000
2272	-15.637930	2.383000	20.180000
2273	-15.627930	2.385000	20.380000
2274	-15.567930	2.387000	20.320000
2275	-15.427930	2.387000	20.400000
2276	-15.387930	2.389000	20.340000
2277	-15.087930	2.391000	20.310000
2278	-14.897930	2.391000	20.410000
2279	-14.817930	2.392000	20.440000
2280	-14.777930	2.392000	20.370000
2281	-14.697930	2.392000	20.350000
2282	-14.547930	2.394000	20.360000
2283	-14.287930	2.394000	20.230000
2284	-14.227930	2.396000	20.350000
2285	-14.167930	2.398000	20.330000
2286	-14.127930	2.398000	20.460000
2287	-14.097930	2.400000	20.410000
2288	-14.077930	2.402000	20.420000
2289	-13.797930	2.402000	20.490000
2290	-13.717930	2.402000	20.380000
2291	-13.717930	2.404000	20.630000
2292	-13.707930	2.406000	20.370000
2293	-13.607930	2.408000	20.470000
2294	-13.587930	2.408000	20.390000
2295	-13.517930	2.408000	20.460000
2296	-13.467930	2.410000	20.330000
2297	-13.447930	2.410000	20.430000
2298	-13.407930	2.410000	20.380000
2299	-13.127930	2.414000	20.330000
2300	-13.117930	2.416000	20.400000
2301	-13.087930	2.416000	20.430000
2302	-13.027930	2.416000	20.570000
2303	-12.987930	2.418000	20.470000
2304	-12.947930	2.418000	20.420000
2305	-12.927930	2.420000	20.290000
2306	-12.437930	2.422000	20.430000
2307	-12.387930	2.424000	20.400000
2308	-12.197930	2.424000	20.680000
2309	-12.107930	2.424000	20.430000
2310	-12.087930	2.426000	20.530000
2311	-12.047930	2.426000	20.390000
2312	-11.997930	2.428000	20.610000
2313	-11.957930	2.430000	20.430000
2314	-11.937930	2.428000	20.300000
2315	-11.637930	2.430000	20.560000
2316	-11.547930	2.432000	20.500000
2317	-11.517930	2.432000	20.610000
2318	-11.507930	2.433000	20.530000
2319	-11.497930	2.433000	20.630000
2320	-11.497930	2.435000	20.650000
2321	-11.437930	2.437000	20.490000
2322	-11.377930	2.437000	20.530000
2323	-11.327930	2.439000	20.540000
2324	-11.267930	2.439000	20.460000
2325	-11.257930	2.439000	20.260000
2326	-11.217930	2.441000	20.670000
2327	-11.157930	2.441000	20.600000
2328	-11.137930	2.443000	20.710000
2329	-11.097930	2.445000	20.630000
2330	-11.087930	2.445000	20.570000
2331	-11.047930	2.447000	20.560000
2332	-10.897930	2.447000	20.500000
2333	-10.867930	2.447000	20.510000
2334	-10.757930	2.449000	20.630000
2335	-10.587930	2.449000	20.670000
2336	-10.527930	2.451000	20.740000
2337	-10.507930	2.451000	20.600000
2338	-10.467930	2.453000	20.600000
2339	-10.217930	2.455000	20.710000
2340	-10.157930	2.455000	20.460000
2341	-10.157930	2.455000	20.510000
2342	-10.087930	2.457000	20.650000
2343	-9.967930	2.457000	20.780000
2344	-9.807930	2.459000	20.760000
2345	-9.707930	2.461000	20.790000
2346	-9.677930	2.461000	20.460000
2347	-9.447930	2.463000	20.720000
2348	-9.427930	2.463000	20.690000
2349	-9.387930	2.465000	20.680000
2350	-9.237930	2.465000	20.800000
2351	-9.207930	2.467000	20.830000
2352	-9.117930	2.469000	20.710000
2353	-9.087930	2.469000	20.670000
2354	-8.937930	2.471000	20.730000
2355	-8.907930	2.471000	20.640000
2356	-8.897930	2.473000	20.750000
2357	-8.837930	2.473000	20.790000
2358	-8.787930	2.475000	20.710000
2359	-8.737930	2.476000	20.660000
2360	-8.677930	2.476000	20.920000
2361	-8.427930	2.478000	20.730000
2362	-8.257930	2.478000	20.860000
2363	-8.147930	2.480000	20.740000
2364	-8.007930	2.480000	20.830000
2365	-7.687930	2.480000	20.810000
2366	-7.577930	2.484000	20.760000
2367	-7.547930	2.484000	20.880000
2368	-7.347930	2.486000	20.920000
2369	-7.257930	2.486000	20.770000
2370	-7.217930	2.486000	20.900000
2371	-7.207930	2.488000	20.770000
2372	-7.127930	2.488000	20.860000
2373	-7.097930	2.490000	20.900000
2374	-6.997930	2.490000	21.020000
2375	-6.647930	2.492000	20.880000
2376	-6.627930	2.494000	20.920000
2377	-6.557930	2.494000	20.930000
2378	-6.537930	2.498000	20.860000
2379	-6.537930	2.500000	20.950000
2380	-6.527930	2.500000	20.870000
2381	-6.417930	2.502000	20.860000
2382	-6.327930	2.502000	20.930000
2383	-6.287930	2.502000	20.830000
2384	-6.087930	2.504000	20.860000
2385	-6.077930	2.504000	21.120000
2386	-6.067930	2.506000	20.870000
2387	-6.047930	2.508000	20.830000
2388	-5.947930	2.508000	20.880000
2389	-5.927930	2.508000	20.790000
2390	-5.917930	2.510000	20.820000
2391	-5.887930	2.512000	20.850000
2392	-5.867930	2.512000	21.070000
2393	-5.697930	2.512000	20.840000
2394	-5.647930	2.514000	21.050000
2395	-5.407930	2.516000	20.920000
2396	-5.377930	2.517000	20.820000
2397	-5.317930	2.517000	20.960000
2398	-5.307930	2.517000	21.060000
2399	-5.287930	2.519000	21.110000
2400	-5.257930	2.519000	20.980000
2401	-5.257930	2.521000	21.050000
2402	-5.077930	2.523000	20.950000
2403	-5.057930	2.523000	21.030000
2404	-5.017930	2.523000	20.890000
2405	-4.877930	2.525000	21.170000
2406	-4.737930	2.527000	20.980000
2407	-4.697930	2.527000	21.020000
2408	-4.627930	2.527000	21.070000
2409	-4.487930	2.529000	20.960000
2410	-4.457930	2.531000	21.150000
2411	-4.427930	2.531000	21.030000
2412	-4.377930	2.533000	20.970000
2413	-4.347930	2.533000	21.060000
2414	-4.307930	2.535000	21.090000
2415	-4.107930	2.535000	21.390000
2416	-3.977930	2.537000	21.180000
2417	-3.747930	2.539000	21.230000
2418	-3.657930	2.539000	21.220000
2419	-3.657930	2.539000	21.090000
2420	-3.647930	2.541000	21.360000
2421	-3.637930	2.543000	21.110000
2422	-3.427930	2.543000	21.140000
2423	-3.357930	2.543000	21.260000
2424	-3.307930	2.545000	21.250000
2425	-3.267930	2.547000	21.200000
2426	-3.237930	2.549000	21.300000
2427	-3.207930	2.549000	21.170000
2428	-2.987930	2.549000	21.200000
2429	-2.937930	2.551000	21.250000
2430	-2.837930	2.551000	21.230000
2431	-2.657930	2.553000	21.350000
2432	-2.447930	2.555000	21.300000
2433	-2.417930	2.555000	21.260000
2434	-2.407930	2.555000	21.420000
2435	-2.367930	2.557000	21.190000
2436	-2.357930	2.559000	21.200000
2437	-2.327930	2.559000	21.220000
2438	-2.257930	2.559000	21.210000
2439	-2.237930	2.560000	21.260000
2440	-2.147930	2.562000	21.200000
2441	-2.087930	2.562000	21.210000
2442	-1.877930	2.564000	21.220000
2443	-1.817930	2.564000	21.260000
2444	-1.817930	2.566000	21.340000
2445	-1.747930	2.566000	21.270000
2446	-1.467930	2.568000	21.220000
2447	-1.207930	2.570000	21.270000
2448	-1.077930	2.570000	21.310000
2449	-1.027930	2.570000	21.390000
2450	-0.977930	2.572000	21.310000
2451	-0.937930	2.574000	21.300000
2452	-0.737930	2.574000	21.430000
2453	-0.657930	2.574000	21.390000
2454	-0.577930	2.576000	21.460000
2455	-0.557930	2.578000	21.430000
2456	-0.427930	2.578000	21.360000
2457	-0.397930	2.580000	21.410000
2458	-0.337930	2.582000	21.350000
2459	-0.247930	2.582000	21.260000
2460	-0.197930	2.584000	21.380000
2461	-0.057930	2.586000	21.350000
2462	0.022070	2.584000	21.350000
