1	-190.904574	0.000000	9.530000
2	-190.844574	0.002000	9.480000
3	-190.704574	0.004000	9.300000
4	-190.424574	0.005000	9.550000
5	-190.344574	0.005000	9.630000
6	-190.234574	0.005000	9.420000
7	-190.114574	0.007000	9.730000
8	-190.054574	0.009000	9.510000
9	-189.894574	0.009000	9.350000
10	-189.854574	0.011000	9.650000
11	-189.804574	0.011000	9.890000
12	-189.794574	0.011000	9.710000
13	-189.754574	0.013000	9.580000
14	-189.734574	0.015000	9.570000
15	-189.714574	0.015000	9.350000
16	-189.634574	0.017000	9.510000
17	-189.624574	0.017000	9.450000
18	-189.574574	0.017000	9.550000
19	-189.504574	0.019000	9.610000
20	-189.494574	0.021000	9.450000
21	-189.454574	0.021000	9.380000
22	-189.434574	0.021000	9.640000
23	-189.414574	0.023000	9.540000
24	-189.374574	0.025000	9.620000
25	-189.304574	0.027000	9.460000
26	-189.254574	0.027000	10.160000
27	-189.224574	0.027000	9.580000
28	-189.174574	0.027000	9.410000
29	-189.034574	0.029000	9.420000
30	-189.024574	0.029000	9.800000
31	-189.024574	0.031000	9.660000
32	-188.944574	0.031000	9.410000
33	-188.904574	0.031000	9.830000
34	-188.824574	0.033000	9.520000
35	-188.784574	0.035000	9.420000
36	-188.784574	0.037000	9.620000
37	-188.504574	0.037000	9.710000
38	-188.494574	0.037000	9.760000
39	-188.454574	0.039000	9.460000
40	-188.434574	0.041000	9.560000
41	-188.414574	0.041000	9.670000
42	-188.394574	0.043000	9.670000
43	-188.384574	0.043000	9.510000
44	-188.314574	0.043000	9.610000
45	-188.234574	0.045000	9.900000
46	-187.684574	0.045000	9.590000
47	-187.664574	0.047000	9.760000
48	-187.654574	0.048000	9.590000
49	-187.594574	0.048000	9.490000
50	-187.594574	0.048000	9.630000
51	-187.534574	0.050000	9.470000
52	-187.294574	0.052000	9.660000
53	-187.284574	0.052000	9.640000
54	-187.234574	0.052000	9.810000
55	-187.124574	0.054000	9.420000
56	-187.114574	0.054000	9.910000
57	-187.054574	0.056000	9.410000
58	-186.904574	0.058000	9.810000
59	-186.824574	0.058000	9.730000
60	-186.804574	0.058000	9.750000
61	-186.684574	0.060000	9.480000
62	-186.674574	0.060000	9.610000
63	-186.584574	0.062000	9.940000
64	-186.544574	0.064000	9.690000
65	-186.534574	0.062000	9.570000
66	-186.494574	0.066000	9.600000
67	-186.464574	0.068000	9.730000
68	-186.444574	0.070000	9.670000
69	-186.414574	0.070000	9.940000
70	-186.344574	0.074000	9.660000
71	-186.174574	0.074000	9.800000
72	-186.084574	0.074000	9.820000
73	-186.074574	0.074000	9.740000
74	-186.044574	0.076000	9.840000
75	-186.024574	0.076000	9.830000
76	-186.024574	0.078000	9.720000
77	-185.974574	0.078000	9.540000
78	-185.944574	0.080000	9.840000
79	-185.724574	0.082000	9.720000
80	-185.724574	0.082000	9.730000
81	-185.704574	0.082000	9.800000
82	-185.654574	0.084000	9.900000
83	-185.634574	0.084000	9.750000
84	-185.614574	0.086000	9.800000
85	-185.594574	0.086000	9.610000
86	-185.364574	0.088000	9.710000
87	-185.314574	0.089000	9.800000
88	-184.774574	0.089000	9.720000
89	-184.734574	0.089000	9.750000
90	-184.704574	0.091000	9.980000
91	-184.574574	0.091000	10.030000
92	-184.484574	0.093000	9.960000
93	-184.404574	0.095000	9.900000
94	-184.344574	0.095000	9.820000
95	-184.024574	0.097000	9.700000
96	-184.004574	0.097000	10.230000
97	-183.944574	0.099000	10.140000
98	-183.854574	0.099000	9.880000
99	-183.804574	0.099000	9.590000
100	-183.754574	0.101000	9.690000
101	-183.744574	0.103000	9.750000
102	-183.744574	0.103000	9.790000
103	-183.704574	0.105000	9.830000
104	-183.704574	0.105000	10.190000
105	-183.694574	0.105000	9.880000
106	-183.624574	0.107000	9.960000
107	-183.554574	0.107000	9.990000
108	-183.354574	0.109000	9.890000
109	-183.334574	0.111000	9.850000
110	-183.334574	0.111000	10.020000
111	-183.264574	0.113000	9.930000
112	-183.144574	0.113000	9.790000
113	-183.104574	0.113000	9.840000
114	-183.094574	0.115000	9.920000
115	-183.094574	0.115000	9.940000
116	-182.864574	0.117000	9.910000
117	-182.634574	0.117000	10.020000
118	-182.614574	0.119000	10.030000
119	-182.614574	0.121000	9.910000
120	-182.594574	0.121000	10.060000
121	-182.534574	0.121000	10.280000
122	-182.414574	0.123000	9.870000
123	-182.284574	0.123000	9.950000
124	-182.074574	0.125000	10.080000
125	-182.054574	0.127000	10.030000
126	-181.944574	0.127000	9.970000
127	-181.944574	0.127000	9.960000
128	-181.934574	0.129000	9.920000
129	-181.894574	0.131000	9.980000
130	-181.854574	0.131000	9.860000
131	-181.794574	0.131000	10.040000
132	-181.774574	0.132000	9.930000
133	-181.664574	0.134000	9.930000
134	-181.534574	0.134000	10.140000
135	-181.474574	0.136000	9.940000
136	-181.444574	0.136000	10.340000
137	-181.424574	0.136000	10.210000
138	-181.334574	0.138000	10.120000
139	-181.304574	0.138000	9.990000
140	-181.274574	0.140000	9.990000
141	-181.264574	0.142000	10.130000
142	-181.194574	0.142000	9.920000
143	-181.004574	0.144000	10.120000
144	-180.934574	0.144000	10.250000
145	-180.934574	0.144000	9.960000
146	-180.924574	0.146000	10.090000
147	-180.854574	0.146000	10.120000
148	-180.724574	0.148000	10.130000
149	-180.604574	0.150000	10.060000
150	-180.514574	0.152000	9.850000
151	-180.374574	0.152000	10.200000
152	-180.344574	0.154000	10.390000
153	-180.314574	0.154000	10.270000
154	-180.274574	0.156000	10.100000
155	-180.164574	0.158000	10.180000
156	-180.154574	0.158000	10.130000
157	-180.094574	0.160000	10.230000
158	-179.964574	0.160000	10.270000
159	-179.954574	0.162000	10.000000
160	-179.794574	0.162000	10.290000
161	-179.794574	0.162000	10.270000
162	-179.734574	0.164000	10.370000
163	-179.654574	0.166000	10.110000
164	-179.624574	0.166000	10.240000
165	-179.614574	0.168000	10.620000
166	-179.534574	0.168000	10.160000
167	-179.354574	0.170000	10.370000
168	-179.314574	0.170000	10.170000
169	-179.274574	0.170000	10.220000
170	-179.254574	0.172000	10.330000
171	-179.084574	0.172000	9.850000
172	-179.074574	0.173000	10.210000
173	-179.034574	0.173000	10.090000
174	-178.894574	0.175000	10.190000
175	-178.664574	0.177000	10.160000
176	-178.424574	0.177000	10.340000
177	-178.394574	0.177000	10.190000
178	-178.224574	0.179000	10.210000
179	-178.104574	0.179000	10.240000
180	-177.994574	0.181000	10.240000
181	-177.944574	0.183000	10.280000
182	-177.934574	0.183000	10.250000
183	-177.864574	0.183000	10.210000
184	-177.724574	0.185000	10.200000
185	-177.714574	0.185000	10.150000
186	-177.614574	0.187000	10.360000
187	-177.604574	0.189000	10.220000
188	-177.604574	0.189000	10.280000
189	-177.584574	0.189000	10.450000
190	-177.544574	0.191000	10.220000
191	-177.504574	0.193000	10.310000
192	-177.434574	0.193000	10.480000
193	-177.384574	0.193000	10.420000
194	-177.324574	0.195000	10.510000
195	-177.304574	0.197000	10.400000
196	-177.264574	0.197000	10.520000
197	-177.184574	0.199000	10.220000
198	-177.164574	0.199000	10.530000
199	-177.164574	0.201000	10.270000
200	-177.164574	0.201000	10.390000
201	-177.164574	0.201000	10.350000
202	-177.064574	0.203000	10.320000
203	-176.794574	0.205000	10.540000
204	-176.724574	0.205000	10.420000
205	-176.694574	0.205000	10.320000
206	-176.694574	0.207000	10.260000
207	-176.654574	0.209000	10.410000
208	-176.554574	0.209000	10.330000
209	-176.514574	0.209000	10.450000
210	-176.434574	0.211000	10.240000
211	-176.374574	0.211000	10.550000
212	-176.284574	0.213000	10.500000
213	-176.184574	0.214000	10.180000
214	-176.174574	0.214000	10.430000
215	-176.094574	0.214000	10.340000
216	-175.984574	0.216000	10.380000
217	-175.854574	0.216000	10.360000
218	-175.824574	0.218000	10.350000
219	-175.794574	0.220000	10.290000
220	-175.754574	0.218000	10.330000
221	-175.704574	0.218000	10.450000
222	-175.634574	0.222000	10.480000
223	-175.624574	0.224000	10.350000
224	-175.574574	0.224000	10.400000
225	-175.544574	0.224000	10.380000
226	-175.444574	0.226000	10.540000
227	-175.304574	0.228000	10.410000
228	-175.284574	0.228000	10.370000
229	-175.184574	0.230000	10.660000
230	-175.124574	0.230000	10.350000
231	-175.054574	0.230000	10.620000
232	-174.904574	0.232000	10.660000
233	-174.884574	0.232000	10.510000
234	-174.834574	0.234000	10.690000
235	-174.824574	0.238000	10.630000
236	-174.704574	0.238000	10.440000
237	-174.674574	0.238000	10.420000
238	-174.594574	0.240000	10.370000
239	-174.514574	0.240000	10.610000
240	-174.474574	0.242000	10.480000
241	-174.304574	0.242000	10.560000
242	-174.274574	0.244000	10.540000
243	-174.094574	0.246000	10.530000
244	-174.024574	0.246000	10.390000
245	-173.804574	0.246000	10.560000
246	-173.774574	0.248000	10.680000
247	-173.704574	0.248000	10.420000
248	-173.694574	0.250000	10.580000
249	-173.674574	0.252000	10.630000
250	-173.664574	0.252000	10.540000
251	-173.584574	0.254000	10.420000
252	-173.534574	0.254000	10.610000
253	-173.534574	0.254000	10.570000
254	-173.484574	0.255000	10.800000
255	-173.434574	0.255000	10.520000
256	-173.374574	0.257000	10.470000
257	-173.054574	0.259000	10.650000
258	-172.714574	0.259000	10.740000
259	-172.604574	0.261000	10.770000
260	-172.494574	0.261000	10.690000
261	-172.444574	0.261000	10.720000
262	-172.444574	0.263000	10.550000
263	-172.404574	0.263000	10.900000
264	-172.284574	0.265000	10.620000
265	-172.244574	0.265000	10.490000
266	-172.234574	0.267000	10.470000
267	-172.124574	0.269000	10.760000
268	-172.094574	0.269000	10.700000
269	-172.084574	0.269000	10.680000
270	-172.054574	0.271000	10.770000
271	-172.014574	0.271000	10.650000
272	-171.984574	0.273000	10.750000
273	-171.884574	0.275000	10.740000
274	-171.824574	0.275000	10.750000
275	-171.814574	0.277000	10.690000
276	-171.744574	0.277000	10.570000
277	-171.704574	0.277000	10.740000
278	-171.694574	0.279000	10.640000
279	-171.654574	0.279000	10.690000
280	-171.614574	0.281000	10.620000
281	-171.544574	0.283000	10.760000
282	-171.464574	0.283000	10.550000
283	-171.344574	0.285000	10.700000
284	-171.344574	0.285000	10.810000
285	-171.254574	0.287000	10.750000
286	-171.054574	0.287000	10.700000
287	-171.044574	0.287000	10.660000
288	-171.034574	0.289000	10.710000
289	-170.814574	0.291000	10.680000
290	-170.784574	0.293000	10.610000
291	-170.624574	0.293000	10.660000
292	-170.484574	0.293000	10.840000
293	-170.344574	0.293000	11.190000
294	-170.304574	0.295000	10.700000
295	-170.304574	0.295000	10.700000
296	-170.274574	0.297000	10.540000
297	-170.194574	0.297000	10.660000
298	-170.084574	0.298000	10.680000
299	-169.974574	0.300000	11.020000
300	-169.864574	0.300000	10.630000
301	-169.844574	0.300000	10.810000
302	-169.844574	0.302000	10.700000
303	-169.714574	0.302000	10.760000
304	-169.674574	0.304000	10.790000
305	-169.674574	0.304000	10.670000
306	-169.574574	0.306000	10.770000
307	-169.414574	0.308000	10.740000
308	-169.364574	0.308000	10.760000
309	-169.304574	0.308000	10.620000
310	-169.244574	0.310000	10.850000
311	-169.244574	0.310000	10.710000
312	-169.204574	0.312000	10.760000
313	-169.164574	0.314000	10.830000
314	-169.114574	0.314000	10.780000
315	-168.934574	0.316000	10.740000
316	-168.894574	0.316000	10.740000
317	-168.884574	0.316000	10.500000
318	-168.804574	0.320000	10.810000
319	-168.764574	0.322000	10.860000
320	-168.614574	0.322000	10.560000
321	-168.594574	0.324000	10.860000
322	-168.584574	0.324000	10.540000
323	-168.534574	0.324000	10.940000
324	-168.514574	0.326000	10.990000
325	-168.414574	0.326000	10.740000
326	-168.284574	0.328000	10.920000
327	-168.264574	0.328000	10.910000
328	-168.184574	0.330000	11.150000
329	-168.144574	0.332000	10.920000
330	-168.054574	0.334000	10.910000
331	-168.004574	0.334000	10.810000
332	-168.004574	0.334000	10.870000
333	-167.954574	0.336000	11.010000
334	-167.774574	0.338000	10.880000
335	-167.734574	0.338000	10.890000
336	-167.724574	0.338000	10.790000
337	-167.714574	0.339000	10.780000
338	-167.664574	0.341000	11.150000
339	-167.624574	0.341000	10.820000
340	-167.584574	0.341000	11.040000
341	-167.554574	0.343000	11.040000
342	-167.324574	0.345000	10.880000
343	-167.304574	0.345000	11.340000
344	-167.274574	0.345000	11.000000
345	-167.034574	0.347000	10.860000
346	-166.974574	0.349000	10.970000
347	-166.854574	0.349000	10.930000
348	-166.684574	0.349000	11.470000
349	-166.504574	0.351000	11.010000
350	-166.444574	0.353000	11.110000
351	-166.444574	0.353000	10.900000
352	-166.374574	0.355000	10.870000
353	-166.334574	0.355000	10.960000
354	-166.274574	0.355000	10.970000
355	-166.224574	0.357000	10.930000
356	-166.184574	0.357000	10.890000
357	-166.044574	0.359000	11.100000
358	-166.024574	0.359000	10.970000
359	-166.004574	0.361000	10.990000
360	-165.934574	0.361000	11.130000
361	-165.924574	0.363000	11.030000
362	-165.854574	0.365000	11.090000
363	-165.834574	0.365000	10.880000
364	-165.804574	0.365000	10.950000
365	-165.754574	0.367000	11.130000
366	-165.594574	0.369000	10.990000
367	-165.564574	0.371000	10.850000
368	-165.494574	0.371000	10.870000
369	-165.454574	0.371000	11.180000
370	-165.234574	0.371000	11.070000
371	-165.194574	0.373000	11.140000
372	-165.164574	0.373000	11.100000
373	-165.074574	0.375000	11.210000
374	-165.064574	0.377000	11.040000
375	-164.974574	0.377000	11.020000
376	-164.874574	0.375000	11.190000
377	-164.844574	0.379000	10.970000
378	-164.754574	0.381000	11.280000
379	-164.724574	0.381000	11.290000
380	-164.694574	0.381000	11.040000
381	-164.584574	0.382000	11.260000
382	-164.404574	0.384000	11.230000
383	-164.254574	0.384000	11.260000
384	-164.074574	0.386000	11.250000
385	-163.994574	0.386000	11.180000
386	-163.984574	0.388000	11.080000
387	-163.924574	0.388000	11.050000
388	-163.914574	0.388000	11.180000
389	-163.874574	0.390000	11.330000
390	-163.844574	0.390000	11.100000
391	-163.774574	0.392000	11.160000
392	-163.754574	0.392000	11.250000
393	-163.734574	0.394000	11.300000
394	-163.704574	0.396000	11.370000
395	-163.584574	0.396000	11.310000
396	-163.384574	0.396000	11.290000
397	-163.344574	0.398000	11.450000
398	-163.254574	0.398000	11.230000
399	-163.144574	0.400000	11.220000
400	-163.114574	0.402000	11.040000
401	-163.034574	0.404000	11.090000
402	-163.004574	0.404000	11.210000
403	-162.694574	0.406000	11.200000
404	-162.544574	0.406000	11.540000
405	-162.394574	0.406000	11.270000
406	-162.364574	0.410000	11.510000
407	-162.344574	0.410000	11.490000
408	-162.234574	0.410000	11.230000
409	-162.224574	0.412000	11.350000
410	-162.094574	0.412000	11.150000
411	-162.034574	0.414000	11.250000
412	-162.034574	0.416000	11.220000
413	-161.994574	0.416000	11.470000
414	-161.964574	0.418000	11.270000
415	-161.864574	0.418000	11.240000
416	-161.834574	0.418000	11.200000
417	-161.774574	0.420000	11.340000
418	-161.764574	0.420000	11.410000
419	-161.694574	0.422000	11.230000
420	-161.664574	0.422000	11.340000
421	-161.614574	0.422000	11.190000
422	-161.584574	0.425000	11.190000
423	-161.524574	0.425000	11.270000
424	-161.334574	0.425000	11.340000
425	-161.294574	0.427000	11.270000
426	-161.194574	0.427000	11.230000
427	-161.184574	0.429000	11.240000
428	-161.184574	0.431000	11.150000
429	-161.014574	0.433000	11.330000
430	-160.964574	0.431000	11.210000
431	-160.924574	0.433000	11.310000
432	-160.914574	0.433000	11.390000
433	-160.894574	0.435000	11.140000
434	-160.764574	0.435000	11.320000
435	-160.564574	0.437000	11.170000
436	-160.504574	0.439000	11.490000
437	-160.454574	0.439000	11.390000
438	-160.454574	0.441000	11.240000
439	-160.414574	0.441000	11.160000
440	-160.274574	0.441000	11.410000
441	-160.224574	0.443000	11.390000
442	-160.214574	0.443000	11.210000
443	-160.174574	0.445000	11.320000
444	-160.114574	0.447000	11.360000
445	-160.094574	0.447000	11.360000
446	-160.084574	0.449000	11.220000
447	-160.024574	0.449000	11.260000
448	-159.834574	0.449000	11.330000
449	-159.654574	0.451000	11.310000
450	-159.524574	0.451000	11.720000
451	-159.514574	0.453000	11.330000
452	-159.504574	0.455000	11.440000
453	-159.394574	0.455000	11.410000
454	-159.214574	0.457000	11.220000
455	-159.194574	0.457000	11.510000
456	-159.174574	0.457000	11.610000
457	-159.064574	0.459000	11.480000
458	-158.964574	0.459000	11.380000
459	-158.544574	0.461000	11.360000
460	-158.544574	0.463000	11.390000
461	-158.494574	0.464000	11.320000
462	-158.444574	0.463000	11.220000
463	-158.414574	0.464000	11.340000
464	-158.394574	0.464000	11.660000
465	-158.374574	0.466000	11.620000
466	-158.354574	0.466000	11.160000
467	-158.294574	0.468000	11.450000
468	-158.294574	0.470000	11.380000
469	-158.274574	0.470000	11.310000
470	-158.264574	0.472000	11.390000
471	-158.164574	0.472000	11.470000
472	-158.124574	0.472000	11.320000
473	-158.054574	0.474000	11.210000
474	-157.994574	0.474000	11.290000
475	-157.734574	0.476000	11.340000
476	-157.634574	0.478000	11.260000
477	-157.624574	0.478000	11.310000
478	-157.594574	0.480000	11.420000
479	-157.514574	0.480000	11.390000
480	-157.504574	0.480000	11.320000
481	-157.444574	0.482000	11.420000
482	-157.284574	0.486000	11.540000
483	-157.064574	0.486000	11.480000
484	-157.024574	0.488000	11.580000
485	-156.944574	0.488000	11.400000
486	-156.904574	0.490000	11.600000
487	-156.764574	0.490000	11.460000
488	-156.764574	0.490000	11.300000
489	-156.744574	0.492000	11.320000
490	-156.734574	0.494000	11.510000
491	-156.714574	0.494000	11.460000
492	-156.684574	0.496000	11.700000
493	-156.564574	0.496000	11.580000
494	-156.514574	0.498000	11.590000
495	-156.414574	0.498000	11.680000
496	-156.404574	0.498000	11.500000
497	-156.374574	0.500000	11.580000
498	-156.254574	0.500000	11.590000
499	-156.214574	0.500000	11.680000
500	-156.014574	0.500000	11.660000
501	-155.944574	0.504000	11.620000
502	-155.854574	0.505000	11.650000
503	-155.794574	0.505000	11.590000
504	-155.744574	0.505000	11.560000
505	-155.654574	0.507000	11.760000
506	-155.644574	0.511000	11.560000
507	-155.634574	0.509000	11.800000
508	-155.534574	0.511000	11.660000
509	-155.484574	0.511000	11.660000
510	-155.394574	0.511000	11.580000
511	-155.354574	0.513000	11.560000
512	-155.254574	0.513000	11.480000
513	-155.124574	0.515000	11.660000
514	-154.824574	0.515000	11.760000
515	-154.764574	0.517000	11.750000
516	-154.474574	0.517000	11.700000
517	-154.464574	0.519000	11.680000
518	-154.194574	0.521000	11.600000
519	-154.164574	0.521000	11.820000
520	-153.974574	0.521000	11.790000
521	-153.934574	0.523000	11.780000
522	-153.854574	0.525000	11.850000
523	-153.794574	0.525000	11.840000
524	-153.674574	0.527000	11.700000
525	-153.634574	0.529000	11.730000
526	-153.634574	0.529000	11.800000
527	-153.584574	0.529000	11.760000
528	-153.564574	0.531000	11.690000
529	-153.474574	0.533000	11.500000
530	-153.464574	0.533000	11.760000
531	-153.414574	0.533000	11.730000
532	-153.404574	0.535000	11.770000
533	-153.204574	0.537000	11.690000
534	-153.034574	0.537000	11.900000
535	-153.024574	0.537000	11.630000
536	-153.014574	0.539000	11.810000
537	-153.014574	0.541000	11.810000
538	-152.894574	0.541000	11.820000
539	-152.764574	0.543000	11.590000
540	-152.704574	0.543000	11.620000
541	-152.624574	0.543000	11.830000
542	-152.594574	0.545000	11.850000
543	-152.474574	0.545000	11.720000
544	-152.444574	0.547000	11.880000
545	-152.354574	0.548000	11.550000
546	-152.344574	0.547000	11.790000
547	-152.234574	0.548000	11.780000
548	-152.204574	0.550000	11.650000
549	-152.144574	0.552000	11.780000
550	-152.134574	0.552000	11.830000
551	-151.974574	0.552000	11.690000
552	-151.874574	0.554000	11.680000
553	-151.834574	0.556000	11.700000
554	-151.834574	0.556000	11.980000
555	-151.804574	0.556000	11.700000
556	-151.724574	0.558000	11.880000
557	-151.724574	0.560000	11.820000
558	-151.724574	0.560000	12.010000
559	-151.654574	0.560000	12.000000
560	-151.594574	0.562000	11.910000
561	-151.574574	0.564000	11.920000
562	-151.474574	0.564000	12.100000
563	-151.474574	0.564000	11.950000
564	-151.434574	0.566000	11.830000
565	-151.384574	0.568000	11.970000
566	-151.294574	0.570000	11.690000
567	-151.154574	0.570000	11.890000
568	-151.144574	0.572000	12.000000
569	-151.144574	0.574000	11.880000
570	-150.914574	0.574000	12.010000
571	-150.904574	0.574000	12.020000
572	-150.884574	0.576000	12.230000
573	-150.714574	0.576000	12.130000
574	-150.714574	0.578000	11.950000
575	-150.704574	0.580000	11.770000
576	-150.664574	0.580000	12.150000
577	-150.564574	0.580000	11.980000
578	-150.494574	0.582000	12.110000
579	-150.374574	0.582000	11.950000
580	-150.354574	0.584000	12.200000
581	-150.124574	0.584000	11.880000
582	-150.114574	0.586000	11.970000
583	-149.904574	0.588000	12.040000
584	-149.824574	0.588000	11.970000
585	-149.774574	0.589000	11.840000
586	-149.694574	0.589000	11.880000
587	-149.624574	0.589000	12.020000
588	-149.494574	0.591000	11.980000
589	-149.454574	0.591000	11.970000
590	-149.444574	0.593000	11.820000
591	-149.364574	0.595000	11.970000
592	-149.354574	0.595000	11.980000
593	-149.264574	0.597000	12.020000
594	-149.224574	0.597000	12.120000
595	-149.124574	0.599000	11.950000
596	-148.904574	0.599000	11.910000
597	-148.704574	0.599000	11.980000
598	-148.514574	0.601000	11.930000
599	-148.474574	0.601000	12.190000
600	-148.444574	0.603000	12.120000
601	-148.354574	0.605000	12.040000
602	-148.314574	0.605000	12.080000
603	-148.284574	0.605000	12.240000
604	-148.064574	0.607000	12.080000
605	-148.024574	0.607000	12.060000
606	-147.994574	0.609000	12.200000
607	-147.804574	0.609000	12.100000
608	-147.794574	0.611000	12.190000
609	-147.764574	0.613000	12.070000
610	-147.764574	0.613000	12.250000
611	-147.694574	0.613000	12.340000
612	-147.614574	0.615000	12.210000
613	-147.504574	0.615000	12.160000
614	-147.394574	0.617000	12.190000
615	-147.374574	0.619000	12.190000
616	-147.354574	0.619000	12.120000
617	-147.354574	0.621000	12.290000
618	-147.214574	0.621000	12.140000
619	-147.164574	0.621000	12.120000
620	-147.114574	0.623000	12.200000
621	-147.024574	0.623000	11.950000
622	-147.004574	0.625000	12.200000
623	-146.984574	0.627000	12.140000
624	-146.974574	0.627000	12.120000
625	-146.894574	0.629000	12.340000
626	-146.884574	0.629000	12.100000
627	-146.864574	0.629000	12.150000
628	-146.824574	0.631000	12.270000
629	-146.794574	0.632000	12.180000
630	-146.724574	0.632000	12.320000
631	-146.634574	0.634000	12.020000
632	-146.574574	0.634000	12.430000
633	-146.424574	0.636000	12.190000
634	-146.314574	0.636000	12.370000
635	-146.264574	0.636000	12.120000
636	-146.264574	0.638000	12.380000
637	-146.254574	0.640000	12.320000
638	-146.014574	0.640000	12.330000
639	-145.924574	0.640000	12.300000
640	-145.904574	0.642000	12.420000
641	-145.824574	0.644000	12.440000
642	-145.794574	0.644000	12.280000
643	-145.644574	0.644000	12.290000
644	-145.604574	0.646000	12.370000
645	-145.554574	0.646000	12.190000
646	-145.544574	0.648000	12.190000
647	-145.524574	0.650000	12.190000
648	-145.504574	0.652000	12.260000
649	-145.494574	0.650000	12.300000
650	-145.404574	0.654000	12.240000
651	-145.354574	0.654000	12.440000
652	-145.224574	0.656000	12.280000
653	-145.214574	0.658000	12.460000
654	-145.104574	0.658000	12.830000
655	-145.064574	0.658000	12.340000
656	-144.894574	0.660000	12.430000
657	-144.724574	0.662000	12.390000
658	-144.594574	0.662000	12.530000
659	-144.404574	0.662000	12.440000
660	-144.324574	0.664000	12.560000
661	-144.294574	0.666000	12.370000
662	-144.284574	0.668000	12.330000
663	-144.144574	0.668000	12.440000
664	-144.124574	0.668000	12.650000
665	-143.924574	0.668000	12.680000
666	-143.874574	0.670000	12.550000
667	-143.864574	0.670000	12.260000
668	-143.764574	0.672000	12.650000
669	-143.754574	0.672000	12.330000
670	-143.714574	0.672000	12.440000
671	-143.594574	0.673000	12.440000
672	-143.454574	0.675000	12.510000
673	-143.434574	0.677000	12.300000
674	-143.324574	0.677000	12.420000
675	-143.314574	0.677000	12.460000
676	-143.274574	0.679000	12.420000
677	-143.274574	0.681000	12.520000
678	-143.234574	0.681000	12.630000
679	-142.964574	0.681000	12.740000
680	-142.954574	0.683000	12.660000
681	-142.874574	0.683000	12.650000
682	-142.814574	0.685000	12.610000
683	-142.764574	0.685000	12.650000
684	-142.544574	0.687000	12.740000
685	-142.504574	0.689000	12.280000
686	-142.474574	0.689000	12.820000
687	-142.294574	0.689000	12.600000
688	-142.294574	0.691000	12.510000
689	-142.244574	0.693000	12.660000
690	-142.214574	0.693000	12.640000
691	-142.174574	0.693000	12.710000
692	-142.174574	0.695000	12.520000
693	-142.154574	0.697000	12.570000
694	-142.124574	0.697000	12.670000
695	-142.074574	0.699000	12.600000
696	-142.024574	0.699000	12.660000
697	-141.974574	0.699000	12.570000
698	-141.924574	0.701000	12.540000
699	-141.874574	0.701000	12.670000
700	-141.554574	0.703000	12.620000
701	-141.464574	0.703000	12.830000
702	-141.434574	0.705000	12.630000
703	-141.364574	0.707000	12.700000
704	-141.354574	0.707000	12.600000
705	-141.204574	0.709000	12.540000
706	-141.084574	0.709000	12.560000
707	-141.054574	0.709000	12.550000
708	-141.014574	0.711000	12.750000
709	-140.964574	0.713000	12.660000
710	-140.904574	0.713000	12.580000
711	-140.814574	0.714000	12.650000
712	-140.714574	0.714000	12.810000
713	-140.674574	0.716000	12.620000
714	-140.584574	0.716000	12.670000
715	-140.484574	0.716000	12.610000
716	-140.414574	0.718000	12.890000
717	-140.404574	0.720000	12.760000
718	-140.294574	0.720000	12.910000
719	-140.184574	0.720000	12.830000
720	-140.064574	0.722000	12.810000
721	-140.054574	0.724000	13.060000
722	-139.894574	0.724000	12.720000
723	-139.794574	0.726000	12.850000
724	-139.764574	0.726000	12.760000
725	-139.734574	0.728000	12.780000
726	-139.594574	0.728000	12.870000
727	-139.594574	0.730000	12.710000
728	-139.514574	0.730000	12.740000
729	-139.504574	0.730000	12.960000
730	-139.494574	0.732000	12.730000
731	-139.384574	0.734000	12.810000
732	-139.164574	0.736000	12.910000
733	-139.064574	0.736000	12.880000
734	-139.014574	0.738000	12.610000
735	-138.964574	0.740000	12.870000
736	-138.704574	0.740000	12.820000
737	-138.594574	0.740000	12.800000
738	-138.514574	0.742000	12.900000
739	-138.444574	0.744000	12.930000
740	-138.344574	0.744000	12.920000
741	-138.334574	0.746000	12.800000
742	-138.304574	0.746000	12.810000
743	-138.284574	0.746000	12.690000
744	-138.234574	0.748000	12.750000
745	-138.174574	0.750000	12.810000
746	-138.124574	0.750000	12.970000
747	-138.084574	0.752000	12.740000
748	-138.004574	0.752000	12.860000
749	-137.974574	0.754000	13.000000
750	-137.954574	0.754000	13.030000
751	-137.834574	0.754000	12.980000
752	-137.804574	0.755000	12.980000
753	-137.724574	0.755000	12.810000
754	-137.714574	0.757000	12.810000
755	-137.364574	0.759000	13.020000
756	-137.334574	0.761000	12.970000
757	-137.254574	0.761000	12.970000
758	-137.224574	0.761000	12.990000
759	-137.174574	0.761000	12.830000
760	-137.164574	0.763000	13.190000
761	-137.034574	0.763000	12.990000
762	-137.004574	0.765000	12.910000
763	-136.974574	0.765000	13.100000
764	-136.894574	0.765000	12.990000
765	-136.894574	0.767000	13.200000
766	-136.814574	0.769000	13.050000
767	-136.744574	0.769000	13.090000
768	-136.664574	0.771000	13.210000
769	-136.564574	0.771000	13.170000
770	-136.434574	0.773000	12.960000
771	-136.274574	0.775000	12.980000
772	-136.104574	0.775000	13.250000
773	-136.084574	0.777000	13.270000
774	-135.994574	0.777000	12.950000
775	-135.974574	0.777000	12.870000
776	-135.884574	0.779000	13.100000
777	-135.854574	0.779000	13.280000
778	-135.844574	0.781000	13.020000
779	-135.674574	0.783000	13.300000
780	-135.584574	0.783000	12.970000
781	-135.424574	0.785000	13.130000
782	-135.344574	0.785000	13.130000
783	-135.234574	0.785000	13.290000
784	-135.224574	0.787000	13.000000
785	-135.204574	0.787000	13.120000
786	-135.194574	0.789000	13.190000
787	-135.174574	0.789000	13.180000
788	-135.134574	0.791000	13.220000
789	-135.054574	0.793000	13.290000
790	-135.034574	0.793000	13.140000
791	-135.014574	0.793000	12.850000
792	-135.014574	0.795000	12.930000
793	-134.954574	0.795000	13.040000
794	-134.944574	0.797000	13.090000
795	-134.934574	0.798000	12.810000
796	-134.844574	0.798000	13.300000
797	-134.814574	0.798000	13.250000
798	-134.804574	0.800000	13.270000
799	-134.454574	0.800000	13.050000
800	-133.844574	0.802000	13.210000
801	-133.714574	0.802000	13.360000
802	-133.654574	0.804000	13.360000
803	-133.594574	0.806000	13.240000
804	-133.514574	0.806000	13.270000
805	-133.484574	0.808000	13.180000
806	-133.464574	0.808000	13.410000
807	-133.304574	0.810000	13.340000
808	-133.234574	0.810000	13.250000
809	-133.204574	0.812000	13.070000
810	-133.144574	0.814000	13.100000
811	-133.124574	0.814000	13.380000
812	-133.114574	0.816000	13.250000
813	-133.064574	0.816000	13.080000
814	-133.034574	0.816000	13.390000
815	-132.984574	0.820000	13.230000
816	-132.964574	0.820000	13.160000
817	-132.844574	0.822000	13.170000
818	-132.774574	0.824000	13.340000
819	-132.694574	0.824000	13.400000
820	-132.664574	0.824000	13.330000
821	-132.624574	0.826000	13.260000
822	-132.564574	0.826000	13.160000
823	-132.554574	0.828000	13.260000
824	-132.494574	0.830000	13.320000
825	-132.434574	0.828000	13.310000
826	-132.174574	0.828000	13.210000
827	-132.164574	0.832000	13.270000
828	-131.754574	0.834000	13.370000
829	-131.714574	0.834000	13.410000
830	-131.474574	0.834000	13.520000
831	-131.414574	0.836000	13.380000
832	-131.354574	0.838000	13.470000
833	-131.324574	0.838000	13.450000
834	-131.254574	0.839000	13.240000
835	-131.244574	0.839000	13.220000
836	-131.234574	0.839000	13.110000
837	-131.104574	0.841000	13.560000
838	-130.994574	0.843000	13.690000
839	-130.974574	0.843000	13.480000
840	-130.974574	0.845000	13.400000
841	-130.884574	0.845000	13.420000
842	-130.834574	0.845000	13.570000
843	-130.814574	0.847000	13.490000
844	-130.794574	0.849000	13.450000
845	-130.784574	0.849000	13.600000
846	-130.764574	0.849000	13.470000
847	-130.744574	0.851000	13.590000
848	-130.744574	0.853000	13.530000
849	-130.654574	0.855000	13.490000
850	-130.614574	0.855000	13.280000
851	-130.394574	0.855000	13.500000
852	-130.294574	0.855000	13.440000
853	-130.144574	0.857000	13.500000
854	-130.074574	0.857000	13.650000
855	-129.964574	0.859000	13.440000
856	-129.954574	0.861000	13.450000
857	-129.894574	0.861000	13.560000
858	-129.884574	0.861000	13.330000
859	-129.824574	0.863000	13.750000
860	-129.804574	0.865000	13.610000
861	-129.704574	0.865000	13.380000
862	-129.704574	0.865000	13.390000
863	-129.704574	0.867000	13.640000
864	-129.594574	0.869000	13.530000
865	-129.504574	0.869000	13.330000
866	-129.384574	0.871000	13.580000
867	-129.264574	0.871000	13.480000
868	-129.214574	0.871000	13.560000
869	-129.204574	0.873000	13.450000
870	-129.164574	0.875000	13.530000
871	-129.004574	0.875000	13.550000
872	-128.974574	0.875000	13.440000
873	-128.844574	0.875000	13.660000
874	-128.834574	0.879000	13.740000
875	-128.804574	0.881000	13.530000
876	-128.774574	0.881000	13.660000
877	-128.634574	0.881000	13.450000
878	-128.624574	0.882000	13.490000
879	-128.544574	0.884000	13.420000
880	-128.454574	0.886000	13.760000
881	-128.204574	0.886000	13.480000
882	-128.184574	0.886000	13.560000
883	-128.014574	0.886000	13.480000
884	-128.004574	0.888000	13.440000
885	-127.964574	0.888000	13.550000
886	-127.904574	0.890000	13.660000
887	-127.844574	0.892000	13.480000
888	-127.804574	0.890000	13.600000
889	-127.734574	0.892000	13.620000
890	-127.644574	0.894000	13.460000
891	-127.474574	0.896000	13.700000
892	-127.464574	0.896000	13.780000
893	-127.384574	0.896000	13.520000
894	-127.374574	0.898000	13.480000
895	-127.354574	0.900000	13.680000
896	-127.354574	0.900000	13.730000
897	-127.344574	0.902000	13.480000
898	-127.124574	0.904000	13.780000
899	-127.104574	0.906000	13.320000
900	-127.094574	0.906000	14.010000
901	-127.074574	0.908000	13.690000
902	-127.054574	0.910000	13.880000
903	-127.024574	0.910000	13.470000
904	-126.964574	0.910000	13.640000
905	-126.854574	0.912000	13.550000
906	-126.814574	0.912000	13.690000
907	-126.584574	0.914000	13.730000
908	-126.544574	0.914000	13.450000
909	-126.344574	0.916000	13.670000
910	-126.304574	0.918000	13.780000
911	-125.804574	0.918000	13.840000
912	-125.684574	0.918000	13.830000
913	-125.664574	0.920000	13.730000
914	-125.604574	0.920000	13.780000
915	-125.544574	0.922000	13.860000
916	-125.534574	0.923000	13.700000
917	-125.494574	0.923000	13.690000
918	-125.474574	0.925000	13.900000
919	-125.474574	0.925000	13.770000
920	-125.384574	0.927000	13.570000
921	-125.374574	0.927000	13.820000
922	-125.314574	0.927000	13.820000
923	-125.234574	0.929000	13.980000
924	-125.184574	0.931000	13.740000
925	-125.174574	0.931000	13.860000
926	-125.084574	0.933000	13.730000
927	-124.934574	0.933000	13.870000
928	-124.924574	0.933000	13.850000
929	-124.754574	0.935000	13.660000
930	-124.744574	0.935000	13.600000
931	-124.684574	0.937000	13.740000
932	-124.664574	0.939000	13.770000
933	-124.644574	0.939000	14.010000
934	-124.634574	0.941000	13.960000
935	-124.604574	0.941000	13.790000
936	-124.464574	0.941000	13.920000
937	-124.404574	0.943000	13.870000
938	-124.274574	0.945000	13.640000
939	-124.144574	0.945000	13.720000
940	-124.134574	0.945000	13.900000
941	-124.084574	0.949000	13.660000
942	-123.844574	0.949000	13.890000
943	-123.764574	0.949000	13.940000
944	-123.704574	0.951000	13.870000
945	-123.614574	0.951000	14.200000
946	-123.574574	0.953000	14.040000
947	-123.524574	0.953000	13.880000
948	-123.324574	0.953000	13.710000
949	-123.104574	0.955000	13.920000
950	-123.004574	0.957000	13.920000
951	-123.004574	0.959000	13.940000
952	-122.954574	0.959000	14.080000
953	-122.924574	0.959000	14.050000
954	-122.904574	0.961000	13.940000
955	-122.844574	0.963000	13.900000
956	-122.774574	0.963000	13.950000
957	-122.744574	0.964000	13.870000
958	-122.654574	0.964000	13.870000
959	-122.604574	0.964000	14.290000
960	-122.554574	0.966000	13.880000
961	-122.524574	0.968000	13.960000
962	-122.404574	0.968000	14.010000
963	-122.394574	0.970000	14.010000
964	-122.374574	0.970000	13.950000
965	-122.204574	0.972000	14.100000
966	-122.204574	0.972000	13.930000
967	-122.014574	0.972000	14.240000
968	-122.004574	0.974000	14.130000
969	-121.944574	0.974000	13.960000
970	-121.944574	0.976000	14.140000
971	-121.864574	0.978000	14.210000
972	-121.844574	0.980000	13.970000
973	-121.624574	0.980000	14.000000
974	-121.564574	0.980000	14.060000
975	-121.514574	0.980000	14.220000
976	-121.304574	0.982000	14.060000
977	-121.294574	0.986000	14.050000
978	-121.214574	0.986000	14.150000
979	-121.174574	0.986000	13.970000
980	-121.074574	0.988000	14.130000
981	-121.034574	0.988000	14.190000
982	-120.944574	0.990000	14.210000
983	-120.874574	0.990000	14.060000
984	-120.784574	0.992000	14.010000
985	-120.784574	0.994000	13.800000
986	-120.744574	0.994000	14.150000
987	-120.744574	0.996000	14.080000
988	-120.714574	0.996000	14.250000
989	-120.594574	0.996000	14.100000
990	-120.434574	0.998000	14.080000
991	-120.294574	0.998000	14.160000
992	-120.204574	1.000000	14.000000
993	-120.134574	1.002000	14.270000
994	-120.004574	1.002000	14.210000
995	-119.844574	1.002000	14.180000
996	-119.614574	1.004000	14.160000
997	-119.524574	1.005000	14.190000
998	-119.454574	1.005000	14.230000
999	-119.324574	1.005000	14.220000
1000	-119.324574	1.007000	14.270000
1001	-119.274574	1.009000	14.160000
1002	-119.274574	1.011000	14.200000
1003	-119.264574	1.011000	14.200000
1004	-119.234574	1.011000	13.950000
1005	-119.164574	1.013000	14.260000
1006	-119.034574	1.013000	14.230000
1007	-119.034574	1.015000	14.280000
1008	-119.034574	1.017000	14.260000
1009	-118.914574	1.017000	14.230000
1010	-118.874574	1.019000	14.230000
1011	-118.844574	1.019000	14.360000
1012	-118.844574	1.021000	14.270000
1013	-118.774574	1.021000	14.410000
1014	-118.714574	1.021000	14.390000
1015	-118.684574	1.023000	14.300000
1016	-118.654574	1.025000	14.360000
1017	-118.584574	1.025000	14.220000
1018	-118.584574	1.027000	14.010000
1019	-118.524574	1.027000	14.340000
1020	-118.454574	1.029000	14.150000
1021	-118.424574	1.029000	14.370000
1022	-118.424574	1.029000	14.250000
1023	-118.264574	1.031000	14.240000
1024	-118.234574	1.033000	14.300000
1025	-118.064574	1.033000	14.240000
1026	-117.944574	1.035000	14.430000
1027	-117.654574	1.037000	14.220000
1028	-117.584574	1.037000	14.430000
1029	-117.584574	1.037000	14.310000
1030	-117.554574	1.039000	14.510000
1031	-117.294574	1.039000	14.420000
1032	-117.204574	1.041000	14.290000
1033	-117.174574	1.043000	14.540000
1034	-117.134574	1.043000	14.320000
1035	-117.074574	1.043000	14.380000
1036	-116.974574	1.045000	14.380000
1037	-116.914574	1.045000	14.360000
1038	-116.904574	1.047000	14.510000
1039	-116.844574	1.048000	14.290000
1040	-116.654574	1.048000	14.360000
1041	-116.644574	1.048000	14.530000
1042	-116.584574	1.050000	14.340000
1043	-116.554574	1.052000	14.390000
1044	-116.514574	1.052000	14.310000
1045	-116.514574	1.052000	14.320000
1046	-116.394574	1.054000	14.520000
1047	-116.344574	1.056000	14.330000
1048	-116.334574	1.056000	14.560000
1049	-116.224574	1.058000	14.420000
1050	-116.164574	1.058000	14.380000
1051	-116.134574	1.058000	14.530000
1052	-116.064574	1.060000	14.430000
1053	-116.034574	1.062000	14.360000
1054	-115.954574	1.062000	14.420000
1055	-115.934574	1.064000	14.280000
1056	-115.914574	1.064000	14.460000
1057	-115.884574	1.064000	14.430000
1058	-115.874574	1.066000	14.350000
1059	-115.874574	1.068000	14.240000
1060	-115.544574	1.070000	14.440000
1061	-115.484574	1.072000	14.400000
1062	-115.444574	1.072000	14.540000
1063	-115.364574	1.072000	14.380000
1064	-115.354574	1.074000	14.520000
1065	-115.354574	1.074000	14.650000
1066	-115.354574	1.076000	14.490000
1067	-115.194574	1.076000	14.500000
1068	-115.104574	1.078000	14.350000
1069	-115.094574	1.080000	14.520000
1070	-114.934574	1.080000	14.680000
1071	-114.764574	1.082000	14.460000
1072	-114.754574	1.082000	14.590000
1073	-114.394574	1.082000	14.510000
1074	-114.384574	1.084000	14.520000
1075	-114.244574	1.086000	14.700000
1076	-114.074574	1.086000	14.480000
1077	-113.984574	1.088000	14.480000
1078	-113.884574	1.088000	14.730000
1079	-113.804574	1.089000	14.640000
1080	-113.784574	1.089000	14.650000
1081	-113.694574	1.089000	14.540000
1082	-113.684574	1.091000	14.650000
1083	-113.664574	1.091000	14.560000
1084	-113.654574	1.093000	14.600000
1085	-113.614574	1.093000	14.760000
1086	-113.394574	1.097000	14.330000
1087	-113.334574	1.097000	14.560000
1088	-113.144574	1.097000	14.680000
1089	-113.114574	1.099000	14.710000
1090	-113.084574	1.099000	14.620000
1091	-113.074574	1.101000	14.580000
1092	-113.034574	1.101000	14.430000
1093	-113.034574	1.103000	14.690000
1094	-113.014574	1.105000	14.500000
1095	-112.984574	1.105000	14.610000
1096	-112.924574	1.105000	14.850000
1097	-112.584574	1.107000	14.620000
1098	-112.504574	1.107000	14.560000
1099	-112.414574	1.109000	14.820000
1100	-112.354574	1.111000	14.880000
1101	-112.204574	1.111000	14.660000
1102	-112.144574	1.113000	14.710000
1103	-112.084574	1.113000	14.840000
1104	-111.864574	1.113000	14.910000
1105	-111.834574	1.115000	14.650000
1106	-111.614574	1.115000	14.630000
1107	-111.484574	1.117000	14.660000
1108	-111.364574	1.119000	14.700000
1109	-111.194574	1.119000	14.860000
1110	-111.174574	1.121000	14.730000
1111	-111.174574	1.121000	14.850000
1112	-111.114574	1.121000	14.970000
1113	-111.114574	1.123000	14.800000
1114	-111.084574	1.123000	14.970000
1115	-111.034574	1.125000	14.830000
1116	-111.014574	1.127000	14.850000
1117	-110.994574	1.127000	14.910000
1118	-110.984574	1.129000	14.790000
1119	-110.604574	1.129000	14.830000
1120	-110.584574	1.129000	14.710000
1121	-110.494574	1.131000	14.830000
1122	-110.474574	1.131000	14.930000
1123	-110.454574	1.132000	14.770000
1124	-110.434574	1.132000	14.950000
1125	-110.434574	1.134000	14.810000
1126	-110.314574	1.136000	14.840000
1127	-110.204574	1.136000	14.760000
1128	-110.054574	1.136000	14.750000
1129	-110.034574	1.138000	14.960000
1130	-109.794574	1.138000	14.900000
1131	-109.754574	1.140000	14.710000
1132	-109.744574	1.142000	14.850000
1133	-109.664574	1.142000	14.970000
1134	-109.464574	1.144000	14.860000
1135	-109.434574	1.144000	14.700000
1136	-109.424574	1.144000	14.850000
1137	-109.404574	1.146000	14.920000
1138	-109.394574	1.146000	15.240000
1139	-109.304574	1.148000	14.860000
1140	-109.264574	1.150000	14.720000
1141	-109.234574	1.150000	15.090000
1142	-109.014574	1.152000	14.770000
1143	-109.004574	1.154000	15.150000
1144	-108.944574	1.154000	14.880000
1145	-108.904574	1.156000	14.960000
1146	-108.884574	1.156000	15.110000
1147	-108.754574	1.156000	14.910000
1148	-108.714574	1.160000	14.920000
1149	-108.634574	1.162000	14.880000
1150	-108.524574	1.162000	14.830000
1151	-108.524574	1.162000	14.940000
1152	-108.364574	1.164000	14.900000
1153	-108.354574	1.166000	14.930000
1154	-108.234574	1.168000	15.140000
1155	-108.074574	1.166000	15.100000
1156	-108.034574	1.168000	14.950000
1157	-107.974574	1.170000	14.960000
1158	-107.804574	1.170000	15.000000
1159	-107.744574	1.170000	15.000000
1160	-107.724574	1.172000	14.980000
1161	-107.624574	1.173000	14.960000
1162	-107.454574	1.173000	15.050000
1163	-107.424574	1.173000	15.060000
1164	-107.204574	1.175000	15.160000
1165	-107.014574	1.177000	14.960000
1166	-106.844574	1.177000	15.070000
1167	-106.814574	1.177000	15.140000
1168	-106.784574	1.179000	15.050000
1169	-106.774574	1.181000	14.960000
1170	-106.744574	1.181000	15.100000
1171	-106.734574	1.183000	15.060000
1172	-106.724574	1.183000	14.940000
1173	-106.684574	1.183000	15.110000
1174	-106.514574	1.185000	14.910000
1175	-106.504574	1.185000	15.070000
1176	-106.464574	1.189000	15.140000
1177	-106.384574	1.187000	15.090000
1178	-106.344574	1.189000	15.100000
1179	-106.214574	1.191000	15.130000
1180	-106.174574	1.193000	15.140000
1181	-106.094574	1.193000	14.980000
1182	-105.974574	1.193000	15.060000
1183	-105.954574	1.195000	15.150000
1184	-105.824574	1.199000	15.170000
1185	-105.784574	1.197000	15.100000
1186	-105.774574	1.199000	15.060000
1187	-105.734574	1.199000	14.930000
1188	-105.684574	1.199000	15.130000
1189	-105.594574	1.201000	15.240000
1190	-105.514574	1.201000	15.260000
1191	-105.404574	1.203000	15.130000
1192	-105.374574	1.205000	15.010000
1193	-105.344574	1.205000	15.070000
1194	-105.304574	1.207000	14.950000
1195	-105.214574	1.207000	15.150000
1196	-105.184574	1.207000	15.180000
1197	-105.044574	1.209000	15.210000
1198	-104.804574	1.209000	15.080000
1199	-104.744574	1.211000	15.310000
1200	-104.664574	1.213000	15.350000
1201	-104.614574	1.213000	15.170000
1202	-104.594574	1.214000	15.240000
1203	-104.524574	1.214000	15.240000
1204	-104.304574	1.214000	15.170000
1205	-104.294574	1.216000	15.230000
1206	-104.284574	1.216000	15.080000
1207	-104.274574	1.218000	15.180000
1208	-104.244574	1.218000	15.200000
1209	-104.164574	1.220000	15.290000
1210	-104.164574	1.220000	15.070000
1211	-104.144574	1.222000	15.190000
1212	-104.054574	1.224000	15.340000
1213	-104.024574	1.224000	15.240000
1214	-104.014574	1.224000	15.260000
1215	-103.944574	1.226000	15.470000
1216	-103.924574	1.228000	15.340000
1217	-103.834574	1.228000	15.250000
1218	-103.774574	1.228000	15.360000
1219	-103.744574	1.230000	15.140000
1220	-103.624574	1.230000	15.330000
1221	-103.504574	1.232000	15.490000
1222	-103.174574	1.232000	15.230000
1223	-103.124574	1.236000	15.150000
1224	-102.914574	1.238000	15.310000
1225	-102.874574	1.238000	15.230000
1226	-102.744574	1.238000	15.300000
1227	-102.684574	1.240000	15.340000
1228	-102.674574	1.240000	14.960000
1229	-102.634574	1.242000	15.530000
1230	-102.614574	1.244000	15.250000
1231	-102.394574	1.244000	15.310000
1232	-102.374574	1.246000	15.350000
1233	-102.234574	1.246000	15.490000
1234	-102.214574	1.246000	15.480000
1235	-102.214574	1.248000	15.250000
1236	-102.044574	1.250000	15.460000
1237	-102.024574	1.250000	15.460000
1238	-101.954574	1.250000	15.390000
1239	-101.934574	1.252000	15.270000
1240	-101.864574	1.254000	15.330000
1241	-101.744574	1.254000	15.320000
1242	-101.684574	1.254000	15.380000
1243	-101.564574	1.255000	15.260000
1244	-101.334574	1.255000	15.130000
1245	-101.154574	1.257000	15.310000
1246	-101.124574	1.259000	15.470000
1247	-101.044574	1.259000	15.390000
1248	-101.004574	1.261000	15.510000
1249	-100.994574	1.261000	15.570000
1250	-100.994574	1.263000	15.650000
1251	-100.884574	1.263000	15.320000
1252	-100.864574	1.263000	15.480000
1253	-100.714574	1.265000	15.400000
1254	-100.634574	1.267000	15.550000
1255	-100.594574	1.267000	15.450000
1256	-100.534574	1.269000	15.580000
1257	-100.484574	1.269000	15.420000
1258	-100.444574	1.269000	15.370000
1259	-100.374574	1.271000	15.410000
1260	-100.254574	1.271000	15.540000
1261	-100.214574	1.273000	15.490000
1262	-100.174574	1.275000	15.300000
1263	-100.104574	1.275000	15.560000
1264	-100.094574	1.277000	15.460000
1265	-100.094574	1.277000	15.610000
1266	-99.994574	1.277000	15.580000
1267	-99.734574	1.279000	15.430000
1268	-99.704574	1.279000	15.480000
1269	-99.674574	1.281000	15.580000
1270	-99.464574	1.283000	15.470000
1271	-99.444574	1.281000	15.700000
1272	-99.444574	1.285000	15.640000
1273	-99.274574	1.285000	15.440000
1274	-99.244574	1.285000	15.550000
1275	-99.124574	1.287000	15.620000
1276	-98.784574	1.287000	15.560000
1277	-98.764574	1.289000	15.660000
1278	-98.704574	1.291000	15.610000
1279	-98.604574	1.291000	15.590000
1280	-98.464574	1.291000	15.330000
1281	-98.444574	1.293000	15.600000
1282	-98.414574	1.293000	15.720000
1283	-98.344574	1.295000	15.700000
1284	-98.334574	1.295000	15.790000
1285	-98.324574	1.297000	15.680000
1286	-98.304574	1.298000	15.610000
1287	-98.294574	1.298000	15.650000
1288	-98.214574	1.300000	15.640000
1289	-98.204574	1.300000	15.670000
1290	-98.144574	1.300000	15.790000
1291	-98.104574	1.302000	15.600000
1292	-97.954574	1.302000	15.920000
1293	-97.924574	1.304000	15.850000
1294	-97.884574	1.306000	15.750000
1295	-97.804574	1.306000	15.560000
1296	-97.794574	1.308000	15.630000
1297	-97.774574	1.308000	15.650000
1298	-97.654574	1.308000	15.770000
1299	-97.504574	1.310000	15.790000
1300	-97.454574	1.310000	15.550000
1301	-97.444574	1.312000	15.740000
1302	-97.424574	1.314000	15.710000
1303	-97.374574	1.312000	15.710000
1304	-97.324574	1.316000	15.720000
1305	-97.064574	1.316000	15.690000
1306	-97.044574	1.316000	15.640000
1307	-96.924574	1.320000	15.590000
1308	-96.924574	1.322000	16.160000
1309	-96.634574	1.322000	15.780000
1310	-96.604574	1.324000	15.740000
1311	-96.524574	1.324000	15.740000
1312	-96.474574	1.324000	15.910000
1313	-96.384574	1.326000	15.850000
1314	-96.354574	1.326000	15.590000
1315	-96.264574	1.328000	15.890000
1316	-96.104574	1.330000	15.630000
1317	-96.094574	1.330000	15.620000
1318	-96.084574	1.330000	15.890000
1319	-96.004574	1.332000	15.920000
1320	-95.964574	1.334000	15.750000
1321	-95.924574	1.334000	15.700000
1322	-95.924574	1.334000	15.820000
1323	-95.854574	1.336000	15.750000
1324	-95.854574	1.338000	15.920000
1325	-95.834574	1.338000	15.710000
1326	-95.754574	1.339000	15.760000
1327	-95.724574	1.339000	15.830000
1328	-95.634574	1.339000	15.740000
1329	-95.564574	1.341000	15.810000
1330	-95.554574	1.341000	16.000000
1331	-95.434574	1.343000	15.810000
1332	-95.414574	1.343000	15.900000
1333	-95.324574	1.345000	15.860000
1334	-95.044574	1.347000	16.090000
1335	-95.014574	1.347000	15.880000
1336	-94.954574	1.349000	15.850000
1337	-94.834574	1.349000	15.840000
1338	-94.714574	1.349000	15.900000
1339	-94.674574	1.351000	15.900000
1340	-94.664574	1.353000	15.940000
1341	-94.654574	1.355000	16.010000
1342	-94.554574	1.355000	16.080000
1343	-94.544574	1.355000	15.880000
1344	-94.284574	1.357000	15.990000
1345	-94.134574	1.357000	15.940000
1346	-94.094574	1.357000	15.830000
1347	-94.094574	1.359000	16.060000
1348	-93.954574	1.359000	16.000000
1349	-93.914574	1.359000	15.990000
1350	-93.854574	1.359000	15.870000
1351	-93.814574	1.363000	15.840000
1352	-93.794574	1.365000	15.780000
1353	-93.794574	1.365000	15.960000
1354	-93.644574	1.365000	16.040000
1355	-93.584574	1.367000	16.090000
1356	-93.464574	1.369000	15.930000
1357	-93.464574	1.369000	16.020000
1358	-93.344574	1.371000	15.990000
1359	-93.314574	1.371000	16.050000
1360	-93.244574	1.371000	16.080000
1361	-93.004574	1.373000	16.180000
1362	-92.974574	1.373000	16.080000
1363	-92.934574	1.375000	16.140000
1364	-92.934574	1.375000	16.100000
1365	-92.904574	1.377000	16.160000
1366	-92.774574	1.379000	16.210000
1367	-92.664574	1.381000	15.970000
1368	-92.654574	1.381000	16.160000
1369	-92.644574	1.381000	16.200000
1370	-92.494574	1.382000	16.140000
1371	-92.454574	1.384000	16.110000
1372	-92.394574	1.386000	16.220000
1373	-92.264574	1.384000	16.050000
1374	-92.144574	1.386000	16.130000
1375	-91.904574	1.388000	16.150000
1376	-91.764574	1.388000	16.030000
1377	-91.684574	1.388000	16.000000
1378	-91.624574	1.390000	16.170000
1379	-91.594574	1.392000	15.950000
1380	-91.354574	1.392000	16.110000
1381	-91.224574	1.392000	16.270000
1382	-91.054574	1.394000	16.180000
1383	-91.054574	1.396000	16.300000
1384	-91.014574	1.396000	16.070000
1385	-90.934574	1.396000	16.390000
1386	-90.904574	1.398000	16.280000
1387	-90.644574	1.400000	16.110000
1388	-90.614574	1.400000	16.040000
1389	-90.544574	1.402000	16.200000
1390	-90.404574	1.404000	16.330000
1391	-90.364574	1.404000	16.280000
1392	-90.354574	1.406000	16.230000
1393	-90.254574	1.408000	16.220000
1394	-90.184574	1.408000	16.290000
1395	-90.144574	1.410000	16.360000
1396	-90.134574	1.410000	16.290000
1397	-90.034574	1.412000	16.370000
1398	-90.024574	1.412000	16.220000
1399	-90.014574	1.414000	16.240000
1400	-89.694574	1.416000	16.300000
1401	-89.624574	1.416000	16.270000
1402	-89.614574	1.418000	16.210000
1403	-89.614574	1.418000	16.320000
1404	-89.584574	1.418000	16.260000
1405	-89.544574	1.420000	16.370000
1406	-89.324574	1.420000	16.410000
1407	-89.054574	1.422000	16.400000
1408	-89.024574	1.423000	16.510000
1409	-89.014574	1.423000	16.180000
1410	-88.774574	1.425000	16.410000
1411	-88.714574	1.425000	16.250000
1412	-88.674574	1.427000	16.460000
1413	-88.604574	1.427000	16.330000
1414	-88.534574	1.427000	16.260000
1415	-88.334574	1.429000	16.430000
1416	-88.304574	1.429000	16.560000
1417	-88.254574	1.431000	16.310000
1418	-88.194574	1.433000	16.610000
1419	-88.124574	1.433000	16.250000
1420	-88.114574	1.433000	16.610000
1421	-88.074574	1.435000	16.410000
1422	-87.954574	1.435000	16.380000
1423	-87.794574	1.437000	16.520000
1424	-87.784574	1.437000	16.460000
1425	-87.744574	1.439000	16.450000
1426	-87.664574	1.441000	16.510000
1427	-87.644574	1.441000	16.670000
1428	-87.394574	1.441000	16.460000
1429	-87.394574	1.443000	16.570000
1430	-87.334574	1.443000	16.460000
1431	-87.294574	1.445000	16.600000
1432	-87.234574	1.447000	16.480000
1433	-87.014574	1.447000	16.700000
1434	-86.984574	1.449000	16.500000
1435	-86.884574	1.449000	16.420000
1436	-86.854574	1.449000	16.610000
1437	-86.834574	1.451000	16.540000
1438	-86.834574	1.451000	16.770000
1439	-86.824574	1.453000	16.460000
1440	-86.604574	1.455000	16.630000
1441	-86.554574	1.455000	16.520000
1442	-86.504574	1.457000	16.490000
1443	-86.424574	1.457000	16.500000
1444	-86.394574	1.457000	16.620000
1445	-86.234574	1.459000	16.560000
1446	-86.124574	1.459000	15.330000
1447	-86.084574	1.461000	16.500000
1448	-86.074574	1.463000	15.170000
1449	-86.034574	1.463000	15.380000
1450	-85.954574	1.464000	16.620000
1451	-85.884574	1.464000	15.180000
1452	-85.874574	1.464000	15.050000
1453	-85.814574	1.466000	16.660000
1454	-85.814574	1.468000	15.150000
1455	-85.804574	1.468000	15.390000
1456	-85.744574	1.468000	15.330000
1457	-85.724574	1.470000	15.270000
1458	-85.654574	1.472000	15.340000
1459	-85.584574	1.472000	15.320000
1460	-85.404574	1.472000	15.840000
1461	-85.294574	1.474000	15.220000
1462	-85.184574	1.474000	15.580000
1463	-85.074574	1.476000	15.420000
1464	-85.064574	1.478000	15.320000
1465	-84.954574	1.480000	15.360000
1466	-84.844574	1.480000	15.290000
1467	-84.814574	1.480000	15.240000
1468	-84.774574	1.480000	15.270000
1469	-84.614574	1.482000	15.350000
1470	-84.524574	1.486000	15.380000
1471	-84.424574	1.486000	15.430000
1472	-84.394574	1.486000	15.280000
1473	-84.394574	1.488000	15.320000
1474	-84.364574	1.490000	15.260000
1475	-84.334574	1.490000	15.290000
1476	-84.324574	1.490000	15.350000
1477	-84.154574	1.492000	15.310000
1478	-84.154574	1.492000	15.340000
1479	-84.144574	1.496000	15.250000
1480	-84.024574	1.496000	15.360000
1481	-83.814574	1.496000	15.450000
1482	-83.414574	1.496000	15.400000
1483	-83.324574	1.498000	15.350000
1484	-83.254574	1.498000	15.390000
1485	-83.224574	1.500000	15.310000
1486	-83.214574	1.500000	15.440000
1487	-83.174574	1.502000	15.560000
1488	-83.094574	1.502000	15.450000
1489	-83.034574	1.504000	15.580000
1490	-82.984574	1.505000	15.360000
1491	-82.964574	1.505000	15.680000
1492	-82.944574	1.505000	15.450000
1493	-82.804574	1.507000	15.380000
1494	-82.794574	1.509000	15.330000
1495	-82.654574	1.509000	15.670000
1496	-82.634574	1.511000	15.350000
1497	-82.484574	1.511000	15.630000
1498	-82.484574	1.511000	15.490000
1499	-82.374574	1.513000	15.530000
1500	-82.294574	1.515000	15.640000
1501	-81.684574	1.517000	15.460000
1502	-81.644574	1.517000	15.520000
1503	-81.524574	1.517000	15.640000
1504	-81.504574	1.519000	15.510000
1505	-81.494574	1.521000	15.590000
1506	-81.434574	1.521000	15.470000
1507	-81.424574	1.521000	15.520000
1508	-81.414574	1.523000	15.670000
1509	-81.394574	1.525000	15.530000
1510	-81.394574	1.525000	15.600000
1511	-81.314574	1.527000	15.430000
1512	-81.224574	1.527000	15.660000
1513	-81.214574	1.527000	15.600000
1514	-80.994574	1.529000	15.630000
1515	-80.934574	1.529000	15.680000
1516	-80.924574	1.531000	15.590000
1517	-80.884574	1.533000	15.490000
1518	-80.844574	1.533000	15.790000
1519	-80.834574	1.533000	16.110000
1520	-80.774574	1.535000	15.750000
1521	-80.714574	1.537000	15.610000
1522	-80.624574	1.537000	15.560000
1523	-80.614574	1.537000	15.570000
1524	-80.524574	1.539000	15.590000
1525	-80.514574	1.541000	15.740000
1526	-80.464574	1.541000	15.780000
1527	-80.454574	1.543000	15.630000
1528	-80.224574	1.543000	15.670000
1529	-80.204574	1.543000	15.660000
1530	-80.024574	1.545000	15.540000
1531	-79.914574	1.545000	15.840000
1532	-79.884574	1.547000	15.650000
1533	-79.824574	1.548000	15.730000
1534	-79.814574	1.548000	15.580000
1535	-79.644574	1.548000	15.780000
1536	-79.544574	1.550000	15.810000
1537	-79.424574	1.552000	15.750000
1538	-79.094574	1.552000	15.680000
1539	-79.044574	1.552000	15.800000
1540	-78.974574	1.554000	15.630000
1541	-78.974574	1.558000	15.730000
1542	-78.974574	1.556000	15.720000
1543	-78.914574	1.558000	15.880000
1544	-78.824574	1.558000	15.870000
1545	-78.764574	1.558000	15.880000
1546	-78.744574	1.560000	15.740000
1547	-78.744574	1.560000	15.820000
1548	-78.534574	1.562000	15.790000
1549	-78.494574	1.564000	15.810000
1550	-78.424574	1.564000	15.850000
1551	-78.294574	1.566000	15.650000
1552	-78.194574	1.568000	15.910000
1553	-78.124574	1.570000	15.780000
1554	-78.074574	1.572000	15.790000
1555	-78.064574	1.572000	15.710000
1556	-78.014574	1.574000	15.820000
1557	-77.884574	1.574000	15.840000
1558	-77.844574	1.574000	15.810000
1559	-77.774574	1.576000	15.910000
1560	-77.754574	1.576000	15.740000
1561	-77.754574	1.578000	15.890000
1562	-77.744574	1.580000	15.770000
1563	-77.614574	1.580000	15.860000
1564	-77.484574	1.582000	15.810000
1565	-77.414574	1.582000	16.000000
1566	-77.404574	1.582000	15.790000
1567	-77.304574	1.584000	15.770000
1568	-77.294574	1.584000	15.910000
1569	-77.214574	1.586000	16.020000
1570	-77.174574	1.586000	15.850000
1571	-77.104574	1.589000	15.760000
1572	-77.064574	1.589000	15.990000
1573	-76.964574	1.589000	15.970000
1574	-76.924574	1.589000	16.020000
1575	-76.874574	1.591000	15.880000
1576	-76.814574	1.591000	15.860000
1577	-76.674574	1.593000	16.090000
1578	-76.644574	1.595000	15.750000
1579	-76.544574	1.593000	15.720000
1580	-76.544574	1.595000	16.000000
1581	-76.484574	1.597000	15.970000
1582	-76.284574	1.599000	15.770000
1583	-76.134574	1.599000	15.710000
1584	-76.124574	1.599000	15.790000
1585	-75.974574	1.601000	15.950000
1586	-75.934574	1.603000	15.860000
1587	-75.894574	1.603000	16.040000
1588	-75.804574	1.605000	15.980000
1589	-75.694574	1.605000	15.970000
1590	-75.694574	1.605000	16.060000
1591	-75.464574	1.607000	15.970000
1592	-75.434574	1.607000	16.010000
1593	-75.374574	1.609000	15.960000
1594	-75.294574	1.611000	16.110000
1595	-75.174574	1.611000	16.030000
1596	-75.134574	1.613000	15.930000
1597	-75.074574	1.613000	16.190000
1598	-75.034574	1.613000	16.070000
1599	-75.004574	1.615000	15.980000
1600	-74.914574	1.615000	16.050000
1601	-74.834574	1.617000	15.990000
1602	-74.654574	1.621000	15.940000
1603	-74.474574	1.621000	16.080000
1604	-74.454574	1.621000	16.050000
1605	-74.374574	1.621000	16.270000
1606	-73.854574	1.623000	16.250000
1607	-73.824574	1.623000	16.230000
1608	-73.724574	1.625000	16.160000
1609	-73.604574	1.625000	16.200000
1610	-73.564574	1.627000	16.190000
1611	-73.514574	1.627000	16.310000
1612	-73.484574	1.629000	16.130000
1613	-73.444574	1.629000	16.270000
1614	-73.434574	1.631000	16.210000
1615	-73.424574	1.631000	16.110000
1616	-73.344574	1.632000	16.130000
1617	-73.344574	1.634000	16.070000
1618	-73.284574	1.634000	16.200000
1619	-73.274574	1.636000	16.330000
1620	-73.234574	1.636000	16.150000
1621	-73.204574	1.636000	16.310000
1622	-73.164574	1.638000	16.070000
1623	-73.024574	1.640000	16.210000
1624	-73.014574	1.642000	16.330000
1625	-73.004574	1.642000	16.190000
1626	-72.914574	1.644000	16.190000
1627	-72.794574	1.644000	16.240000
1628	-72.754574	1.644000	16.200000
1629	-72.704574	1.646000	16.120000
1630	-72.704574	1.646000	16.300000
1631	-72.694574	1.648000	16.110000
1632	-72.674574	1.648000	16.160000
1633	-72.524574	1.650000	16.390000
1634	-72.514574	1.652000	16.330000
1635	-72.354574	1.654000	16.260000
1636	-72.234574	1.654000	16.150000
1637	-72.114574	1.656000	16.250000
1638	-72.084574	1.658000	16.340000
1639	-71.954574	1.658000	16.240000
1640	-71.924574	1.658000	16.120000
1641	-71.844574	1.660000	16.470000
1642	-71.804574	1.662000	16.180000
1643	-71.714574	1.662000	16.390000
1644	-71.664574	1.664000	16.290000
1645	-71.624574	1.666000	16.200000
1646	-71.544574	1.666000	16.390000
1647	-71.274574	1.668000	16.240000
1648	-71.254574	1.668000	16.420000
1649	-71.224574	1.670000	16.160000
1650	-71.224574	1.670000	16.250000
1651	-71.164574	1.670000	16.360000
1652	-71.144574	1.672000	16.340000
1653	-71.094574	1.673000	16.330000
1654	-71.014574	1.673000	16.360000
1655	-70.894574	1.673000	16.310000
1656	-70.854574	1.675000	16.420000
1657	-70.854574	1.677000	16.250000
1658	-70.844574	1.677000	16.470000
1659	-70.814574	1.679000	16.480000
1660	-70.804574	1.679000	16.360000
1661	-70.794574	1.679000	16.360000
1662	-70.574574	1.681000	16.330000
1663	-69.834574	1.683000	16.300000
1664	-69.704574	1.683000	16.510000
1665	-69.674574	1.683000	16.520000
1666	-69.494574	1.685000	16.510000
1667	-69.464574	1.685000	16.590000
1668	-69.334574	1.687000	16.390000
1669	-69.314574	1.689000	16.430000
1670	-69.244574	1.689000	16.460000
1671	-69.224574	1.689000	16.370000
1672	-69.144574	1.691000	16.420000
1673	-69.144574	1.693000	16.580000
1674	-69.054574	1.693000	16.540000
1675	-69.044574	1.693000	16.630000
1676	-69.034574	1.695000	16.460000
1677	-69.024574	1.697000	16.430000
1678	-68.974574	1.697000	16.350000
1679	-68.804574	1.699000	16.450000
1680	-68.784574	1.699000	16.630000
1681	-68.754574	1.699000	16.550000
1682	-68.574574	1.701000	16.490000
1683	-68.504574	1.703000	16.520000
1684	-68.474574	1.705000	16.570000
1685	-68.424574	1.705000	16.480000
1686	-68.414574	1.705000	16.410000
1687	-68.204574	1.707000	16.600000
1688	-68.004574	1.709000	16.690000
1689	-67.854574	1.709000	16.550000
1690	-67.734574	1.709000	16.480000
1691	-67.724574	1.711000	16.410000
1692	-67.704574	1.711000	16.560000
1693	-67.514574	1.713000	16.700000
1694	-67.434574	1.714000	16.700000
1695	-67.274574	1.714000	16.550000
1696	-67.244574	1.714000	16.550000
1697	-67.154574	1.716000	16.570000
1698	-67.154574	1.716000	16.700000
1699	-67.134574	1.718000	16.440000
1700	-67.104574	1.720000	16.760000
1701	-66.874574	1.720000	16.650000
1702	-66.724574	1.720000	16.540000
1703	-66.674574	1.724000	16.610000
1704	-66.654574	1.724000	16.720000
1705	-66.554574	1.724000	16.810000
1706	-66.534574	1.726000	16.670000
1707	-66.454574	1.728000	16.790000
1708	-66.404574	1.728000	16.780000
1709	-66.304574	1.730000	16.810000
1710	-66.234574	1.730000	16.910000
1711	-66.134574	1.730000	16.790000
1712	-66.034574	1.732000	16.780000
1713	-66.004574	1.734000	16.830000
1714	-65.974574	1.736000	16.790000
1715	-65.964574	1.738000	16.700000
1716	-65.944574	1.738000	16.730000
1717	-65.944574	1.738000	16.730000
1718	-65.694574	1.740000	16.790000
1719	-65.674574	1.740000	16.610000
1720	-65.624574	1.742000	16.650000
1721	-65.594574	1.744000	16.670000
1722	-65.544574	1.744000	16.860000
1723	-65.424574	1.744000	16.760000
1724	-65.384574	1.746000	16.790000
1725	-65.374574	1.746000	16.790000
1726	-65.304574	1.748000	16.760000
1727	-65.284574	1.748000	16.890000
1728	-65.214574	1.750000	17.020000
1729	-65.114574	1.752000	16.780000
1730	-64.924574	1.752000	16.940000
1731	-64.904574	1.754000	16.770000
1732	-64.864574	1.754000	16.750000
1733	-64.854574	1.754000	16.940000
1734	-64.684574	1.755000	16.740000
1735	-64.654574	1.755000	16.820000
1736	-64.634574	1.757000	16.810000
1737	-64.574574	1.759000	16.790000
1738	-64.364574	1.759000	16.910000
1739	-64.314574	1.761000	16.770000
1740	-64.294574	1.761000	16.810000
1741	-64.124574	1.763000	16.830000
1742	-64.124574	1.763000	16.990000
1743	-63.884574	1.763000	16.810000
1744	-63.874574	1.765000	16.780000
1745	-63.844574	1.765000	16.940000
1746	-63.814574	1.767000	16.780000
1747	-63.624574	1.769000	16.850000
1748	-63.364574	1.769000	16.750000
1749	-63.344574	1.769000	16.980000
1750	-63.324574	1.771000	16.870000
1751	-63.304574	1.771000	16.930000
1752	-63.264574	1.773000	17.010000
1753	-63.184574	1.773000	17.180000
1754	-63.144574	1.775000	16.870000
1755	-63.134574	1.777000	17.090000
1756	-62.904574	1.777000	16.930000
1757	-62.894574	1.777000	16.960000
1758	-62.774574	1.779000	17.020000
1759	-62.754574	1.779000	17.000000
1760	-62.564574	1.781000	17.020000
1761	-62.474574	1.783000	16.820000
1762	-62.424574	1.783000	16.940000
1763	-62.334574	1.785000	16.900000
1764	-62.314574	1.785000	17.040000
1765	-62.294574	1.785000	16.960000
1766	-62.244574	1.787000	17.020000
1767	-62.164574	1.787000	17.000000
1768	-62.154574	1.789000	16.790000
1769	-61.914574	1.791000	17.040000
1770	-61.754574	1.791000	17.210000
1771	-61.664574	1.793000	16.980000
1772	-61.554574	1.793000	16.920000
1773	-61.504574	1.793000	16.970000
1774	-61.464574	1.795000	17.010000
1775	-61.324574	1.795000	16.930000
1776	-61.174574	1.797000	17.190000
1777	-61.134574	1.798000	17.070000
1778	-61.104574	1.798000	17.010000
1779	-61.074574	1.800000	17.030000
1780	-61.034574	1.800000	17.110000
1781	-60.954574	1.800000	17.230000
1782	-60.874574	1.802000	17.140000
1783	-60.834574	1.802000	17.050000
1784	-60.664574	1.804000	17.090000
1785	-60.494574	1.804000	17.170000
1786	-60.304574	1.806000	17.230000
1787	-60.304574	1.808000	17.110000
1788	-60.244574	1.808000	17.060000
1789	-60.184574	1.808000	17.150000
1790	-60.114574	1.810000	17.150000
1791	-60.044574	1.810000	17.240000
1792	-60.014574	1.812000	17.080000
1793	-59.904574	1.814000	17.070000
1794	-59.904574	1.812000	17.150000
1795	-59.884574	1.816000	17.310000
1796	-59.794574	1.816000	17.110000
1797	-59.764574	1.818000	17.040000
1798	-59.684574	1.820000	17.100000
1799	-59.624574	1.822000	17.050000
1800	-59.564574	1.822000	17.100000
1801	-59.504574	1.824000	17.220000
1802	-59.404574	1.824000	17.270000
1803	-59.344574	1.824000	17.260000
1804	-59.284574	1.826000	17.150000
1805	-59.224574	1.826000	17.140000
1806	-59.194574	1.828000	17.240000
1807	-59.034574	1.828000	17.290000
1808	-59.014574	1.830000	17.160000
1809	-58.864574	1.830000	17.200000
1810	-58.854574	1.832000	17.260000
1811	-58.834574	1.834000	17.140000
1812	-58.694574	1.834000	17.130000
1813	-58.554574	1.834000	17.280000
1814	-58.524574	1.836000	17.370000
1815	-58.504574	1.839000	17.270000
1816	-58.354574	1.839000	17.390000
1817	-58.254574	1.839000	17.180000
1818	-58.254574	1.839000	17.230000
1819	-58.154574	1.841000	17.250000
1820	-58.124574	1.841000	17.190000
1821	-58.114574	1.843000	17.140000
1822	-58.094574	1.843000	17.240000
1823	-57.954574	1.843000	17.090000
1824	-57.894574	1.845000	17.450000
1825	-57.834574	1.847000	17.370000
1826	-57.684574	1.849000	17.320000
1827	-57.574574	1.849000	17.240000
1828	-57.534574	1.851000	17.120000
1829	-57.334574	1.853000	17.180000
1830	-57.254574	1.853000	17.320000
1831	-57.064574	1.855000	17.260000
1832	-56.874574	1.855000	17.360000
1833	-56.754574	1.855000	17.340000
1834	-56.724574	1.857000	17.400000
1835	-56.614574	1.857000	17.320000
1836	-56.554574	1.859000	17.310000
1837	-56.484574	1.861000	17.330000
1838	-56.294574	1.861000	17.400000
1839	-56.254574	1.861000	17.420000
1840	-56.194574	1.863000	17.470000
1841	-56.174574	1.865000	17.280000
1842	-56.174574	1.865000	17.640000
1843	-56.134574	1.865000	17.410000
1844	-56.064574	1.867000	17.390000
1845	-55.954574	1.867000	17.310000
1846	-55.924574	1.869000	17.500000
1847	-55.884574	1.871000	17.530000
1848	-55.874574	1.871000	17.370000
1849	-55.694574	1.871000	17.480000
1850	-55.694574	1.873000	17.370000
1851	-55.684574	1.873000	17.490000
1852	-55.624574	1.875000	17.340000
1853	-55.624574	1.877000	17.310000
1854	-55.584574	1.877000	17.430000
1855	-55.574574	1.877000	17.580000
1856	-55.524574	1.879000	17.340000
1857	-55.454574	1.881000	17.360000
1858	-55.334574	1.881000	17.520000
1859	-55.334574	1.882000	17.450000
1860	-55.324574	1.884000	17.610000
1861	-55.294574	1.884000	17.450000
1862	-55.204574	1.886000	17.480000
1863	-55.204574	1.886000	17.520000
1864	-55.174574	1.888000	17.570000
1865	-55.174574	1.888000	17.500000
1866	-55.074574	1.888000	17.680000
1867	-55.044574	1.890000	17.280000
1868	-55.024574	1.892000	17.370000
1869	-55.024574	1.892000	17.450000
1870	-54.984574	1.892000	17.570000
1871	-54.914574	1.894000	17.520000
1872	-54.834574	1.896000	17.600000
1873	-54.624574	1.896000	17.400000
1874	-54.624574	1.898000	17.470000
1875	-54.504574	1.898000	17.570000
1876	-54.384574	1.898000	17.480000
1877	-53.904574	1.902000	17.300000
1878	-53.624574	1.904000	17.610000
1879	-53.294574	1.904000	17.770000
1880	-53.164574	1.906000	17.570000
1881	-53.044574	1.908000	17.520000
1882	-52.994574	1.908000	17.550000
1883	-52.994574	1.910000	17.650000
1884	-52.964574	1.910000	17.730000
1885	-52.844574	1.910000	17.620000
1886	-52.754574	1.912000	17.630000
1887	-52.694574	1.914000	17.720000
1888	-52.614574	1.914000	17.570000
1889	-52.524574	1.916000	17.630000
1890	-52.404574	1.916000	17.610000
1891	-52.344574	1.918000	17.680000
1892	-52.314574	1.918000	17.650000
1893	-52.304574	1.918000	17.930000
1894	-52.264574	1.920000	17.750000
1895	-52.174574	1.920000	17.580000
1896	-52.134574	1.922000	17.810000
1897	-51.984574	1.922000	17.640000
1898	-51.754574	1.925000	17.610000
1899	-51.714574	1.925000	17.880000
1900	-51.534574	1.925000	17.880000
1901	-51.484574	1.927000	17.620000
1902	-51.454574	1.927000	17.710000
1903	-51.394574	1.929000	17.710000
1904	-51.374574	1.929000	17.860000
1905	-51.364574	1.933000	17.830000
1906	-51.274574	1.931000	17.660000
1907	-51.214574	1.933000	17.710000
1908	-51.204574	1.933000	17.720000
1909	-51.184574	1.935000	17.770000
1910	-51.074574	1.935000	17.860000
1911	-50.994574	1.937000	17.680000
1912	-50.994574	1.939000	17.790000
1913	-50.974574	1.939000	17.870000
1914	-50.964574	1.941000	17.680000
1915	-50.574574	1.941000	17.730000
1916	-50.284574	1.941000	17.840000
1917	-50.214574	1.943000	17.930000
1918	-50.204574	1.945000	17.750000
1919	-50.064574	1.945000	17.760000
1920	-49.964574	1.947000	17.970000
1921	-49.904574	1.947000	17.890000
1922	-49.894574	1.949000	18.000000
1923	-49.864574	1.949000	17.970000
1924	-49.794574	1.949000	17.740000
1925	-49.734574	1.951000	17.960000
1926	-49.704574	1.951000	17.730000
1927	-49.564574	1.953000	17.950000
1928	-49.554574	1.955000	17.830000
1929	-49.544574	1.957000	17.920000
1930	-49.514574	1.957000	17.980000
1931	-49.424574	1.957000	17.890000
1932	-49.364574	1.959000	17.980000
1933	-49.294574	1.959000	18.010000
1934	-49.234574	1.961000	17.890000
1935	-49.214574	1.961000	18.140000
1936	-49.144574	1.964000	17.810000
1937	-49.044574	1.964000	17.950000
1938	-48.894574	1.964000	17.950000
1939	-48.544574	1.966000	18.000000
1940	-48.534574	1.966000	17.900000
1941	-48.464574	1.968000	18.040000
1942	-48.204574	1.970000	18.080000
1943	-48.194574	1.970000	17.860000
1944	-48.064574	1.972000	18.020000
1945	-48.014574	1.972000	17.860000
1946	-48.014574	1.974000	17.960000
1947	-47.994574	1.974000	17.940000
1948	-47.894574	1.976000	17.840000
1949	-47.824574	1.978000	17.850000
1950	-47.824574	1.978000	17.980000
1951	-47.714574	1.980000	18.000000
1952	-47.614574	1.980000	17.860000
1953	-47.564574	1.980000	17.870000
1954	-47.404574	1.982000	17.960000
1955	-47.374574	1.984000	17.920000
1956	-47.374574	1.984000	18.040000
1957	-47.344574	1.986000	18.000000
1958	-47.264574	1.988000	18.070000
1959	-47.134574	1.990000	17.990000
1960	-46.944574	1.990000	17.960000
1961	-46.924574	1.990000	17.780000
1962	-46.694574	1.992000	17.980000
1963	-46.674574	1.994000	17.890000
1964	-46.564574	1.994000	18.010000
1965	-46.514574	1.994000	18.310000
1966	-46.384574	1.998000	18.040000
1967	-46.134574	1.998000	18.040000
1968	-46.114574	1.998000	18.120000
1969	-45.984574	2.000000	18.120000
1970	-45.954574	2.002000	18.240000
1971	-45.904574	2.002000	18.220000
1972	-45.894574	2.002000	18.250000
1973	-45.774574	2.004000	18.310000
1974	-45.424574	2.004000	18.320000
1975	-45.424574	2.005000	18.390000
1976	-45.334574	2.005000	18.280000
1977	-45.314574	2.007000	18.220000
1978	-45.304574	2.009000	18.290000
1979	-45.234574	2.009000	18.140000
1980	-45.174574	2.011000	18.330000
1981	-45.124574	2.011000	18.310000
1982	-44.864574	2.011000	18.290000
1983	-44.834574	2.013000	18.140000
1984	-44.814574	2.013000	18.290000
1985	-44.784574	2.015000	18.130000
1986	-44.674574	2.015000	18.240000
1987	-44.674574	2.017000	18.210000
1988	-44.674574	2.019000	18.190000
1989	-44.604574	2.021000	18.180000
1990	-44.594574	2.021000	18.260000
1991	-44.574574	2.021000	18.410000
1992	-44.484574	2.023000	18.370000
1993	-44.314574	2.027000	18.450000
1994	-43.974574	2.025000	18.250000
1995	-43.924574	2.025000	18.340000
1996	-43.564574	2.027000	18.330000
1997	-43.524574	2.027000	18.500000
1998	-43.504574	2.029000	18.340000
1999	-43.494574	2.029000	18.230000
2000	-43.464574	2.031000	18.300000
2001	-43.384574	2.033000	18.350000
2002	-43.364574	2.033000	18.490000
2003	-43.334574	2.033000	18.450000
2004	-43.274574	2.035000	18.410000
2005	-43.254574	2.035000	18.290000
2006	-43.244574	2.037000	18.250000
2007	-43.244574	2.037000	18.360000
2008	-43.244574	2.039000	18.400000
2009	-43.114574	2.041000	18.400000
2010	-43.064574	2.041000	18.360000
2011	-42.934574	2.043000	18.400000
2012	-42.874574	2.043000	18.390000
2013	-42.814574	2.043000	18.400000
2014	-42.754574	2.045000	18.380000
2015	-42.594574	2.045000	18.370000
2016	-42.494574	2.047000	18.390000
2017	-42.444574	2.047000	18.370000
2018	-42.414574	2.048000	18.420000
2019	-42.384574	2.048000	18.320000
2020	-42.304574	2.050000	18.420000
2021	-42.284574	2.052000	18.560000
2022	-42.224574	2.052000	18.410000
2023	-42.194574	2.052000	18.490000
2024	-42.114574	2.054000	18.350000
2025	-42.094574	2.054000	18.460000
2026	-42.024574	2.056000	18.590000
2027	-41.914574	2.056000	18.380000
2028	-41.684574	2.058000	18.380000
2029	-41.394574	2.058000	18.500000
2030	-41.364574	2.060000	18.430000
2031	-41.264574	2.060000	18.570000
2032	-41.174574	2.062000	18.470000
2033	-41.004574	2.064000	18.510000
2034	-41.004574	2.064000	18.530000
2035	-40.994574	2.066000	18.510000
2036	-40.994574	2.066000	18.410000
2037	-40.964574	2.068000	18.510000
2038	-40.934574	2.070000	18.450000
2039	-40.844574	2.072000	18.460000
2040	-40.814574	2.072000	18.580000
2041	-40.724574	2.074000	18.420000
2042	-40.624574	2.074000	18.660000
2043	-40.504574	2.074000	18.540000
2044	-40.484574	2.076000	18.580000
2045	-40.344574	2.078000	18.620000
2046	-40.104574	2.078000	18.670000
2047	-39.914574	2.080000	18.520000
2048	-39.884574	2.078000	18.540000
2049	-39.774574	2.082000	18.620000
2050	-39.574574	2.082000	18.630000
2051	-39.544574	2.082000	18.650000
2052	-39.534574	2.084000	18.580000
2053	-39.514574	2.084000	18.610000
2054	-39.334574	2.086000	18.760000
2055	-39.294574	2.088000	18.570000
2056	-39.264574	2.089000	18.600000
2057	-39.184574	2.088000	18.560000
2058	-39.154574	2.089000	18.610000
2059	-39.094574	2.089000	18.640000
2060	-39.084574	2.091000	18.730000
2061	-39.054574	2.091000	18.720000
2062	-38.974574	2.093000	18.700000
2063	-38.914574	2.095000	18.630000
2064	-38.904574	2.095000	18.680000
2065	-38.894574	2.097000	18.720000
2066	-38.864574	2.097000	18.460000
2067	-38.784574	2.097000	18.800000
2068	-38.744574	2.099000	18.730000
2069	-38.624574	2.099000	18.750000
2070	-38.484574	2.101000	18.740000
2071	-38.454574	2.103000	18.700000
2072	-38.334574	2.103000	18.780000
2073	-38.264574	2.105000	18.730000
2074	-38.234574	2.105000	18.660000
2075	-38.224574	2.105000	18.740000
2076	-38.114574	2.107000	18.660000
2077	-38.054574	2.107000	18.740000
2078	-37.984574	2.109000	18.820000
2079	-37.804574	2.109000	18.770000
2080	-37.484574	2.113000	18.910000
2081	-37.474574	2.113000	18.800000
2082	-37.424574	2.113000	18.780000
2083	-37.284574	2.115000	18.680000
2084	-37.214574	2.115000	18.850000
2085	-37.204574	2.117000	18.760000
2086	-37.174574	2.119000	18.840000
2087	-37.054574	2.121000	18.970000
2088	-36.764574	2.119000	18.860000
2089	-36.664574	2.121000	18.750000
2090	-36.604574	2.121000	18.820000
2091	-36.574574	2.123000	18.840000
2092	-36.564574	2.123000	18.820000
2093	-36.534574	2.125000	18.890000
2094	-36.474574	2.127000	18.910000
2095	-36.334574	2.127000	18.910000
2096	-36.334574	2.129000	18.990000
2097	-36.264574	2.129000	19.010000
2098	-36.244574	2.129000	18.920000
2099	-36.184574	2.131000	18.930000
2100	-36.174574	2.131000	18.850000
2101	-36.104574	2.132000	18.880000
2102	-36.024574	2.134000	18.970000
2103	-36.004574	2.134000	18.840000
2104	-35.944574	2.136000	19.010000
2105	-35.874574	2.136000	18.840000
2106	-35.854574	2.136000	18.930000
2107	-35.854574	2.138000	19.010000
2108	-35.694574	2.138000	18.840000
2109	-35.464574	2.140000	18.960000
2110	-35.444574	2.142000	19.110000
2111	-35.414574	2.142000	19.240000
2112	-35.324574	2.144000	18.910000
2113	-35.184574	2.144000	19.080000
2114	-35.084574	2.144000	19.010000
2115	-35.054574	2.146000	19.150000
2116	-34.974574	2.146000	19.000000
2117	-34.904574	2.148000	19.000000
2118	-34.814574	2.150000	19.110000
2119	-34.794574	2.150000	19.130000
2120	-34.734574	2.152000	18.910000
2121	-34.544574	2.154000	19.010000
2122	-34.534574	2.154000	18.930000
2123	-34.464574	2.156000	18.900000
2124	-34.404574	2.158000	19.000000
2125	-34.364574	2.158000	19.020000
2126	-34.254574	2.158000	19.040000
2127	-34.244574	2.160000	19.040000
2128	-34.084574	2.162000	19.150000
2129	-34.064574	2.162000	19.100000
2130	-34.024574	2.162000	19.010000
2131	-33.884574	2.164000	19.050000
2132	-33.814574	2.166000	19.170000
2133	-33.694574	2.166000	19.010000
2134	-33.684574	2.168000	19.070000
2135	-33.284574	2.168000	19.120000
2136	-33.254574	2.168000	19.150000
2137	-33.074574	2.170000	19.060000
2138	-33.064574	2.170000	19.200000
2139	-33.064574	2.172000	19.130000
2140	-33.044574	2.172000	19.140000
2141	-33.034574	2.173000	19.320000
2142	-32.894574	2.173000	19.220000
2143	-32.884574	2.175000	19.180000
2144	-32.864574	2.177000	19.050000
2145	-32.834574	2.177000	19.270000
2146	-32.694574	2.177000	19.110000
2147	-32.684574	2.179000	19.180000
2148	-32.644574	2.181000	19.070000
2149	-32.454574	2.183000	19.140000
2150	-32.404574	2.183000	19.200000
2151	-32.334574	2.183000	19.060000
2152	-32.254574	2.185000	19.260000
2153	-32.094574	2.185000	19.460000
2154	-31.974574	2.185000	19.270000
2155	-31.934574	2.187000	19.160000
2156	-31.794574	2.189000	19.070000
2157	-31.654574	2.189000	19.370000
2158	-31.644574	2.189000	19.290000
2159	-31.474574	2.191000	19.210000
2160	-31.434574	2.193000	19.190000
2161	-31.364574	2.193000	19.140000
2162	-31.214574	2.193000	19.210000
2163	-31.144574	2.195000	19.210000
2164	-31.114574	2.197000	19.310000
2165	-31.034574	2.197000	19.200000
2166	-30.864574	2.199000	19.410000
2167	-30.754574	2.199000	19.370000
2168	-30.734574	2.199000	19.310000
2169	-30.684574	2.201000	19.180000
2170	-30.664574	2.201000	19.220000
2171	-30.624574	2.203000	19.190000
2172	-30.464574	2.203000	19.270000
2173	-30.424574	2.205000	19.300000
2174	-30.404574	2.207000	19.480000
2175	-30.374574	2.209000	19.210000
2176	-30.344574	2.209000	19.310000
2177	-30.334574	2.209000	19.370000
2178	-30.274574	2.211000	19.430000
2179	-30.184574	2.211000	19.380000
2180	-30.064574	2.214000	19.370000
2181	-30.044574	2.213000	19.450000
2182	-29.794574	2.214000	19.220000
2183	-29.754574	2.214000	19.480000
2184	-29.674574	2.216000	19.440000
2185	-29.544574	2.216000	19.310000
2186	-29.534574	2.218000	19.310000
2187	-29.514574	2.220000	19.260000
2188	-29.494574	2.220000	19.280000
2189	-29.364574	2.222000	19.290000
2190	-29.174574	2.222000	19.650000
2191	-29.154574	2.224000	19.380000
2192	-29.004574	2.224000	19.350000
2193	-28.954574	2.226000	19.500000
2194	-28.924574	2.228000	19.300000
2195	-28.924574	2.228000	19.550000
2196	-28.864574	2.230000	19.410000
2197	-28.854574	2.230000	19.460000
2198	-28.774574	2.230000	19.330000
2199	-28.674574	2.232000	19.440000
2200	-28.634574	2.232000	19.450000
2201	-28.594574	2.236000	19.450000
2202	-28.364574	2.238000	19.430000
2203	-28.084574	2.238000	19.650000
2204	-27.934574	2.238000	19.470000
2205	-27.934574	2.240000	19.470000
2206	-27.844574	2.240000	19.520000
2207	-27.824574	2.242000	19.530000
2208	-27.774574	2.244000	19.610000
2209	-27.774574	2.244000	19.390000
2210	-27.734574	2.246000	19.440000
2211	-27.724574	2.246000	19.510000
2212	-27.704574	2.246000	19.600000
2213	-27.664574	2.248000	19.610000
2214	-27.644574	2.248000	19.590000
2215	-27.524574	2.250000	19.490000
2216	-27.504574	2.252000	19.550000
2217	-27.464574	2.252000	19.410000
2218	-27.424574	2.254000	19.460000
2219	-27.404574	2.254000	19.510000
2220	-27.284574	2.254000	19.470000
2221	-27.084574	2.255000	19.530000
2222	-26.994574	2.255000	19.550000
2223	-26.964574	2.257000	19.530000
2224	-26.904574	2.259000	19.620000
2225	-26.804574	2.259000	19.670000
2226	-26.794574	2.261000	19.470000
2227	-26.714574	2.261000	19.510000
2228	-26.634574	2.261000	19.660000
2229	-26.614574	2.263000	19.460000
2230	-26.484574	2.265000	19.660000
2231	-26.464574	2.265000	19.520000
2232	-26.344574	2.265000	19.590000
2233	-26.274574	2.267000	19.580000
2234	-26.264574	2.269000	19.570000
2235	-26.204574	2.269000	19.540000
2236	-26.124574	2.269000	19.550000
2237	-26.114574	2.271000	19.540000
2238	-26.034574	2.271000	19.590000
2239	-25.774574	2.273000	19.540000
2240	-25.774574	2.275000	19.700000
2241	-25.764574	2.275000	19.560000
2242	-25.574574	2.277000	19.670000
2243	-25.444574	2.277000	19.550000
2244	-25.084574	2.279000	19.640000
2245	-24.894574	2.279000	19.730000
2246	-24.804574	2.279000	19.750000
2247	-24.734574	2.281000	19.680000
2248	-24.684574	2.283000	19.860000
2249	-24.584574	2.283000	19.820000
2250	-24.444574	2.285000	19.820000
2251	-24.434574	2.285000	19.820000
2252	-24.384574	2.285000	19.780000
2253	-24.354574	2.287000	19.820000
2254	-24.114574	2.287000	19.750000
2255	-24.084574	2.289000	19.830000
2256	-24.074574	2.291000	19.740000
2257	-24.064574	2.291000	19.780000
2258	-24.024574	2.293000	19.690000
2259	-24.024574	2.293000	19.970000
2260	-24.004574	2.293000	19.850000
2261	-23.974574	2.295000	19.780000
2262	-23.974574	2.295000	19.750000
2263	-23.944574	2.297000	19.760000
2264	-23.894574	2.297000	19.860000
2265	-23.754574	2.297000	19.730000
2266	-23.644574	2.300000	19.780000
2267	-23.634574	2.300000	19.740000
2268	-23.354574	2.300000	19.810000
2269	-23.284574	2.302000	19.780000
2270	-23.254574	2.302000	19.850000
2271	-23.254574	2.304000	19.870000
2272	-23.184574	2.306000	19.770000
2273	-23.064574	2.308000	19.900000
2274	-23.004574	2.306000	19.950000
2275	-22.994574	2.308000	19.890000
2276	-22.924574	2.308000	19.800000
2277	-22.864574	2.310000	19.830000
2278	-22.864574	2.310000	20.020000
2279	-22.714574	2.312000	19.960000
2280	-22.704574	2.314000	19.830000
2281	-22.654574	2.314000	20.000000
2282	-22.574574	2.316000	19.740000
2283	-22.544574	2.316000	19.890000
2284	-22.454574	2.316000	19.900000
2285	-22.304574	2.320000	19.960000
2286	-22.264574	2.324000	19.920000
2287	-22.234574	2.322000	19.820000
2288	-22.234574	2.324000	19.940000
2289	-22.184574	2.324000	19.900000
2290	-22.174574	2.324000	19.950000
2291	-22.114574	2.326000	19.860000
2292	-21.954574	2.326000	19.990000
2293	-21.944574	2.328000	19.870000
2294	-21.864574	2.328000	19.920000
2295	-21.854574	2.330000	19.960000
2296	-21.724574	2.330000	20.020000
2297	-21.694574	2.332000	19.870000
2298	-21.684574	2.334000	20.020000
2299	-21.644574	2.334000	20.010000
2300	-21.624574	2.334000	20.020000
2301	-21.604574	2.336000	19.920000
2302	-21.594574	2.338000	19.990000
2303	-21.474574	2.338000	19.810000
2304	-21.374574	2.339000	19.860000
2305	-21.064574	2.339000	20.040000
2306	-20.714574	2.339000	20.040000
2307	-20.694574	2.341000	20.190000
2308	-20.674574	2.341000	20.000000
2309	-20.654574	2.343000	20.020000
2310	-20.454574	2.345000	20.030000
2311	-20.444574	2.345000	20.150000
2312	-20.334574	2.345000	20.190000
2313	-20.324574	2.347000	20.030000
2314	-20.324574	2.349000	19.970000
2315	-20.264574	2.349000	20.090000
2316	-20.044574	2.349000	20.160000
2317	-20.034574	2.351000	20.060000
2318	-19.914574	2.353000	20.150000
2319	-19.904574	2.353000	20.140000
2320	-19.884574	2.355000	20.070000
2321	-19.724574	2.355000	20.110000
2322	-19.644574	2.355000	20.070000
2323	-19.614574	2.357000	20.130000
2324	-19.434574	2.359000	20.130000
2325	-19.354574	2.359000	19.970000
2326	-19.124574	2.359000	20.230000
2327	-19.014574	2.361000	20.030000
2328	-18.924574	2.361000	20.120000
2329	-18.874574	2.363000	19.990000
2330	-18.864574	2.365000	20.220000
2331	-18.664574	2.365000	20.260000
2332	-18.554574	2.365000	20.130000
2333	-18.554574	2.367000	20.220000
2334	-18.544574	2.369000	20.140000
2335	-18.484574	2.369000	20.180000
2336	-18.244574	2.371000	20.270000
2337	-18.064574	2.371000	20.010000
2338	-18.044574	2.373000	20.330000
2339	-18.014574	2.373000	20.090000
2340	-18.004574	2.373000	20.100000
2341	-17.994574	2.375000	20.170000
2342	-17.904574	2.377000	20.130000
2343	-17.744574	2.377000	20.240000
2344	-17.724574	2.377000	20.110000
2345	-17.704574	2.379000	20.220000
2346	-17.654574	2.381000	20.310000
2347	-17.454574	2.381000	20.230000
2348	-17.434574	2.381000	20.140000
2349	-17.354574	2.382000	20.200000
2350	-17.294574	2.384000	20.160000
2351	-17.294574	2.384000	20.270000
2352	-17.294574	2.386000	20.300000
2353	-17.244574	2.386000	20.290000
2354	-17.244574	2.386000	20.450000
2355	-17.184574	2.388000	20.150000
2356	-17.134574	2.388000	20.080000
2357	-17.094574	2.390000	20.240000
2358	-16.944574	2.392000	20.390000
2359	-16.894574	2.390000	20.150000
2360	-16.624574	2.392000	20.080000
2361	-16.524574	2.394000	20.500000
2362	-16.424574	2.396000	20.370000
2363	-16.214574	2.396000	20.430000
2364	-16.184574	2.396000	20.400000
2365	-16.104574	2.398000	20.390000
2366	-16.044574	2.400000	20.340000
2367	-15.944574	2.402000	20.450000
2368	-15.924574	2.400000	20.380000
2369	-15.904574	2.404000	20.470000
2370	-15.894574	2.404000	20.320000
2371	-15.854574	2.406000	20.290000
2372	-15.814574	2.408000	20.430000
2373	-15.704574	2.408000	20.420000
2374	-15.654574	2.410000	20.480000
2375	-15.494574	2.410000	20.360000
2376	-15.444574	2.412000	20.360000
2377	-15.384574	2.412000	20.500000
2378	-15.354574	2.412000	20.520000
2379	-15.244574	2.414000	20.430000
2380	-15.234574	2.414000	20.490000
2381	-15.164574	2.416000	20.450000
2382	-15.164574	2.418000	20.430000
2383	-15.064574	2.418000	20.570000
2384	-14.974574	2.418000	20.400000
2385	-14.964574	2.420000	20.320000
2386	-14.964574	2.420000	20.610000
2387	-14.704574	2.422000	20.530000
2388	-14.684574	2.422000	20.500000
2389	-14.424574	2.423000	20.750000
2390	-14.314574	2.425000	20.450000
2391	-14.144574	2.425000	20.630000
2392	-14.014574	2.425000	20.540000
2393	-13.934574	2.427000	20.520000
2394	-13.924574	2.427000	20.580000
2395	-13.854574	2.429000	20.510000
2396	-13.804574	2.431000	20.400000
2397	-13.724574	2.431000	20.510000
2398	-13.574574	2.433000	20.470000
2399	-13.574574	2.433000	20.560000
2400	-13.554574	2.433000	20.710000
2401	-13.534574	2.435000	20.590000
2402	-13.534574	2.435000	20.640000
2403	-13.384574	2.437000	20.580000
2404	-13.344574	2.439000	20.590000
2405	-13.314574	2.439000	20.540000
2406	-13.314574	2.441000	20.650000
2407	-13.254574	2.441000	20.600000
2408	-13.254574	2.443000	20.580000
2409	-13.254574	2.443000	20.510000
2410	-13.214574	2.443000	20.450000
2411	-13.194574	2.445000	20.580000
2412	-13.094574	2.447000	20.630000
2413	-12.844574	2.447000	20.770000
2414	-12.824574	2.449000	20.610000
2415	-12.744574	2.449000	20.570000
2416	-12.544574	2.449000	20.610000
2417	-12.384574	2.451000	20.470000
2418	-12.314574	2.451000	20.620000
2419	-12.224574	2.453000	20.560000
2420	-12.204574	2.453000	20.660000
2421	-12.124574	2.455000	20.500000
2422	-11.884574	2.457000	20.730000
2423	-11.804574	2.457000	20.500000
2424	-11.734574	2.457000	20.690000
2425	-11.684574	2.459000	20.680000
2426	-11.584574	2.459000	20.630000
2427	-11.574574	2.461000	20.780000
2428	-11.424574	2.463000	20.680000
2429	-11.424574	2.463000	20.710000
2430	-11.354574	2.464000	20.700000
2431	-11.064574	2.464000	20.820000
2432	-11.004574	2.464000	20.600000
2433	-10.934574	2.466000	20.710000
2434	-10.884574	2.466000	20.680000
2435	-10.804574	2.468000	20.600000
2436	-10.794574	2.470000	20.760000
2437	-10.704574	2.470000	20.880000
2438	-10.624574	2.472000	20.640000
2439	-10.624574	2.472000	20.620000
2440	-10.554574	2.474000	20.830000
2441	-10.484574	2.474000	20.880000
2442	-10.464574	2.476000	20.660000
2443	-10.384574	2.478000	20.720000
2444	-10.384574	2.478000	20.840000
2445	-10.264574	2.480000	20.640000
2446	-10.264574	2.480000	20.760000
2447	-10.224574	2.480000	20.590000
2448	-10.114574	2.482000	20.810000
2449	-9.904574	2.486000	20.770000
2450	-9.704574	2.484000	20.850000
2451	-9.584574	2.486000	20.920000
2452	-9.524574	2.488000	20.840000
2453	-9.444574	2.490000	20.850000
2454	-9.424574	2.490000	20.860000
2455	-9.384574	2.490000	20.720000
2456	-9.314574	2.492000	20.780000
2457	-9.314574	2.494000	20.830000
2458	-9.214574	2.494000	20.900000
2459	-9.164574	2.496000	20.760000
2460	-9.074574	2.496000	20.880000
2461	-9.064574	2.496000	20.820000
2462	-9.004574	2.498000	20.860000
2463	-8.994574	2.498000	21.030000
2464	-8.954574	2.500000	20.900000
2465	-8.944574	2.502000	20.860000
2466	-8.934574	2.502000	20.910000
2467	-8.844574	2.502000	21.000000
2468	-8.834574	2.504000	21.140000
2469	-8.664574	2.505000	20.870000
2470	-8.644574	2.505000	21.110000
2471	-8.534574	2.505000	20.670000
2472	-8.504574	2.507000	20.820000
2473	-8.454574	2.509000	20.830000
2474	-7.994574	2.509000	20.930000
2475	-7.994574	2.511000	21.060000
2476	-7.824574	2.511000	21.020000
2477	-7.784574	2.511000	21.060000
2478	-7.764574	2.513000	20.920000
2479	-7.754574	2.513000	21.100000
2480	-7.674574	2.515000	20.980000
2481	-7.654574	2.517000	20.950000
2482	-7.644574	2.515000	21.010000
2483	-7.614574	2.519000	20.950000
2484	-7.594574	2.521000	20.930000
2485	-7.554574	2.521000	21.110000
2486	-7.484574	2.521000	21.010000
2487	-7.444574	2.523000	20.960000
2488	-6.784574	2.527000	20.970000
2489	-6.784574	2.525000	21.020000
2490	-6.704574	2.527000	21.070000
2491	-6.574574	2.527000	20.950000
2492	-6.464574	2.529000	21.160000
2493	-6.454574	2.529000	21.160000
2494	-6.324574	2.529000	21.020000
2495	-6.284574	2.531000	20.980000
2496	-6.104574	2.533000	21.040000
2497	-5.924574	2.533000	21.130000
2498	-5.904574	2.533000	20.990000
2499	-5.804574	2.535000	21.060000
2500	-5.694574	2.537000	20.930000
2501	-5.664574	2.537000	21.070000
2502	-5.604574	2.537000	21.140000
2503	-5.604574	2.539000	21.100000
2504	-5.594574	2.541000	21.060000
2505	-5.514574	2.543000	21.020000
2506	-5.394574	2.543000	21.070000
2507	-5.394574	2.543000	21.070000
2508	-5.284574	2.543000	21.000000
2509	-5.284574	2.545000	21.110000
2510	-5.274574	2.545000	21.050000
2511	-5.244574	2.547000	21.110000
2512	-5.154574	2.547000	20.940000
2513	-5.014574	2.548000	21.020000
2514	-4.924574	2.548000	21.060000
2515	-4.894574	2.550000	21.210000
2516	-4.834574	2.552000	21.060000
2517	-4.804574	2.552000	21.140000
2518	-4.804574	2.552000	21.130000
2519	-4.804574	2.554000	21.200000
2520	-4.804574	2.556000	21.170000
2521	-4.654574	2.556000	21.080000
2522	-4.624574	2.558000	21.000000
2523	-4.454574	2.558000	21.200000
2524	-4.274574	2.560000	21.120000
2525	-4.244574	2.560000	21.020000
2526	-4.004574	2.560000	21.180000
2527	-4.004574	2.562000	21.230000
2528	-3.854574	2.564000	21.040000
2529	-3.774574	2.564000	21.110000
2530	-3.714574	2.564000	21.180000
2531	-3.714574	2.566000	21.230000
2532	-3.684574	2.568000	21.140000
2533	-3.594574	2.570000	21.140000
2534	-3.384574	2.570000	21.090000
2535	-3.384574	2.572000	21.200000
2536	-3.324574	2.574000	21.220000
2537	-3.264574	2.574000	21.280000
2538	-3.174574	2.574000	21.260000
2539	-3.144574	2.576000	21.280000
2540	-3.144574	2.576000	21.360000
2541	-3.064574	2.578000	21.230000
2542	-3.024574	2.580000	21.150000
2543	-2.964574	2.580000	21.150000
2544	-2.674574	2.580000	21.290000
2545	-2.644574	2.582000	21.320000
2546	-2.584574	2.584000	21.250000
2547	-2.404574	2.584000	21.360000
2548	-2.404574	2.584000	21.390000
2549	-2.344574	2.586000	21.220000
2550	-2.314574	2.588000	21.410000
2551	-2.224574	2.588000	21.350000
2552	-2.194574	2.589000	21.160000
2553	-2.024574	2.589000	21.330000
