1	-184.862709	0.000000	9.690000
2	-184.592709	0.000000	9.500000
3	-184.542709	0.002000	9.580000
4	-184.192709	0.002000	9.540000
5	-184.082709	0.004000	9.850000
6	-184.022709	0.004000	9.630000
7	-184.002709	0.006000	9.720000
8	-183.962709	0.006000	9.690000
9	-183.832709	0.007000	9.870000
10	-183.772709	0.007000	9.670000
11	-183.762709	0.009000	9.880000
12	-183.742709	0.009000	9.590000
13	-183.722709	0.011000	9.890000
14	-183.352709	0.011000	10.080000
15	-183.192709	0.013000	9.530000
16	-183.102709	0.013000	9.690000
17	-183.082709	0.015000	9.960000
18	-183.022709	0.015000	9.620000
19	-183.012709	0.017000	10.340000
20	-182.882709	0.017000	9.680000
21	-182.832709	0.019000	9.530000
22	-182.802709	0.019000	9.720000
23	-182.672709	0.023000	10.500000
24	-182.432709	0.021000	9.990000
25	-182.392709	0.023000	9.810000
26	-182.332709	0.023000	10.140000
27	-182.262709	0.025000	9.620000
28	-182.142709	0.025000	9.880000
29	-181.852709	0.027000	9.680000
30	-181.742709	0.027000	9.830000
31	-181.732709	0.029000	9.750000
32	-181.702709	0.029000	9.780000
33	-181.662709	0.031000	10.240000
34	-181.632709	0.031000	9.940000
35	-181.402709	0.033000	9.880000
36	-181.372709	0.033000	9.820000
37	-181.352709	0.035000	10.010000
38	-181.312709	0.035000	9.920000
39	-181.302709	0.039000	10.070000
40	-181.282709	0.039000	9.810000
41	-181.282709	0.039000	9.850000
42	-181.202709	0.039000	9.830000
43	-181.192709	0.041000	9.870000
44	-181.162709	0.041000	9.790000
45	-181.152709	0.043000	9.860000
46	-181.132709	0.043000	10.280000
47	-181.082709	0.045000	9.700000
48	-181.032709	0.047000	9.840000
49	-181.012709	0.047000	9.970000
50	-180.962709	0.049000	9.900000
51	-180.432709	0.049000	9.900000
52	-180.272709	0.050000	10.050000
53	-180.262709	0.050000	9.870000
54	-180.232709	0.052000	9.980000
55	-180.212709	0.054000	9.990000
56	-180.212709	0.054000	10.050000
57	-180.052709	0.056000	9.950000
58	-180.042709	0.056000	10.190000
59	-179.982709	0.058000	10.050000
60	-179.892709	0.058000	9.890000
61	-179.792709	0.058000	10.270000
62	-179.772709	0.058000	10.000000
63	-179.732709	0.062000	9.880000
64	-179.552709	0.062000	10.280000
65	-179.552709	0.064000	10.430000
66	-179.542709	0.064000	9.950000
67	-179.422709	0.066000	9.810000
68	-179.392709	0.066000	9.710000
69	-179.332709	0.068000	10.160000
70	-179.322709	0.068000	10.130000
71	-179.132709	0.072000	10.030000
72	-178.942709	0.072000	9.930000
73	-178.752709	0.072000	10.370000
74	-178.612709	0.074000	10.090000
75	-178.512709	0.076000	9.970000
76	-178.442709	0.076000	10.380000
77	-178.322709	0.078000	10.200000
78	-177.932709	0.078000	10.020000
79	-177.882709	0.080000	10.220000
80	-177.472709	0.080000	10.180000
81	-177.472709	0.080000	10.140000
82	-177.462709	0.082000	10.320000
83	-177.462709	0.084000	10.130000
84	-177.422709	0.084000	10.030000
85	-177.422709	0.086000	10.150000
86	-177.402709	0.088000	10.220000
87	-177.342709	0.088000	10.240000
88	-177.232709	0.088000	10.290000
89	-177.222709	0.090000	10.090000
90	-177.112709	0.091000	9.930000
91	-177.052709	0.091000	9.970000
92	-177.032709	0.093000	9.880000
93	-176.982709	0.093000	10.030000
94	-176.962709	0.095000	10.190000
95	-176.812709	0.095000	9.950000
96	-176.792709	0.095000	10.040000
97	-176.622709	0.097000	9.930000
98	-176.542709	0.099000	10.270000
99	-176.472709	0.099000	10.220000
100	-176.262709	0.101000	10.250000
101	-176.252709	0.101000	10.440000
102	-176.112709	0.103000	10.290000
103	-175.912709	0.103000	10.300000
104	-175.872709	0.103000	10.200000
105	-175.742709	0.105000	9.950000
106	-175.732709	0.107000	10.230000
107	-175.652709	0.107000	10.320000
108	-175.612709	0.109000	10.250000
109	-175.472709	0.109000	10.290000
110	-175.392709	0.111000	10.310000
111	-175.362709	0.111000	10.280000
112	-175.332709	0.111000	10.440000
113	-175.242709	0.113000	10.260000
114	-175.222709	0.115000	10.220000
115	-175.162709	0.115000	10.210000
116	-175.082709	0.117000	10.330000
117	-175.082709	0.117000	10.310000
118	-175.032709	0.119000	10.290000
119	-174.962709	0.119000	10.100000
120	-174.922709	0.119000	10.510000
121	-174.822709	0.121000	10.160000
122	-174.812709	0.123000	10.390000
123	-174.472709	0.121000	10.260000
124	-174.442709	0.125000	10.410000
125	-174.432709	0.125000	10.240000
126	-174.272709	0.127000	10.160000
127	-174.202709	0.127000	10.400000
128	-174.192709	0.127000	10.260000
129	-174.092709	0.129000	10.060000
130	-173.632709	0.131000	10.590000
131	-173.622709	0.131000	10.150000
132	-173.612709	0.132000	10.410000
133	-173.552709	0.132000	10.400000
134	-173.542709	0.134000	10.290000
135	-173.442709	0.134000	10.340000
136	-173.322709	0.136000	10.520000
137	-173.302709	0.136000	10.300000
138	-173.202709	0.138000	10.480000
139	-173.182709	0.138000	10.210000
140	-173.182709	0.140000	10.330000
141	-173.092709	0.140000	10.430000
142	-172.932709	0.142000	10.610000
143	-172.902709	0.142000	10.440000
144	-172.872709	0.142000	10.720000
145	-172.862709	0.144000	10.960000
146	-172.822709	0.146000	10.380000
147	-172.812709	0.146000	10.370000
148	-172.722709	0.148000	10.320000
149	-172.712709	0.148000	10.220000
150	-172.712709	0.150000	10.380000
151	-172.662709	0.150000	10.640000
152	-172.642709	0.154000	10.350000
153	-172.572709	0.154000	10.540000
154	-172.552709	0.156000	10.570000
155	-172.342709	0.156000	10.260000
156	-172.152709	0.158000	10.880000
157	-171.832709	0.158000	10.340000
158	-171.812709	0.160000	10.460000
159	-171.742709	0.160000	10.910000
160	-171.642709	0.162000	10.580000
161	-171.552709	0.162000	10.490000
162	-171.512709	0.164000	10.770000
163	-171.412709	0.164000	10.650000
164	-171.172709	0.166000	10.520000
165	-171.102709	0.166000	10.500000
166	-170.982709	0.168000	10.550000
167	-170.962709	0.168000	10.480000
168	-170.922709	0.168000	10.750000
169	-170.882709	0.172000	10.520000
170	-170.862709	0.172000	10.550000
171	-170.802709	0.173000	10.500000
172	-170.612709	0.173000	10.420000
173	-170.602709	0.175000	10.700000
174	-170.572709	0.175000	10.470000
175	-170.572709	0.177000	10.340000
176	-170.562709	0.177000	10.490000
177	-170.542709	0.179000	10.610000
178	-170.512709	0.179000	10.720000
179	-170.502709	0.181000	10.450000
180	-170.462709	0.181000	10.590000
181	-170.442709	0.183000	10.520000
182	-170.442709	0.183000	10.630000
183	-170.322709	0.185000	10.240000
184	-170.312709	0.185000	10.470000
185	-170.072709	0.187000	10.690000
186	-170.002709	0.187000	10.590000
187	-169.712709	0.187000	10.490000
188	-169.412709	0.189000	10.690000
189	-169.362709	0.191000	10.680000
190	-168.992709	0.191000	10.780000
191	-168.942709	0.193000	10.540000
192	-168.892709	0.193000	10.600000
193	-168.832709	0.195000	10.630000
194	-168.772709	0.195000	10.680000
195	-168.702709	0.197000	10.740000
196	-168.582709	0.197000	10.820000
197	-168.572709	0.199000	10.610000
198	-168.552709	0.201000	10.680000
199	-168.502709	0.201000	10.710000
200	-168.232709	0.203000	10.720000
201	-168.132709	0.203000	10.840000
202	-168.122709	0.205000	10.820000
203	-168.092709	0.205000	10.640000
204	-168.092709	0.207000	10.510000
205	-167.872709	0.207000	10.720000
206	-167.872709	0.211000	10.600000
207	-167.842709	0.209000	10.980000
208	-167.772709	0.211000	10.650000
209	-167.562709	0.213000	11.010000
210	-167.422709	0.213000	10.530000
211	-167.372709	0.215000	10.920000
212	-167.312709	0.215000	10.820000
213	-167.312709	0.216000	10.730000
214	-167.302709	0.216000	11.170000
215	-167.282709	0.218000	10.780000
216	-167.062709	0.218000	10.840000
217	-166.932709	0.220000	10.810000
218	-166.922709	0.222000	10.860000
219	-166.842709	0.222000	11.070000
220	-166.792709	0.224000	10.770000
221	-166.742709	0.224000	10.870000
222	-166.702709	0.226000	11.120000
223	-166.642709	0.226000	10.990000
224	-166.462709	0.228000	10.850000
225	-166.442709	0.228000	10.920000
226	-166.422709	0.230000	10.810000
227	-166.332709	0.230000	10.940000
228	-166.272709	0.232000	10.810000
229	-166.202709	0.232000	10.770000
230	-166.002709	0.234000	11.090000
231	-165.972709	0.234000	10.880000
232	-165.962709	0.236000	10.790000
233	-165.852709	0.238000	11.050000
234	-165.792709	0.242000	10.990000
235	-165.782709	0.242000	10.760000
236	-165.742709	0.242000	10.860000
237	-165.702709	0.244000	10.740000
238	-165.532709	0.244000	11.020000
239	-165.432709	0.244000	10.980000
240	-165.392709	0.246000	10.830000
241	-165.362709	0.248000	10.700000
242	-165.362709	0.248000	10.910000
243	-165.352709	0.250000	10.810000
244	-165.222709	0.250000	10.940000
245	-165.212709	0.252000	10.680000
246	-165.152709	0.252000	11.240000
247	-165.062709	0.254000	11.160000
248	-165.022709	0.254000	10.900000
249	-164.872709	0.256000	10.980000
250	-164.462709	0.256000	10.970000
251	-164.262709	0.257000	10.960000
252	-164.252709	0.257000	11.030000
253	-164.162709	0.259000	10.960000
254	-164.152709	0.259000	11.090000
255	-164.132709	0.259000	10.900000
256	-164.012709	0.261000	11.030000
257	-163.952709	0.263000	11.060000
258	-163.792709	0.263000	10.920000
259	-163.712709	0.265000	11.120000
260	-163.702709	0.265000	11.150000
261	-163.482709	0.267000	11.100000
262	-163.452709	0.267000	11.010000
263	-163.382709	0.267000	11.120000
264	-163.212709	0.269000	11.040000
265	-163.162709	0.271000	11.320000
266	-163.152709	0.271000	10.910000
267	-163.152709	0.271000	11.150000
268	-163.082709	0.273000	11.220000
269	-163.002709	0.275000	10.860000
270	-162.802709	0.275000	11.110000
271	-162.682709	0.275000	11.280000
272	-162.672709	0.277000	11.290000
273	-162.652709	0.279000	11.120000
274	-162.452709	0.279000	11.270000
275	-162.412709	0.281000	11.170000
276	-162.282709	0.281000	11.260000
277	-162.282709	0.283000	11.250000
278	-162.272709	0.283000	11.150000
279	-162.222709	0.285000	11.130000
280	-162.162709	0.285000	11.050000
281	-162.112709	0.287000	11.210000
282	-162.042709	0.287000	11.400000
283	-162.012709	0.289000	11.200000
284	-161.912709	0.289000	11.050000
285	-161.892709	0.291000	11.470000
286	-161.872709	0.291000	11.140000
287	-161.722709	0.291000	11.200000
288	-161.582709	0.293000	11.250000
289	-161.572709	0.295000	11.230000
290	-161.542709	0.295000	11.180000
291	-161.152709	0.297000	11.340000
292	-161.062709	0.297000	11.250000
293	-160.952709	0.299000	11.190000
294	-160.692709	0.299000	11.140000
295	-160.592709	0.299000	11.100000
296	-160.562709	0.300000	11.280000
297	-160.512709	0.302000	11.190000
298	-160.402709	0.302000	11.340000
299	-160.332709	0.304000	11.270000
300	-160.252709	0.304000	11.260000
301	-160.212709	0.306000	11.510000
302	-160.192709	0.306000	11.340000
303	-160.132709	0.306000	11.330000
304	-160.092709	0.308000	11.440000
305	-159.962709	0.310000	11.320000
306	-159.922709	0.310000	11.290000
307	-159.902709	0.312000	11.360000
308	-159.852709	0.312000	11.380000
309	-159.622709	0.314000	11.360000
310	-159.502709	0.314000	11.510000
311	-159.372709	0.316000	11.380000
312	-159.352709	0.316000	11.590000
313	-159.352709	0.318000	11.330000
314	-159.262709	0.318000	11.240000
315	-159.212709	0.320000	11.340000
316	-159.122709	0.322000	11.270000
317	-159.112709	0.324000	11.210000
318	-159.092709	0.324000	11.680000
319	-159.022709	0.326000	11.320000
320	-158.902709	0.328000	11.380000
321	-158.772709	0.328000	11.290000
322	-158.712709	0.330000	11.400000
323	-158.602709	0.330000	11.280000
324	-158.302709	0.332000	11.520000
325	-158.142709	0.332000	11.260000
326	-158.132709	0.334000	11.370000
327	-158.102709	0.334000	11.490000
328	-158.032709	0.336000	11.400000
329	-157.992709	0.336000	11.560000
330	-157.932709	0.338000	11.390000
331	-157.812709	0.338000	11.470000
332	-157.782709	0.340000	11.610000
333	-157.752709	0.340000	11.630000
334	-157.752709	0.341000	11.470000
335	-157.572709	0.341000	11.550000
336	-157.462709	0.343000	11.590000
337	-157.412709	0.343000	11.510000
338	-157.312709	0.345000	11.290000
339	-157.262709	0.345000	11.470000
340	-157.142709	0.347000	11.750000
341	-157.002709	0.349000	11.630000
342	-157.002709	0.349000	11.530000
343	-156.872709	0.351000	11.450000
344	-156.722709	0.351000	11.530000
345	-156.702709	0.353000	11.510000
346	-156.692709	0.353000	11.550000
347	-156.612709	0.355000	11.470000
348	-156.502709	0.355000	11.570000
349	-156.472709	0.355000	11.460000
350	-156.182709	0.359000	11.540000
351	-156.122709	0.359000	11.670000
352	-156.122709	0.361000	11.600000
353	-156.072709	0.361000	11.640000
354	-155.972709	0.363000	11.510000
355	-155.962709	0.363000	11.600000
356	-155.942709	0.365000	11.660000
357	-155.722709	0.365000	11.560000
358	-155.712709	0.367000	11.860000
359	-155.672709	0.367000	11.610000
360	-155.602709	0.369000	11.760000
361	-155.592709	0.369000	11.790000
362	-155.582709	0.371000	11.760000
363	-155.472709	0.371000	11.760000
364	-155.452709	0.373000	11.620000
365	-155.402709	0.373000	11.530000
366	-155.342709	0.375000	11.660000
367	-155.132709	0.375000	11.810000
368	-155.112709	0.377000	11.720000
369	-155.112709	0.377000	11.760000
370	-155.052709	0.379000	11.650000
371	-155.052709	0.379000	11.570000
372	-155.052709	0.381000	11.640000
373	-154.962709	0.381000	11.910000
374	-154.892709	0.382000	11.690000
375	-154.872709	0.382000	11.630000
376	-154.832709	0.384000	11.650000
377	-154.772709	0.384000	11.610000
378	-154.652709	0.386000	11.650000
379	-154.572709	0.386000	11.790000
380	-154.372709	0.388000	11.650000
381	-154.292709	0.390000	11.890000
382	-154.272709	0.390000	11.790000
383	-153.972709	0.392000	11.860000
384	-153.772709	0.392000	11.650000
385	-153.702709	0.394000	11.750000
386	-153.582709	0.394000	11.860000
387	-153.502709	0.396000	11.800000
388	-153.372709	0.396000	11.920000
389	-153.242709	0.398000	11.730000
390	-153.052709	0.398000	11.730000
391	-153.012709	0.400000	11.870000
392	-152.932709	0.400000	11.870000
393	-152.872709	0.404000	11.790000
394	-152.852709	0.404000	11.820000
395	-152.732709	0.406000	11.850000
396	-152.552709	0.406000	11.710000
397	-152.512709	0.408000	11.820000
398	-152.382709	0.408000	11.750000
399	-152.362709	0.408000	11.710000
400	-152.332709	0.412000	11.910000
401	-152.292709	0.412000	11.990000
402	-152.272709	0.414000	11.980000
403	-152.262709	0.414000	11.680000
404	-152.082709	0.416000	11.760000
405	-152.042709	0.416000	11.780000
406	-152.022709	0.416000	12.000000
407	-151.952709	0.418000	11.810000
408	-151.902709	0.420000	11.730000
409	-151.772709	0.420000	12.000000
410	-151.752709	0.422000	11.860000
411	-151.672709	0.423000	11.740000
412	-151.642709	0.423000	11.730000
413	-151.562709	0.423000	11.860000
414	-151.512709	0.425000	11.840000
415	-151.422709	0.427000	11.860000
416	-151.342709	0.427000	11.950000
417	-151.272709	0.429000	11.910000
418	-151.252709	0.429000	11.880000
419	-151.242709	0.431000	12.010000
420	-150.932709	0.431000	12.030000
421	-150.872709	0.433000	11.930000
422	-150.602709	0.435000	12.120000
423	-150.542709	0.435000	12.020000
424	-150.522709	0.437000	12.030000
425	-150.452709	0.437000	12.060000
426	-150.292709	0.439000	12.020000
427	-150.232709	0.439000	12.150000
428	-150.132709	0.439000	12.070000
429	-150.062709	0.445000	12.100000
430	-149.982709	0.443000	12.360000
431	-149.932709	0.445000	11.990000
432	-149.882709	0.445000	12.280000
433	-149.822709	0.447000	11.860000
434	-149.662709	0.447000	12.080000
435	-149.642709	0.447000	12.570000
436	-149.622709	0.449000	12.170000
437	-149.542709	0.449000	12.060000
438	-149.472709	0.451000	12.080000
439	-149.462709	0.453000	12.270000
440	-149.212709	0.453000	12.110000
441	-149.212709	0.455000	12.020000
442	-149.072709	0.455000	12.170000
443	-148.992709	0.455000	11.940000
444	-148.952709	0.457000	12.070000
445	-148.842709	0.459000	12.080000
446	-148.772709	0.459000	12.230000
447	-148.692709	0.461000	12.040000
448	-148.662709	0.461000	12.010000
449	-148.502709	0.463000	12.160000
450	-148.492709	0.463000	12.070000
451	-148.442709	0.463000	12.090000
452	-148.382709	0.465000	12.220000
453	-148.382709	0.466000	12.210000
454	-148.322709	0.466000	12.220000
455	-148.312709	0.468000	12.230000
456	-148.182709	0.468000	12.200000
457	-148.122709	0.470000	12.120000
458	-147.932709	0.470000	12.060000
459	-147.892709	0.472000	12.170000
460	-147.642709	0.472000	12.400000
461	-147.532709	0.474000	12.300000
462	-147.502709	0.474000	12.250000
463	-147.342709	0.476000	12.160000
464	-147.322709	0.476000	12.240000
465	-147.272709	0.478000	12.310000
466	-147.142709	0.478000	12.130000
467	-147.092709	0.480000	12.250000
468	-147.062709	0.480000	12.330000
469	-147.052709	0.482000	12.410000
470	-146.972709	0.484000	12.300000
471	-146.932709	0.484000	12.350000
472	-146.842709	0.488000	12.320000
473	-146.822709	0.488000	12.180000
474	-146.772709	0.490000	12.160000
475	-146.762709	0.490000	12.290000
476	-146.722709	0.492000	12.350000
477	-146.652709	0.492000	12.230000
478	-146.552709	0.494000	12.080000
479	-146.332709	0.496000	12.420000
480	-146.222709	0.496000	12.290000
481	-146.062709	0.498000	12.490000
482	-146.002709	0.498000	12.280000
483	-145.902709	0.500000	12.280000
484	-145.852709	0.500000	12.240000
485	-145.842709	0.502000	12.390000
486	-145.822709	0.502000	12.340000
487	-145.662709	0.504000	12.320000
488	-145.532709	0.506000	12.450000
489	-145.512709	0.506000	12.320000
490	-145.452709	0.507000	12.330000
491	-145.422709	0.507000	12.480000
492	-145.332709	0.509000	12.430000
493	-145.252709	0.509000	12.510000
494	-145.052709	0.511000	12.390000
495	-144.992709	0.511000	12.320000
496	-144.952709	0.513000	12.380000
497	-144.932709	0.513000	12.460000
498	-144.812709	0.515000	12.490000
499	-144.802709	0.515000	12.290000
500	-144.782709	0.517000	12.380000
501	-144.632709	0.517000	12.380000
502	-144.462709	0.519000	12.240000
503	-144.452709	0.519000	12.340000
504	-144.392709	0.521000	12.430000
505	-144.382709	0.521000	12.440000
506	-144.342709	0.523000	12.440000
507	-144.302709	0.523000	12.460000
508	-144.272709	0.525000	12.450000
509	-144.242709	0.527000	12.310000
510	-144.202709	0.527000	12.430000
511	-144.172709	0.529000	12.410000
512	-143.942709	0.529000	12.300000
513	-143.612709	0.531000	12.390000
514	-143.312709	0.531000	12.820000
515	-143.242709	0.533000	12.510000
516	-143.202709	0.533000	12.570000
517	-143.032709	0.535000	12.540000
518	-142.922709	0.539000	12.560000
519	-142.742709	0.537000	12.580000
520	-142.742709	0.539000	12.850000
521	-142.702709	0.539000	12.540000
522	-142.252709	0.541000	12.530000
523	-142.232709	0.541000	12.480000
524	-142.202709	0.543000	12.540000
525	-142.152709	0.543000	12.470000
526	-142.122709	0.543000	12.510000
527	-142.112709	0.547000	12.690000
528	-141.932709	0.547000	12.710000
529	-141.912709	0.549000	12.670000
530	-141.902709	0.549000	12.700000
531	-141.882709	0.550000	12.540000
532	-141.812709	0.550000	12.610000
533	-141.702709	0.552000	12.460000
534	-141.672709	0.552000	12.580000
535	-141.602709	0.554000	12.500000
536	-141.492709	0.554000	12.660000
537	-141.362709	0.556000	12.690000
538	-141.352709	0.558000	12.630000
539	-141.262709	0.558000	12.640000
540	-141.192709	0.560000	12.600000
541	-141.172709	0.560000	12.640000
542	-141.082709	0.562000	12.720000
543	-141.042709	0.562000	12.600000
544	-141.012709	0.564000	12.590000
545	-140.982709	0.564000	12.710000
546	-140.862709	0.566000	12.700000
547	-140.812709	0.568000	12.590000
548	-140.812709	0.568000	12.560000
549	-140.702709	0.572000	12.630000
550	-140.702709	0.572000	12.650000
551	-140.672709	0.572000	12.740000
552	-140.622709	0.574000	12.670000
553	-140.622709	0.576000	12.620000
554	-140.562709	0.576000	12.730000
555	-140.432709	0.576000	12.720000
556	-140.282709	0.578000	12.830000
557	-140.172709	0.580000	12.940000
558	-140.092709	0.580000	12.760000
559	-140.072709	0.580000	12.640000
560	-140.032709	0.582000	12.660000
561	-140.022709	0.584000	12.620000
562	-139.822709	0.584000	12.570000
563	-139.792709	0.586000	12.690000
564	-139.782709	0.586000	12.800000
565	-139.582709	0.588000	12.630000
566	-139.562709	0.590000	12.790000
567	-139.562709	0.590000	12.760000
568	-139.412709	0.591000	12.870000
569	-139.382709	0.591000	13.010000
570	-139.342709	0.593000	12.760000
571	-139.172709	0.593000	12.800000
572	-139.152709	0.595000	12.810000
573	-139.062709	0.595000	12.860000
574	-138.952709	0.595000	12.730000
575	-138.892709	0.597000	12.880000
576	-138.822709	0.599000	12.930000
577	-138.802709	0.599000	13.140000
578	-138.672709	0.601000	12.700000
579	-138.592709	0.601000	12.940000
580	-138.492709	0.603000	12.790000
581	-138.472709	0.603000	12.780000
582	-138.432709	0.603000	12.720000
583	-138.322709	0.605000	12.760000
584	-138.192709	0.605000	12.720000
585	-138.112709	0.607000	12.740000
586	-137.672709	0.609000	12.770000
587	-137.562709	0.611000	12.970000
588	-137.562709	0.611000	12.820000
589	-137.452709	0.611000	12.930000
590	-137.402709	0.613000	13.050000
591	-137.112709	0.615000	12.990000
592	-137.002709	0.615000	13.010000
593	-136.972709	0.617000	12.950000
594	-136.972709	0.617000	12.990000
595	-136.922709	0.619000	12.900000
596	-136.802709	0.619000	13.030000
597	-136.792709	0.621000	12.830000
598	-136.782709	0.623000	13.210000
599	-136.772709	0.623000	12.940000
600	-136.652709	0.625000	13.080000
601	-136.472709	0.625000	12.860000
602	-136.462709	0.627000	12.870000
603	-136.452709	0.627000	13.150000
604	-136.412709	0.627000	13.030000
605	-136.392709	0.631000	13.070000
606	-136.382709	0.631000	12.950000
607	-136.362709	0.632000	12.990000
608	-136.342709	0.632000	12.940000
609	-136.232709	0.634000	13.110000
610	-136.232709	0.634000	13.070000
611	-136.022709	0.634000	13.010000
612	-135.802709	0.636000	13.060000
613	-135.742709	0.638000	13.190000
614	-135.612709	0.636000	13.120000
615	-135.582709	0.640000	13.120000
616	-135.442709	0.642000	13.260000
617	-135.402709	0.642000	12.970000
618	-135.392709	0.642000	13.120000
619	-135.352709	0.644000	13.180000
620	-135.192709	0.646000	13.090000
621	-135.082709	0.646000	13.120000
622	-135.052709	0.648000	13.140000
623	-135.022709	0.648000	12.990000
624	-134.952709	0.650000	13.120000
625	-134.802709	0.650000	13.080000
626	-134.772709	0.652000	13.150000
627	-134.732709	0.654000	13.190000
628	-134.702709	0.656000	13.180000
629	-134.702709	0.656000	13.070000
630	-134.692709	0.658000	13.190000
631	-134.452709	0.658000	13.080000
632	-134.452709	0.660000	12.970000
633	-134.242709	0.660000	13.230000
634	-134.192709	0.664000	13.530000
635	-134.092709	0.662000	13.170000
636	-134.082709	0.664000	13.210000
637	-134.002709	0.664000	13.170000
638	-133.992709	0.666000	13.100000
639	-133.882709	0.666000	13.300000
640	-133.822709	0.668000	13.200000
641	-133.792709	0.668000	13.270000
642	-133.702709	0.670000	13.240000
643	-133.582709	0.670000	13.380000
644	-133.562709	0.672000	13.290000
645	-133.492709	0.673000	13.320000
646	-133.422709	0.673000	13.320000
647	-133.342709	0.675000	13.170000
648	-133.282709	0.675000	13.150000
649	-133.242709	0.677000	13.180000
650	-133.202709	0.677000	13.260000
651	-133.202709	0.679000	13.150000
652	-133.192709	0.679000	13.270000
653	-133.142709	0.681000	13.400000
654	-132.812709	0.681000	13.210000
655	-132.692709	0.683000	13.240000
656	-132.572709	0.683000	13.350000
657	-132.532709	0.683000	13.270000
658	-132.382709	0.683000	13.270000
659	-132.282709	0.687000	13.420000
660	-131.952709	0.687000	13.310000
661	-131.912709	0.689000	13.380000
662	-131.872709	0.689000	13.330000
663	-131.642709	0.691000	13.350000
664	-131.602709	0.691000	13.440000
665	-131.452709	0.693000	13.540000
666	-131.402709	0.693000	13.380000
667	-131.352709	0.695000	13.540000
668	-131.282709	0.695000	13.270000
669	-131.282709	0.697000	13.290000
670	-131.262709	0.697000	13.450000
671	-131.242709	0.699000	13.440000
672	-131.232709	0.699000	13.380000
673	-131.122709	0.701000	13.190000
674	-130.902709	0.701000	13.450000
675	-130.792709	0.703000	13.250000
676	-130.742709	0.703000	13.440000
677	-130.732709	0.705000	13.550000
678	-130.652709	0.705000	13.410000
679	-130.642709	0.707000	13.440000
680	-130.542709	0.707000	13.380000
681	-130.532709	0.709000	13.540000
682	-130.342709	0.709000	13.400000
683	-130.322709	0.711000	13.370000
684	-130.292709	0.711000	13.380000
685	-130.212709	0.713000	13.690000
686	-130.092709	0.715000	13.290000
687	-129.942709	0.715000	13.590000
688	-129.882709	0.716000	13.660000
689	-129.792709	0.716000	13.560000
690	-129.552709	0.718000	13.550000
691	-129.542709	0.718000	13.500000
692	-129.522709	0.720000	13.400000
693	-129.392709	0.720000	13.510000
694	-129.312709	0.722000	13.490000
695	-129.162709	0.722000	13.420000
696	-129.102709	0.726000	13.520000
697	-128.882709	0.726000	13.460000
698	-128.792709	0.726000	13.330000
699	-128.672709	0.728000	13.700000
700	-128.662709	0.728000	13.740000
701	-128.512709	0.730000	13.810000
702	-128.482709	0.730000	13.790000
703	-128.242709	0.732000	13.550000
704	-128.242709	0.730000	13.810000
705	-128.232709	0.734000	13.490000
706	-128.132709	0.736000	13.530000
707	-127.962709	0.738000	13.900000
708	-127.932709	0.740000	13.620000
709	-127.882709	0.740000	13.730000
710	-127.762709	0.742000	13.540000
711	-127.762709	0.742000	13.780000
712	-127.592709	0.744000	13.790000
713	-127.572709	0.744000	13.610000
714	-127.492709	0.744000	13.710000
715	-127.432709	0.746000	13.870000
716	-127.352709	0.746000	13.770000
717	-126.992709	0.748000	13.610000
718	-126.972709	0.750000	13.940000
719	-126.922709	0.750000	13.820000
720	-126.902709	0.752000	13.610000
721	-126.852709	0.752000	13.760000
722	-126.822709	0.752000	13.820000
723	-126.782709	0.754000	13.840000
724	-126.752709	0.757000	13.670000
725	-126.682709	0.756000	13.860000
726	-126.362709	0.757000	13.830000
727	-126.272709	0.757000	13.770000
728	-126.132709	0.759000	13.700000
729	-126.052709	0.759000	13.640000
730	-125.982709	0.759000	13.880000
731	-125.842709	0.761000	13.730000
732	-125.732709	0.763000	13.780000
733	-125.652709	0.763000	13.950000
734	-125.652709	0.765000	13.850000
735	-125.592709	0.765000	13.840000
736	-125.572709	0.767000	13.730000
737	-125.562709	0.767000	13.780000
738	-125.532709	0.769000	13.770000
739	-125.502709	0.771000	13.750000
740	-125.472709	0.771000	13.900000
741	-125.422709	0.773000	13.730000
742	-125.302709	0.773000	14.160000
743	-125.272709	0.775000	13.900000
744	-125.182709	0.775000	13.780000
745	-125.132709	0.777000	13.960000
746	-125.072709	0.777000	14.000000
747	-124.852709	0.777000	13.910000
748	-124.762709	0.779000	13.810000
749	-124.682709	0.781000	13.860000
750	-124.562709	0.781000	13.830000
751	-124.432709	0.783000	13.830000
752	-124.402709	0.783000	13.850000
753	-124.402709	0.785000	13.750000
754	-124.382709	0.785000	13.760000
755	-124.382709	0.787000	13.670000
756	-124.342709	0.789000	13.720000
757	-124.322709	0.789000	13.910000
758	-123.972709	0.791000	13.960000
759	-123.872709	0.791000	13.950000
760	-123.732709	0.791000	13.870000
761	-123.722709	0.793000	14.020000
762	-123.692709	0.795000	13.770000
763	-123.652709	0.795000	13.910000
764	-123.622709	0.797000	13.830000
765	-123.522709	0.797000	13.930000
766	-123.512709	0.799000	13.820000
767	-123.442709	0.799000	13.800000
768	-123.432709	0.799000	13.900000
769	-123.332709	0.800000	14.270000
770	-123.322709	0.802000	13.930000
771	-123.012709	0.802000	13.970000
772	-123.002709	0.804000	14.050000
773	-122.982709	0.804000	13.980000
774	-122.902709	0.806000	14.000000
775	-122.822709	0.806000	13.960000
776	-122.722709	0.808000	13.780000
777	-122.722709	0.808000	14.000000
778	-122.712709	0.810000	13.830000
779	-122.562709	0.810000	14.040000
780	-122.502709	0.812000	13.810000
781	-122.492709	0.812000	14.090000
782	-122.362709	0.814000	13.930000
783	-122.272709	0.814000	14.080000
784	-122.072709	0.814000	14.020000
785	-121.912709	0.816000	14.250000
786	-121.872709	0.818000	13.910000
787	-121.832709	0.820000	13.970000
788	-121.822709	0.822000	13.880000
789	-121.822709	0.824000	14.060000
790	-121.752709	0.824000	14.000000
791	-121.732709	0.826000	13.790000
792	-121.482709	0.826000	14.130000
793	-121.452709	0.828000	14.030000
794	-121.392709	0.828000	13.950000
795	-121.132709	0.830000	14.120000
796	-121.032709	0.830000	13.950000
797	-120.842709	0.832000	14.070000
798	-120.732709	0.832000	14.240000
799	-120.682709	0.834000	14.140000
800	-120.562709	0.834000	14.110000
801	-120.552709	0.836000	14.080000
802	-120.482709	0.836000	14.270000
803	-120.392709	0.838000	14.100000
804	-120.362709	0.838000	14.100000
805	-120.322709	0.840000	14.220000
806	-120.272709	0.841000	14.060000
807	-120.232709	0.841000	14.210000
808	-120.152709	0.843000	14.210000
809	-120.002709	0.843000	14.120000
810	-119.952709	0.845000	14.170000
811	-119.942709	0.845000	14.260000
812	-119.842709	0.847000	14.140000
813	-119.842709	0.847000	14.310000
814	-119.832709	0.849000	14.260000
815	-119.832709	0.851000	14.250000
816	-119.702709	0.851000	14.210000
817	-119.622709	0.853000	14.240000
818	-119.562709	0.853000	14.160000
819	-119.512709	0.855000	14.120000
820	-119.472709	0.855000	14.210000
821	-119.402709	0.857000	14.340000
822	-119.212709	0.857000	14.400000
823	-119.162709	0.859000	14.210000
824	-119.092709	0.859000	14.150000
825	-119.032709	0.861000	14.130000
826	-118.992709	0.861000	14.260000
827	-118.882709	0.863000	14.180000
828	-118.672709	0.863000	14.360000
829	-118.512709	0.865000	14.320000
830	-118.472709	0.865000	14.360000
831	-118.452709	0.867000	14.290000
832	-118.402709	0.867000	14.260000
833	-118.362709	0.869000	14.200000
834	-118.152709	0.869000	14.320000
835	-118.112709	0.871000	14.200000
836	-118.022709	0.871000	14.410000
837	-117.972709	0.873000	14.220000
838	-117.722709	0.873000	14.240000
839	-117.672709	0.875000	14.310000
840	-117.652709	0.875000	14.310000
841	-117.642709	0.877000	14.210000
842	-117.492709	0.877000	14.290000
843	-117.412709	0.879000	14.380000
844	-117.372709	0.879000	14.430000
845	-117.282709	0.882000	14.190000
846	-117.242709	0.881000	14.240000
847	-117.132709	0.882000	14.450000
848	-117.112709	0.882000	14.340000
849	-117.102709	0.884000	14.630000
850	-117.052709	0.884000	14.540000
851	-117.042709	0.886000	14.160000
852	-116.942709	0.886000	14.390000
853	-116.822709	0.888000	14.230000
854	-116.732709	0.886000	14.340000
855	-116.732709	0.890000	14.360000
856	-116.722709	0.892000	14.620000
857	-116.692709	0.892000	14.450000
858	-116.622709	0.894000	14.370000
859	-116.592709	0.894000	14.380000
860	-116.492709	0.896000	14.510000
861	-116.442709	0.896000	14.460000
862	-116.312709	0.898000	14.630000
863	-116.082709	0.898000	14.340000
864	-116.052709	0.900000	14.390000
865	-116.012709	0.900000	14.370000
866	-115.622709	0.904000	14.520000
867	-115.602709	0.906000	14.410000
868	-115.572709	0.906000	14.540000
869	-115.402709	0.908000	14.530000
870	-115.342709	0.908000	14.430000
871	-115.312709	0.908000	14.610000
872	-115.242709	0.910000	14.790000
873	-115.022709	0.914000	14.390000
874	-115.012709	0.912000	14.450000
875	-114.922709	0.914000	14.460000
876	-114.882709	0.914000	14.470000
877	-114.792709	0.916000	14.400000
878	-114.572709	0.916000	14.610000
879	-114.562709	0.916000	14.550000
880	-114.342709	0.918000	14.500000
881	-114.342709	0.920000	14.510000
882	-114.182709	0.920000	14.610000
883	-114.112709	0.922000	14.510000
884	-114.102709	0.922000	14.560000
885	-114.102709	0.923000	14.710000
886	-114.052709	0.923000	14.600000
887	-113.952709	0.923000	14.530000
888	-113.922709	0.925000	14.560000
889	-113.852709	0.927000	14.490000
890	-113.842709	0.927000	14.700000
891	-113.752709	0.929000	14.550000
892	-113.722709	0.929000	14.480000
893	-113.662709	0.931000	14.550000
894	-113.592709	0.931000	14.660000
895	-113.432709	0.933000	14.540000
896	-113.432709	0.935000	14.520000
897	-113.282709	0.933000	14.800000
898	-113.282709	0.937000	14.620000
899	-113.242709	0.937000	14.470000
900	-113.242709	0.939000	14.450000
901	-113.202709	0.939000	14.570000
902	-113.112709	0.939000	14.500000
903	-113.112709	0.941000	14.850000
904	-113.062709	0.943000	14.640000
905	-112.722709	0.943000	14.640000
906	-112.592709	0.945000	14.500000
907	-112.462709	0.945000	14.560000
908	-112.432709	0.947000	14.810000
909	-112.332709	0.947000	14.900000
910	-112.332709	0.947000	14.640000
911	-112.142709	0.949000	14.740000
912	-112.122709	0.951000	14.800000
913	-112.112709	0.951000	14.770000
914	-111.852709	0.953000	14.840000
915	-111.822709	0.953000	14.840000
916	-111.822709	0.955000	14.690000
917	-111.752709	0.957000	14.780000
918	-111.722709	0.957000	14.800000
919	-111.652709	0.959000	14.710000
920	-111.592709	0.959000	14.820000
921	-111.512709	0.961000	14.800000
922	-111.262709	0.961000	14.800000
923	-111.232709	0.963000	14.850000
924	-111.212709	0.963000	14.780000
925	-111.102709	0.963000	14.810000
926	-111.072709	0.966000	14.880000
927	-110.912709	0.966000	14.790000
928	-110.812709	0.968000	14.920000
929	-110.782709	0.968000	14.830000
930	-110.422709	0.970000	14.840000
931	-110.402709	0.970000	14.990000
932	-110.362709	0.970000	14.960000
933	-110.362709	0.972000	14.770000
934	-110.332709	0.974000	14.960000
935	-110.332709	0.974000	14.860000
936	-110.202709	0.976000	14.910000
937	-110.102709	0.976000	14.960000
938	-110.072709	0.978000	14.900000
939	-109.882709	0.978000	14.960000
940	-109.852709	0.978000	14.920000
941	-109.742709	0.980000	14.860000
942	-109.712709	0.980000	14.740000
943	-109.582709	0.980000	14.910000
944	-109.552709	0.984000	15.170000
945	-109.392709	0.984000	15.020000
946	-109.292709	0.988000	15.070000
947	-109.272709	0.990000	14.890000
948	-109.102709	0.990000	15.100000
949	-109.042709	0.992000	15.040000
950	-109.032709	0.992000	14.950000
951	-108.822709	0.994000	15.040000
952	-108.812709	0.994000	14.880000
953	-108.782709	0.996000	15.090000
954	-108.682709	0.996000	14.930000
955	-108.632709	0.998000	15.080000
956	-108.622709	1.000000	15.020000
957	-108.602709	1.000000	14.980000
958	-108.592709	1.002000	15.060000
959	-108.532709	1.002000	15.180000
960	-108.512709	1.004000	15.010000
961	-108.442709	1.004000	15.120000
962	-108.312709	1.006000	15.100000
963	-108.262709	1.007000	14.980000
964	-108.142709	1.007000	14.950000
965	-108.082709	1.009000	15.040000
966	-108.082709	1.009000	14.920000
967	-107.952709	1.011000	15.110000
968	-107.802709	1.011000	15.220000
969	-107.752709	1.013000	15.090000
970	-107.722709	1.013000	15.150000
971	-107.682709	1.015000	15.230000
972	-107.622709	1.015000	15.150000
973	-107.572709	1.017000	14.960000
974	-107.562709	1.017000	15.040000
975	-107.532709	1.019000	15.120000
976	-107.462709	1.021000	14.950000
977	-107.252709	1.021000	14.810000
978	-107.172709	1.023000	15.210000
979	-107.032709	1.023000	14.840000
980	-106.902709	1.025000	14.940000
981	-106.742709	1.025000	15.170000
982	-106.572709	1.027000	15.100000
983	-106.572709	1.027000	15.130000
984	-106.512709	1.029000	15.050000
985	-106.382709	1.029000	15.300000
986	-106.312709	1.031000	15.170000
987	-106.022709	1.031000	15.140000
988	-105.752709	1.033000	14.960000
989	-105.742709	1.033000	15.180000
990	-105.702709	1.035000	15.050000
991	-105.692709	1.035000	15.210000
992	-105.552709	1.037000	15.280000
993	-105.412709	1.037000	15.200000
994	-105.372709	1.039000	15.280000
995	-105.342709	1.041000	15.220000
996	-105.272709	1.041000	15.090000
997	-105.242709	1.043000	15.240000
998	-105.172709	1.043000	15.430000
999	-105.102709	1.045000	15.120000
1000	-105.072709	1.045000	15.140000
1001	-104.962709	1.047000	15.160000
1002	-104.922709	1.047000	15.200000
1003	-104.892709	1.049000	15.350000
1004	-104.822709	1.049000	15.350000
1005	-104.662709	1.050000	15.190000
1006	-104.632709	1.050000	15.280000
1007	-104.532709	1.052000	15.320000
1008	-104.432709	1.052000	15.370000
1009	-104.412709	1.054000	15.140000
1010	-104.412709	1.054000	15.330000
1011	-104.402709	1.056000	15.190000
1012	-104.052709	1.056000	15.370000
1013	-103.982709	1.058000	15.180000
1014	-103.942709	1.058000	15.380000
1015	-103.922709	1.060000	15.280000
1016	-103.872709	1.058000	15.300000
1017	-103.682709	1.062000	15.390000
1018	-103.672709	1.062000	15.340000
1019	-103.662709	1.064000	15.210000
1020	-103.282709	1.064000	15.400000
1021	-103.172709	1.066000	15.360000
1022	-103.072709	1.066000	15.400000
1023	-103.072709	1.068000	15.470000
1024	-102.912709	1.068000	15.340000
1025	-102.892709	1.072000	15.300000
1026	-102.882709	1.072000	15.430000
1027	-102.802709	1.074000	15.410000
1028	-102.782709	1.076000	15.370000
1029	-102.702709	1.076000	15.440000
1030	-102.662709	1.078000	15.410000
1031	-102.612709	1.078000	15.410000
1032	-102.592709	1.080000	15.380000
1033	-102.562709	1.080000	15.330000
1034	-102.542709	1.082000	15.450000
1035	-102.452709	1.082000	15.440000
1036	-102.342709	1.084000	15.560000
1037	-102.272709	1.084000	15.350000
1038	-102.172709	1.086000	15.290000
1039	-102.082709	1.086000	15.400000
1040	-102.042709	1.088000	15.550000
1041	-101.882709	1.088000	15.610000
1042	-101.882709	1.088000	15.500000
1043	-101.822709	1.090000	15.440000
1044	-101.612709	1.090000	15.710000
1045	-101.562709	1.093000	15.540000
1046	-101.542709	1.093000	15.460000
1047	-101.342709	1.095000	15.390000
1048	-101.242709	1.095000	15.630000
1049	-101.192709	1.095000	15.550000
1050	-101.162709	1.097000	15.600000
1051	-101.092709	1.099000	15.680000
1052	-101.092709	1.099000	15.480000
1053	-101.012709	1.101000	15.600000
1054	-101.012709	1.101000	15.600000
1055	-100.852709	1.103000	15.600000
1056	-100.812709	1.103000	15.560000
1057	-100.792709	1.103000	15.610000
1058	-100.562709	1.105000	15.620000
1059	-100.442709	1.107000	15.610000
1060	-100.402709	1.107000	15.490000
1061	-100.352709	1.109000	15.570000
1062	-100.302709	1.109000	15.650000
1063	-100.252709	1.111000	15.630000
1064	-100.242709	1.111000	15.550000
1065	-100.152709	1.113000	15.600000
1066	-100.142709	1.115000	15.670000
1067	-100.022709	1.115000	15.550000
1068	-99.952709	1.117000	15.640000
1069	-99.912709	1.117000	15.480000
1070	-99.892709	1.119000	15.630000
1071	-99.782709	1.119000	15.680000
1072	-99.682709	1.119000	15.730000
1073	-99.642709	1.121000	15.650000
1074	-99.522709	1.121000	15.700000
1075	-99.512709	1.123000	15.520000
1076	-99.402709	1.125000	15.500000
1077	-99.352709	1.125000	15.720000
1078	-99.172709	1.127000	15.550000
1079	-99.112709	1.127000	15.750000
1080	-99.102709	1.127000	15.750000
1081	-98.962709	1.129000	15.540000
1082	-98.912709	1.131000	15.860000
1083	-98.882709	1.131000	15.670000
1084	-98.852709	1.132000	15.690000
1085	-98.812709	1.132000	15.680000
1086	-98.772709	1.134000	15.800000
1087	-98.762709	1.134000	15.850000
1088	-98.752709	1.134000	15.760000
1089	-98.592709	1.136000	15.870000
1090	-98.492709	1.138000	15.880000
1091	-98.482709	1.138000	15.650000
1092	-98.022709	1.140000	15.570000
1093	-97.852709	1.140000	15.640000
1094	-97.842709	1.142000	15.610000
1095	-97.762709	1.142000	15.780000
1096	-97.712709	1.144000	15.660000
1097	-97.372709	1.144000	15.710000
1098	-97.182709	1.146000	15.940000
1099	-97.132709	1.146000	15.860000
1100	-96.942709	1.148000	15.940000
1101	-96.862709	1.148000	15.980000
1102	-96.852709	1.150000	15.800000
1103	-96.712709	1.150000	15.960000
1104	-96.652709	1.152000	15.920000
1105	-96.552709	1.154000	15.960000
1106	-96.512709	1.156000	15.940000
1107	-96.492709	1.158000	15.910000
1108	-96.352709	1.158000	16.040000
1109	-96.332709	1.160000	16.000000
1110	-96.222709	1.160000	15.940000
1111	-96.082709	1.162000	16.080000
1112	-96.062709	1.162000	16.010000
1113	-96.042709	1.164000	15.890000
1114	-96.032709	1.164000	15.960000
1115	-96.022709	1.166000	15.770000
1116	-95.972709	1.166000	15.830000
1117	-95.952709	1.168000	15.840000
1118	-95.942709	1.168000	15.820000
1119	-95.932709	1.170000	15.940000
1120	-95.912709	1.168000	15.840000
1121	-95.902709	1.172000	16.070000
1122	-95.832709	1.172000	15.910000
1123	-95.772709	1.173000	15.900000
1124	-95.722709	1.173000	16.100000
1125	-95.632709	1.175000	15.840000
1126	-95.482709	1.177000	16.010000
1127	-95.462709	1.177000	16.050000
1128	-95.352709	1.179000	16.010000
1129	-95.342709	1.179000	15.950000
1130	-95.342709	1.181000	15.910000
1131	-95.312709	1.181000	15.940000
1132	-95.102709	1.183000	15.910000
1133	-95.042709	1.183000	16.020000
1134	-94.992709	1.185000	16.050000
1135	-94.872709	1.183000	15.960000
1136	-94.862709	1.187000	15.900000
1137	-94.782709	1.189000	16.060000
1138	-94.682709	1.189000	16.000000
1139	-94.532709	1.191000	15.950000
1140	-94.532709	1.191000	16.080000
1141	-94.482709	1.193000	15.870000
1142	-94.422709	1.193000	15.840000
1143	-94.412709	1.195000	16.150000
1144	-94.412709	1.195000	15.930000
1145	-94.382709	1.197000	16.160000
1146	-94.372709	1.199000	15.960000
1147	-94.362709	1.199000	16.060000
1148	-94.292709	1.201000	16.050000
1149	-94.232709	1.201000	15.990000
1150	-94.172709	1.203000	15.980000
1151	-94.052709	1.203000	15.880000
1152	-94.032709	1.205000	16.150000
1153	-93.892709	1.205000	16.000000
1154	-93.852709	1.207000	16.130000
1155	-93.712709	1.207000	15.970000
1156	-93.632709	1.209000	16.120000
1157	-93.322709	1.209000	16.190000
1158	-93.302709	1.211000	15.950000
1159	-93.182709	1.211000	16.070000
1160	-93.032709	1.213000	16.020000
1161	-93.022709	1.213000	16.210000
1162	-92.992709	1.215000	16.050000
1163	-92.962709	1.215000	16.260000
1164	-92.722709	1.215000	16.080000
1165	-92.682709	1.218000	16.160000
1166	-92.542709	1.218000	16.100000
1167	-92.472709	1.220000	16.060000
1168	-92.432709	1.220000	16.220000
1169	-92.342709	1.222000	16.240000
1170	-92.162709	1.222000	16.200000
1171	-92.122709	1.224000	16.360000
1172	-92.012709	1.224000	16.300000
1173	-91.992709	1.226000	16.110000
1174	-91.942709	1.226000	16.160000
1175	-91.892709	1.228000	16.190000
1176	-91.792709	1.228000	16.020000
1177	-91.772709	1.230000	16.370000
1178	-91.562709	1.230000	16.210000
1179	-91.492709	1.232000	16.170000
1180	-91.422709	1.232000	16.330000
1181	-91.422709	1.234000	16.100000
1182	-91.302709	1.234000	16.400000
1183	-91.282709	1.238000	16.270000
1184	-91.212709	1.238000	16.400000
1185	-91.132709	1.240000	16.290000
1186	-91.092709	1.240000	16.250000
1187	-91.002709	1.242000	16.360000
1188	-90.962709	1.242000	16.200000
1189	-90.872709	1.244000	15.010000
1190	-90.722709	1.244000	16.320000
1191	-90.612709	1.244000	16.280000
1192	-90.602709	1.246000	16.190000
1193	-90.602709	1.248000	16.290000
1194	-90.592709	1.248000	15.150000
1195	-90.592709	1.250000	16.300000
1196	-90.592709	1.252000	16.430000
1197	-90.502709	1.252000	16.320000
1198	-90.242709	1.254000	15.050000
1199	-90.152709	1.254000	16.420000
1200	-90.122709	1.256000	15.070000
1201	-90.082709	1.256000	15.130000
1202	-90.072709	1.257000	15.050000
1203	-90.072709	1.257000	16.130000
1204	-89.982709	1.259000	15.110000
1205	-89.892709	1.261000	15.540000
1206	-89.792709	1.261000	15.050000
1207	-89.712709	1.263000	15.030000
1208	-89.452709	1.263000	14.940000
1209	-89.422709	1.265000	14.990000
1210	-89.352709	1.265000	15.120000
1211	-89.322709	1.267000	15.030000
1212	-89.282709	1.267000	14.970000
1213	-89.072709	1.267000	15.210000
1214	-89.042709	1.269000	15.110000
1215	-88.982709	1.273000	15.100000
1216	-88.852709	1.273000	15.180000
1217	-88.832709	1.273000	15.280000
1218	-88.722709	1.275000	15.020000
1219	-88.642709	1.275000	15.150000
1220	-88.632709	1.275000	15.080000
1221	-88.592709	1.277000	15.040000
1222	-88.562709	1.279000	15.250000
1223	-88.512709	1.277000	15.080000
1224	-88.512709	1.281000	15.180000
1225	-88.312709	1.281000	15.300000
1226	-88.312709	1.283000	14.920000
1227	-88.282709	1.283000	15.410000
1228	-88.252709	1.283000	15.140000
1229	-88.142709	1.285000	15.040000
1230	-88.122709	1.287000	15.230000
1231	-88.022709	1.287000	15.260000
1232	-87.752709	1.289000	15.290000
1233	-87.682709	1.289000	15.100000
1234	-87.652709	1.291000	15.240000
1235	-87.622709	1.291000	15.210000
1236	-87.372709	1.293000	15.320000
1237	-87.132709	1.293000	15.250000
1238	-86.932709	1.295000	15.210000
1239	-86.862709	1.295000	15.300000
1240	-86.602709	1.297000	15.280000
1241	-86.572709	1.297000	15.280000
1242	-86.562709	1.299000	15.340000
1243	-86.442709	1.299000	15.270000
1244	-86.372709	1.299000	15.210000
1245	-86.372709	1.302000	15.240000
1246	-86.152709	1.302000	15.370000
1247	-86.072709	1.304000	15.370000
1248	-86.072709	1.304000	15.200000
1249	-85.942709	1.306000	15.280000
1250	-85.932709	1.306000	15.340000
1251	-85.922709	1.306000	15.340000
1252	-85.892709	1.308000	15.190000
1253	-85.872709	1.310000	15.470000
1254	-85.822709	1.310000	15.240000
1255	-85.722709	1.312000	15.350000
1256	-85.652709	1.312000	15.400000
1257	-85.622709	1.314000	15.210000
1258	-85.522709	1.314000	15.160000
1259	-85.502709	1.314000	15.390000
1260	-85.372709	1.316000	15.140000
1261	-85.272709	1.318000	15.270000
1262	-85.162709	1.320000	15.250000
1263	-85.132709	1.320000	15.400000
1264	-85.112709	1.322000	15.230000
1265	-84.882709	1.324000	15.320000
1266	-84.782709	1.326000	15.330000
1267	-84.692709	1.326000	15.330000
1268	-84.522709	1.328000	15.560000
1269	-84.482709	1.328000	15.460000
1270	-84.462709	1.330000	15.520000
1271	-84.452709	1.330000	15.820000
1272	-84.442709	1.332000	15.320000
1273	-84.362709	1.332000	15.490000
1274	-84.262709	1.336000	15.310000
1275	-84.252709	1.336000	15.380000
1276	-84.252709	1.336000	15.360000
1277	-84.182709	1.338000	15.340000
1278	-84.132709	1.338000	15.380000
1279	-84.102709	1.340000	15.380000
1280	-84.072709	1.340000	15.400000
1281	-84.052709	1.341000	15.520000
1282	-83.852709	1.340000	15.260000
1283	-83.772709	1.343000	15.340000
1284	-83.652709	1.343000	15.420000
1285	-83.642709	1.345000	15.490000
1286	-83.352709	1.345000	15.360000
1287	-83.262709	1.347000	15.760000
1288	-83.112709	1.347000	15.430000
1289	-83.112709	1.349000	15.560000
1290	-82.922709	1.349000	15.480000
1291	-82.762709	1.351000	15.510000
1292	-82.672709	1.351000	15.500000
1293	-82.632709	1.353000	15.470000
1294	-82.522709	1.353000	15.670000
1295	-82.482709	1.355000	15.510000
1296	-82.402709	1.355000	15.660000
1297	-82.182709	1.357000	15.610000
1298	-82.182709	1.357000	15.640000
1299	-82.162709	1.359000	15.590000
1300	-81.922709	1.359000	15.620000
1301	-81.912709	1.361000	15.550000
1302	-81.842709	1.361000	15.770000
1303	-81.822709	1.363000	15.640000
1304	-81.772709	1.363000	15.530000
1305	-81.672709	1.365000	15.570000
1306	-81.592709	1.365000	15.640000
1307	-81.492709	1.367000	15.600000
1308	-81.412709	1.367000	15.640000
1309	-81.142709	1.369000	15.720000
1310	-81.112709	1.369000	15.570000
1311	-81.022709	1.371000	15.680000
1312	-80.862709	1.371000	15.740000
1313	-80.742709	1.373000	15.630000
1314	-80.662709	1.373000	15.620000
1315	-80.472709	1.375000	15.650000
1316	-80.142709	1.375000	15.740000
1317	-80.032709	1.377000	15.680000
1318	-80.032709	1.377000	15.660000
1319	-80.002709	1.379000	15.740000
1320	-79.992709	1.379000	16.100000
1321	-79.962709	1.382000	15.560000
1322	-79.902709	1.382000	15.750000
1323	-79.902709	1.382000	15.840000
1324	-79.792709	1.382000	15.700000
1325	-79.782709	1.384000	15.680000
1326	-79.732709	1.384000	15.800000
1327	-79.692709	1.386000	15.780000
1328	-79.682709	1.386000	15.710000
1329	-79.542709	1.388000	15.860000
1330	-79.522709	1.388000	15.660000
1331	-79.402709	1.390000	15.650000
1332	-79.402709	1.390000	15.760000
1333	-79.002709	1.392000	15.820000
1334	-78.922709	1.392000	15.990000
1335	-78.822709	1.394000	15.770000
1336	-78.792709	1.394000	15.870000
1337	-78.742709	1.398000	15.840000
1338	-78.712709	1.398000	15.900000
1339	-78.712709	1.398000	15.800000
1340	-78.692709	1.400000	15.820000
1341	-78.682709	1.400000	15.960000
1342	-78.672709	1.404000	15.860000
1343	-78.662709	1.404000	15.830000
1344	-78.642709	1.406000	15.940000
1345	-78.592709	1.406000	16.070000
1346	-78.532709	1.408000	15.910000
1347	-78.492709	1.408000	15.770000
1348	-78.422709	1.410000	15.770000
1349	-78.412709	1.410000	15.890000
1350	-78.302709	1.412000	15.810000
1351	-78.292709	1.412000	15.890000
1352	-78.282709	1.414000	15.650000
1353	-78.202709	1.414000	16.130000
1354	-78.192709	1.416000	15.820000
1355	-78.162709	1.416000	15.900000
1356	-78.102709	1.416000	15.950000
1357	-78.042709	1.418000	15.960000
1358	-78.002709	1.420000	15.850000
1359	-77.932709	1.420000	15.770000
1360	-77.602709	1.422000	15.900000
1361	-77.602709	1.422000	15.840000
1362	-77.462709	1.423000	15.980000
1363	-77.422709	1.423000	15.790000
1364	-77.342709	1.423000	15.800000
1365	-77.252709	1.425000	15.980000
1366	-77.102709	1.427000	16.010000
1367	-77.052709	1.427000	16.120000
1368	-76.992709	1.429000	16.040000
1369	-76.932709	1.429000	15.840000
1370	-76.892709	1.431000	15.990000
1371	-76.822709	1.431000	16.000000
1372	-76.432709	1.431000	16.030000
1373	-76.302709	1.433000	16.000000
1374	-76.232709	1.435000	16.130000
1375	-76.132709	1.435000	16.060000
1376	-75.942709	1.437000	15.980000
1377	-75.892709	1.437000	16.030000
1378	-75.882709	1.439000	16.030000
1379	-75.802709	1.439000	16.210000
1380	-75.752709	1.439000	16.150000
1381	-75.722709	1.441000	16.060000
1382	-75.682709	1.443000	16.020000
1383	-75.652709	1.443000	16.140000
1384	-75.562709	1.445000	15.900000
1385	-75.482709	1.445000	15.950000
1386	-75.252709	1.447000	15.940000
1387	-75.112709	1.447000	16.040000
1388	-75.102709	1.449000	16.020000
1389	-75.062709	1.449000	16.180000
1390	-74.972709	1.451000	16.080000
1391	-74.892709	1.453000	16.090000
1392	-74.852709	1.453000	16.170000
1393	-74.782709	1.455000	16.090000
1394	-74.752709	1.455000	15.970000
1395	-74.612709	1.455000	16.060000
1396	-74.522709	1.457000	16.150000
1397	-74.432709	1.459000	16.120000
1398	-74.102709	1.461000	16.150000
1399	-74.032709	1.461000	16.130000
1400	-73.932709	1.463000	16.250000
1401	-73.872709	1.463000	16.290000
1402	-73.672709	1.463000	16.170000
1403	-73.662709	1.465000	16.150000
1404	-73.542709	1.465000	16.100000
1405	-73.522709	1.465000	16.230000
1406	-73.472709	1.468000	16.000000
1407	-73.412709	1.470000	16.190000
1408	-73.392709	1.470000	16.210000
1409	-73.222709	1.470000	16.160000
1410	-73.192709	1.472000	16.180000
1411	-73.172709	1.474000	16.130000
1412	-73.042709	1.474000	16.190000
1413	-72.962709	1.476000	16.160000
1414	-72.962709	1.476000	16.240000
1415	-72.902709	1.478000	16.180000
1416	-72.842709	1.478000	16.290000
1417	-72.812709	1.480000	16.120000
1418	-72.692709	1.482000	16.100000
1419	-72.662709	1.482000	16.340000
1420	-72.642709	1.484000	16.140000
1421	-72.432709	1.484000	16.120000
1422	-72.422709	1.488000	16.250000
1423	-72.402709	1.488000	16.250000
1424	-72.292709	1.490000	16.180000
1425	-72.252709	1.490000	16.260000
1426	-72.212709	1.492000	16.360000
1427	-71.992709	1.492000	16.230000
1428	-71.902709	1.494000	16.450000
1429	-71.882709	1.494000	16.350000
1430	-71.852709	1.496000	16.210000
1431	-71.772709	1.496000	16.290000
1432	-71.692709	1.498000	16.260000
1433	-71.692709	1.498000	16.380000
1434	-71.682709	1.500000	16.270000
1435	-71.552709	1.500000	16.260000
1436	-71.382709	1.500000	16.270000
1437	-71.312709	1.502000	16.400000
1438	-71.252709	1.504000	16.460000
1439	-71.222709	1.504000	16.610000
1440	-71.212709	1.506000	16.510000
1441	-71.202709	1.506000	16.330000
1442	-71.162709	1.507000	16.390000
1443	-71.022709	1.507000	16.380000
1444	-71.002709	1.509000	16.350000
1445	-70.992709	1.509000	16.440000
1446	-70.942709	1.511000	16.260000
1447	-70.942709	1.511000	16.310000
1448	-70.872709	1.513000	16.470000
1449	-70.542709	1.511000	16.420000
1450	-70.532709	1.515000	16.390000
1451	-70.402709	1.515000	16.490000
1452	-70.352709	1.517000	16.390000
1453	-70.312709	1.517000	16.600000
1454	-70.092709	1.519000	16.540000
1455	-70.022709	1.519000	16.450000
1456	-69.942709	1.523000	16.450000
1457	-69.862709	1.521000	16.450000
1458	-69.792709	1.523000	16.380000
1459	-69.742709	1.523000	16.510000
1460	-69.642709	1.525000	16.630000
1461	-69.592709	1.525000	16.510000
1462	-69.552709	1.527000	16.350000
1463	-69.532709	1.527000	16.580000
1464	-69.432709	1.529000	16.500000
1465	-69.412709	1.529000	16.700000
1466	-69.342709	1.531000	16.550000
1467	-69.322709	1.531000	16.580000
1468	-69.312709	1.533000	16.470000
1469	-69.232709	1.533000	16.470000
1470	-69.182709	1.535000	16.590000
1471	-69.152709	1.535000	16.610000
1472	-69.122709	1.537000	16.530000
1473	-69.102709	1.537000	16.510000
1474	-69.012709	1.539000	16.590000
1475	-69.002709	1.539000	16.390000
1476	-68.902709	1.541000	16.640000
1477	-68.772709	1.541000	16.550000
1478	-68.522709	1.543000	16.430000
1479	-68.512709	1.543000	16.690000
1480	-68.182709	1.543000	16.590000
1481	-68.092709	1.545000	16.600000
1482	-67.952709	1.547000	16.610000
1483	-67.902709	1.547000	16.730000
1484	-67.882709	1.549000	16.570000
1485	-67.702709	1.549000	16.740000
1486	-67.642709	1.550000	16.530000
1487	-67.572709	1.550000	16.450000
1488	-67.552709	1.552000	16.650000
1489	-67.552709	1.554000	16.580000
1490	-67.512709	1.554000	16.480000
1491	-67.472709	1.556000	16.610000
1492	-67.452709	1.556000	16.490000
1493	-67.432709	1.558000	16.640000
1494	-67.412709	1.558000	16.660000
1495	-67.332709	1.560000	16.480000
1496	-67.252709	1.560000	16.610000
1497	-67.192709	1.562000	16.710000
1498	-67.082709	1.562000	16.530000
1499	-67.032709	1.564000	16.680000
1500	-66.892709	1.566000	16.650000
1501	-66.882709	1.566000	16.820000
1502	-66.782709	1.568000	16.700000
1503	-66.632709	1.568000	16.800000
1504	-66.582709	1.572000	16.760000
1505	-66.552709	1.572000	16.720000
1506	-66.402709	1.574000	16.620000
1507	-66.362709	1.574000	16.720000
1508	-66.122709	1.576000	16.820000
1509	-66.022709	1.578000	16.800000
1510	-65.962709	1.578000	16.800000
1511	-65.892709	1.580000	16.840000
1512	-65.832709	1.580000	16.800000
1513	-65.662709	1.580000	16.950000
1514	-65.472709	1.582000	16.760000
1515	-65.442709	1.584000	16.820000
1516	-65.412709	1.586000	16.740000
1517	-65.402709	1.584000	16.730000
1518	-65.282709	1.586000	16.820000
1519	-65.212709	1.588000	16.830000
1520	-65.132709	1.588000	16.900000
1521	-65.122709	1.588000	16.800000
1522	-65.082709	1.590000	16.620000
1523	-65.042709	1.590000	17.060000
1524	-65.032709	1.590000	17.030000
1525	-65.022709	1.593000	16.750000
1526	-64.852709	1.593000	16.720000
1527	-64.822709	1.595000	16.840000
1528	-64.762709	1.595000	16.880000
1529	-64.742709	1.597000	16.840000
1530	-64.682709	1.599000	16.830000
1531	-64.602709	1.599000	16.750000
1532	-64.492709	1.601000	16.840000
1533	-64.442709	1.601000	16.930000
1534	-64.062709	1.603000	16.810000
1535	-63.872709	1.603000	16.930000
1536	-63.852709	1.603000	17.020000
1537	-63.852709	1.605000	16.900000
1538	-63.802709	1.607000	17.130000
1539	-63.482709	1.609000	16.800000
1540	-63.322709	1.609000	16.930000
1541	-63.322709	1.611000	16.880000
1542	-63.312709	1.611000	17.000000
1543	-63.292709	1.611000	17.050000
1544	-63.242709	1.613000	17.140000
1545	-63.082709	1.617000	16.980000
1546	-63.052709	1.615000	17.190000
1547	-63.032709	1.619000	16.930000
1548	-63.032709	1.619000	16.880000
1549	-63.012709	1.619000	16.970000
1550	-63.002709	1.621000	17.100000
1551	-62.922709	1.623000	16.990000
1552	-62.782709	1.623000	17.010000
1553	-62.772709	1.625000	16.910000
1554	-62.712709	1.625000	17.010000
1555	-62.672709	1.627000	17.060000
1556	-62.462709	1.627000	16.980000
1557	-62.452709	1.629000	16.920000
1558	-62.302709	1.629000	16.960000
1559	-62.272709	1.631000	16.940000
1560	-62.252709	1.631000	16.990000
1561	-62.232709	1.632000	16.980000
1562	-62.092709	1.632000	17.060000
1563	-62.042709	1.634000	16.950000
1564	-62.032709	1.634000	17.060000
1565	-61.922709	1.634000	17.000000
1566	-61.772709	1.636000	17.030000
1567	-61.552709	1.638000	16.980000
1568	-61.232709	1.638000	17.120000
1569	-61.092709	1.640000	17.260000
1570	-61.032709	1.640000	17.000000
1571	-60.862709	1.642000	17.090000
1572	-60.792709	1.642000	16.950000
1573	-60.752709	1.642000	17.120000
1574	-60.672709	1.644000	17.090000
1575	-60.612709	1.646000	17.160000
1576	-60.572709	1.646000	17.020000
1577	-60.362709	1.648000	17.150000
1578	-60.352709	1.650000	17.130000
1579	-60.222709	1.650000	17.300000
1580	-60.182709	1.654000	17.000000
1581	-60.142709	1.654000	17.030000
1582	-60.042709	1.656000	17.010000
1583	-59.972709	1.656000	17.240000
1584	-59.962709	1.658000	17.150000
1585	-59.942709	1.658000	17.050000
1586	-59.882709	1.660000	17.130000
1587	-59.842709	1.660000	17.270000
1588	-59.812709	1.664000	17.110000
1589	-59.782709	1.662000	17.230000
1590	-59.742709	1.664000	17.020000
1591	-59.682709	1.664000	17.090000
1592	-59.672709	1.666000	17.130000
1593	-59.402709	1.666000	17.190000
1594	-59.232709	1.668000	17.230000
1595	-59.212709	1.668000	17.370000
1596	-59.142709	1.668000	17.210000
1597	-59.132709	1.672000	17.190000
1598	-59.082709	1.672000	17.130000
1599	-59.062709	1.673000	17.190000
1600	-58.962709	1.673000	17.210000
1601	-58.892709	1.675000	17.330000
1602	-58.882709	1.675000	17.300000
1603	-58.872709	1.677000	17.320000
1604	-58.862709	1.677000	17.150000
1605	-58.792709	1.679000	17.240000
1606	-58.742709	1.679000	17.230000
1607	-58.652709	1.681000	17.340000
1608	-58.612709	1.683000	17.230000
1609	-58.222709	1.683000	17.180000
1610	-58.162709	1.685000	17.200000
1611	-58.142709	1.685000	17.250000
1612	-58.022709	1.687000	17.090000
1613	-57.962709	1.687000	17.250000
1614	-57.932709	1.689000	17.190000
1615	-57.882709	1.689000	17.390000
1616	-57.732709	1.691000	17.250000
1617	-57.522709	1.691000	17.300000
1618	-57.452709	1.693000	17.280000
1619	-57.412709	1.693000	17.200000
1620	-57.402709	1.695000	17.320000
1621	-57.162709	1.695000	17.520000
1622	-57.142709	1.697000	17.500000
1623	-57.132709	1.697000	17.400000
1624	-57.122709	1.699000	17.340000
1625	-57.122709	1.699000	17.230000
1626	-57.052709	1.699000	17.470000
1627	-56.862709	1.701000	17.210000
1628	-56.792709	1.703000	17.160000
1629	-56.682709	1.703000	17.360000
1630	-56.662709	1.705000	17.370000
1631	-56.642709	1.705000	17.450000
1632	-56.602709	1.707000	17.370000
1633	-56.472709	1.707000	17.380000
1634	-55.812709	1.709000	17.550000
1635	-55.812709	1.709000	17.520000
1636	-55.792709	1.711000	17.330000
1637	-55.712709	1.713000	17.490000
1638	-55.552709	1.713000	17.270000
1639	-55.522709	1.715000	17.460000
1640	-55.472709	1.715000	17.380000
1641	-55.442709	1.716000	17.570000
1642	-55.372709	1.716000	17.470000
1643	-55.312709	1.718000	17.420000
1644	-55.122709	1.718000	17.520000
1645	-55.102709	1.720000	17.510000
1646	-55.092709	1.722000	17.580000
1647	-55.062709	1.722000	17.500000
1648	-54.982709	1.724000	17.500000
1649	-54.952709	1.724000	17.550000
1650	-54.932709	1.726000	17.650000
1651	-54.842709	1.726000	17.560000
1652	-54.752709	1.728000	17.600000
1653	-54.742709	1.728000	17.410000
1654	-54.592709	1.730000	17.430000
1655	-54.582709	1.730000	17.540000
1656	-54.532709	1.730000	17.510000
1657	-54.512709	1.734000	17.640000
1658	-54.462709	1.734000	17.580000
1659	-54.462709	1.736000	17.440000
1660	-54.382709	1.738000	17.590000
1661	-54.342709	1.740000	17.510000
1662	-54.072709	1.740000	17.170000
1663	-53.912709	1.742000	17.540000
1664	-53.892709	1.742000	17.570000
1665	-53.792709	1.744000	17.720000
1666	-53.742709	1.744000	17.530000
1667	-53.732709	1.744000	17.600000
1668	-53.702709	1.746000	17.630000
1669	-53.582709	1.748000	17.590000
1670	-53.562709	1.748000	17.610000
1671	-53.362709	1.750000	17.610000
1672	-53.332709	1.750000	17.700000
1673	-53.332709	1.752000	17.480000
1674	-53.312709	1.752000	17.550000
1675	-53.272709	1.752000	17.700000
1676	-53.272709	1.757000	17.700000
1677	-53.242709	1.756000	17.660000
1678	-53.002709	1.757000	17.590000
1679	-52.732709	1.757000	17.610000
1680	-52.702709	1.759000	17.750000
1681	-52.672709	1.759000	17.560000
1682	-52.532709	1.759000	17.730000
1683	-52.472709	1.761000	17.680000
1684	-52.442709	1.761000	17.570000
1685	-52.342709	1.763000	17.760000
1686	-52.332709	1.765000	17.850000
1687	-52.332709	1.765000	17.610000
1688	-52.272709	1.767000	17.680000
1689	-52.192709	1.767000	17.700000
1690	-52.142709	1.767000	17.690000
1691	-52.132709	1.769000	17.650000
1692	-52.132709	1.771000	17.580000
1693	-52.032709	1.773000	17.660000
1694	-51.852709	1.773000	17.730000
1695	-51.792709	1.773000	17.560000
1696	-51.662709	1.775000	17.870000
1697	-51.642709	1.775000	17.750000
1698	-51.542709	1.775000	17.550000
1699	-51.462709	1.777000	17.760000
1700	-51.372709	1.779000	17.660000
1701	-51.262709	1.779000	17.900000
1702	-51.152709	1.781000	17.730000
1703	-51.072709	1.781000	17.860000
1704	-51.042709	1.783000	17.720000
1705	-51.042709	1.783000	17.760000
1706	-50.952709	1.785000	17.750000
1707	-50.942709	1.787000	17.860000
1708	-50.892709	1.787000	17.990000
1709	-50.822709	1.789000	17.820000
1710	-50.762709	1.789000	17.780000
1711	-50.722709	1.791000	17.780000
1712	-50.662709	1.791000	17.830000
1713	-50.602709	1.793000	17.710000
1714	-50.602709	1.793000	17.870000
1715	-50.522709	1.795000	17.900000
1716	-50.512709	1.797000	17.770000
1717	-50.492709	1.797000	17.860000
1718	-50.462709	1.799000	17.700000
1719	-50.292709	1.799000	17.870000
1720	-50.232709	1.799000	17.690000
1721	-49.872709	1.800000	17.930000
1722	-49.812709	1.802000	17.740000
1723	-49.812709	1.802000	17.790000
1724	-49.652709	1.804000	17.870000
1725	-49.632709	1.806000	17.730000
1726	-49.602709	1.806000	17.800000
1727	-49.602709	1.806000	17.720000
1728	-49.592709	1.808000	17.870000
1729	-49.032709	1.810000	17.830000
1730	-49.012709	1.810000	18.080000
1731	-48.992709	1.812000	18.040000
1732	-48.902709	1.812000	18.030000
1733	-48.772709	1.814000	17.910000
1734	-48.662709	1.814000	18.020000
1735	-48.562709	1.816000	17.990000
1736	-48.562709	1.818000	17.950000
1737	-48.542709	1.818000	17.940000
1738	-48.512709	1.820000	17.880000
1739	-48.442709	1.822000	18.090000
1740	-48.292709	1.824000	18.010000
1741	-48.242709	1.824000	18.040000
1742	-48.202709	1.826000	18.040000
1743	-48.172709	1.826000	17.940000
1744	-48.162709	1.828000	18.040000
1745	-47.972709	1.830000	18.220000
1746	-47.942709	1.830000	18.080000
1747	-47.862709	1.832000	17.940000
1748	-47.742709	1.832000	17.970000
1749	-47.742709	1.836000	17.960000
1750	-47.702709	1.836000	17.930000
1751	-47.682709	1.836000	17.980000
1752	-47.632709	1.836000	18.060000
1753	-47.632709	1.838000	17.990000
1754	-47.572709	1.840000	17.990000
1755	-47.492709	1.840000	17.980000
1756	-47.332709	1.841000	18.050000
1757	-47.192709	1.841000	18.080000
1758	-46.932709	1.843000	18.100000
1759	-46.892709	1.843000	18.160000
1760	-46.872709	1.845000	18.310000
1761	-46.822709	1.845000	18.110000
1762	-46.712709	1.847000	18.210000
1763	-46.562709	1.851000	18.370000
1764	-46.562709	1.849000	18.190000
1765	-46.552709	1.851000	18.070000
1766	-46.492709	1.851000	18.220000
1767	-46.462709	1.853000	18.150000
1768	-46.382709	1.853000	18.140000
1769	-46.362709	1.855000	18.320000
1770	-46.122709	1.855000	18.150000
1771	-46.002709	1.855000	18.170000
1772	-46.002709	1.859000	18.240000
1773	-45.992709	1.859000	18.190000
1774	-45.982709	1.861000	18.230000
1775	-45.702709	1.861000	18.230000
1776	-45.632709	1.863000	18.320000
1777	-45.632709	1.863000	18.240000
1778	-45.622709	1.865000	18.100000
1779	-45.622709	1.865000	18.130000
1780	-45.562709	1.867000	18.230000
1781	-45.102709	1.867000	18.150000
1782	-45.082709	1.869000	18.280000
1783	-44.962709	1.871000	18.250000
1784	-44.882709	1.871000	18.260000
1785	-44.802709	1.873000	18.330000
1786	-44.802709	1.873000	18.230000
1787	-44.622709	1.875000	18.390000
1788	-44.572709	1.875000	18.340000
1789	-44.552709	1.877000	18.330000
1790	-44.492709	1.877000	18.220000
1791	-44.442709	1.879000	18.280000
1792	-44.432709	1.882000	18.340000
1793	-44.402709	1.881000	18.420000
1794	-44.402709	1.882000	18.160000
1795	-44.342709	1.882000	18.440000
1796	-44.322709	1.884000	18.150000
1797	-44.282709	1.884000	18.250000
1798	-44.202709	1.886000	18.510000
1799	-44.202709	1.886000	18.250000
1800	-44.132709	1.888000	18.410000
1801	-44.112709	1.890000	18.300000
1802	-43.912709	1.890000	18.340000
1803	-43.852709	1.892000	18.320000
1804	-43.682709	1.892000	18.220000
1805	-43.572709	1.894000	18.330000
1806	-43.562709	1.894000	18.540000
1807	-43.382709	1.898000	18.370000
1808	-43.152709	1.898000	18.430000
1809	-43.002709	1.898000	18.430000
1810	-42.972709	1.900000	18.440000
1811	-42.892709	1.900000	18.420000
1812	-42.782709	1.904000	18.440000
1813	-42.722709	1.904000	18.260000
1814	-42.672709	1.906000	18.430000
1815	-42.572709	1.906000	18.500000
1816	-42.512709	1.908000	18.470000
1817	-42.352709	1.908000	18.410000
1818	-42.292709	1.908000	18.480000
1819	-42.252709	1.910000	18.360000
1820	-42.232709	1.914000	18.470000
1821	-42.212709	1.914000	18.450000
1822	-42.212709	1.914000	18.470000
1823	-42.182709	1.916000	18.430000
1824	-42.112709	1.916000	18.370000
1825	-42.012709	1.916000	18.430000
1826	-41.952709	1.918000	18.490000
1827	-41.922709	1.920000	18.480000
1828	-41.902709	1.920000	18.420000
1829	-41.882709	1.922000	18.560000
1830	-41.752709	1.923000	18.520000
1831	-41.752709	1.923000	18.410000
1832	-41.732709	1.923000	18.450000
1833	-41.722709	1.925000	18.420000
1834	-41.652709	1.927000	18.500000
1835	-41.622709	1.927000	18.540000
1836	-41.522709	1.929000	18.500000
1837	-41.402709	1.929000	18.410000
1838	-41.142709	1.931000	18.580000
1839	-40.752709	1.933000	18.580000
1840	-40.612709	1.933000	18.630000
1841	-40.572709	1.935000	18.680000
1842	-40.262709	1.935000	18.890000
1843	-40.232709	1.937000	18.720000
1844	-40.152709	1.937000	18.600000
1845	-40.112709	1.939000	18.610000
1846	-40.102709	1.939000	18.550000
1847	-39.882709	1.939000	18.580000
1848	-39.852709	1.943000	18.580000
1849	-39.812709	1.943000	18.630000
1850	-39.782709	1.945000	18.630000
1851	-39.742709	1.945000	18.640000
1852	-39.672709	1.947000	18.580000
1853	-39.632709	1.947000	18.620000
1854	-39.622709	1.947000	18.670000
1855	-39.592709	1.949000	18.870000
1856	-39.572709	1.951000	18.610000
1857	-39.562709	1.951000	18.600000
1858	-39.452709	1.951000	18.580000
1859	-39.302709	1.953000	18.730000
1860	-39.302709	1.955000	18.690000
1861	-39.262709	1.955000	18.680000
1862	-39.082709	1.955000	18.570000
1863	-38.902709	1.957000	18.730000
1864	-38.852709	1.961000	18.650000
1865	-38.712709	1.961000	18.730000
1866	-38.702709	1.961000	18.740000
1867	-38.502709	1.961000	18.750000
1868	-38.482709	1.963000	18.660000
1869	-38.472709	1.963000	18.650000
1870	-38.472709	1.965000	18.710000
1871	-38.442709	1.965000	18.730000
1872	-38.432709	1.966000	18.700000
1873	-38.312709	1.966000	18.710000
1874	-38.232709	1.968000	18.600000
1875	-38.132709	1.968000	18.870000
1876	-38.102709	1.970000	18.680000
1877	-38.082709	1.970000	18.730000
1878	-38.072709	1.970000	18.740000
1879	-37.982709	1.972000	18.660000
1880	-37.802709	1.976000	18.650000
1881	-37.732709	1.974000	18.740000
1882	-37.502709	1.976000	18.830000
1883	-37.182709	1.976000	18.850000
1884	-37.182709	1.978000	18.540000
1885	-37.122709	1.978000	18.800000
1886	-37.012709	1.978000	18.750000
1887	-36.902709	1.980000	18.990000
1888	-36.892709	1.982000	18.900000
1889	-36.892709	1.982000	18.950000
1890	-36.892709	1.984000	18.870000
1891	-36.852709	1.984000	18.930000
1892	-36.732709	1.988000	19.040000
1893	-36.482709	1.988000	18.760000
1894	-36.472709	1.990000	18.790000
1895	-36.362709	1.990000	18.910000
1896	-36.342709	1.992000	18.870000
1897	-36.242709	1.992000	18.910000
1898	-36.232709	1.994000	18.900000
1899	-36.222709	1.994000	18.900000
1900	-36.192709	1.996000	19.110000
1901	-36.182709	1.996000	18.840000
1902	-36.182709	1.998000	18.930000
1903	-36.162709	1.998000	19.030000
1904	-36.132709	2.000000	19.010000
1905	-36.052709	2.000000	18.880000
1906	-36.022709	2.002000	18.860000
1907	-35.972709	2.002000	18.940000
1908	-35.952709	2.004000	18.950000
1909	-35.942709	2.004000	19.090000
1910	-35.902709	2.006000	18.870000
1911	-35.902709	2.007000	18.980000
1912	-35.462709	2.007000	18.870000
1913	-35.452709	2.009000	19.060000
1914	-35.182709	2.009000	18.940000
1915	-34.992709	2.011000	19.110000
1916	-34.792709	2.011000	18.970000
1917	-34.702709	2.013000	19.090000
1918	-34.542709	2.013000	18.980000
1919	-34.292709	2.015000	19.200000
1920	-34.282709	2.017000	19.070000
1921	-34.212709	2.017000	19.180000
1922	-34.172709	2.019000	19.160000
1923	-34.162709	2.019000	19.030000
1924	-34.022709	2.021000	19.150000
1925	-33.942709	2.021000	19.080000
1926	-33.932709	2.023000	19.150000
1927	-33.882709	2.023000	19.050000
1928	-33.842709	2.025000	19.240000
1929	-33.832709	2.027000	19.120000
1930	-33.652709	2.027000	19.210000
1931	-33.592709	2.029000	19.160000
1932	-33.572709	2.029000	19.250000
1933	-33.372709	2.031000	19.100000
1934	-33.292709	2.031000	19.110000
1935	-33.172709	2.033000	19.200000
1936	-33.172709	2.033000	19.150000
1937	-33.142709	2.035000	19.140000
1938	-33.072709	2.035000	19.280000
1939	-33.042709	2.039000	19.130000
1940	-32.982709	2.039000	19.140000
1941	-32.962709	2.039000	19.250000
1942	-32.962709	2.041000	19.120000
1943	-32.822709	2.041000	19.100000
1944	-32.762709	2.043000	19.120000
1945	-32.342709	2.043000	19.070000
1946	-32.302709	2.045000	19.180000
1947	-32.242709	2.043000	19.140000
1948	-32.132709	2.047000	19.150000
1949	-31.892709	2.047000	19.130000
1950	-31.852709	2.049000	19.080000
1951	-31.792709	2.049000	19.230000
1952	-31.752709	2.050000	19.310000
1953	-31.752709	2.050000	19.200000
1954	-31.742709	2.052000	19.070000
1955	-31.662709	2.052000	19.260000
1956	-31.652709	2.054000	19.260000
1957	-31.422709	2.054000	19.280000
1958	-31.292709	2.056000	19.280000
1959	-31.262709	2.058000	19.320000
1960	-31.242709	2.058000	19.120000
1961	-31.132709	2.060000	19.110000
1962	-31.102709	2.060000	19.190000
1963	-30.892709	2.062000	19.090000
1964	-30.882709	2.062000	19.340000
1965	-30.832709	2.064000	19.200000
1966	-30.682709	2.064000	19.090000
1967	-30.612709	2.066000	19.400000
1968	-30.562709	2.068000	19.260000
1969	-30.502709	2.068000	19.220000
1970	-30.492709	2.072000	19.160000
1971	-30.482709	2.072000	19.220000
1972	-30.362709	2.072000	19.280000
1973	-30.322709	2.074000	19.320000
1974	-30.322709	2.074000	19.250000
1975	-30.282709	2.074000	19.210000
1976	-30.262709	2.078000	19.350000
1977	-30.182709	2.078000	19.210000
1978	-30.142709	2.080000	19.410000
1979	-29.992709	2.080000	19.170000
1980	-29.912709	2.080000	19.260000
1981	-29.912709	2.082000	19.220000
1982	-29.882709	2.084000	19.450000
1983	-29.882709	2.084000	19.310000
1984	-29.822709	2.086000	19.430000
1985	-29.692709	2.086000	19.280000
1986	-29.672709	2.088000	19.330000
1987	-29.632709	2.088000	19.270000
1988	-29.622709	2.090000	19.430000
1989	-29.532709	2.090000	19.230000
1990	-29.372709	2.091000	19.330000
1991	-29.332709	2.091000	19.280000
1992	-29.232709	2.093000	19.290000
1993	-29.022709	2.093000	19.270000
1994	-29.002709	2.095000	19.450000
1995	-28.932709	2.095000	19.450000
1996	-28.702709	2.095000	19.400000
1997	-28.392709	2.097000	19.530000
1998	-28.322709	2.099000	19.540000
1999	-28.252709	2.101000	19.460000
2000	-28.202709	2.101000	19.380000
2001	-28.142709	2.103000	19.510000
2002	-28.082709	2.103000	19.390000
2003	-28.002709	2.103000	19.380000
2004	-27.782709	2.105000	19.480000
2005	-27.762709	2.107000	19.390000
2006	-27.722709	2.107000	19.490000
2007	-27.532709	2.107000	19.520000
2008	-27.482709	2.109000	19.470000
2009	-27.432709	2.111000	19.430000
2010	-27.402709	2.111000	19.370000
2011	-27.362709	2.111000	19.600000
2012	-27.312709	2.113000	19.420000
2013	-27.272709	2.117000	19.490000
2014	-27.212709	2.117000	19.540000
2015	-27.092709	2.117000	19.530000
2016	-27.012709	2.117000	19.640000
2017	-27.002709	2.119000	19.480000
2018	-26.932709	2.121000	19.450000
2019	-26.912709	2.121000	19.360000
2020	-26.802709	2.123000	19.480000
2021	-26.582709	2.123000	19.500000
2022	-26.522709	2.125000	19.500000
2023	-26.402709	2.125000	19.630000
2024	-26.212709	2.127000	19.640000
2025	-26.192709	2.127000	19.520000
2026	-25.982709	2.127000	19.670000
2027	-25.882709	2.129000	19.600000
2028	-25.812709	2.131000	19.750000
2029	-25.602709	2.131000	19.670000
2030	-25.572709	2.132000	19.640000
2031	-25.502709	2.132000	19.840000
2032	-25.482709	2.134000	19.580000
2033	-25.442709	2.134000	19.610000
2034	-25.432709	2.134000	19.610000
2035	-25.412709	2.136000	19.670000
2036	-25.352709	2.136000	19.590000
2037	-25.342709	2.136000	19.480000
2038	-25.292709	2.140000	19.650000
2039	-25.242709	2.142000	19.610000
2040	-25.222709	2.142000	19.680000
2041	-25.202709	2.142000	19.600000
2042	-25.202709	2.144000	19.510000
2043	-25.042709	2.146000	19.610000
2044	-24.962709	2.146000	19.670000
2045	-24.832709	2.148000	19.890000
2046	-24.682709	2.148000	19.800000
2047	-24.552709	2.150000	19.700000
2048	-24.542709	2.152000	19.670000
2049	-24.442709	2.154000	19.850000
2050	-24.362709	2.156000	19.700000
2051	-24.302709	2.156000	19.560000
2052	-24.232709	2.158000	19.710000
2053	-24.232709	2.158000	19.830000
2054	-24.182709	2.160000	19.650000
2055	-24.172709	2.160000	19.670000
2056	-24.142709	2.162000	19.790000
2057	-24.132709	2.162000	19.720000
2058	-24.112709	2.164000	19.750000
2059	-24.062709	2.164000	19.800000
2060	-23.962709	2.166000	19.760000
2061	-23.902709	2.166000	19.720000
2062	-23.722709	2.168000	19.740000
2063	-23.712709	2.168000	19.740000
2064	-23.672709	2.170000	19.880000
2065	-23.432709	2.170000	19.730000
2066	-23.422709	2.172000	19.800000
2067	-23.332709	2.172000	19.940000
2068	-23.302709	2.173000	19.840000
2069	-23.302709	2.173000	19.780000
2070	-23.282709	2.175000	19.850000
2071	-23.192709	2.175000	19.940000
2072	-23.182709	2.177000	19.830000
2073	-23.132709	2.177000	19.880000
2074	-23.082709	2.179000	19.860000
2075	-22.932709	2.179000	19.830000
2076	-22.712709	2.181000	19.820000
2077	-22.692709	2.181000	19.880000
2078	-22.642709	2.183000	19.960000
2079	-22.502709	2.183000	19.800000
2080	-22.482709	2.183000	19.910000
2081	-22.412709	2.185000	19.950000
2082	-22.312709	2.187000	19.810000
2083	-22.172709	2.187000	19.810000
2084	-22.152709	2.189000	20.010000
2085	-21.802709	2.189000	20.080000
2086	-21.802709	2.191000	19.740000
2087	-21.772709	2.191000	19.910000
2088	-21.462709	2.191000	20.070000
2089	-21.352709	2.193000	20.040000
2090	-21.352709	2.195000	20.210000
2091	-21.342709	2.195000	20.070000
2092	-21.102709	2.197000	19.980000
2093	-21.072709	2.197000	20.070000
2094	-20.992709	2.199000	19.960000
2095	-20.952709	2.199000	20.010000
2096	-20.932709	2.201000	20.020000
2097	-20.842709	2.199000	20.030000
2098	-20.832709	2.203000	20.020000
2099	-20.732709	2.205000	20.050000
2100	-20.672709	2.205000	20.040000
2101	-20.592709	2.207000	19.910000
2102	-20.532709	2.207000	19.990000
2103	-20.482709	2.209000	20.080000
2104	-20.362709	2.209000	20.020000
2105	-20.292709	2.211000	20.180000
2106	-20.282709	2.211000	20.180000
2107	-20.282709	2.213000	20.160000
2108	-20.202709	2.213000	20.080000
2109	-20.162709	2.215000	20.180000
2110	-20.142709	2.216000	20.040000
2111	-20.062709	2.216000	19.910000
2112	-20.052709	2.218000	20.080000
2113	-20.002709	2.218000	20.100000
2114	-19.912709	2.220000	20.080000
2115	-19.752709	2.220000	20.110000
2116	-19.712709	2.222000	20.090000
2117	-19.692709	2.222000	19.930000
2118	-19.602709	2.224000	20.090000
2119	-19.472709	2.226000	19.940000
2120	-19.442709	2.226000	20.190000
2121	-19.302709	2.228000	20.160000
2122	-19.262709	2.228000	20.200000
2123	-19.242709	2.230000	20.090000
2124	-19.222709	2.230000	20.100000
2125	-19.212709	2.232000	20.120000
2126	-18.912709	2.232000	20.080000
2127	-18.852709	2.234000	20.240000
2128	-18.842709	2.238000	20.120000
2129	-18.832709	2.238000	20.260000
2130	-18.712709	2.240000	20.260000
2131	-18.622709	2.240000	20.340000
2132	-18.602709	2.242000	20.220000
2133	-18.442709	2.242000	20.200000
2134	-18.422709	2.244000	20.200000
2135	-18.302709	2.244000	20.260000
2136	-18.212709	2.244000	20.300000
2137	-18.192709	2.246000	20.200000
2138	-18.162709	2.246000	20.380000
2139	-18.072709	2.248000	20.180000
2140	-17.992709	2.250000	20.170000
2141	-17.982709	2.250000	20.160000
2142	-17.902709	2.252000	20.270000
2143	-17.892709	2.252000	20.060000
2144	-17.742709	2.252000	20.400000
2145	-17.542709	2.254000	20.400000
2146	-17.512709	2.256000	20.110000
2147	-17.482709	2.256000	20.330000
2148	-17.472709	2.257000	20.240000
2149	-17.442709	2.257000	20.270000
2150	-17.292709	2.259000	20.240000
2151	-17.282709	2.259000	20.170000
2152	-17.232709	2.259000	20.420000
2153	-17.222709	2.261000	20.310000
2154	-17.062709	2.263000	20.310000
2155	-17.002709	2.263000	20.430000
2156	-16.992709	2.265000	20.200000
2157	-16.982709	2.265000	20.120000
2158	-16.862709	2.267000	20.290000
2159	-16.812709	2.267000	20.410000
2160	-16.802709	2.269000	20.350000
2161	-16.742709	2.271000	20.240000
2162	-16.732709	2.271000	20.440000
2163	-16.642709	2.273000	20.370000
2164	-16.622709	2.273000	20.200000
2165	-16.542709	2.275000	20.300000
2166	-16.322709	2.275000	20.390000
2167	-16.202709	2.277000	20.330000
2168	-16.142709	2.279000	20.360000
2169	-16.112709	2.279000	20.540000
2170	-16.112709	2.281000	20.360000
2171	-16.012709	2.281000	20.310000
2172	-15.972709	2.283000	20.450000
2173	-15.762709	2.283000	20.380000
2174	-15.732709	2.283000	20.450000
2175	-15.702709	2.285000	20.330000
2176	-15.642709	2.289000	20.330000
2177	-15.592709	2.289000	20.350000
2178	-15.572709	2.289000	20.370000
2179	-15.572709	2.291000	20.270000
2180	-15.492709	2.291000	20.310000
2181	-15.462709	2.291000	20.390000
2182	-15.212709	2.293000	20.400000
2183	-15.192709	2.295000	20.340000
2184	-14.882709	2.293000	20.330000
2185	-14.782709	2.295000	20.570000
2186	-14.752709	2.299000	20.610000
2187	-14.542709	2.299000	20.730000
2188	-14.462709	2.299000	20.240000
2189	-14.382709	2.300000	20.610000
2190	-14.332709	2.304000	20.570000
2191	-14.252709	2.304000	20.510000
2192	-14.142709	2.304000	20.540000
2193	-13.962709	2.304000	20.460000
2194	-13.952709	2.306000	20.630000
2195	-13.912709	2.306000	20.600000
2196	-13.912709	2.308000	20.670000
2197	-13.872709	2.310000	20.650000
2198	-13.852709	2.310000	20.590000
2199	-13.832709	2.312000	20.590000
2200	-13.732709	2.312000	20.810000
2201	-13.632709	2.314000	20.750000
2202	-13.582709	2.314000	20.430000
2203	-13.572709	2.314000	20.520000
2204	-13.542709	2.316000	20.510000
2205	-13.512709	2.318000	20.550000
2206	-13.472709	2.320000	20.820000
2207	-13.352709	2.320000	20.620000
2208	-13.322709	2.322000	20.540000
2209	-13.272709	2.324000	20.510000
2210	-13.162709	2.324000	20.540000
2211	-13.042709	2.326000	20.680000
2212	-13.042709	2.326000	20.470000
2213	-12.862709	2.328000	20.630000
2214	-12.792709	2.328000	20.620000
2215	-12.732709	2.330000	20.630000
2216	-12.642709	2.332000	20.640000
2217	-12.612709	2.332000	20.660000
2218	-12.432709	2.334000	20.700000
2219	-12.132709	2.334000	20.550000
2220	-12.122709	2.336000	20.520000
2221	-12.032709	2.336000	20.580000
2222	-12.032709	2.338000	20.650000
2223	-11.992709	2.338000	20.580000
2224	-11.972709	2.340000	20.710000
2225	-11.922709	2.341000	20.590000
2226	-11.902709	2.340000	20.620000
2227	-11.792709	2.343000	20.710000
2228	-11.742709	2.343000	20.770000
2229	-11.712709	2.345000	20.610000
2230	-11.672709	2.345000	20.590000
2231	-11.602709	2.347000	20.540000
2232	-11.582709	2.347000	20.690000
2233	-11.412709	2.351000	20.820000
2234	-11.342709	2.349000	20.680000
2235	-11.292709	2.351000	20.740000
2236	-11.272709	2.351000	20.690000
2237	-11.212709	2.353000	20.750000
2238	-10.912709	2.353000	20.750000
2239	-10.882709	2.355000	20.800000
2240	-10.782709	2.355000	20.790000
2241	-10.762709	2.357000	20.660000
2242	-10.352709	2.357000	20.820000
2243	-10.322709	2.359000	20.820000
2244	-10.262709	2.359000	20.770000
2245	-10.252709	2.361000	20.780000
2246	-10.152709	2.363000	20.740000
2247	-10.122709	2.363000	20.790000
2248	-10.072709	2.365000	20.760000
2249	-10.042709	2.365000	20.750000
2250	-9.912709	2.367000	20.770000
2251	-9.782709	2.367000	20.750000
2252	-9.682709	2.369000	20.900000
2253	-9.662709	2.369000	20.830000
2254	-9.632709	2.371000	20.710000
2255	-9.572709	2.371000	20.840000
2256	-9.472709	2.371000	20.860000
2257	-9.402709	2.373000	20.850000
2258	-9.292709	2.375000	20.820000
2259	-9.272709	2.375000	20.870000
2260	-9.202709	2.377000	20.750000
2261	-9.122709	2.377000	21.000000
2262	-9.082709	2.379000	20.980000
2263	-9.032709	2.379000	20.790000
2264	-9.012709	2.381000	20.810000
2265	-8.962709	2.381000	20.770000
2266	-8.882709	2.382000	20.890000
2267	-8.772709	2.382000	20.850000
2268	-8.752709	2.384000	20.800000
2269	-8.732709	2.384000	20.700000
2270	-8.692709	2.386000	21.000000
2271	-8.662709	2.386000	20.950000
2272	-8.622709	2.388000	21.160000
2273	-8.622709	2.388000	21.090000
2274	-8.622709	2.390000	21.040000
2275	-8.512709	2.390000	21.150000
2276	-8.502709	2.392000	20.910000
2277	-8.402709	2.392000	20.930000
2278	-8.402709	2.394000	20.910000
2279	-8.142709	2.394000	20.950000
2280	-8.142709	2.396000	20.930000
2281	-8.032709	2.396000	21.150000
2282	-8.032709	2.398000	20.930000
2283	-7.962709	2.398000	20.970000
2284	-7.902709	2.400000	20.990000
2285	-7.872709	2.400000	21.010000
2286	-7.872709	2.404000	20.930000
2287	-7.712709	2.402000	21.060000
2288	-7.622709	2.406000	20.820000
2289	-7.552709	2.406000	20.970000
2290	-7.532709	2.408000	20.980000
2291	-7.522709	2.408000	21.020000
2292	-7.522709	2.408000	20.880000
2293	-7.162709	2.410000	21.010000
2294	-7.142709	2.412000	20.960000
2295	-7.062709	2.414000	21.010000
2296	-7.052709	2.414000	21.020000
2297	-7.042709	2.414000	21.110000
2298	-6.972709	2.416000	20.960000
2299	-6.552709	2.416000	21.070000
2300	-6.432709	2.416000	21.050000
2301	-6.332709	2.418000	21.040000
2302	-6.162709	2.420000	21.060000
2303	-6.112709	2.420000	20.990000
2304	-6.072709	2.422000	20.990000
2305	-6.042709	2.422000	21.000000
2306	-6.012709	2.423000	20.900000
2307	-6.012709	2.423000	20.870000
2308	-5.962709	2.425000	21.030000
2309	-5.902709	2.425000	21.070000
2310	-5.892709	2.427000	20.930000
2311	-5.762709	2.427000	21.090000
2312	-5.712709	2.429000	21.020000
2313	-5.462709	2.429000	20.860000
2314	-5.452709	2.431000	21.030000
2315	-5.422709	2.431000	20.950000
2316	-5.352709	2.431000	21.120000
2317	-5.332709	2.433000	21.200000
2318	-5.302709	2.433000	21.040000
2319	-5.272709	2.437000	21.130000
2320	-5.182709	2.437000	21.030000
2321	-5.062709	2.439000	21.120000
2322	-5.042709	2.439000	21.210000
2323	-4.862709	2.439000	21.280000
2324	-4.852709	2.441000	21.210000
2325	-4.802709	2.443000	21.060000
2326	-4.762709	2.445000	21.260000
2327	-4.682709	2.445000	21.110000
2328	-4.602709	2.445000	21.190000
2329	-4.562709	2.447000	21.130000
2330	-4.522709	2.447000	21.190000
2331	-4.512709	2.447000	21.050000
2332	-4.352709	2.449000	21.170000
2333	-4.322709	2.451000	21.140000
2334	-4.262709	2.451000	21.150000
2335	-4.212709	2.453000	21.180000
2336	-4.212709	2.453000	21.180000
2337	-4.142709	2.455000	21.080000
2338	-4.092709	2.457000	21.240000
2339	-4.072709	2.457000	21.270000
2340	-4.052709	2.459000	21.150000
2341	-3.922709	2.459000	21.210000
2342	-3.912709	2.461000	21.120000
2343	-3.842709	2.461000	21.140000
2344	-3.822709	2.463000	21.100000
2345	-3.602709	2.463000	21.170000
2346	-3.562709	2.463000	21.210000
2347	-3.522709	2.465000	21.170000
2348	-3.522709	2.466000	21.200000
2349	-3.292709	2.468000	21.360000
2350	-3.152709	2.468000	21.110000
2351	-2.802709	2.470000	21.180000
2352	-2.732709	2.470000	21.270000
2353	-2.732709	2.470000	21.350000
2354	-2.652709	2.472000	21.240000
2355	-2.592709	2.474000	21.330000
2356	-2.442709	2.476000	21.370000
2357	-2.422709	2.476000	21.230000
2358	-2.412709	2.478000	21.130000
2359	-2.362709	2.478000	21.300000
2360	-2.352709	2.478000	21.220000
2361	-2.332709	2.480000	21.170000
2362	-2.262709	2.482000	21.320000
2363	-2.252709	2.482000	21.230000
2364	-2.182709	2.484000	21.360000
2365	-2.162709	2.484000	21.350000
2366	-2.152709	2.488000	21.190000
2367	-2.142709	2.488000	21.080000
2368	-2.112709	2.490000	21.270000
2369	-2.032709	2.490000	21.250000
2370	-2.012709	2.492000	21.120000
2371	-1.992709	2.492000	21.320000
2372	-1.962709	2.494000	21.250000
2373	-1.612709	2.494000	21.190000
2374	-1.612709	2.496000	21.440000
2375	-1.552709	2.496000	21.310000
2376	-1.382709	2.498000	21.400000
2377	-1.342709	2.498000	21.410000
2378	-1.252709	2.500000	21.310000
2379	-1.022709	2.500000	21.270000
2380	-1.022709	2.502000	21.320000
2381	-0.992709	2.502000	21.320000
2382	-0.962709	2.504000	21.200000
2383	-0.782709	2.504000	21.260000
2384	-0.522709	2.506000	21.380000
2385	-0.472709	2.506000	21.330000
2386	-0.372709	2.507000	21.450000
2387	-0.312709	2.507000	21.250000
2388	-0.312709	2.509000	21.310000
2389	-0.122709	2.509000	21.270000
2390	-0.102709	2.511000	21.270000
2391	-0.082709	2.511000	21.330000
2392	-0.042709	2.513000	21.330000
2393	0.037291	2.513000	21.100000
2394	0.077291	2.515000	21.300000
2395	0.147291	2.515000	21.320000
2396	0.147291	2.517000	21.400000
2397	0.157291	2.517000	21.590000
2398	0.157291	2.519000	21.310000
2399	0.157291	2.521000	21.300000
2400	0.157291	2.521000	21.340000
2401	0.237291	2.523000	21.370000
2402	0.247291	2.523000	21.330000
2403	0.277291	2.525000	21.250000
2404	0.387291	2.525000	21.190000
2405	0.547291	2.527000	21.410000
2406	0.547291	2.527000	21.410000
2407	0.667291	2.529000	21.410000
2408	0.747291	2.531000	21.260000
2409	0.827291	2.531000	21.350000
2410	0.867291	2.533000	21.450000
2411	0.987291	2.533000	21.330000
2412	1.047291	2.535000	21.470000
2413	1.397291	2.535000	21.380000
2414	1.517291	2.539000	21.440000
2415	1.697291	2.537000	21.400000
2416	1.727291	2.539000	21.410000
2417	1.757291	2.539000	21.530000
2418	1.877291	2.541000	21.510000
2419	2.047291	2.541000	21.390000
2420	2.247291	2.543000	21.430000
2421	2.287291	2.543000	21.410000
2422	2.327291	2.545000	21.400000
2423	2.347291	2.545000	21.470000
2424	2.697291	2.547000	21.440000
