1	-188.071170	0.000000	9.660000
2	-187.301170	0.000000	9.970000
3	-187.251170	0.004000	9.990000
4	-187.081170	0.004000	9.320000
5	-187.031170	0.006000	9.460000
6	-186.921170	0.006000	9.830000
7	-186.821170	0.008000	9.970000
8	-186.691170	0.008000	9.320000
9	-186.651170	0.010000	9.490000
10	-186.191170	0.010000	9.670000
11	-186.061170	0.012000	9.440000
12	-186.001170	0.012000	9.500000
13	-185.921170	0.014000	9.460000
14	-185.551170	0.014000	9.370000
15	-185.311170	0.016000	9.830000
16	-185.281170	0.016000	9.440000
17	-185.261170	0.018000	9.400000
18	-185.261170	0.018000	9.690000
19	-185.141170	0.020000	9.410000
20	-184.961170	0.020000	9.750000
21	-184.941170	0.022000	9.760000
22	-184.921170	0.022000	9.520000
23	-184.911170	0.022000	9.890000
24	-184.901170	0.023000	9.460000
25	-184.841170	0.025000	9.620000
26	-184.811170	0.025000	9.520000
27	-184.781170	0.027000	9.640000
28	-184.761170	0.027000	10.070000
29	-184.661170	0.029000	10.060000
30	-184.451170	0.029000	9.600000
31	-184.441170	0.031000	9.920000
32	-184.431170	0.031000	9.800000
33	-184.351170	0.033000	10.020000
34	-184.291170	0.033000	10.210000
35	-184.241170	0.035000	9.870000
36	-184.221170	0.037000	9.830000
37	-184.151170	0.037000	9.850000
38	-184.081170	0.039000	9.780000
39	-184.061170	0.039000	9.660000
40	-183.811170	0.041000	9.920000
41	-183.501170	0.041000	10.080000
42	-183.451170	0.043000	10.070000
43	-183.311170	0.043000	9.680000
44	-183.291170	0.045000	9.620000
45	-183.281170	0.045000	9.730000
46	-183.271170	0.047000	10.170000
47	-183.031170	0.047000	9.850000
48	-183.011170	0.049000	9.620000
49	-182.971170	0.049000	9.790000
50	-182.871170	0.051000	9.780000
51	-182.851170	0.051000	9.930000
52	-182.731170	0.053000	9.820000
53	-182.661170	0.053000	10.160000
54	-182.601170	0.053000	9.770000
55	-182.571170	0.055000	10.040000
56	-182.461170	0.057000	9.840000
57	-182.391170	0.057000	9.640000
58	-182.391170	0.059000	9.780000
59	-182.111170	0.059000	9.720000
60	-182.081170	0.061000	9.660000
61	-182.061170	0.061000	9.560000
62	-181.791170	0.063000	9.660000
63	-181.741170	0.064000	9.830000
64	-181.581170	0.064000	9.730000
65	-181.431170	0.066000	10.510000
66	-181.311170	0.066000	9.900000
67	-181.071170	0.068000	9.800000
68	-181.061170	0.068000	10.710000
69	-181.061170	0.070000	9.870000
70	-181.021170	0.068000	9.700000
71	-180.991170	0.072000	9.620000
72	-180.971170	0.072000	10.700000
73	-180.971170	0.074000	9.660000
74	-180.901170	0.076000	10.090000
75	-180.891170	0.076000	10.500000
76	-180.771170	0.078000	10.570000
77	-180.721170	0.078000	9.670000
78	-180.681170	0.080000	9.640000
79	-180.571170	0.080000	9.780000
80	-180.571170	0.082000	10.050000
81	-180.461170	0.082000	10.130000
82	-180.431170	0.086000	9.790000
83	-180.331170	0.086000	9.790000
84	-180.191170	0.086000	9.910000
85	-180.141170	0.088000	9.830000
86	-180.141170	0.090000	10.530000
87	-180.131170	0.090000	10.080000
88	-180.021170	0.090000	9.920000
89	-179.871170	0.092000	9.890000
90	-179.811170	0.094000	9.970000
91	-179.771170	0.094000	9.760000
92	-179.741170	0.096000	9.870000
93	-179.701170	0.096000	9.800000
94	-179.691170	0.098000	9.990000
95	-179.571170	0.098000	9.960000
96	-179.301170	0.098000	9.910000
97	-179.081170	0.100000	10.050000
98	-179.011170	0.102000	9.830000
99	-178.921170	0.102000	9.970000
100	-178.791170	0.104000	9.940000
101	-178.741170	0.104000	10.040000
102	-178.541170	0.105000	10.600000
103	-178.281170	0.105000	9.910000
104	-178.261170	0.105000	10.160000
105	-178.251170	0.107000	9.970000
106	-178.071170	0.111000	10.350000
107	-178.011170	0.109000	10.220000
108	-177.931170	0.111000	9.850000
109	-177.921170	0.111000	10.300000
110	-177.891170	0.113000	10.270000
111	-177.881170	0.113000	10.460000
112	-177.861170	0.113000	10.110000
113	-177.801170	0.115000	10.080000
114	-177.691170	0.117000	10.670000
115	-177.671170	0.117000	10.240000
116	-177.671170	0.119000	10.200000
117	-177.501170	0.119000	10.180000
118	-177.231170	0.121000	10.180000
119	-177.191170	0.121000	10.250000
120	-177.141170	0.121000	10.030000
121	-177.121170	0.123000	10.730000
122	-177.041170	0.125000	10.290000
123	-177.011170	0.125000	10.180000
124	-176.951170	0.127000	9.960000
125	-176.901170	0.127000	10.160000
126	-176.901170	0.129000	10.270000
127	-176.741170	0.129000	10.010000
128	-176.331170	0.131000	10.280000
129	-176.291170	0.133000	10.560000
130	-176.291170	0.133000	10.040000
131	-176.171170	0.135000	10.410000
132	-176.011170	0.135000	10.110000
133	-175.771170	0.137000	9.940000
134	-175.711170	0.137000	10.110000
135	-175.611170	0.137000	10.280000
136	-175.481170	0.139000	10.100000
137	-175.411170	0.141000	10.360000
138	-175.321170	0.141000	10.040000
139	-175.191170	0.143000	10.110000
140	-175.181170	0.143000	10.130000
141	-175.181170	0.145000	10.190000
142	-175.141170	0.145000	10.110000
143	-174.931170	0.147000	10.320000
144	-174.921170	0.147000	10.460000
145	-174.911170	0.148000	10.200000
146	-174.771170	0.150000	10.210000
147	-174.671170	0.150000	10.210000
148	-174.621170	0.152000	10.160000
149	-174.581170	0.152000	10.090000
150	-174.561170	0.154000	10.310000
151	-174.511170	0.154000	10.240000
152	-174.421170	0.158000	10.570000
153	-174.371170	0.158000	10.360000
154	-174.321170	0.158000	10.400000
155	-174.261170	0.160000	10.150000
156	-174.141170	0.160000	10.320000
157	-174.061170	0.160000	10.380000
158	-174.031170	0.162000	10.300000
159	-173.871170	0.164000	10.760000
160	-173.841170	0.164000	10.480000
161	-173.791170	0.166000	10.230000
162	-173.721170	0.166000	10.580000
163	-173.721170	0.170000	10.400000
164	-173.471170	0.170000	10.310000
165	-173.381170	0.172000	10.100000
166	-173.311170	0.174000	10.260000
167	-173.261170	0.174000	10.130000
168	-173.231170	0.174000	10.410000
169	-173.181170	0.176000	10.480000
170	-173.151170	0.176000	10.560000
171	-173.151170	0.178000	10.400000
172	-173.131170	0.178000	10.440000
173	-172.961170	0.180000	10.460000
174	-172.881170	0.178000	10.260000
175	-172.791170	0.182000	10.140000
176	-172.781170	0.182000	10.290000
177	-172.621170	0.184000	10.380000
178	-172.611170	0.184000	10.370000
179	-172.471170	0.186000	10.610000
180	-171.981170	0.186000	10.650000
181	-171.881170	0.188000	10.340000
182	-171.871170	0.188000	10.570000
183	-171.671170	0.189000	10.560000
184	-171.651170	0.189000	10.780000
185	-171.321170	0.189000	10.490000
186	-171.171170	0.191000	10.330000
187	-171.141170	0.193000	10.600000
188	-171.131170	0.193000	10.570000
189	-171.001170	0.195000	10.560000
190	-170.981170	0.195000	10.600000
191	-170.971170	0.197000	10.740000
192	-170.931170	0.197000	10.750000
193	-170.911170	0.199000	10.560000
194	-170.861170	0.199000	10.420000
195	-170.821170	0.201000	10.780000
196	-170.791170	0.201000	10.750000
197	-170.761170	0.203000	10.580000
198	-170.761170	0.203000	10.420000
199	-170.741170	0.205000	10.370000
200	-170.641170	0.205000	10.400000
201	-170.541170	0.207000	10.520000
202	-170.511170	0.207000	10.490000
203	-170.501170	0.209000	10.420000
204	-170.351170	0.209000	10.490000
205	-170.251170	0.211000	10.700000
206	-170.181170	0.211000	10.450000
207	-169.961170	0.213000	11.420000
208	-169.911170	0.213000	10.850000
209	-169.821170	0.215000	10.460000
210	-169.791170	0.215000	11.060000
211	-169.731170	0.217000	10.510000
212	-169.521170	0.217000	10.840000
213	-169.171170	0.219000	11.060000
214	-169.141170	0.219000	10.690000
215	-169.121170	0.221000	10.730000
216	-169.111170	0.221000	10.560000
217	-168.851170	0.223000	10.810000
218	-168.731170	0.223000	10.810000
219	-168.691170	0.225000	10.740000
220	-168.611170	0.225000	10.910000
221	-168.611170	0.227000	11.250000
222	-168.541170	0.227000	11.040000
223	-168.501170	0.229000	11.290000
224	-168.461170	0.229000	10.690000
225	-168.401170	0.231000	11.320000
226	-168.351170	0.231000	11.300000
227	-168.351170	0.232000	10.780000
228	-168.331170	0.232000	10.590000
229	-168.281170	0.234000	11.440000
230	-168.261170	0.234000	10.750000
231	-168.181170	0.236000	10.750000
232	-168.051170	0.236000	10.750000
233	-168.031170	0.238000	11.250000
234	-167.991170	0.238000	10.900000
235	-167.791170	0.240000	10.950000
236	-167.611170	0.240000	10.930000
237	-167.551170	0.240000	10.900000
238	-167.491170	0.244000	10.730000
239	-167.391170	0.244000	10.740000
240	-167.281170	0.246000	10.800000
241	-167.011170	0.246000	10.880000
242	-166.851170	0.248000	10.780000
243	-166.751170	0.248000	10.760000
244	-166.741170	0.250000	11.230000
245	-166.621170	0.252000	10.940000
246	-166.591170	0.254000	10.930000
247	-166.411170	0.254000	10.720000
248	-166.371170	0.256000	10.950000
249	-166.351170	0.256000	10.730000
250	-166.331170	0.258000	10.990000
251	-166.281170	0.258000	10.890000
252	-166.231170	0.260000	10.940000
253	-166.221170	0.260000	10.950000
254	-166.191170	0.262000	11.000000
255	-166.081170	0.262000	10.880000
256	-166.001170	0.262000	10.790000
257	-165.881170	0.264000	11.020000
258	-165.871170	0.266000	10.880000
259	-165.851170	0.268000	11.020000
260	-165.721170	0.268000	10.950000
261	-165.671170	0.268000	10.800000
262	-165.661170	0.270000	10.780000
263	-165.561170	0.270000	10.910000
264	-165.451170	0.270000	11.010000
265	-165.411170	0.272000	10.740000
266	-165.371170	0.273000	10.890000
267	-165.111170	0.272000	10.970000
268	-165.101170	0.273000	11.190000
269	-165.081170	0.275000	10.720000
270	-165.021170	0.277000	11.010000
271	-164.981170	0.277000	11.050000
272	-164.881170	0.277000	11.140000
273	-164.671170	0.279000	11.020000
274	-164.661170	0.281000	10.860000
275	-164.551170	0.281000	10.950000
276	-164.411170	0.283000	10.940000
277	-164.361170	0.283000	11.040000
278	-164.321170	0.285000	11.290000
279	-164.201170	0.285000	11.110000
280	-164.191170	0.285000	11.060000
281	-164.161170	0.287000	11.080000
282	-164.121170	0.289000	10.950000
283	-164.101170	0.289000	11.210000
284	-163.951170	0.291000	11.080000
285	-163.891170	0.291000	11.060000
286	-163.871170	0.293000	11.140000
287	-163.831170	0.293000	11.080000
288	-163.771170	0.293000	10.890000
289	-163.351170	0.295000	10.960000
290	-163.261170	0.297000	11.270000
291	-163.011170	0.297000	11.970000
292	-162.761170	0.299000	11.210000
293	-162.741170	0.299000	11.170000
294	-162.721170	0.301000	11.050000
295	-162.661170	0.301000	11.040000
296	-162.651170	0.301000	11.550000
297	-162.621170	0.303000	11.430000
298	-162.531170	0.305000	10.660000
299	-162.361170	0.305000	11.340000
300	-162.351170	0.305000	11.160000
301	-162.331170	0.307000	11.260000
302	-162.301170	0.309000	11.080000
303	-162.281170	0.309000	11.270000
304	-162.231170	0.309000	11.190000
305	-162.221170	0.311000	11.300000
306	-162.171170	0.313000	11.200000
307	-162.071170	0.313000	11.610000
308	-162.021170	0.314000	11.260000
309	-161.921170	0.314000	11.210000
310	-161.871170	0.316000	11.650000
311	-161.861170	0.316000	11.280000
312	-161.851170	0.316000	10.820000
313	-161.851170	0.318000	11.480000
314	-161.431170	0.320000	11.340000
315	-161.371170	0.320000	11.060000
316	-161.251170	0.322000	11.320000
317	-161.161170	0.322000	11.440000
318	-161.161170	0.324000	11.340000
319	-160.931170	0.324000	11.590000
320	-160.841170	0.324000	11.260000
321	-160.811170	0.326000	11.340000
322	-160.741170	0.330000	11.200000
323	-160.631170	0.328000	11.090000
324	-160.621170	0.330000	11.300000
325	-160.461170	0.330000	11.360000
326	-160.451170	0.332000	11.280000
327	-160.381170	0.332000	11.290000
328	-160.361170	0.336000	11.300000
329	-160.351170	0.334000	11.400000
330	-160.321170	0.338000	11.330000
331	-160.231170	0.338000	11.130000
332	-160.071170	0.340000	11.190000
333	-160.001170	0.340000	11.240000
334	-159.961170	0.342000	11.270000
335	-159.901170	0.342000	11.290000
336	-159.781170	0.344000	11.230000
337	-159.781170	0.344000	11.250000
338	-159.711170	0.346000	11.310000
339	-159.591170	0.346000	11.540000
340	-159.461170	0.348000	11.470000
341	-159.231170	0.348000	11.190000
342	-159.171170	0.350000	11.370000
343	-159.121170	0.350000	11.470000
344	-159.081170	0.352000	11.230000
345	-159.001170	0.352000	11.420000
346	-158.951170	0.354000	11.440000
347	-158.851170	0.354000	11.400000
348	-158.811170	0.355000	11.470000
349	-158.711170	0.355000	11.340000
350	-158.651170	0.357000	11.210000
351	-158.591170	0.357000	11.400000
352	-158.571170	0.357000	11.400000
353	-158.571170	0.359000	11.570000
354	-158.451170	0.361000	11.540000
355	-158.421170	0.361000	11.440000
356	-158.341170	0.363000	11.660000
357	-158.331170	0.363000	11.390000
358	-158.281170	0.365000	11.340000
359	-158.161170	0.365000	11.600000
360	-158.051170	0.367000	11.650000
361	-158.041170	0.367000	11.380000
362	-157.971170	0.369000	11.400000
363	-157.901170	0.369000	11.500000
364	-157.881170	0.371000	11.480000
365	-157.851170	0.371000	11.490000
366	-157.851170	0.373000	11.370000
367	-157.831170	0.373000	11.420000
368	-157.441170	0.375000	11.380000
369	-157.271170	0.375000	11.600000
370	-157.121170	0.377000	11.850000
371	-157.071170	0.377000	11.500000
372	-157.031170	0.379000	11.650000
373	-156.991170	0.379000	11.480000
374	-156.971170	0.381000	11.610000
375	-156.931170	0.381000	11.850000
376	-156.671170	0.383000	11.610000
377	-156.661170	0.383000	11.570000
378	-156.591170	0.385000	11.630000
379	-156.581170	0.385000	11.550000
380	-156.481170	0.387000	11.800000
381	-156.351170	0.387000	11.620000
382	-156.281170	0.389000	11.820000
383	-156.231170	0.389000	11.550000
384	-156.211170	0.391000	11.600000
385	-156.151170	0.393000	11.610000
386	-156.121170	0.393000	11.670000
387	-156.061170	0.393000	11.560000
388	-156.011170	0.395000	11.670000
389	-156.011170	0.395000	11.600000
390	-155.771170	0.397000	11.400000
391	-155.771170	0.397000	11.520000
392	-155.721170	0.398000	11.580000
393	-155.401170	0.397000	11.770000
394	-155.401170	0.400000	11.640000
395	-155.371170	0.400000	11.560000
396	-155.241170	0.402000	11.550000
397	-155.201170	0.402000	11.700000
398	-155.011170	0.404000	11.650000
399	-154.961170	0.404000	11.660000
400	-154.821170	0.406000	11.590000
401	-154.781170	0.406000	11.460000
402	-154.521170	0.408000	11.760000
403	-154.511170	0.408000	11.690000
404	-154.471170	0.410000	11.570000
405	-154.441170	0.410000	11.730000
406	-154.351170	0.412000	11.670000
407	-154.331170	0.412000	11.680000
408	-154.261170	0.414000	11.710000
409	-154.101170	0.414000	11.850000
410	-153.981170	0.416000	11.660000
411	-153.881170	0.416000	11.820000
412	-153.871170	0.418000	11.660000
413	-153.781170	0.420000	11.620000
414	-153.751170	0.424000	11.650000
415	-153.691170	0.422000	11.710000
416	-153.631170	0.424000	11.760000
417	-153.521170	0.424000	11.780000
418	-153.421170	0.426000	11.810000
419	-153.311170	0.426000	11.740000
420	-153.301170	0.426000	11.620000
421	-153.291170	0.428000	11.760000
422	-153.141170	0.430000	11.630000
423	-153.141170	0.430000	11.710000
424	-153.041170	0.432000	11.690000
425	-153.031170	0.432000	12.080000
426	-152.891170	0.434000	11.900000
427	-152.811170	0.434000	11.880000
428	-152.741170	0.434000	11.820000
429	-152.711170	0.436000	11.700000
430	-152.511170	0.438000	11.640000
431	-152.461170	0.438000	11.960000
432	-152.371170	0.439000	11.820000
433	-152.301170	0.439000	11.970000
434	-152.221170	0.441000	11.750000
435	-152.121170	0.441000	11.730000
436	-152.111170	0.441000	11.790000
437	-152.031170	0.443000	11.750000
438	-152.031170	0.445000	11.900000
439	-151.861170	0.445000	11.890000
440	-151.821170	0.447000	11.750000
441	-151.691170	0.447000	12.000000
442	-151.481170	0.449000	11.770000
443	-151.341170	0.449000	11.820000
444	-151.291170	0.451000	11.850000
445	-151.241170	0.451000	11.930000
446	-151.221170	0.453000	11.780000
447	-151.161170	0.453000	11.930000
448	-150.901170	0.455000	11.760000
449	-150.871170	0.455000	12.110000
450	-150.811170	0.457000	11.900000
451	-150.791170	0.457000	11.870000
452	-150.751170	0.457000	11.810000
453	-150.611170	0.459000	11.890000
454	-150.461170	0.461000	12.180000
455	-150.461170	0.459000	11.850000
456	-150.421170	0.463000	12.240000
457	-150.371170	0.463000	11.790000
458	-150.361170	0.465000	12.080000
459	-150.311170	0.465000	11.850000
460	-150.201170	0.465000	12.060000
461	-150.201170	0.467000	12.090000
462	-149.871170	0.469000	11.930000
463	-149.811170	0.469000	12.110000
464	-149.791170	0.471000	11.940000
465	-149.711170	0.471000	12.000000
466	-149.581170	0.473000	12.070000
467	-149.561170	0.473000	12.020000
468	-149.551170	0.473000	12.040000
469	-149.431170	0.475000	11.940000
470	-149.381170	0.477000	11.950000
471	-149.341170	0.477000	12.010000
472	-149.271170	0.479000	12.110000
473	-149.201170	0.479000	12.030000
474	-149.101170	0.481000	12.040000
475	-148.961170	0.481000	12.010000
476	-148.941170	0.482000	12.070000
477	-148.921170	0.482000	11.840000
478	-148.871170	0.484000	11.990000
479	-148.811170	0.486000	11.980000
480	-148.811170	0.486000	12.040000
481	-148.771170	0.486000	11.770000
482	-148.711170	0.488000	11.930000
483	-148.551170	0.488000	12.110000
484	-148.541170	0.488000	12.180000
485	-148.381170	0.490000	11.980000
486	-148.301170	0.492000	12.130000
487	-148.071170	0.492000	12.240000
488	-147.781170	0.492000	12.230000
489	-147.691170	0.494000	12.110000
490	-147.461170	0.496000	12.470000
491	-147.391170	0.496000	12.200000
492	-147.311170	0.496000	12.080000
493	-147.171170	0.498000	12.270000
494	-147.141170	0.500000	12.220000
495	-147.121170	0.500000	12.180000
496	-147.091170	0.502000	12.390000
497	-146.981170	0.504000	12.430000
498	-146.951170	0.506000	12.110000
499	-146.931170	0.506000	12.240000
500	-146.881170	0.506000	12.250000
501	-146.741170	0.508000	12.250000
502	-146.701170	0.510000	12.150000
503	-146.671170	0.510000	12.630000
504	-146.511170	0.512000	12.310000
505	-146.501170	0.512000	12.070000
506	-146.491170	0.514000	12.270000
507	-146.461170	0.514000	12.250000
508	-146.141170	0.516000	12.400000
509	-146.001170	0.516000	12.120000
510	-145.991170	0.518000	12.350000
511	-145.951170	0.518000	12.510000
512	-145.801170	0.520000	12.400000
513	-145.731170	0.520000	12.330000
514	-145.711170	0.522000	12.350000
515	-145.611170	0.522000	12.330000
516	-145.611170	0.523000	12.310000
517	-145.401170	0.523000	12.340000
518	-145.311170	0.525000	12.450000
519	-145.311170	0.525000	12.330000
520	-145.301170	0.527000	12.280000
521	-145.261170	0.527000	12.310000
522	-145.231170	0.529000	12.430000
523	-145.091170	0.529000	12.190000
524	-145.071170	0.531000	12.390000
525	-144.991170	0.531000	12.450000
526	-144.981170	0.533000	12.310000
527	-144.851170	0.533000	12.510000
528	-144.831170	0.535000	12.230000
529	-144.811170	0.535000	12.360000
530	-144.741170	0.537000	12.560000
531	-144.701170	0.537000	12.280000
532	-144.691170	0.537000	12.390000
533	-144.571170	0.539000	12.330000
534	-144.521170	0.541000	12.300000
535	-144.521170	0.541000	12.600000
536	-144.481170	0.543000	12.290000
537	-144.471170	0.543000	12.300000
538	-144.431170	0.545000	12.800000
539	-144.371170	0.545000	12.370000
540	-144.291170	0.549000	12.550000
541	-144.141170	0.547000	12.290000
542	-144.131170	0.549000	12.390000
543	-143.941170	0.549000	12.300000
544	-143.921170	0.551000	12.540000
545	-143.861170	0.551000	12.290000
546	-143.511170	0.553000	12.530000
547	-143.251170	0.553000	12.520000
548	-143.091170	0.555000	12.590000
549	-143.011170	0.555000	12.550000
550	-143.001170	0.557000	12.270000
551	-142.931170	0.557000	12.470000
552	-142.881170	0.557000	12.630000
553	-142.821170	0.559000	12.450000
554	-142.651170	0.561000	12.580000
555	-142.631170	0.561000	12.730000
556	-142.631170	0.563000	12.500000
557	-142.581170	0.563000	12.570000
558	-142.521170	0.564000	12.520000
559	-142.461170	0.564000	12.570000
560	-142.461170	0.566000	12.320000
561	-142.391170	0.566000	12.450000
562	-142.311170	0.568000	12.390000
563	-142.271170	0.568000	12.530000
564	-142.081170	0.570000	12.380000
565	-142.061170	0.570000	12.400000
566	-142.041170	0.572000	12.670000
567	-141.981170	0.572000	12.420000
568	-141.811170	0.574000	12.590000
569	-141.741170	0.574000	12.550000
570	-141.691170	0.576000	12.580000
571	-141.691170	0.576000	12.510000
572	-141.661170	0.578000	12.540000
573	-141.631170	0.580000	12.570000
574	-141.411170	0.580000	12.550000
575	-141.401170	0.582000	12.800000
576	-141.371170	0.582000	12.600000
577	-141.091170	0.586000	12.570000
578	-141.041170	0.586000	12.740000
579	-141.001170	0.588000	12.600000
580	-140.941170	0.588000	12.820000
581	-140.941170	0.590000	12.480000
582	-140.931170	0.590000	12.660000
583	-140.821170	0.590000	12.700000
584	-140.791170	0.592000	12.590000
585	-140.791170	0.594000	12.660000
586	-140.731170	0.594000	12.510000
587	-140.641170	0.596000	12.790000
588	-140.631170	0.596000	12.640000
589	-140.501170	0.598000	12.920000
590	-140.471170	0.598000	12.780000
591	-140.461170	0.598000	12.790000
592	-140.321170	0.600000	12.820000
593	-140.291170	0.602000	12.480000
594	-140.131170	0.600000	12.820000
595	-140.011170	0.604000	12.830000
596	-139.931170	0.604000	12.830000
597	-139.611170	0.605000	12.970000
598	-139.551170	0.605000	12.750000
599	-139.141170	0.605000	12.750000
600	-139.121170	0.607000	12.740000
601	-139.071170	0.609000	12.760000
602	-138.991170	0.609000	12.890000
603	-138.911170	0.609000	12.850000
604	-138.861170	0.611000	12.760000
605	-138.841170	0.613000	12.700000
606	-138.781170	0.613000	12.830000
607	-138.761170	0.613000	12.950000
608	-138.701170	0.615000	12.910000
609	-138.691170	0.617000	12.670000
610	-138.651170	0.617000	12.790000
611	-138.481170	0.619000	12.920000
612	-138.291170	0.619000	12.810000
613	-138.241170	0.621000	12.980000
614	-138.231170	0.621000	12.790000
615	-138.161170	0.621000	12.840000
616	-138.131170	0.623000	12.900000
617	-138.071170	0.625000	12.800000
618	-138.051170	0.625000	13.090000
619	-137.991170	0.627000	12.840000
620	-137.961170	0.627000	12.950000
621	-137.951170	0.629000	13.030000
622	-137.901170	0.629000	12.890000
623	-137.871170	0.629000	12.930000
624	-137.791170	0.631000	12.850000
625	-137.741170	0.633000	12.960000
626	-137.731170	0.633000	12.920000
627	-137.711170	0.635000	13.050000
628	-137.631170	0.635000	13.000000
629	-137.621170	0.637000	13.040000
630	-137.601170	0.637000	12.830000
631	-137.561170	0.637000	12.890000
632	-137.251170	0.639000	12.910000
633	-137.231170	0.641000	12.830000
634	-137.221170	0.641000	12.830000
635	-137.171170	0.641000	12.900000
636	-137.171170	0.643000	13.020000
637	-137.071170	0.645000	13.070000
638	-136.931170	0.645000	13.000000
639	-136.751170	0.645000	13.010000
640	-136.681170	0.647000	12.950000
641	-136.651170	0.648000	12.960000
642	-136.611170	0.648000	13.040000
643	-136.591170	0.650000	13.060000
644	-136.531170	0.650000	12.910000
645	-136.481170	0.652000	13.120000
646	-136.461170	0.652000	12.910000
647	-136.351170	0.652000	13.180000
648	-136.141170	0.654000	13.020000
649	-135.811170	0.656000	13.000000
650	-135.731170	0.656000	12.930000
651	-135.681170	0.658000	12.970000
652	-135.401170	0.658000	13.090000
653	-135.401170	0.660000	13.000000
654	-135.381170	0.660000	12.930000
655	-135.291170	0.660000	13.030000
656	-135.281170	0.662000	13.010000
657	-135.111170	0.664000	13.020000
658	-134.811170	0.664000	13.000000
659	-134.511170	0.666000	13.130000
660	-134.421170	0.666000	13.210000
661	-134.381170	0.670000	13.130000
662	-134.361170	0.670000	13.220000
663	-134.331170	0.672000	13.190000
664	-134.261170	0.672000	13.230000
665	-134.221170	0.674000	13.180000
666	-134.131170	0.674000	13.260000
667	-134.091170	0.676000	13.120000
668	-134.001170	0.676000	13.020000
669	-133.991170	0.678000	13.050000
670	-133.881170	0.678000	13.070000
671	-133.711170	0.680000	13.130000
672	-133.671170	0.680000	13.250000
673	-133.661170	0.682000	13.150000
674	-133.611170	0.682000	13.200000
675	-133.581170	0.684000	13.100000
676	-133.521170	0.684000	13.270000
677	-133.351170	0.686000	13.070000
678	-133.331170	0.688000	13.090000
679	-133.301170	0.688000	13.200000
680	-133.271170	0.689000	13.130000
681	-133.271170	0.689000	13.050000
682	-133.221170	0.691000	13.200000
683	-133.211170	0.691000	12.990000
684	-133.201170	0.693000	13.200000
685	-133.201170	0.693000	13.090000
686	-133.191170	0.693000	13.170000
687	-133.161170	0.695000	12.960000
688	-133.161170	0.697000	13.160000
689	-133.081170	0.697000	13.430000
690	-132.971170	0.699000	13.180000
691	-132.901170	0.699000	13.080000
692	-132.821170	0.701000	13.060000
693	-132.321170	0.701000	13.160000
694	-132.291170	0.703000	13.250000
695	-132.191170	0.703000	13.280000
696	-132.191170	0.705000	13.200000
697	-131.861170	0.707000	13.430000
698	-131.751170	0.707000	13.250000
699	-131.681170	0.709000	13.160000
700	-131.661170	0.709000	13.220000
701	-131.481170	0.711000	13.290000
702	-131.471170	0.711000	13.280000
703	-131.411170	0.713000	13.460000
704	-131.391170	0.713000	13.320000
705	-131.311170	0.715000	13.310000
706	-131.261170	0.715000	13.320000
707	-131.221170	0.717000	13.440000
708	-131.181170	0.717000	13.520000
709	-131.051170	0.719000	13.430000
710	-130.831170	0.719000	13.340000
711	-130.771170	0.721000	13.300000
712	-130.711170	0.721000	13.530000
713	-130.711170	0.723000	13.390000
714	-130.611170	0.723000	13.370000
715	-130.571170	0.725000	13.360000
716	-130.421170	0.725000	13.290000
717	-130.411170	0.725000	13.370000
718	-130.311170	0.727000	13.440000
719	-130.161170	0.729000	13.420000
720	-130.121170	0.729000	13.400000
721	-129.971170	0.731000	13.370000
722	-129.851170	0.731000	13.400000
723	-129.761170	0.732000	13.430000
724	-129.731170	0.732000	13.290000
725	-129.681170	0.734000	13.470000
726	-129.611170	0.734000	13.460000
727	-129.551170	0.736000	13.400000
728	-129.471170	0.736000	13.640000
729	-129.221170	0.738000	13.370000
730	-129.101170	0.738000	13.510000
731	-129.001170	0.740000	13.490000
732	-128.981170	0.740000	13.400000
733	-128.931170	0.742000	13.430000
734	-128.901170	0.742000	13.600000
735	-128.891170	0.744000	13.610000
736	-128.881170	0.744000	13.340000
737	-128.791170	0.746000	13.500000
738	-128.611170	0.746000	13.530000
739	-128.601170	0.748000	13.630000
740	-128.501170	0.748000	13.570000
741	-128.491170	0.750000	13.510000
742	-128.431170	0.750000	13.670000
743	-128.421170	0.754000	13.680000
744	-128.321170	0.754000	13.610000
745	-128.311170	0.754000	13.640000
746	-128.211170	0.756000	13.520000
747	-128.191170	0.758000	13.430000
748	-128.151170	0.758000	13.630000
749	-127.931170	0.760000	13.470000
750	-127.901170	0.760000	13.600000
751	-127.791170	0.762000	13.490000
752	-127.721170	0.762000	13.460000
753	-127.541170	0.762000	13.660000
754	-127.481170	0.764000	13.470000
755	-127.351170	0.766000	13.850000
756	-127.351170	0.768000	13.730000
757	-127.221170	0.768000	13.530000
758	-127.171170	0.768000	13.310000
759	-127.071170	0.770000	13.570000
760	-127.031170	0.770000	13.670000
761	-126.801170	0.770000	13.660000
762	-126.741170	0.772000	13.710000
763	-126.701170	0.772000	13.650000
764	-126.601170	0.772000	13.680000
765	-126.561170	0.775000	13.710000
766	-126.441170	0.775000	13.780000
767	-126.431170	0.777000	13.610000
768	-126.421170	0.777000	13.760000
769	-126.381170	0.777000	13.560000
770	-126.371170	0.779000	13.560000
771	-126.341170	0.781000	13.700000
772	-126.241170	0.781000	13.520000
773	-126.181170	0.783000	13.490000
774	-126.081170	0.783000	13.760000
775	-126.011170	0.785000	13.950000
776	-125.921170	0.785000	13.790000
777	-125.891170	0.785000	13.590000
778	-125.861170	0.787000	13.710000
779	-125.861170	0.789000	13.620000
780	-125.761170	0.789000	13.600000
781	-125.671170	0.791000	13.660000
782	-125.581170	0.791000	13.650000
783	-125.451170	0.793000	13.860000
784	-125.441170	0.793000	13.720000
785	-125.441170	0.793000	13.690000
786	-125.301170	0.795000	13.610000
787	-125.121170	0.797000	13.550000
788	-125.091170	0.797000	13.830000
789	-125.021170	0.797000	13.670000
790	-124.961170	0.801000	13.640000
791	-124.831170	0.801000	13.800000
792	-124.821170	0.801000	13.900000
793	-124.761170	0.803000	13.680000
794	-124.641170	0.805000	13.780000
795	-124.581170	0.805000	13.760000
796	-124.531170	0.807000	13.650000
797	-124.401170	0.807000	13.870000
798	-124.401170	0.809000	13.760000
799	-124.211170	0.809000	13.690000
800	-124.211170	0.811000	13.500000
801	-124.021170	0.811000	13.710000
802	-123.821170	0.813000	13.800000
803	-123.701170	0.813000	13.790000
804	-123.701170	0.814000	13.790000
805	-123.601170	0.814000	13.820000
806	-123.581170	0.816000	13.810000
807	-123.571170	0.816000	13.800000
808	-123.541170	0.816000	13.950000
809	-123.531170	0.818000	13.850000
810	-123.471170	0.818000	13.820000
811	-123.151170	0.822000	13.850000
812	-123.081170	0.822000	13.700000
813	-123.031170	0.824000	13.780000
814	-122.901170	0.824000	13.850000
815	-122.391170	0.824000	14.000000
816	-122.381170	0.826000	13.940000
817	-122.341170	0.830000	13.930000
818	-122.331170	0.830000	13.890000
819	-122.271170	0.828000	13.920000
820	-122.261170	0.830000	14.170000
821	-122.221170	0.832000	14.170000
822	-122.091170	0.832000	13.800000
823	-121.991170	0.836000	13.960000
824	-121.991170	0.836000	13.860000
825	-121.981170	0.838000	13.830000
826	-121.891170	0.838000	13.790000
827	-121.601170	0.840000	13.910000
828	-121.471170	0.840000	14.180000
829	-121.211170	0.842000	13.910000
830	-121.191170	0.842000	13.920000
831	-121.121170	0.844000	13.950000
832	-121.081170	0.844000	13.880000
833	-121.071170	0.846000	13.880000
834	-121.021170	0.846000	14.140000
835	-120.981170	0.848000	14.010000
836	-120.891170	0.848000	14.040000
837	-120.851170	0.850000	13.960000
838	-120.831170	0.850000	14.090000
839	-120.771170	0.852000	13.930000
840	-120.601170	0.852000	14.040000
841	-120.561170	0.854000	14.080000
842	-120.561170	0.854000	14.100000
843	-120.441170	0.855000	14.190000
844	-120.381170	0.855000	13.950000
845	-120.371170	0.857000	14.060000
846	-120.311170	0.857000	13.930000
847	-120.261170	0.859000	14.140000
848	-120.191170	0.859000	14.110000
849	-120.151170	0.861000	14.210000
850	-120.061170	0.861000	13.970000
851	-120.021170	0.863000	14.060000
852	-119.981170	0.863000	14.060000
853	-119.971170	0.865000	13.850000
854	-119.911170	0.865000	14.190000
855	-119.781170	0.867000	14.110000
856	-119.751170	0.867000	14.050000
857	-119.721170	0.869000	14.110000
858	-119.641170	0.869000	13.920000
859	-119.621170	0.871000	14.080000
860	-119.561170	0.871000	14.070000
861	-119.551170	0.873000	14.150000
862	-119.541170	0.875000	14.280000
863	-119.431170	0.875000	14.050000
864	-119.411170	0.877000	14.000000
865	-119.401170	0.877000	14.060000
866	-119.231170	0.879000	14.030000
867	-119.161170	0.879000	14.290000
868	-119.151170	0.881000	14.150000
869	-119.121170	0.881000	14.290000
870	-119.071170	0.881000	14.260000
871	-118.961170	0.883000	14.160000
872	-118.641170	0.885000	14.320000
873	-118.521170	0.885000	14.170000
874	-118.511170	0.887000	14.160000
875	-118.231170	0.887000	14.220000
876	-118.201170	0.889000	14.300000
877	-117.861170	0.889000	14.320000
878	-117.771170	0.891000	14.310000
879	-117.701170	0.893000	14.180000
880	-117.511170	0.893000	14.380000
881	-117.421170	0.893000	14.300000
882	-117.401170	0.895000	14.440000
883	-117.391170	0.895000	14.410000
884	-117.181170	0.897000	14.360000
885	-117.071170	0.897000	14.430000
886	-117.031170	0.898000	14.570000
887	-117.031170	0.898000	14.330000
888	-117.001170	0.900000	14.330000
889	-116.991170	0.900000	14.330000
890	-116.971170	0.902000	14.470000
891	-116.961170	0.902000	14.340000
892	-116.921170	0.904000	14.320000
893	-116.731170	0.904000	14.460000
894	-116.711170	0.906000	14.450000
895	-116.681170	0.906000	14.450000
896	-116.631170	0.908000	14.390000
897	-116.581170	0.908000	14.350000
898	-116.511170	0.910000	14.260000
899	-116.381170	0.910000	14.480000
900	-116.321170	0.912000	14.450000
901	-116.251170	0.912000	14.530000
902	-116.251170	0.912000	14.440000
903	-116.161170	0.914000	14.500000
904	-116.151170	0.916000	14.490000
905	-116.001170	0.916000	14.430000
906	-115.991170	0.918000	14.300000
907	-115.961170	0.920000	14.420000
908	-115.931170	0.922000	14.410000
909	-115.931170	0.922000	14.480000
910	-115.901170	0.924000	14.430000
911	-115.831170	0.924000	14.400000
912	-115.831170	0.926000	14.330000
913	-115.801170	0.926000	14.710000
914	-115.761170	0.926000	14.520000
915	-115.711170	0.928000	14.420000
916	-115.671170	0.930000	14.450000
917	-115.671170	0.930000	14.630000
918	-115.581170	0.932000	14.470000
919	-115.571170	0.932000	14.650000
920	-115.461170	0.934000	14.380000
921	-115.441170	0.934000	14.440000
922	-115.411170	0.934000	14.740000
923	-115.381170	0.936000	14.630000
924	-115.291170	0.938000	14.360000
925	-115.191170	0.938000	14.640000
926	-115.061170	0.939000	14.760000
927	-114.961170	0.939000	14.550000
928	-114.851170	0.941000	14.300000
929	-114.381170	0.941000	14.660000
930	-114.121170	0.943000	14.520000
931	-114.061170	0.943000	14.830000
932	-114.031170	0.945000	14.480000
933	-113.961170	0.945000	14.520000
934	-113.821170	0.947000	14.590000
935	-113.781170	0.947000	14.630000
936	-113.611170	0.949000	14.670000
937	-113.571170	0.949000	14.420000
938	-113.541170	0.949000	14.730000
939	-113.481170	0.951000	14.850000
940	-113.381170	0.953000	14.720000
941	-113.321170	0.953000	14.650000
942	-113.301170	0.955000	14.690000
943	-113.151170	0.955000	14.760000
944	-113.121170	0.957000	14.740000
945	-113.081170	0.957000	14.600000
946	-112.961170	0.957000	14.690000
947	-112.931170	0.959000	14.650000
948	-112.921170	0.961000	14.790000
949	-112.831170	0.961000	14.830000
950	-112.791170	0.963000	14.760000
951	-112.581170	0.963000	14.740000
952	-112.531170	0.965000	14.620000
953	-112.411170	0.965000	14.630000
954	-112.401170	0.965000	14.750000
955	-112.351170	0.967000	14.740000
956	-112.151170	0.969000	14.620000
957	-112.121170	0.969000	14.770000
958	-112.111170	0.971000	14.730000
959	-112.091170	0.971000	14.630000
960	-112.061170	0.973000	14.780000
961	-112.051170	0.973000	14.620000
962	-112.021170	0.973000	14.700000
963	-112.021170	0.975000	14.610000
964	-111.991170	0.975000	14.680000
965	-111.791170	0.979000	14.860000
966	-111.701170	0.979000	14.690000
967	-111.691170	0.981000	14.590000
968	-111.661170	0.981000	14.580000
969	-111.581170	0.982000	14.950000
970	-111.571170	0.982000	14.650000
971	-111.531170	0.984000	14.800000
972	-111.331170	0.986000	14.730000
973	-111.281170	0.986000	14.690000
974	-111.191170	0.986000	14.580000
975	-111.021170	0.988000	14.730000
976	-110.731170	0.988000	14.910000
977	-110.571170	0.988000	14.720000
978	-110.511170	0.990000	14.740000
979	-110.411170	0.992000	14.880000
980	-110.341170	0.992000	14.840000
981	-110.141170	0.994000	14.750000
982	-109.981170	0.994000	14.800000
983	-109.931170	0.996000	14.900000
984	-109.901170	0.996000	14.750000
985	-109.831170	0.998000	15.040000
986	-109.801170	1.000000	15.240000
987	-109.771170	1.000000	14.900000
988	-109.591170	1.002000	14.820000
989	-109.571170	1.004000	15.070000
990	-109.531170	1.006000	14.730000
991	-109.501170	1.006000	14.900000
992	-109.481170	1.006000	14.920000
993	-109.441170	1.008000	14.800000
994	-109.401170	1.010000	14.850000
995	-109.391170	1.010000	14.900000
996	-109.341170	1.012000	14.960000
997	-109.171170	1.012000	14.920000
998	-109.151170	1.014000	14.960000
999	-109.121170	1.014000	14.960000
1000	-109.061170	1.016000	14.990000
1001	-108.801170	1.016000	14.990000
1002	-108.781170	1.018000	15.030000
1003	-108.671170	1.018000	14.850000
1004	-108.571170	1.020000	15.110000
1005	-108.551170	1.020000	14.980000
1006	-108.521170	1.022000	14.890000
1007	-108.321170	1.022000	14.900000
1008	-108.161170	1.023000	15.010000
1009	-108.061170	1.023000	14.750000
1010	-108.051170	1.025000	15.070000
1011	-107.901170	1.025000	15.170000
1012	-107.871170	1.027000	15.040000
1013	-107.801170	1.027000	15.110000
1014	-107.561170	1.029000	14.960000
1015	-107.511170	1.033000	15.000000
1016	-107.431170	1.031000	15.070000
1017	-107.321170	1.033000	14.960000
1018	-107.261170	1.033000	15.060000
1019	-107.221170	1.035000	15.150000
1020	-107.151170	1.035000	15.160000
1021	-107.131170	1.037000	14.930000
1022	-107.041170	1.037000	14.910000
1023	-107.001170	1.039000	15.260000
1024	-106.911170	1.039000	14.990000
1025	-106.741170	1.041000	15.080000
1026	-106.651170	1.041000	14.900000
1027	-106.561170	1.043000	15.020000
1028	-106.541170	1.043000	15.200000
1029	-106.521170	1.045000	15.140000
1030	-106.441170	1.045000	13.950000
1031	-106.351170	1.047000	13.840000
1032	-106.281170	1.047000	15.190000
1033	-106.281170	1.049000	15.070000
1034	-106.261170	1.051000	14.040000
1035	-106.251170	1.051000	13.700000
1036	-106.151170	1.053000	13.860000
1037	-105.941170	1.053000	13.900000
1038	-105.931170	1.053000	13.810000
1039	-105.781170	1.053000	13.870000
1040	-105.711170	1.057000	14.760000
1041	-105.581170	1.057000	15.040000
1042	-105.491170	1.059000	15.140000
1043	-105.451170	1.059000	13.950000
1044	-105.391170	1.061000	13.910000
1045	-105.201170	1.061000	14.090000
1046	-105.181170	1.063000	13.800000
1047	-105.071170	1.063000	15.190000
1048	-105.061170	1.064000	13.940000
1049	-104.961170	1.064000	14.100000
1050	-104.831170	1.066000	13.950000
1051	-104.771170	1.066000	14.030000
1052	-104.711170	1.068000	13.930000
1053	-104.681170	1.068000	13.930000
1054	-104.621170	1.070000	14.010000
1055	-104.611170	1.068000	14.080000
1056	-104.431170	1.072000	14.120000
1057	-104.411170	1.072000	13.870000
1058	-104.061170	1.074000	13.960000
1059	-104.061170	1.074000	13.950000
1060	-103.641170	1.076000	13.960000
1061	-103.591170	1.076000	13.960000
1062	-103.411170	1.078000	14.000000
1063	-103.281170	1.078000	14.020000
1064	-103.281170	1.080000	13.930000
1065	-103.181170	1.080000	14.020000
1066	-103.091170	1.082000	14.200000
1067	-102.881170	1.082000	14.090000
1068	-102.771170	1.086000	14.170000
1069	-102.741170	1.086000	14.230000
1070	-102.711170	1.088000	14.230000
1071	-102.711170	1.088000	14.200000
1072	-102.661170	1.090000	14.030000
1073	-102.631170	1.090000	14.110000
1074	-102.511170	1.090000	14.260000
1075	-102.451170	1.092000	13.930000
1076	-102.411170	1.096000	14.080000
1077	-102.341170	1.094000	14.220000
1078	-102.281170	1.096000	14.110000
1079	-102.261170	1.096000	14.270000
1080	-102.241170	1.098000	14.240000
1081	-101.981170	1.098000	14.210000
1082	-101.901170	1.098000	14.070000
1083	-101.841170	1.100000	14.130000
1084	-101.811170	1.102000	14.230000
1085	-101.801170	1.100000	14.110000
1086	-101.701170	1.104000	14.100000
1087	-101.671170	1.105000	14.260000
1088	-101.611170	1.105000	14.190000
1089	-101.611170	1.105000	14.200000
1090	-101.541170	1.107000	14.180000
1091	-101.471170	1.109000	14.380000
1092	-101.391170	1.109000	14.360000
1093	-101.331170	1.111000	14.200000
1094	-101.301170	1.111000	14.000000
1095	-101.201170	1.113000	14.160000
1096	-101.171170	1.113000	14.230000
1097	-101.121170	1.113000	14.400000
1098	-101.101170	1.115000	14.250000
1099	-101.031170	1.117000	14.190000
1100	-101.001170	1.117000	14.320000
1101	-100.921170	1.119000	14.280000
1102	-100.921170	1.119000	14.320000
1103	-100.901170	1.121000	14.270000
1104	-100.841170	1.121000	14.180000
1105	-100.751170	1.121000	14.280000
1106	-100.661170	1.123000	14.290000
1107	-100.531170	1.125000	14.130000
1108	-100.461170	1.125000	14.270000
1109	-100.311170	1.127000	14.260000
1110	-100.131170	1.127000	14.130000
1111	-100.081170	1.129000	14.440000
1112	-100.011170	1.129000	14.240000
1113	-99.901170	1.129000	14.390000
1114	-99.891170	1.131000	14.190000
1115	-99.751170	1.133000	14.280000
1116	-99.701170	1.133000	14.180000
1117	-99.631170	1.135000	14.190000
1118	-99.531170	1.135000	14.490000
1119	-99.411170	1.137000	14.330000
1120	-99.381170	1.137000	14.170000
1121	-99.061170	1.137000	14.350000
1122	-99.031170	1.139000	14.340000
1123	-98.891170	1.141000	14.510000
1124	-98.841170	1.141000	14.320000
1125	-98.761170	1.143000	14.310000
1126	-98.671170	1.145000	14.370000
1127	-98.521170	1.145000	14.370000
1128	-98.381170	1.145000	14.440000
1129	-98.271170	1.147000	14.190000
1130	-98.251170	1.147000	14.340000
1131	-98.131170	1.147000	14.410000
1132	-98.121170	1.150000	14.380000
1133	-98.081170	1.150000	14.350000
1134	-97.831170	1.152000	14.510000
1135	-97.821170	1.152000	14.340000
1136	-97.791170	1.152000	14.190000
1137	-97.771170	1.154000	14.350000
1138	-97.761170	1.156000	14.630000
1139	-97.361170	1.156000	14.310000
1140	-97.351170	1.158000	14.350000
1141	-97.331170	1.158000	14.290000
1142	-97.281170	1.160000	14.420000
1143	-97.241170	1.160000	14.410000
1144	-97.241170	1.162000	14.340000
1145	-97.231170	1.162000	14.510000
1146	-97.161170	1.162000	14.280000
1147	-97.081170	1.166000	14.560000
1148	-97.041170	1.166000	14.400000
1149	-96.911170	1.170000	14.390000
1150	-96.861170	1.170000	14.360000
1151	-96.841170	1.174000	14.470000
1152	-96.831170	1.174000	14.520000
1153	-96.731170	1.174000	14.580000
1154	-96.571170	1.174000	14.400000
1155	-96.561170	1.176000	14.520000
1156	-96.541170	1.178000	14.530000
1157	-96.461170	1.178000	14.410000
1158	-96.371170	1.180000	14.640000
1159	-96.351170	1.180000	14.500000
1160	-96.311170	1.182000	14.420000
1161	-96.281170	1.182000	14.450000
1162	-96.201170	1.184000	14.060000
1163	-96.011170	1.184000	14.590000
1164	-96.011170	1.186000	14.400000
1165	-95.991170	1.186000	14.740000
1166	-95.991170	1.189000	14.560000
1167	-95.941170	1.188000	14.590000
1168	-95.921170	1.189000	14.540000
1169	-95.811170	1.189000	14.310000
1170	-95.681170	1.191000	14.590000
1171	-95.681170	1.191000	14.450000
1172	-95.571170	1.193000	14.560000
1173	-95.211170	1.193000	14.570000
1174	-94.981170	1.195000	14.820000
1175	-94.951170	1.195000	14.610000
1176	-94.911170	1.197000	14.690000
1177	-94.861170	1.197000	14.670000
1178	-94.841170	1.199000	14.530000
1179	-94.811170	1.199000	14.690000
1180	-94.811170	1.201000	14.750000
1181	-94.681170	1.201000	14.540000
1182	-94.681170	1.203000	14.660000
1183	-94.521170	1.203000	14.450000
1184	-94.421170	1.205000	14.660000
1185	-94.411170	1.205000	14.830000
1186	-94.411170	1.207000	14.570000
1187	-94.341170	1.207000	14.670000
1188	-94.311170	1.209000	14.530000
1189	-94.221170	1.209000	14.980000
1190	-94.221170	1.211000	14.580000
1191	-94.171170	1.211000	14.560000
1192	-94.151170	1.213000	14.550000
1193	-94.111170	1.213000	14.680000
1194	-94.111170	1.215000	14.840000
1195	-94.061170	1.215000	14.760000
1196	-93.901170	1.217000	14.620000
1197	-93.901170	1.221000	14.690000
1198	-93.901170	1.219000	14.620000
1199	-93.701170	1.221000	14.750000
1200	-93.651170	1.221000	14.740000
1201	-93.181170	1.223000	14.890000
1202	-93.121170	1.223000	14.590000
1203	-93.111170	1.225000	14.900000
1204	-92.951170	1.225000	14.770000
1205	-92.831170	1.227000	14.910000
1206	-92.801170	1.227000	14.700000
1207	-92.801170	1.229000	14.790000
1208	-92.781170	1.229000	14.960000
1209	-92.631170	1.231000	14.850000
1210	-92.621170	1.231000	14.710000
1211	-92.611170	1.232000	14.700000
1212	-92.601170	1.232000	14.660000
1213	-92.561170	1.234000	14.660000
1214	-92.351170	1.234000	14.730000
1215	-92.331170	1.236000	14.860000
1216	-92.281170	1.236000	14.520000
1217	-92.231170	1.238000	14.880000
1218	-92.181170	1.240000	14.760000
1219	-92.141170	1.240000	14.820000
1220	-92.091170	1.242000	14.700000
1221	-91.911170	1.242000	14.800000
1222	-91.871170	1.244000	14.840000
1223	-91.831170	1.244000	14.800000
1224	-91.431170	1.246000	14.890000
1225	-91.401170	1.246000	14.910000
1226	-91.341170	1.248000	14.990000
1227	-91.301170	1.248000	14.890000
1228	-91.261170	1.250000	15.030000
1229	-91.131170	1.250000	14.770000
1230	-91.021170	1.254000	14.880000
1231	-90.851170	1.254000	15.020000
1232	-90.831170	1.254000	14.990000
1233	-90.731170	1.256000	14.780000
1234	-90.721170	1.258000	14.960000
1235	-90.641170	1.258000	14.740000
1236	-90.441170	1.258000	14.970000
1237	-90.431170	1.262000	14.860000
1238	-90.381170	1.262000	15.070000
1239	-90.351170	1.262000	15.040000
1240	-90.261170	1.264000	14.920000
1241	-90.241170	1.266000	15.180000
1242	-90.181170	1.266000	14.920000
1243	-90.161170	1.268000	14.920000
1244	-90.111170	1.268000	14.970000
1245	-90.031170	1.270000	14.880000
1246	-89.991170	1.270000	14.920000
1247	-89.931170	1.272000	15.010000
1248	-89.781170	1.273000	14.840000
1249	-89.711170	1.273000	14.870000
1250	-89.691170	1.275000	15.080000
1251	-89.691170	1.275000	14.910000
1252	-89.661170	1.277000	15.060000
1253	-89.611170	1.277000	15.010000
1254	-89.571170	1.279000	15.050000
1255	-89.511170	1.279000	14.950000
1256	-89.411170	1.283000	15.070000
1257	-89.311170	1.283000	15.040000
1258	-89.251170	1.283000	15.000000
1259	-89.181170	1.285000	15.160000
1260	-89.121170	1.285000	15.030000
1261	-89.111170	1.285000	14.980000
1262	-89.101170	1.287000	14.910000
1263	-89.011170	1.289000	15.110000
1264	-88.931170	1.287000	15.030000
1265	-88.911170	1.289000	15.080000
1266	-88.901170	1.291000	15.030000
1267	-88.821170	1.293000	15.190000
1268	-88.621170	1.293000	15.050000
1269	-88.581170	1.293000	15.100000
1270	-88.581170	1.295000	15.010000
1271	-88.521170	1.297000	14.930000
1272	-88.321170	1.297000	15.080000
1273	-88.311170	1.299000	15.000000
1274	-88.261170	1.299000	15.060000
1275	-88.191170	1.301000	15.070000
1276	-87.921170	1.301000	14.970000
1277	-87.901170	1.301000	15.140000
1278	-87.811170	1.303000	15.160000
1279	-87.741170	1.305000	15.260000
1280	-87.731170	1.305000	15.020000
1281	-87.641170	1.307000	15.300000
1282	-87.541170	1.307000	15.020000
1283	-87.371170	1.309000	15.270000
1284	-87.271170	1.309000	15.100000
1285	-87.001170	1.309000	15.290000
1286	-86.991170	1.311000	15.240000
1287	-86.971170	1.313000	15.140000
1288	-86.891170	1.313000	15.200000
1289	-86.791170	1.314000	15.280000
1290	-86.711170	1.314000	15.370000
1291	-86.621170	1.316000	15.120000
1292	-86.551170	1.316000	15.300000
1293	-86.511170	1.316000	15.320000
1294	-86.371170	1.318000	15.170000
1295	-86.281170	1.320000	15.260000
1296	-86.211170	1.320000	15.130000
1297	-86.181170	1.320000	15.510000
1298	-86.141170	1.322000	15.210000
1299	-86.091170	1.324000	15.300000
1300	-86.001170	1.324000	15.360000
1301	-85.901170	1.324000	15.170000
1302	-85.571170	1.326000	15.480000
1303	-85.551170	1.328000	15.350000
1304	-85.401170	1.328000	15.420000
1305	-85.371170	1.330000	15.190000
1306	-85.311170	1.330000	15.660000
1307	-85.311170	1.332000	15.520000
1308	-85.231170	1.332000	15.350000
1309	-85.221170	1.336000	15.500000
1310	-85.201170	1.336000	15.280000
1311	-84.981170	1.338000	15.560000
1312	-84.831170	1.338000	15.370000
1313	-84.781170	1.340000	15.470000
1314	-84.711170	1.340000	15.310000
1315	-84.701170	1.342000	15.440000
1316	-84.681170	1.342000	15.400000
1317	-84.671170	1.342000	15.300000
1318	-84.601170	1.346000	15.330000
1319	-84.591170	1.346000	15.450000
1320	-84.551170	1.348000	15.350000
1321	-84.501170	1.348000	15.090000
1322	-84.431170	1.350000	15.380000
1323	-84.421170	1.350000	15.540000
1324	-84.381170	1.352000	15.420000
1325	-84.311170	1.352000	15.510000
1326	-84.091170	1.354000	15.620000
1327	-84.061170	1.354000	15.330000
1328	-84.041170	1.355000	15.450000
1329	-83.991170	1.355000	15.300000
1330	-83.971170	1.357000	15.360000
1331	-83.871170	1.357000	15.350000
1332	-83.801170	1.359000	15.310000
1333	-83.711170	1.359000	15.590000
1334	-83.491170	1.361000	15.490000
1335	-83.431170	1.361000	15.640000
1336	-83.241170	1.363000	15.650000
1337	-83.001170	1.363000	15.410000
1338	-82.881170	1.365000	15.450000
1339	-82.781170	1.365000	15.450000
1340	-82.651170	1.367000	15.480000
1341	-82.591170	1.367000	15.550000
1342	-82.581170	1.369000	15.580000
1343	-82.571170	1.369000	15.410000
1344	-82.501170	1.371000	15.430000
1345	-82.481170	1.371000	15.480000
1346	-82.351170	1.373000	15.480000
1347	-82.321170	1.373000	15.620000
1348	-82.311170	1.375000	15.660000
1349	-82.271170	1.377000	15.640000
1350	-82.271170	1.377000	15.570000
1351	-82.191170	1.377000	15.700000
1352	-82.091170	1.379000	15.590000
1353	-82.071170	1.379000	15.570000
1354	-82.021170	1.381000	15.520000
1355	-81.951170	1.381000	15.490000
1356	-81.761170	1.383000	15.590000
1357	-81.751170	1.383000	15.530000
1358	-81.731170	1.385000	15.710000
1359	-81.611170	1.387000	15.620000
1360	-81.181170	1.387000	15.650000
1361	-81.161170	1.389000	15.530000
1362	-81.091170	1.389000	15.620000
1363	-80.971170	1.391000	15.680000
1364	-80.821170	1.391000	15.640000
1365	-80.521170	1.393000	15.710000
1366	-80.401170	1.393000	15.700000
1367	-80.381170	1.395000	15.660000
1368	-80.281170	1.395000	15.710000
1369	-80.231170	1.397000	15.610000
1370	-79.961170	1.397000	15.640000
1371	-79.931170	1.398000	15.690000
1372	-79.921170	1.398000	15.910000
1373	-79.921170	1.400000	15.740000
1374	-79.871170	1.400000	15.840000
1375	-79.841170	1.402000	15.710000
1376	-79.821170	1.402000	15.570000
1377	-79.771170	1.404000	15.660000
1378	-79.701170	1.404000	15.600000
1379	-79.581170	1.408000	15.690000
1380	-79.531170	1.408000	15.550000
1381	-79.511170	1.408000	15.680000
1382	-79.431170	1.410000	15.620000
1383	-79.171170	1.410000	15.620000
1384	-79.121170	1.412000	15.690000
1385	-79.061170	1.412000	15.590000
1386	-78.821170	1.414000	15.870000
1387	-78.801170	1.412000	15.710000
1388	-78.741170	1.416000	15.800000
1389	-78.711170	1.418000	15.790000
1390	-78.611170	1.420000	15.800000
1391	-78.611170	1.422000	15.660000
1392	-78.521170	1.422000	15.750000
1393	-78.481170	1.424000	15.820000
1394	-78.311170	1.424000	15.800000
1395	-78.171170	1.426000	15.790000
1396	-78.041170	1.426000	15.650000
1397	-78.011170	1.428000	15.870000
1398	-78.001170	1.428000	15.850000
1399	-78.001170	1.430000	15.690000
1400	-77.991170	1.430000	15.900000
1401	-77.961170	1.432000	15.770000
1402	-77.931170	1.432000	15.720000
1403	-77.901170	1.434000	15.840000
1404	-77.881170	1.434000	15.690000
1405	-77.731170	1.434000	15.820000
1406	-77.641170	1.436000	15.890000
1407	-77.591170	1.439000	15.910000
1408	-77.541170	1.438000	15.740000
1409	-77.511170	1.439000	15.920000
1410	-77.481170	1.439000	15.800000
1411	-77.231170	1.441000	15.850000
1412	-77.181170	1.441000	15.820000
1413	-77.171170	1.441000	15.890000
1414	-77.021170	1.443000	15.850000
1415	-77.011170	1.445000	15.860000
1416	-76.821170	1.445000	15.750000
1417	-76.661170	1.447000	16.010000
1418	-76.641170	1.447000	16.030000
1419	-76.621170	1.449000	15.940000
1420	-76.601170	1.449000	15.810000
1421	-76.501170	1.449000	15.910000
1422	-76.481170	1.451000	15.950000
1423	-76.341170	1.453000	15.930000
1424	-76.321170	1.453000	15.770000
1425	-76.301170	1.455000	15.920000
1426	-76.261170	1.455000	15.880000
1427	-76.221170	1.457000	15.960000
1428	-76.021170	1.457000	16.100000
1429	-75.991170	1.457000	15.970000
1430	-75.881170	1.459000	15.900000
1431	-75.861170	1.461000	15.960000
1432	-75.701170	1.461000	15.980000
1433	-75.651170	1.463000	16.110000
1434	-75.571170	1.463000	15.770000
1435	-75.551170	1.465000	15.990000
1436	-75.501170	1.465000	16.100000
1437	-75.441170	1.465000	16.040000
1438	-75.191170	1.467000	16.070000
1439	-75.161170	1.469000	16.140000
1440	-75.141170	1.469000	16.080000
1441	-75.091170	1.471000	15.870000
1442	-74.981170	1.471000	16.020000
1443	-74.831170	1.473000	16.020000
1444	-74.791170	1.473000	15.980000
1445	-74.741170	1.473000	16.080000
1446	-74.681170	1.475000	16.240000
1447	-74.571170	1.477000	16.120000
1448	-74.501170	1.477000	16.120000
1449	-74.441170	1.479000	15.860000
1450	-74.151170	1.481000	16.180000
1451	-74.131170	1.481000	16.120000
1452	-74.061170	1.481000	16.240000
1453	-74.041170	1.482000	16.180000
1454	-73.981170	1.484000	16.060000
1455	-73.971170	1.484000	16.070000
1456	-73.871170	1.486000	16.280000
1457	-73.821170	1.486000	15.910000
1458	-73.791170	1.488000	16.040000
1459	-73.781170	1.488000	16.090000
1460	-73.661170	1.490000	16.050000
1461	-73.361170	1.492000	16.100000
1462	-73.321170	1.492000	16.300000
1463	-73.291170	1.494000	16.190000
1464	-73.191170	1.494000	16.070000
1465	-73.151170	1.496000	16.180000
1466	-73.141170	1.496000	16.090000
1467	-73.111170	1.498000	16.220000
1468	-73.081170	1.498000	16.140000
1469	-73.001170	1.502000	16.230000
1470	-72.961170	1.502000	16.230000
1471	-72.951170	1.504000	16.150000
1472	-72.751170	1.506000	16.040000
1473	-72.641170	1.506000	16.180000
1474	-72.591170	1.506000	16.190000
1475	-72.551170	1.506000	16.540000
1476	-72.481170	1.510000	16.350000
1477	-72.471170	1.510000	16.120000
1478	-72.441170	1.512000	16.140000
1479	-72.351170	1.512000	16.300000
1480	-72.311170	1.514000	16.260000
1481	-72.241170	1.514000	16.140000
1482	-72.121170	1.516000	16.230000
1483	-72.001170	1.516000	16.390000
1484	-71.911170	1.518000	16.340000
1485	-71.831170	1.518000	16.190000
1486	-71.781170	1.520000	16.170000
1487	-71.751170	1.520000	16.290000
1488	-71.731170	1.522000	16.180000
1489	-71.591170	1.522000	16.220000
1490	-71.581170	1.523000	16.120000
1491	-71.581170	1.523000	16.200000
1492	-71.551170	1.525000	16.350000
1493	-71.471170	1.525000	16.200000
1494	-71.291170	1.527000	16.110000
1495	-71.201170	1.527000	16.300000
1496	-70.691170	1.529000	16.380000
1497	-70.691170	1.529000	16.440000
1498	-70.611170	1.531000	16.400000
1499	-70.491170	1.531000	16.300000
1500	-70.441170	1.533000	16.340000
1501	-70.421170	1.533000	16.270000
1502	-70.411170	1.535000	16.150000
1503	-70.341170	1.535000	16.330000
1504	-70.261170	1.537000	16.390000
1505	-70.141170	1.537000	16.490000
1506	-70.111170	1.539000	16.510000
1507	-70.051170	1.539000	16.330000
1508	-70.041170	1.541000	16.110000
1509	-69.991170	1.541000	16.340000
1510	-69.871170	1.541000	16.280000
1511	-69.811170	1.543000	16.390000
1512	-69.751170	1.545000	16.470000
1513	-69.751170	1.545000	16.330000
1514	-69.741170	1.547000	16.430000
1515	-69.721170	1.547000	16.470000
1516	-69.711170	1.549000	16.440000
1517	-69.711170	1.549000	16.220000
1518	-69.471170	1.551000	16.410000
1519	-69.451170	1.551000	16.430000
1520	-69.221170	1.553000	16.480000
1521	-69.171170	1.553000	16.490000
1522	-68.971170	1.555000	16.440000
1523	-68.851170	1.557000	16.460000
1524	-68.621170	1.557000	16.460000
1525	-68.601170	1.559000	16.320000
1526	-68.551170	1.559000	16.530000
1527	-68.411170	1.561000	16.390000
1528	-68.331170	1.561000	16.400000
1529	-68.301170	1.564000	16.440000
1530	-68.281170	1.563000	16.660000
1531	-68.061170	1.564000	16.640000
1532	-68.001170	1.564000	16.610000
1533	-67.991170	1.566000	16.500000
1534	-67.971170	1.566000	16.630000
1535	-67.951170	1.568000	16.450000
1536	-67.941170	1.568000	16.640000
1537	-67.941170	1.570000	16.410000
1538	-67.931170	1.570000	16.680000
1539	-67.871170	1.572000	16.540000
1540	-67.841170	1.572000	16.500000
1541	-67.811170	1.572000	16.500000
1542	-67.771170	1.574000	16.510000
1543	-67.701170	1.576000	16.290000
1544	-67.581170	1.576000	16.580000
1545	-67.541170	1.578000	16.580000
1546	-67.451170	1.578000	16.640000
1547	-67.411170	1.580000	16.450000
1548	-67.261170	1.580000	16.580000
1549	-67.201170	1.582000	16.600000
1550	-67.101170	1.582000	16.620000
1551	-67.021170	1.586000	16.690000
1552	-66.991170	1.584000	16.560000
1553	-66.971170	1.588000	16.850000
1554	-66.841170	1.588000	16.640000
1555	-66.831170	1.590000	16.720000
1556	-66.821170	1.590000	16.530000
1557	-66.641170	1.590000	16.570000
1558	-66.531170	1.592000	16.610000
1559	-66.361170	1.594000	16.670000
1560	-66.141170	1.596000	16.620000
1561	-66.131170	1.596000	16.630000
1562	-65.981170	1.598000	16.580000
1563	-65.971170	1.598000	16.760000
1564	-65.971170	1.600000	16.560000
1565	-65.961170	1.600000	16.720000
1566	-65.931170	1.600000	16.710000
1567	-65.881170	1.600000	16.670000
1568	-65.831170	1.604000	16.660000
1569	-65.711170	1.604000	16.740000
1570	-65.661170	1.605000	16.760000
1571	-65.521170	1.605000	16.540000
1572	-65.521170	1.607000	16.660000
1573	-65.311170	1.609000	16.630000
1574	-65.151170	1.609000	16.770000
1575	-64.811170	1.611000	16.750000
1576	-64.791170	1.611000	16.750000
1577	-64.741170	1.613000	16.750000
1578	-64.711170	1.613000	16.770000
1579	-64.671170	1.613000	16.830000
1580	-64.591170	1.615000	16.980000
1581	-64.561170	1.615000	16.830000
1582	-64.441170	1.617000	16.860000
1583	-64.391170	1.619000	16.820000
1584	-64.381170	1.619000	16.880000
1585	-64.251170	1.621000	16.670000
1586	-64.041170	1.621000	16.780000
1587	-63.991170	1.621000	16.820000
1588	-63.981170	1.623000	16.800000
1589	-63.981170	1.625000	16.850000
1590	-63.971170	1.625000	16.710000
1591	-63.941170	1.627000	16.860000
1592	-63.921170	1.629000	16.940000
1593	-63.791170	1.629000	16.880000
1594	-63.771170	1.629000	16.810000
1595	-63.741170	1.631000	16.750000
1596	-63.721170	1.633000	16.850000
1597	-63.321170	1.633000	16.850000
1598	-63.291170	1.635000	16.960000
1599	-63.281170	1.635000	16.910000
1600	-63.041170	1.637000	16.930000
1601	-63.001170	1.637000	16.840000
1602	-62.981170	1.637000	16.860000
1603	-62.971170	1.639000	16.970000
1604	-62.951170	1.641000	16.760000
1605	-62.951170	1.641000	16.780000
1606	-62.851170	1.643000	16.850000
1607	-62.741170	1.643000	16.930000
1608	-62.541170	1.645000	17.090000
1609	-62.471170	1.645000	17.050000
1610	-62.271170	1.645000	17.000000
1611	-62.251170	1.647000	17.160000
1612	-62.201170	1.648000	16.990000
1613	-62.151170	1.650000	16.900000
1614	-62.101170	1.650000	16.870000
1615	-62.031170	1.652000	16.910000
1616	-61.991170	1.652000	16.870000
1617	-61.831170	1.652000	17.140000
1618	-61.781170	1.654000	17.070000
1619	-61.721170	1.656000	17.060000
1620	-61.681170	1.656000	16.910000
1621	-61.631170	1.658000	16.930000
1622	-61.571170	1.658000	17.060000
1623	-61.571170	1.660000	16.930000
1624	-61.491170	1.660000	17.200000
1625	-61.491170	1.660000	17.210000
1626	-61.311170	1.662000	17.090000
1627	-61.311170	1.662000	17.080000
1628	-61.201170	1.664000	17.030000
1629	-61.181170	1.666000	17.160000
1630	-61.091170	1.666000	16.980000
1631	-61.061170	1.670000	17.140000
1632	-60.821170	1.670000	16.890000
1633	-60.801170	1.672000	17.080000
1634	-60.521170	1.672000	17.010000
1635	-60.511170	1.674000	17.140000
1636	-60.461170	1.674000	17.150000
1637	-60.441170	1.676000	17.360000
1638	-60.421170	1.676000	17.120000
1639	-60.171170	1.678000	17.090000
1640	-59.861170	1.678000	17.110000
1641	-59.711170	1.678000	17.240000
1642	-59.691170	1.680000	17.220000
1643	-59.681170	1.682000	17.170000
1644	-59.671170	1.682000	17.260000
1645	-59.661170	1.684000	17.310000
1646	-59.641170	1.684000	17.130000
1647	-59.641170	1.686000	17.180000
1648	-59.641170	1.686000	17.210000
1649	-59.391170	1.688000	17.200000
1650	-59.361170	1.688000	17.180000
1651	-59.311170	1.689000	17.200000
1652	-59.271170	1.689000	17.140000
1653	-59.261170	1.691000	17.220000
1654	-59.251170	1.691000	17.190000
1655	-59.191170	1.693000	17.110000
1656	-59.111170	1.693000	17.370000
1657	-59.051170	1.695000	17.170000
1658	-58.911170	1.695000	17.170000
1659	-58.871170	1.697000	17.230000
1660	-58.851170	1.697000	17.320000
1661	-58.811170	1.699000	17.320000
1662	-58.721170	1.701000	17.260000
1663	-58.711170	1.701000	17.160000
1664	-58.681170	1.703000	17.190000
1665	-58.561170	1.703000	17.230000
1666	-58.331170	1.705000	17.380000
1667	-58.181170	1.705000	17.220000
1668	-58.121170	1.707000	17.420000
1669	-58.021170	1.707000	17.300000
1670	-58.021170	1.709000	17.310000
1671	-58.011170	1.709000	17.380000
1672	-57.781170	1.709000	17.280000
1673	-57.511170	1.711000	17.370000
1674	-57.321170	1.713000	17.270000
1675	-57.311170	1.713000	17.350000
1676	-57.261170	1.715000	17.490000
1677	-57.231170	1.715000	17.280000
1678	-57.161170	1.717000	17.200000
1679	-57.141170	1.717000	17.200000
1680	-57.001170	1.719000	17.480000
1681	-56.861170	1.719000	17.410000
1682	-56.831170	1.721000	17.300000
1683	-56.731170	1.721000	17.330000
1684	-56.731170	1.723000	17.330000
1685	-56.731170	1.723000	17.280000
1686	-56.721170	1.725000	17.340000
1687	-56.481170	1.725000	17.380000
1688	-56.291170	1.727000	17.380000
1689	-56.131170	1.727000	17.380000
1690	-56.131170	1.729000	17.340000
1691	-56.011170	1.729000	17.410000
1692	-55.891170	1.731000	17.380000
1693	-55.881170	1.731000	17.450000
1694	-55.871170	1.732000	17.460000
1695	-55.821170	1.732000	17.520000
1696	-55.801170	1.734000	17.530000
1697	-55.761170	1.734000	17.390000
1698	-55.691170	1.736000	17.550000
1699	-55.681170	1.736000	17.500000
1700	-55.531170	1.738000	17.400000
1701	-55.501170	1.738000	17.400000
1702	-55.411170	1.740000	17.370000
1703	-55.401170	1.740000	17.400000
1704	-55.371170	1.742000	17.480000
1705	-55.331170	1.744000	17.490000
1706	-55.261170	1.744000	17.490000
1707	-55.061170	1.746000	17.620000
1708	-54.911170	1.746000	17.450000
1709	-54.901170	1.748000	17.510000
1710	-54.861170	1.748000	17.500000
1711	-54.811170	1.750000	17.540000
1712	-54.741170	1.750000	17.550000
1713	-54.601170	1.754000	17.540000
1714	-54.601170	1.754000	17.450000
1715	-54.581170	1.754000	17.580000
1716	-54.571170	1.756000	17.450000
1717	-54.411170	1.758000	17.510000
1718	-54.371170	1.758000	17.650000
1719	-54.271170	1.760000	17.490000
1720	-54.261170	1.760000	17.510000
1721	-53.551170	1.762000	17.660000
1722	-53.531170	1.762000	17.670000
1723	-53.351170	1.762000	17.760000
1724	-53.131170	1.764000	17.610000
1725	-53.011170	1.766000	17.600000
1726	-52.921170	1.766000	17.630000
1727	-52.901170	1.768000	17.560000
1728	-52.841170	1.768000	17.680000
1729	-52.521170	1.770000	17.660000
1730	-52.451170	1.770000	17.680000
1731	-52.391170	1.770000	17.620000
1732	-52.351170	1.772000	17.780000
1733	-52.331170	1.773000	17.560000
1734	-52.311170	1.775000	17.700000
1735	-52.251170	1.775000	17.680000
1736	-52.221170	1.777000	17.630000
1737	-52.111170	1.777000	17.590000
1738	-52.101170	1.777000	17.760000
1739	-52.041170	1.779000	17.660000
1740	-52.031170	1.781000	17.580000
1741	-51.981170	1.781000	17.940000
1742	-51.981170	1.783000	17.650000
1743	-51.971170	1.785000	17.640000
1744	-51.951170	1.785000	17.520000
1745	-51.871170	1.785000	17.670000
1746	-51.841170	1.787000	17.790000
1747	-51.841170	1.789000	17.660000
1748	-51.801170	1.789000	17.580000
1749	-51.781170	1.791000	17.640000
1750	-51.771170	1.791000	17.710000
1751	-51.741170	1.793000	17.700000
1752	-51.711170	1.793000	17.780000
1753	-51.701170	1.795000	17.730000
1754	-51.671170	1.797000	17.750000
1755	-51.541170	1.797000	17.310000
1756	-51.441170	1.799000	17.620000
1757	-51.401170	1.799000	17.690000
1758	-51.391170	1.801000	17.560000
1759	-51.371170	1.801000	17.750000
1760	-51.361170	1.801000	17.660000
1761	-51.181170	1.803000	17.630000
1762	-51.171170	1.805000	17.600000
1763	-51.151170	1.805000	17.910000
1764	-51.151170	1.807000	17.750000
1765	-50.971170	1.807000	17.740000
1766	-50.921170	1.809000	17.730000
1767	-50.891170	1.809000	17.770000
1768	-50.851170	1.809000	17.670000
1769	-50.611170	1.811000	17.830000
1770	-50.371170	1.813000	17.990000
1771	-50.251170	1.813000	18.030000
1772	-50.131170	1.813000	17.800000
1773	-50.051170	1.814000	17.820000
1774	-49.901170	1.816000	17.780000
1775	-49.821170	1.816000	17.730000
1776	-49.811170	1.816000	17.940000
1777	-49.741170	1.818000	17.810000
1778	-49.631170	1.820000	17.820000
1779	-49.621170	1.820000	17.930000
1780	-49.611170	1.822000	17.970000
1781	-49.531170	1.822000	17.740000
1782	-49.531170	1.824000	17.890000
1783	-49.471170	1.824000	17.940000
1784	-49.471170	1.826000	17.930000
1785	-49.461170	1.826000	17.880000
1786	-49.421170	1.828000	17.920000
1787	-49.371170	1.828000	17.870000
1788	-49.251170	1.830000	17.790000
1789	-49.221170	1.830000	17.910000
1790	-49.191170	1.832000	17.830000
1791	-49.181170	1.832000	17.850000
1792	-49.141170	1.836000	17.920000
1793	-49.121170	1.836000	17.890000
1794	-49.101170	1.838000	17.740000
1795	-49.061170	1.838000	17.950000
1796	-49.051170	1.840000	17.670000
1797	-49.041170	1.840000	17.800000
1798	-48.971170	1.842000	17.730000
1799	-48.951170	1.842000	17.920000
1800	-48.741170	1.844000	17.820000
1801	-48.401170	1.844000	17.960000
1802	-48.351170	1.846000	17.810000
1803	-48.321170	1.846000	17.930000
1804	-48.311170	1.848000	18.030000
1805	-48.271170	1.848000	17.890000
1806	-48.261170	1.850000	17.950000
1807	-48.141170	1.850000	17.880000
1808	-48.061170	1.852000	18.110000
1809	-47.971170	1.852000	18.070000
1810	-47.921170	1.854000	18.020000
1811	-47.581170	1.854000	17.850000
1812	-47.401170	1.855000	17.970000
1813	-47.231170	1.855000	18.020000
1814	-47.221170	1.857000	17.930000
1815	-47.201170	1.859000	17.940000
1816	-47.171170	1.859000	17.890000
1817	-47.171170	1.861000	17.930000
1818	-47.091170	1.861000	17.980000
1819	-47.091170	1.863000	18.040000
1820	-46.951170	1.863000	18.000000
1821	-46.921170	1.865000	18.010000
1822	-46.901170	1.865000	18.180000
1823	-46.901170	1.867000	18.000000
1824	-46.831170	1.869000	17.980000
1825	-46.781170	1.869000	17.950000
1826	-46.761170	1.871000	17.960000
1827	-46.701170	1.871000	17.970000
1828	-46.491170	1.873000	18.060000
1829	-46.391170	1.873000	18.020000
1830	-46.311170	1.875000	18.080000
1831	-46.291170	1.875000	17.960000
1832	-46.021170	1.877000	18.070000
1833	-45.991170	1.877000	18.270000
1834	-45.971170	1.879000	18.090000
1835	-45.931170	1.879000	18.180000
1836	-45.931170	1.881000	18.330000
1837	-45.881170	1.881000	18.010000
1838	-45.641170	1.883000	18.300000
1839	-45.611170	1.883000	18.230000
1840	-45.561170	1.885000	18.180000
1841	-45.501170	1.885000	18.240000
1842	-45.371170	1.887000	18.260000
1843	-45.361170	1.887000	18.110000
1844	-45.311170	1.889000	18.070000
1845	-45.121170	1.891000	18.220000
1846	-44.951170	1.891000	18.290000
1847	-44.951170	1.893000	18.140000
1848	-44.911170	1.893000	18.170000
1849	-44.891170	1.895000	18.020000
1850	-44.861170	1.895000	18.230000
1851	-44.821170	1.897000	18.270000
1852	-44.791170	1.897000	18.190000
1853	-44.781170	1.898000	18.120000
1854	-44.721170	1.897000	18.190000
1855	-44.621170	1.900000	18.190000
1856	-44.611170	1.900000	18.270000
1857	-44.601170	1.902000	18.200000
1858	-44.411170	1.902000	18.270000
1859	-44.311170	1.904000	18.230000
1860	-44.221170	1.904000	18.330000
1861	-44.191170	1.906000	18.190000
1862	-44.161170	1.906000	18.120000
1863	-44.161170	1.908000	18.210000
1864	-44.141170	1.910000	18.300000
1865	-44.021170	1.910000	18.200000
1866	-43.981170	1.912000	18.410000
1867	-43.891170	1.912000	18.320000
1868	-43.601170	1.914000	18.330000
1869	-43.591170	1.914000	18.270000
1870	-43.521170	1.916000	18.220000
1871	-43.491170	1.916000	18.290000
1872	-43.441170	1.918000	18.280000
1873	-43.421170	1.920000	18.230000
1874	-43.381170	1.924000	18.470000
1875	-43.311170	1.922000	18.250000
1876	-43.291170	1.924000	18.370000
1877	-43.281170	1.924000	18.370000
1878	-43.271170	1.926000	18.310000
1879	-43.111170	1.926000	18.270000
1880	-42.831170	1.926000	18.250000
1881	-42.441170	1.928000	18.670000
1882	-42.321170	1.930000	18.320000
1883	-42.191170	1.930000	18.230000
1884	-42.061170	1.932000	18.470000
1885	-41.961170	1.934000	18.510000
1886	-41.941170	1.934000	18.420000
1887	-41.901170	1.934000	18.510000
1888	-41.831170	1.936000	18.410000
1889	-41.751170	1.938000	18.490000
1890	-41.631170	1.938000	18.470000
1891	-41.531170	1.939000	18.480000
1892	-41.441170	1.939000	18.440000
1893	-41.411170	1.941000	18.570000
1894	-41.241170	1.941000	18.440000
1895	-41.241170	1.943000	18.400000
1896	-41.171170	1.945000	18.510000
1897	-41.121170	1.945000	18.460000
1898	-41.121170	1.947000	18.530000
1899	-40.991170	1.947000	18.480000
1900	-40.961170	1.949000	18.420000
1901	-40.891170	1.949000	18.360000
1902	-40.861170	1.951000	18.580000
1903	-40.811170	1.951000	18.550000
1904	-40.721170	1.953000	18.520000
1905	-40.481170	1.953000	18.340000
1906	-40.431170	1.955000	18.420000
1907	-40.381170	1.955000	18.600000
1908	-40.361170	1.957000	18.690000
1909	-40.331170	1.957000	18.560000
1910	-40.201170	1.957000	18.600000
1911	-40.131170	1.959000	18.550000
1912	-40.131170	1.961000	18.650000
1913	-40.021170	1.961000	18.800000
1914	-39.961170	1.963000	18.550000
1915	-39.941170	1.963000	18.520000
1916	-39.821170	1.965000	18.650000
1917	-39.811170	1.965000	18.500000
1918	-39.801170	1.965000	18.700000
1919	-39.571170	1.967000	18.480000
1920	-39.501170	1.969000	18.420000
1921	-39.341170	1.971000	18.650000
1922	-39.341170	1.971000	18.590000
1923	-39.271170	1.971000	18.670000
1924	-39.201170	1.973000	18.670000
1925	-39.151170	1.973000	18.690000
1926	-39.131170	1.973000	18.670000
1927	-39.071170	1.975000	18.690000
1928	-38.931170	1.977000	18.660000
1929	-38.861170	1.977000	18.670000
1930	-38.621170	1.979000	18.630000
1931	-38.531170	1.979000	18.610000
1932	-38.491170	1.981000	18.830000
1933	-38.481170	1.981000	18.690000
1934	-38.471170	1.982000	18.790000
1935	-38.391170	1.982000	18.490000
1936	-38.371170	1.984000	18.710000
1937	-38.351170	1.984000	18.650000
1938	-38.251170	1.986000	18.720000
1939	-38.221170	1.986000	18.730000
1940	-38.161170	1.988000	18.600000
1941	-38.091170	1.988000	18.790000
1942	-38.071170	1.990000	18.830000
1943	-37.881170	1.990000	18.650000
1944	-37.851170	1.992000	18.480000
1945	-37.801170	1.994000	18.960000
1946	-37.681170	1.994000	18.740000
1947	-37.641170	1.996000	18.810000
1948	-37.321170	1.996000	18.720000
1949	-37.171170	1.996000	18.780000
1950	-37.031170	1.998000	18.800000
1951	-36.991170	2.000000	18.900000
1952	-36.841170	2.000000	18.890000
1953	-36.781170	2.002000	18.770000
1954	-36.741170	2.006000	18.830000
1955	-36.551170	2.006000	18.830000
1956	-36.381170	2.008000	18.810000
1957	-36.351170	2.008000	18.820000
1958	-36.341170	2.010000	18.860000
1959	-36.291170	2.010000	18.830000
1960	-36.261170	2.012000	18.800000
1961	-36.241170	2.012000	18.880000
1962	-36.161170	2.014000	18.820000
1963	-35.981170	2.014000	18.740000
1964	-35.901170	2.018000	18.850000
1965	-35.781170	2.018000	18.910000
1966	-35.771170	2.018000	18.830000
1967	-35.771170	2.020000	18.870000
1968	-35.621170	2.020000	18.880000
1969	-35.561170	2.022000	18.920000
1970	-35.471170	2.022000	18.780000
1971	-35.291170	2.023000	18.960000
1972	-35.271170	2.022000	18.910000
1973	-35.271170	2.025000	19.110000
1974	-35.181170	2.025000	19.040000
1975	-35.121170	2.027000	19.000000
1976	-35.121170	2.027000	18.920000
1977	-35.101170	2.029000	18.810000
1978	-35.001170	2.029000	18.800000
1979	-34.971170	2.031000	19.140000
1980	-34.881170	2.031000	19.070000
1981	-34.861170	2.033000	18.920000
1982	-34.851170	2.033000	18.850000
1983	-34.771170	2.035000	18.970000
1984	-34.711170	2.035000	18.990000
1985	-34.681170	2.037000	19.050000
1986	-34.661170	2.037000	18.980000
1987	-34.471170	2.039000	18.840000
1988	-34.451170	2.039000	18.910000
1989	-34.451170	2.041000	18.940000
1990	-34.291170	2.041000	18.840000
1991	-34.231170	2.043000	19.060000
1992	-34.211170	2.043000	19.000000
1993	-34.211170	2.045000	18.990000
1994	-34.141170	2.045000	19.010000
1995	-34.101170	2.047000	18.880000
1996	-34.041170	2.047000	18.830000
1997	-34.031170	2.049000	18.880000
1998	-33.961170	2.049000	19.070000
1999	-33.851170	2.051000	19.010000
2000	-33.821170	2.051000	18.960000
2001	-33.751170	2.053000	18.960000
2002	-33.411170	2.053000	18.940000
2003	-33.381170	2.053000	19.130000
2004	-33.321170	2.055000	18.880000
2005	-33.191170	2.057000	19.020000
2006	-32.941170	2.057000	19.070000
2007	-32.901170	2.059000	19.050000
2008	-32.761170	2.059000	19.270000
2009	-32.641170	2.061000	19.160000
2010	-32.611170	2.061000	19.060000
2011	-32.491170	2.063000	19.080000
2012	-32.361170	2.063000	19.200000
2013	-32.331170	2.064000	18.970000
2014	-32.261170	2.064000	19.070000
2015	-32.261170	2.064000	19.080000
2016	-32.141170	2.066000	19.080000
2017	-32.111170	2.068000	19.190000
2018	-32.021170	2.068000	19.060000
2019	-31.981170	2.070000	19.160000
2020	-31.921170	2.070000	19.230000
2021	-31.851170	2.072000	19.110000
2022	-31.771170	2.072000	19.190000
2023	-31.681170	2.074000	19.010000
2024	-31.581170	2.074000	19.160000
2025	-31.421170	2.076000	19.220000
2026	-31.421170	2.076000	19.100000
2027	-31.421170	2.078000	19.160000
2028	-31.261170	2.078000	19.140000
2029	-31.191170	2.080000	19.150000
2030	-30.821170	2.080000	19.300000
2031	-30.801170	2.082000	19.170000
2032	-30.781170	2.082000	19.310000
2033	-30.781170	2.086000	19.300000
2034	-30.681170	2.084000	19.210000
2035	-30.621170	2.086000	19.270000
2036	-30.591170	2.088000	19.280000
2037	-30.561170	2.090000	19.220000
2038	-30.461170	2.090000	19.320000
2039	-30.391170	2.090000	19.090000
2040	-30.291170	2.092000	19.220000
2041	-30.281170	2.094000	19.300000
2042	-30.171170	2.094000	19.220000
2043	-30.101170	2.096000	19.420000
2044	-29.911170	2.096000	19.200000
2045	-29.901170	2.098000	19.260000
2046	-29.821170	2.098000	19.210000
2047	-29.821170	2.100000	19.240000
2048	-29.781170	2.102000	19.360000
2049	-29.771170	2.102000	19.270000
2050	-29.721170	2.104000	19.290000
2051	-29.671170	2.104000	19.340000
2052	-29.591170	2.105000	19.380000
2053	-29.371170	2.105000	19.240000
2054	-29.361170	2.105000	19.170000
2055	-29.291170	2.111000	19.290000
2056	-29.241170	2.109000	19.150000
2057	-29.191170	2.111000	19.290000
2058	-29.141170	2.111000	19.420000
2059	-28.971170	2.113000	19.330000
2060	-28.971170	2.113000	19.260000
2061	-28.811170	2.113000	19.370000
2062	-28.761170	2.115000	19.210000
2063	-28.651170	2.117000	19.360000
2064	-28.651170	2.117000	19.350000
2065	-28.651170	2.117000	19.230000
2066	-28.601170	2.119000	19.360000
2067	-28.591170	2.121000	19.280000
2068	-28.591170	2.121000	19.240000
2069	-28.561170	2.121000	19.290000
2070	-28.441170	2.123000	19.400000
2071	-28.421170	2.125000	19.180000
2072	-28.411170	2.125000	19.270000
2073	-28.331170	2.127000	19.400000
2074	-28.201170	2.127000	19.260000
2075	-28.141170	2.129000	19.340000
2076	-28.091170	2.129000	19.440000
2077	-28.071170	2.129000	19.330000
2078	-28.051170	2.131000	19.340000
2079	-27.981170	2.133000	19.440000
2080	-27.821170	2.133000	19.360000
2081	-27.781170	2.135000	19.420000
2082	-27.701170	2.135000	19.500000
2083	-27.571170	2.137000	19.390000
2084	-27.551170	2.137000	19.450000
2085	-27.511170	2.137000	19.470000
2086	-27.481170	2.139000	19.520000
2087	-27.461170	2.143000	19.440000
2088	-27.421170	2.141000	19.440000
2089	-27.051170	2.143000	19.630000
2090	-26.961170	2.143000	19.400000
2091	-26.921170	2.145000	19.450000
2092	-26.851170	2.145000	19.430000
2093	-26.811170	2.145000	19.500000
2094	-26.801170	2.147000	19.470000
2095	-26.571170	2.147000	19.540000
2096	-26.561170	2.148000	19.340000
2097	-26.501170	2.150000	19.460000
2098	-26.271170	2.150000	19.350000
2099	-26.261170	2.152000	19.560000
2100	-26.111170	2.152000	19.540000
2101	-26.031170	2.152000	19.510000
2102	-26.031170	2.154000	19.410000
2103	-25.961170	2.156000	19.340000
2104	-25.901170	2.156000	19.540000
2105	-25.871170	2.158000	19.500000
2106	-25.841170	2.158000	19.470000
2107	-25.791170	2.160000	19.480000
2108	-25.731170	2.160000	19.480000
2109	-25.651170	2.162000	19.390000
2110	-25.481170	2.164000	19.560000
2111	-25.181170	2.164000	19.570000
2112	-24.851170	2.166000	19.650000
2113	-24.851170	2.166000	19.410000
2114	-24.801170	2.170000	19.570000
2115	-24.771170	2.170000	19.580000
2116	-24.681170	2.170000	19.590000
2117	-24.621170	2.172000	19.650000
2118	-24.611170	2.174000	19.530000
2119	-24.591170	2.174000	19.740000
2120	-24.561170	2.176000	19.750000
2121	-24.421170	2.176000	19.690000
2122	-24.341170	2.178000	19.480000
2123	-24.331170	2.178000	19.610000
2124	-24.331170	2.180000	19.650000
2125	-24.321170	2.180000	19.680000
2126	-24.261170	2.182000	19.680000
2127	-24.151170	2.182000	19.690000
2128	-24.151170	2.184000	19.620000
2129	-24.101170	2.184000	19.750000
2130	-24.071170	2.186000	19.660000
2131	-24.031170	2.186000	19.560000
2132	-23.961170	2.188000	19.690000
2133	-23.951170	2.188000	19.670000
2134	-23.921170	2.189000	19.570000
2135	-23.651170	2.189000	19.590000
2136	-23.611170	2.191000	19.640000
2137	-23.491170	2.191000	19.550000
2138	-23.491170	2.193000	19.550000
2139	-23.371170	2.193000	19.630000
2140	-23.351170	2.195000	19.530000
2141	-23.321170	2.195000	19.630000
2142	-23.311170	2.197000	19.590000
2143	-23.241170	2.197000	19.520000
2144	-23.231170	2.199000	19.800000
2145	-23.201170	2.199000	19.680000
2146	-22.651170	2.201000	19.730000
2147	-22.641170	2.201000	19.730000
2148	-22.541170	2.203000	19.830000
2149	-22.381170	2.205000	19.620000
2150	-22.371170	2.205000	19.720000
2151	-22.361170	2.205000	19.810000
2152	-22.331170	2.207000	19.570000
2153	-22.301170	2.207000	19.750000
2154	-22.291170	2.209000	19.760000
2155	-22.291170	2.209000	19.730000
2156	-22.261170	2.211000	19.750000
2157	-22.171170	2.211000	19.710000
2158	-22.011170	2.213000	19.630000
2159	-21.951170	2.215000	19.800000
2160	-21.821170	2.215000	19.700000
2161	-21.771170	2.217000	19.700000
2162	-21.711170	2.217000	19.820000
2163	-21.671170	2.221000	19.800000
2164	-21.671170	2.221000	19.870000
2165	-21.591170	2.221000	19.730000
2166	-21.481170	2.221000	19.820000
2167	-21.471170	2.223000	19.760000
2168	-21.431170	2.223000	19.670000
2169	-21.361170	2.225000	20.030000
2170	-21.251170	2.225000	19.780000
2171	-21.171170	2.227000	19.900000
2172	-21.091170	2.227000	19.890000
2173	-20.991170	2.229000	19.890000
2174	-20.981170	2.229000	19.810000
2175	-20.891170	2.231000	19.840000
2176	-20.881170	2.231000	19.790000
2177	-20.851170	2.232000	19.940000
2178	-20.801170	2.236000	19.800000
2179	-20.701170	2.234000	19.800000
2180	-20.681170	2.236000	19.840000
2181	-20.641170	2.236000	19.760000
2182	-20.621170	2.238000	19.930000
2183	-20.611170	2.238000	20.170000
2184	-20.601170	2.240000	20.000000
2185	-20.531170	2.240000	19.830000
2186	-20.391170	2.242000	19.830000
2187	-20.131170	2.242000	20.020000
2188	-20.121170	2.244000	19.970000
2189	-20.111170	2.244000	19.800000
2190	-20.051170	2.246000	19.930000
2191	-19.931170	2.246000	20.200000
2192	-19.861170	2.248000	20.070000
2193	-19.801170	2.248000	19.910000
2194	-19.791170	2.250000	19.950000
2195	-19.601170	2.250000	20.060000
2196	-19.601170	2.254000	20.070000
2197	-19.581170	2.254000	19.920000
2198	-19.511170	2.256000	20.070000
2199	-19.511170	2.256000	19.930000
2200	-19.371170	2.258000	19.940000
2201	-19.301170	2.258000	20.050000
2202	-19.271170	2.260000	19.880000
2203	-19.181170	2.260000	19.980000
2204	-19.101170	2.262000	20.170000
2205	-19.031170	2.262000	20.060000
2206	-18.921170	2.262000	20.160000
2207	-18.901170	2.264000	19.960000
2208	-18.681170	2.266000	20.120000
2209	-18.641170	2.266000	19.960000
2210	-18.591170	2.268000	20.090000
2211	-18.581170	2.268000	20.040000
2212	-18.581170	2.270000	20.080000
2213	-18.431170	2.270000	20.080000
2214	-18.271170	2.270000	20.000000
2215	-18.251170	2.272000	20.070000
2216	-18.201170	2.273000	20.090000
2217	-18.161170	2.273000	20.090000
2218	-18.111170	2.275000	19.950000
2219	-18.091170	2.277000	19.910000
2220	-18.011170	2.277000	20.070000
2221	-17.921170	2.277000	20.060000
2222	-17.801170	2.279000	20.010000
2223	-17.651170	2.283000	20.030000
2224	-17.631170	2.283000	20.120000
2225	-17.361170	2.283000	19.990000
2226	-17.181170	2.283000	20.080000
2227	-17.011170	2.285000	20.160000
2228	-16.971170	2.285000	20.150000
2229	-16.851170	2.287000	20.140000
2230	-16.811170	2.287000	20.230000
2231	-16.591170	2.289000	20.130000
2232	-16.581170	2.289000	20.180000
2233	-16.491170	2.291000	20.000000
2234	-16.391170	2.291000	20.170000
2235	-16.391170	2.293000	20.080000
2236	-16.271170	2.293000	20.140000
2237	-16.201170	2.295000	20.020000
2238	-16.151170	2.295000	20.220000
2239	-16.141170	2.297000	20.190000
2240	-16.091170	2.297000	20.280000
2241	-16.091170	2.299000	20.230000
2242	-16.051170	2.299000	20.120000
2243	-15.921170	2.301000	20.210000
2244	-15.841170	2.301000	20.240000
2245	-15.831170	2.301000	20.260000
2246	-15.811170	2.303000	20.130000
2247	-15.761170	2.305000	20.370000
2248	-15.621170	2.305000	20.310000
2249	-15.571170	2.305000	20.250000
2250	-15.511170	2.307000	20.270000
2251	-15.451170	2.309000	20.170000
2252	-15.431170	2.309000	20.180000
2253	-15.391170	2.309000	20.270000
2254	-15.341170	2.311000	20.130000
2255	-15.301170	2.313000	20.250000
2256	-15.171170	2.313000	20.330000
2257	-15.131170	2.314000	20.290000
2258	-15.081170	2.314000	20.190000
2259	-14.991170	2.316000	20.280000
2260	-14.961170	2.318000	20.240000
2261	-14.881170	2.318000	20.120000
2262	-14.851170	2.320000	20.220000
2263	-14.801170	2.320000	20.310000
2264	-14.781170	2.322000	20.420000
2265	-14.751170	2.322000	20.280000
2266	-14.731170	2.324000	20.250000
2267	-14.701170	2.324000	20.280000
2268	-14.671170	2.326000	20.180000
2269	-14.671170	2.326000	20.170000
2270	-14.661170	2.330000	20.260000
2271	-14.561170	2.330000	20.110000
2272	-14.561170	2.330000	20.290000
2273	-14.531170	2.332000	20.350000
2274	-14.451170	2.332000	20.370000
2275	-14.361170	2.336000	20.180000
2276	-14.311170	2.336000	20.440000
2277	-14.191170	2.338000	20.230000
2278	-14.131170	2.338000	20.220000
2279	-14.011170	2.338000	20.310000
2280	-13.861170	2.340000	20.210000
2281	-13.681170	2.342000	20.400000
2282	-13.671170	2.342000	20.430000
2283	-13.611170	2.344000	20.280000
2284	-13.561170	2.344000	20.190000
2285	-13.531170	2.346000	20.180000
2286	-13.451170	2.346000	20.330000
2287	-13.371170	2.348000	20.460000
2288	-13.211170	2.348000	20.450000
2289	-13.121170	2.350000	20.470000
2290	-13.091170	2.350000	20.310000
2291	-12.831170	2.350000	20.350000
2292	-12.611170	2.352000	20.370000
2293	-12.501170	2.354000	20.550000
2294	-12.491170	2.354000	20.520000
2295	-12.361170	2.355000	20.500000
2296	-12.361170	2.355000	20.340000
2297	-12.351170	2.357000	20.310000
2298	-12.321170	2.357000	20.420000
2299	-12.171170	2.361000	20.360000
2300	-12.071170	2.359000	20.520000
2301	-12.071170	2.361000	20.380000
2302	-11.961170	2.361000	20.460000
2303	-11.851170	2.363000	20.420000
2304	-11.791170	2.363000	20.350000
2305	-11.551170	2.365000	20.550000
2306	-11.391170	2.365000	20.470000
2307	-11.311170	2.367000	20.490000
2308	-11.281170	2.367000	20.550000
2309	-11.261170	2.369000	20.620000
2310	-11.231170	2.369000	20.420000
2311	-11.201170	2.371000	20.600000
2312	-11.081170	2.373000	20.480000
2313	-11.031170	2.373000	20.370000
2314	-10.851170	2.375000	20.550000
2315	-10.721170	2.375000	20.630000
2316	-10.641170	2.377000	20.600000
2317	-10.621170	2.377000	20.620000
2318	-10.611170	2.379000	20.540000
2319	-10.581170	2.379000	20.530000
2320	-10.401170	2.381000	20.660000
2321	-10.301170	2.383000	20.410000
2322	-10.201170	2.383000	20.580000
2323	-10.161170	2.385000	20.660000
2324	-10.131170	2.385000	20.560000
2325	-10.061170	2.387000	20.510000
2326	-10.011170	2.387000	20.570000
2327	-9.901170	2.389000	20.500000
2328	-9.851170	2.389000	20.760000
2329	-9.811170	2.391000	20.710000
2330	-9.811170	2.393000	20.620000
2331	-9.811170	2.393000	20.750000
2332	-9.791170	2.395000	20.520000
2333	-9.781170	2.395000	20.770000
2334	-9.781170	2.397000	20.560000
2335	-9.781170	2.397000	20.620000
2336	-9.731170	2.398000	20.690000
2337	-9.671170	2.398000	20.760000
2338	-9.611170	2.400000	20.620000
2339	-9.551170	2.400000	20.650000
2340	-9.531170	2.402000	20.560000
2341	-9.451170	2.402000	20.590000
2342	-9.451170	2.404000	20.710000
2343	-9.141170	2.404000	20.760000
2344	-9.071170	2.406000	20.620000
2345	-8.851170	2.406000	20.720000
2346	-8.741170	2.408000	20.710000
2347	-8.681170	2.408000	20.770000
2348	-8.661170	2.410000	20.660000
2349	-8.601170	2.410000	20.690000
2350	-8.551170	2.412000	20.630000
2351	-8.551170	2.412000	20.680000
2352	-8.531170	2.414000	20.720000
2353	-8.441170	2.414000	20.750000
2354	-8.391170	2.416000	20.600000
2355	-8.381170	2.416000	20.740000
2356	-8.371170	2.418000	20.820000
2357	-8.361170	2.420000	20.810000
2358	-8.281170	2.422000	20.740000
2359	-8.241170	2.424000	20.710000
2360	-8.131170	2.424000	20.700000
2361	-8.091170	2.424000	20.690000
2362	-7.851170	2.426000	20.700000
2363	-7.841170	2.426000	20.610000
2364	-7.811170	2.426000	20.630000
2365	-7.711170	2.428000	20.600000
2366	-7.631170	2.430000	20.720000
2367	-7.601170	2.430000	21.070000
2368	-7.431170	2.432000	20.620000
2369	-7.121170	2.432000	20.820000
2370	-7.051170	2.434000	20.850000
2371	-7.011170	2.434000	20.810000
2372	-6.991170	2.436000	20.710000
2373	-6.861170	2.438000	20.740000
2374	-6.781170	2.438000	20.890000
2375	-6.761170	2.439000	20.700000
2376	-6.751170	2.439000	20.810000
2377	-6.681170	2.441000	20.850000
2378	-6.651170	2.441000	20.810000
2379	-6.611170	2.441000	20.740000
2380	-6.551170	2.443000	20.770000
2381	-6.521170	2.445000	20.870000
2382	-6.491170	2.445000	20.780000
2383	-6.411170	2.447000	20.660000
2384	-6.381170	2.447000	20.860000
2385	-6.371170	2.449000	20.870000
2386	-6.311170	2.449000	20.840000
2387	-6.271170	2.449000	20.870000
2388	-6.231170	2.451000	20.880000
2389	-6.001170	2.453000	20.880000
2390	-6.001170	2.453000	20.760000
2391	-5.991170	2.455000	20.750000
2392	-5.761170	2.457000	20.820000
2393	-5.721170	2.457000	20.840000
2394	-5.721170	2.457000	20.760000
2395	-5.581170	2.459000	20.930000
2396	-5.331170	2.461000	20.930000
2397	-5.261170	2.461000	20.850000
2398	-5.251170	2.463000	20.860000
2399	-5.201170	2.463000	20.930000
2400	-5.121170	2.465000	20.900000
2401	-5.071170	2.465000	20.740000
2402	-5.051170	2.465000	20.990000
2403	-4.901170	2.467000	20.850000
2404	-4.861170	2.469000	20.950000
2405	-4.851170	2.469000	20.900000
2406	-4.841170	2.471000	20.980000
2407	-4.751170	2.471000	20.900000
2408	-4.751170	2.473000	20.850000
2409	-4.751170	2.473000	20.880000
2410	-4.741170	2.473000	20.970000
2411	-4.651170	2.475000	20.940000
2412	-4.621170	2.477000	21.040000
2413	-4.541170	2.477000	20.780000
2414	-4.441170	2.479000	20.840000
2415	-4.221170	2.479000	21.060000
2416	-4.191170	2.481000	20.940000
2417	-4.081170	2.481000	20.830000
2418	-4.061170	2.481000	20.940000
2419	-4.031170	2.482000	20.950000
2420	-3.991170	2.486000	20.890000
2421	-3.851170	2.486000	20.930000
2422	-3.501170	2.486000	20.890000
2423	-3.451170	2.488000	21.000000
2424	-3.401170	2.488000	21.010000
2425	-3.381170	2.488000	21.200000
2426	-3.311170	2.490000	20.950000
2427	-3.291170	2.492000	21.030000
2428	-3.231170	2.492000	21.080000
2429	-3.121170	2.494000	20.900000
2430	-3.111170	2.494000	21.060000
2431	-3.111170	2.496000	20.900000
2432	-3.051170	2.496000	20.970000
2433	-3.041170	2.496000	21.120000
2434	-2.931170	2.498000	20.920000
2435	-2.931170	2.500000	21.130000
2436	-2.831170	2.500000	20.990000
2437	-2.781170	2.502000	21.000000
2438	-2.771170	2.504000	21.080000
2439	-2.551170	2.506000	20.980000
2440	-2.391170	2.506000	21.090000
2441	-2.321170	2.506000	21.060000
2442	-2.141170	2.510000	21.150000
2443	-2.081170	2.510000	21.010000
2444	-2.071170	2.512000	21.010000
2445	-2.041170	2.512000	21.020000
2446	-1.991170	2.514000	21.190000
2447	-1.991170	2.514000	20.910000
2448	-1.981170	2.518000	21.160000
2449	-1.861170	2.518000	21.070000
2450	-1.811170	2.518000	21.080000
2451	-1.761170	2.518000	21.170000
2452	-1.731170	2.520000	21.100000
2453	-1.711170	2.520000	21.000000
2454	-1.631170	2.522000	21.140000
2455	-1.571170	2.522000	21.160000
2456	-1.561170	2.523000	21.030000
2457	-1.471170	2.523000	21.080000
2458	-1.451170	2.525000	21.180000
2459	-1.431170	2.525000	21.030000
2460	-1.431170	2.527000	21.060000
2461	-1.391170	2.527000	20.930000
2462	-1.341170	2.529000	21.220000
2463	-1.331170	2.529000	21.230000
2464	-1.231170	2.531000	21.120000
2465	-1.191170	2.531000	21.150000
2466	-1.161170	2.533000	21.180000
2467	-1.101170	2.533000	21.110000
2468	-1.041170	2.535000	20.980000
2469	-0.921170	2.535000	21.110000
2470	-0.891170	2.537000	21.140000
2471	-0.841170	2.537000	21.210000
2472	-0.831170	2.537000	21.140000
2473	-0.761170	2.541000	21.170000
2474	-0.561170	2.541000	21.050000
2475	-0.531170	2.543000	21.210000
2476	-0.421170	2.543000	21.220000
2477	-0.361170	2.545000	21.270000
2478	-0.331170	2.545000	21.350000
2479	-0.091170	2.547000	21.200000
2480	-0.001170	2.547000	21.350000
2481	0.218830	2.549000	21.090000
2482	0.498830	2.549000	21.160000
2483	0.528830	2.551000	21.390000
2484	0.588830	2.551000	21.210000
2485	0.708830	2.553000	21.200000
2486	0.798830	2.553000	21.290000
2487	0.798830	2.555000	21.130000
2488	0.998830	2.555000	21.270000
2489	1.058830	2.557000	21.320000
2490	1.088830	2.557000	21.260000
2491	1.088830	2.557000	21.160000
2492	1.148830	2.561000	21.390000
2493	1.238830	2.561000	21.280000
2494	1.268830	2.563000	21.310000
2495	1.298830	2.563000	21.300000
2496	1.298830	2.564000	21.320000
2497	1.328830	2.564000	21.270000
2498	1.328830	2.566000	21.170000
2499	1.388830	2.566000	21.370000
2500	1.498830	2.568000	21.290000
2501	1.678830	2.568000	21.330000
2502	1.918830	2.570000	21.250000
2503	1.978830	2.570000	21.340000
2504	1.978830	2.572000	21.440000
2505	2.028830	2.572000	21.340000
2506	2.098830	2.574000	21.250000
2507	2.118830	2.574000	21.540000
2508	2.158830	2.576000	21.290000
2509	2.188830	2.576000	21.370000
2510	2.198830	2.578000	21.260000
2511	2.268830	2.578000	21.330000
2512	2.358830	2.580000	21.440000
2513	2.388830	2.580000	21.330000
2514	2.508830	2.582000	21.330000
2515	2.708830	2.582000	21.310000
2516	2.718830	2.586000	21.320000
2517	2.748830	2.586000	21.310000
2518	2.808830	2.588000	21.290000
2519	2.948830	2.588000	21.330000
2520	2.958830	2.590000	21.330000
2521	3.038830	2.590000	21.420000
2522	3.128830	2.592000	21.450000
2523	3.168830	2.592000	21.340000
2524	3.278830	2.594000	21.340000
2525	3.358830	2.594000	21.390000
2526	3.388830	2.596000	21.500000
2527	3.458830	2.596000	21.280000
2528	3.758830	2.598000	21.430000
2529	3.778830	2.598000	21.340000
2530	3.988830	2.598000	21.470000
2531	4.048830	2.600000	21.470000
2532	4.068830	2.602000	21.480000
2533	4.228830	2.604000	21.470000
2534	4.338830	2.604000	21.490000
2535	4.468830	2.605000	21.380000
2536	4.628830	2.605000	21.450000
2537	4.788830	2.605000	21.450000
2538	4.808830	2.607000	21.390000
2539	4.858830	2.609000	21.430000
2540	5.478830	2.609000	21.460000
