1	-185.658897	0.000000	9.760000
2	-185.458897	0.000000	10.370000
3	-185.418897	0.000000	9.500000
4	-185.348897	0.002000	9.590000
5	-185.138897	0.004000	9.250000
6	-184.978897	0.004000	9.800000
7	-184.908897	0.004000	9.590000
8	-184.868897	0.006000	9.630000
9	-184.848897	0.008000	9.470000
10	-184.788897	0.008000	9.790000
11	-184.718897	0.008000	9.390000
12	-184.638897	0.010000	9.460000
13	-184.518897	0.010000	10.260000
14	-184.418897	0.012000	9.590000
15	-184.408897	0.014000	9.390000
16	-184.358897	0.014000	9.670000
17	-184.298897	0.014000	9.730000
18	-184.108897	0.016000	9.670000
19	-184.008897	0.016000	10.220000
20	-183.658897	0.018000	9.650000
21	-183.618897	0.019000	9.940000
22	-183.528897	0.019000	10.200000
23	-183.498897	0.019000	9.800000
24	-182.998897	0.021000	9.800000
25	-182.868897	0.023000	9.830000
26	-182.838897	0.023000	9.660000
27	-182.668897	0.023000	9.780000
28	-182.638897	0.025000	10.360000
29	-182.638897	0.027000	9.670000
30	-182.378897	0.027000	9.810000
31	-182.378897	0.029000	9.730000
32	-182.198897	0.029000	10.440000
33	-182.168897	0.029000	9.770000
34	-182.128897	0.031000	10.460000
35	-182.118897	0.031000	9.810000
36	-182.098897	0.033000	9.720000
37	-182.078897	0.035000	10.320000
38	-182.058897	0.035000	10.030000
39	-182.028897	0.035000	9.990000
40	-181.948897	0.037000	9.810000
41	-181.808897	0.039000	9.810000
42	-181.598897	0.041000	9.770000
43	-181.518897	0.043000	9.700000
44	-181.308897	0.043000	10.020000
45	-181.228897	0.043000	9.790000
46	-181.198897	0.045000	10.080000
47	-181.068897	0.045000	9.770000
48	-181.058897	0.047000	9.730000
49	-181.048897	0.047000	9.880000
50	-180.938897	0.049000	10.060000
51	-180.918897	0.051000	9.770000
52	-180.918897	0.051000	10.010000
53	-180.888897	0.053000	10.160000
54	-180.848897	0.053000	9.770000
55	-180.708897	0.053000	9.760000
56	-180.638897	0.055000	9.710000
57	-180.598897	0.055000	9.760000
58	-180.448897	0.057000	10.070000
59	-180.358897	0.059000	10.030000
60	-180.348897	0.059000	10.270000
61	-180.038897	0.060000	10.020000
62	-179.998897	0.060000	9.940000
63	-179.818897	0.060000	9.970000
64	-179.598897	0.062000	10.210000
65	-179.448897	0.062000	9.860000
66	-179.338897	0.064000	10.340000
67	-179.238897	0.066000	9.880000
68	-179.208897	0.066000	10.040000
69	-179.138897	0.068000	10.140000
70	-179.138897	0.068000	10.030000
71	-179.108897	0.068000	9.990000
72	-179.038897	0.070000	9.760000
73	-179.028897	0.070000	9.880000
74	-179.008897	0.072000	10.120000
75	-178.988897	0.074000	9.840000
76	-178.958897	0.076000	10.000000
77	-178.748897	0.074000	9.930000
78	-178.698897	0.076000	9.950000
79	-178.648897	0.076000	10.060000
80	-178.518897	0.078000	10.010000
81	-178.428897	0.078000	10.040000
82	-178.218897	0.080000	10.050000
83	-178.208897	0.082000	9.750000
84	-178.178897	0.082000	10.040000
85	-178.138897	0.084000	9.760000
86	-178.118897	0.084000	9.790000
87	-178.078897	0.086000	10.060000
88	-178.008897	0.086000	9.930000
89	-177.878897	0.086000	10.050000
90	-177.818897	0.088000	9.890000
91	-177.758897	0.090000	10.150000
92	-177.748897	0.090000	10.210000
93	-177.668897	0.092000	9.850000
94	-177.668897	0.092000	10.040000
95	-177.658897	0.094000	10.170000
96	-177.428897	0.094000	10.250000
97	-177.328897	0.094000	10.280000
98	-177.188897	0.096000	10.250000
99	-177.178897	0.098000	10.010000
100	-177.018897	0.098000	9.780000
101	-176.928897	0.100000	9.780000
102	-176.778897	0.100000	9.990000
103	-176.678897	0.100000	10.290000
104	-176.668897	0.102000	10.050000
105	-176.628897	0.102000	10.130000
106	-176.518897	0.103000	9.810000
107	-176.298897	0.103000	10.120000
108	-176.188897	0.105000	10.190000
109	-176.148897	0.107000	10.080000
110	-176.048897	0.107000	10.260000
111	-176.028897	0.107000	10.160000
112	-175.978897	0.109000	10.180000
113	-175.858897	0.109000	9.950000
114	-175.848897	0.111000	10.270000
115	-175.808897	0.113000	10.260000
116	-175.698897	0.113000	10.220000
117	-175.678897	0.115000	10.170000
118	-175.578897	0.115000	10.200000
119	-175.488897	0.117000	10.300000
120	-175.388897	0.117000	10.200000
121	-175.358897	0.117000	10.290000
122	-175.318897	0.119000	10.090000
123	-175.248897	0.121000	10.250000
124	-175.238897	0.121000	10.160000
125	-175.218897	0.123000	10.090000
126	-175.018897	0.125000	10.440000
127	-174.918897	0.125000	10.340000
128	-174.858897	0.127000	10.190000
129	-174.848897	0.129000	10.480000
130	-174.758897	0.129000	10.660000
131	-174.658897	0.129000	10.430000
132	-174.558897	0.131000	10.890000
133	-174.368897	0.133000	10.440000
134	-174.288897	0.133000	10.900000
135	-174.238897	0.133000	10.330000
136	-174.178897	0.135000	10.450000
137	-173.948897	0.137000	10.330000
138	-173.908897	0.137000	10.670000
139	-173.908897	0.137000	10.330000
140	-173.898897	0.139000	10.270000
141	-173.728897	0.139000	10.370000
142	-173.658897	0.141000	10.240000
143	-173.568897	0.141000	10.170000
144	-173.458897	0.143000	10.370000
145	-173.448897	0.144000	10.330000
146	-173.438897	0.144000	10.300000
147	-173.318897	0.144000	10.470000
148	-173.178897	0.146000	10.250000
149	-173.068897	0.146000	10.390000
150	-172.998897	0.148000	10.220000
151	-172.868897	0.150000	10.450000
152	-172.818897	0.150000	10.550000
153	-172.428897	0.152000	10.560000
154	-172.388897	0.152000	10.290000
155	-172.318897	0.154000	10.550000
156	-172.128897	0.154000	10.490000
157	-172.048897	0.154000	10.520000
158	-172.008897	0.156000	10.470000
159	-171.968897	0.156000	10.440000
160	-171.898897	0.158000	10.370000
161	-171.858897	0.160000	10.430000
162	-171.738897	0.160000	10.210000
163	-171.728897	0.160000	10.430000
164	-171.708897	0.162000	10.520000
165	-171.708897	0.164000	10.390000
166	-171.658897	0.164000	10.530000
167	-171.598897	0.164000	10.490000
168	-171.478897	0.166000	10.820000
169	-171.338897	0.168000	10.530000
170	-170.768897	0.168000	10.410000
171	-170.568897	0.170000	10.670000
172	-170.308897	0.170000	10.760000
173	-170.278897	0.172000	10.560000
174	-170.158897	0.172000	10.730000
175	-170.038897	0.174000	10.760000
176	-170.008897	0.176000	10.410000
177	-169.928897	0.176000	10.660000
178	-169.908897	0.176000	10.410000
179	-169.888897	0.178000	10.630000
180	-169.858897	0.178000	10.610000
181	-169.838897	0.180000	10.590000
182	-169.838897	0.180000	10.760000
183	-169.788897	0.182000	10.870000
184	-169.768897	0.184000	10.640000
185	-169.728897	0.184000	10.910000
186	-169.688897	0.185000	10.640000
187	-169.678897	0.185000	10.590000
188	-169.598897	0.185000	10.520000
189	-169.558897	0.187000	10.750000
190	-169.548897	0.187000	11.000000
191	-169.548897	0.189000	10.670000
192	-169.488897	0.191000	10.600000
193	-169.438897	0.191000	10.700000
194	-169.348897	0.191000	10.640000
195	-169.328897	0.193000	10.810000
196	-169.258897	0.195000	10.510000
197	-169.248897	0.195000	10.770000
198	-169.178897	0.195000	10.810000
199	-169.108897	0.197000	10.710000
200	-169.058897	0.199000	10.760000
201	-169.028897	0.199000	10.650000
202	-169.028897	0.199000	10.930000
203	-168.948897	0.201000	10.680000
204	-168.838897	0.201000	10.680000
205	-168.788897	0.203000	10.650000
206	-168.668897	0.203000	10.610000
207	-168.628897	0.207000	10.610000
208	-168.378897	0.209000	10.590000
209	-168.328897	0.209000	10.730000
210	-168.288897	0.209000	10.780000
211	-168.068897	0.211000	10.860000
212	-168.048897	0.211000	10.820000
213	-167.868897	0.213000	10.880000
214	-167.738897	0.215000	10.880000
215	-167.688897	0.215000	10.750000
216	-167.618897	0.217000	10.750000
217	-167.598897	0.217000	10.840000
218	-167.518897	0.217000	10.730000
219	-167.468897	0.219000	10.860000
220	-167.418897	0.219000	10.710000
221	-167.338897	0.221000	10.780000
222	-167.328897	0.221000	10.970000
223	-167.208897	0.223000	10.540000
224	-167.168897	0.225000	11.010000
225	-166.958897	0.225000	10.980000
226	-166.918897	0.225000	10.800000
227	-166.698897	0.226000	11.070000
228	-166.668897	0.226000	10.720000
229	-166.348897	0.228000	10.830000
230	-166.328897	0.230000	11.030000
231	-166.298897	0.232000	10.830000
232	-166.238897	0.230000	10.940000
233	-166.208897	0.232000	10.870000
234	-166.168897	0.234000	10.850000
235	-166.088897	0.234000	10.880000
236	-166.018897	0.234000	10.920000
237	-165.928897	0.236000	11.050000
238	-165.908897	0.238000	10.940000
239	-165.878897	0.238000	11.130000
240	-165.858897	0.240000	10.770000
241	-165.838897	0.240000	10.970000
242	-165.818897	0.240000	10.930000
243	-165.578897	0.242000	10.860000
244	-165.558897	0.244000	11.000000
245	-165.198897	0.244000	11.120000
246	-165.158897	0.246000	10.890000
247	-165.138897	0.246000	10.830000
248	-165.098897	0.248000	11.000000
249	-165.088897	0.248000	10.840000
250	-165.018897	0.248000	10.940000
251	-165.008897	0.250000	11.110000
252	-164.988897	0.250000	10.950000
253	-164.958897	0.252000	10.890000
254	-164.928897	0.252000	10.850000
255	-164.808897	0.254000	10.900000
256	-164.628897	0.256000	11.170000
257	-164.548897	0.256000	11.200000
258	-164.468897	0.256000	11.160000
259	-164.438897	0.258000	10.920000
260	-164.208897	0.258000	11.220000
261	-164.188897	0.260000	10.990000
262	-164.138897	0.262000	10.930000
263	-164.088897	0.262000	11.170000
264	-163.778897	0.262000	11.200000
265	-163.598897	0.264000	11.340000
266	-163.538897	0.264000	11.270000
267	-163.518897	0.266000	11.310000
268	-163.408897	0.266000	11.200000
269	-163.318897	0.268000	11.110000
270	-163.308897	0.269000	11.100000
271	-163.298897	0.269000	11.170000
272	-163.048897	0.271000	11.060000
273	-162.888897	0.271000	11.320000
274	-162.778897	0.271000	11.060000
275	-162.778897	0.273000	11.140000
276	-162.618897	0.273000	11.060000
277	-162.598897	0.275000	10.990000
278	-162.538897	0.277000	11.350000
279	-162.428897	0.277000	11.350000
280	-162.418897	0.279000	11.030000
281	-162.298897	0.279000	11.000000
282	-162.208897	0.279000	11.170000
283	-162.138897	0.281000	11.100000
284	-162.098897	0.281000	11.150000
285	-161.988897	0.283000	11.240000
286	-161.868897	0.285000	11.220000
287	-161.828897	0.285000	11.250000
288	-161.748897	0.287000	11.250000
289	-161.748897	0.287000	11.320000
290	-161.588897	0.287000	11.170000
291	-161.548897	0.291000	11.210000
292	-161.518897	0.293000	11.130000
293	-161.458897	0.293000	11.030000
294	-161.368897	0.295000	11.170000
295	-161.288897	0.295000	11.190000
296	-161.258897	0.295000	11.300000
297	-161.198897	0.297000	11.260000
298	-161.118897	0.297000	11.260000
299	-161.078897	0.299000	11.250000
300	-161.048897	0.301000	11.110000
301	-160.998897	0.301000	11.250000
302	-160.988897	0.301000	11.140000
303	-160.948897	0.303000	11.460000
304	-160.938897	0.305000	11.230000
305	-160.738897	0.305000	11.140000
306	-160.688897	0.305000	11.330000
307	-160.578897	0.307000	11.470000
308	-160.488897	0.309000	11.330000
309	-160.478897	0.309000	11.440000
310	-160.318897	0.310000	11.400000
311	-160.318897	0.310000	11.630000
312	-160.298897	0.312000	11.270000
313	-160.258897	0.312000	11.270000
314	-160.248897	0.312000	11.360000
315	-160.178897	0.314000	11.200000
316	-160.068897	0.314000	11.230000
317	-159.978897	0.316000	11.220000
318	-159.378897	0.316000	11.460000
319	-159.308897	0.318000	11.380000
320	-159.268897	0.320000	11.210000
321	-159.258897	0.320000	11.350000
322	-159.258897	0.320000	11.250000
323	-159.158897	0.322000	11.150000
324	-159.148897	0.324000	11.400000
325	-158.918897	0.324000	11.490000
326	-158.868897	0.326000	11.450000
327	-158.838897	0.326000	11.350000
328	-158.758897	0.328000	11.310000
329	-158.668897	0.328000	11.390000
330	-158.648897	0.328000	11.520000
331	-158.648897	0.330000	11.400000
332	-158.648897	0.332000	11.180000
333	-158.648897	0.332000	11.250000
334	-158.648897	0.332000	11.470000
335	-158.638897	0.334000	11.310000
336	-158.608897	0.336000	11.360000
337	-158.408897	0.336000	11.410000
338	-158.308897	0.336000	11.270000
339	-158.298897	0.338000	11.260000
340	-158.268897	0.340000	11.210000
341	-158.118897	0.340000	11.310000
342	-158.058897	0.342000	11.340000
343	-158.048897	0.342000	11.460000
344	-157.838897	0.342000	11.420000
345	-157.788897	0.344000	11.380000
346	-157.688897	0.344000	11.260000
347	-157.648897	0.346000	11.580000
348	-157.458897	0.348000	11.520000
349	-157.238897	0.348000	11.870000
350	-157.108897	0.348000	11.320000
351	-157.068897	0.350000	11.640000
352	-156.848897	0.352000	11.580000
353	-156.768897	0.352000	11.620000
354	-156.698897	0.352000	11.630000
355	-156.698897	0.353000	11.690000
356	-156.568897	0.355000	11.520000
357	-156.428897	0.355000	11.620000
358	-156.348897	0.355000	11.550000
359	-156.338897	0.357000	11.620000
360	-156.258897	0.359000	11.560000
361	-156.208897	0.359000	11.700000
362	-156.078897	0.359000	11.680000
363	-155.888897	0.361000	11.580000
364	-155.868897	0.363000	11.510000
365	-155.788897	0.363000	11.650000
366	-155.768897	0.363000	11.370000
367	-155.738897	0.365000	11.980000
368	-155.658897	0.367000	11.660000
369	-155.588897	0.367000	11.570000
370	-155.558897	0.367000	11.750000
371	-155.358897	0.369000	11.660000
372	-155.318897	0.371000	11.580000
373	-155.278897	0.371000	11.860000
374	-155.238897	0.373000	11.700000
375	-155.028897	0.375000	11.510000
376	-155.028897	0.375000	11.480000
377	-155.018897	0.377000	11.690000
378	-154.948897	0.379000	11.750000
379	-154.938897	0.379000	11.730000
380	-154.858897	0.379000	11.640000
381	-154.778897	0.381000	11.660000
382	-154.768897	0.381000	11.780000
383	-154.658897	0.383000	11.650000
384	-154.618897	0.383000	11.700000
385	-154.598897	0.385000	11.620000
386	-154.578897	0.387000	11.730000
387	-154.508897	0.387000	11.650000
388	-154.498897	0.389000	11.660000
389	-154.438897	0.389000	11.640000
390	-154.348897	0.391000	11.530000
391	-154.288897	0.391000	11.670000
392	-154.258897	0.391000	11.500000
393	-154.198897	0.393000	11.640000
394	-154.098897	0.394000	11.760000
395	-154.028897	0.394000	11.950000
396	-154.018897	0.396000	11.600000
397	-153.928897	0.396000	11.690000
398	-153.778897	0.396000	11.690000
399	-153.678897	0.398000	11.640000
400	-153.578897	0.398000	11.840000
401	-153.468897	0.400000	11.820000
402	-153.388897	0.402000	11.840000
403	-153.378897	0.402000	11.960000
404	-153.188897	0.404000	11.820000
405	-153.098897	0.404000	11.710000
406	-153.058897	0.404000	11.780000
407	-152.968897	0.406000	11.700000
408	-152.658897	0.406000	11.770000
409	-152.328897	0.408000	11.700000
410	-151.898897	0.408000	11.880000
411	-151.858897	0.410000	12.020000
412	-151.678897	0.410000	11.860000
413	-151.548897	0.412000	11.820000
414	-151.468897	0.412000	12.030000
415	-151.458897	0.414000	11.900000
416	-151.408897	0.414000	11.820000
417	-151.238897	0.416000	11.920000
418	-151.148897	0.418000	11.910000
419	-151.038897	0.418000	12.070000
420	-151.038897	0.420000	11.760000
421	-151.018897	0.420000	11.900000
422	-150.998897	0.420000	12.180000
423	-150.978897	0.422000	11.890000
424	-150.968897	0.422000	11.850000
425	-150.948897	0.424000	12.020000
426	-150.818897	0.426000	11.820000
427	-150.788897	0.426000	11.950000
428	-150.748897	0.428000	11.970000
429	-150.708897	0.428000	11.830000
430	-150.678897	0.430000	11.960000
431	-150.638897	0.430000	11.880000
432	-150.608897	0.430000	12.090000
433	-150.598897	0.432000	11.930000
434	-150.488897	0.434000	11.840000
435	-150.478897	0.434000	12.070000
436	-150.428897	0.435000	11.920000
437	-150.358897	0.435000	11.970000
438	-150.348897	0.435000	11.990000
439	-150.248897	0.437000	12.000000
440	-150.178897	0.437000	11.990000
441	-150.178897	0.439000	11.920000
442	-150.078897	0.439000	12.190000
443	-149.988897	0.441000	12.200000
444	-149.958897	0.441000	11.940000
445	-149.948897	0.443000	12.060000
446	-149.928897	0.443000	11.960000
447	-149.918897	0.445000	12.120000
448	-149.858897	0.445000	12.120000
449	-149.568897	0.447000	12.010000
450	-149.528897	0.447000	12.160000
451	-149.478897	0.451000	11.970000
452	-149.368897	0.451000	12.030000
453	-149.358897	0.453000	11.950000
454	-149.288897	0.453000	12.110000
455	-149.278897	0.457000	12.070000
456	-149.078897	0.457000	12.230000
457	-149.038897	0.457000	12.040000
458	-148.968897	0.459000	12.170000
459	-148.928897	0.461000	12.240000
460	-148.758897	0.461000	12.160000
461	-148.618897	0.461000	12.080000
462	-148.598897	0.463000	12.240000
463	-148.568897	0.465000	12.170000
464	-148.468897	0.465000	12.220000
465	-148.468897	0.467000	12.070000
466	-148.418897	0.467000	12.210000
467	-148.358897	0.467000	12.310000
468	-148.298897	0.469000	12.460000
469	-148.178897	0.469000	12.160000
470	-148.138897	0.471000	12.320000
471	-147.978897	0.473000	12.080000
472	-147.938897	0.473000	12.220000
473	-147.818897	0.473000	12.260000
474	-147.808897	0.475000	12.210000
475	-147.758897	0.476000	12.160000
476	-147.668897	0.476000	12.050000
477	-147.028897	0.476000	12.470000
478	-146.888897	0.478000	12.400000
479	-146.808897	0.480000	12.510000
480	-146.778897	0.480000	12.290000
481	-146.598897	0.482000	12.340000
482	-146.438897	0.482000	12.270000
483	-146.438897	0.482000	12.240000
484	-146.428897	0.484000	12.320000
485	-146.418897	0.486000	12.160000
486	-146.398897	0.486000	12.280000
487	-146.378897	0.488000	12.420000
488	-146.368897	0.488000	12.320000
489	-146.358897	0.488000	12.360000
490	-146.328897	0.490000	12.350000
491	-146.158897	0.492000	12.390000
492	-146.128897	0.492000	12.290000
493	-146.098897	0.492000	12.260000
494	-145.998897	0.494000	12.050000
495	-145.928897	0.496000	12.330000
496	-145.848897	0.496000	12.310000
497	-145.758897	0.498000	12.310000
498	-145.738897	0.498000	12.420000
499	-145.348897	0.498000	12.400000
500	-145.348897	0.500000	12.320000
501	-145.338897	0.500000	12.430000
502	-145.318897	0.502000	12.310000
503	-145.318897	0.504000	12.420000
504	-145.308897	0.504000	12.410000
505	-145.228897	0.506000	12.270000
506	-145.228897	0.508000	12.140000
507	-144.908897	0.508000	12.290000
508	-144.778897	0.508000	12.250000
509	-144.698897	0.510000	12.460000
510	-144.668897	0.512000	12.450000
511	-144.638897	0.512000	12.600000
512	-144.508897	0.512000	12.410000
513	-144.248897	0.514000	12.350000
514	-144.148897	0.516000	12.610000
515	-144.098897	0.516000	12.410000
516	-144.078897	0.516000	12.510000
517	-143.858897	0.518000	12.360000
518	-143.838897	0.519000	12.490000
519	-143.838897	0.519000	12.470000
520	-143.798897	0.519000	12.610000
521	-143.778897	0.521000	12.660000
522	-143.488897	0.523000	12.590000
523	-143.488897	0.523000	12.320000
524	-143.478897	0.523000	12.490000
525	-143.408897	0.525000	12.490000
526	-143.378897	0.527000	12.650000
527	-143.298897	0.527000	12.520000
528	-143.288897	0.529000	12.470000
529	-143.258897	0.529000	12.420000
530	-143.248897	0.529000	12.520000
531	-143.218897	0.531000	12.660000
532	-143.198897	0.531000	12.510000
533	-143.018897	0.533000	12.470000
534	-142.998897	0.535000	12.530000
535	-142.988897	0.535000	12.480000
536	-142.888897	0.535000	12.490000
537	-142.748897	0.537000	12.430000
538	-142.448897	0.539000	12.590000
539	-142.448897	0.541000	12.560000
540	-142.338897	0.543000	12.710000
541	-142.208897	0.543000	12.530000
542	-141.928897	0.545000	12.750000
543	-141.898897	0.545000	12.850000
544	-141.858897	0.545000	12.650000
545	-141.798897	0.547000	12.720000
546	-141.628897	0.549000	12.580000
547	-141.628897	0.551000	12.680000
548	-141.598897	0.551000	12.530000
549	-141.528897	0.553000	12.650000
550	-141.428897	0.553000	12.680000
551	-141.278897	0.553000	12.900000
552	-141.258897	0.555000	12.640000
553	-141.058897	0.555000	12.630000
554	-141.058897	0.557000	12.900000
555	-140.998897	0.557000	12.680000
556	-140.968897	0.559000	12.860000
557	-140.858897	0.560000	12.660000
558	-140.508897	0.560000	12.810000
559	-140.408897	0.560000	12.800000
560	-140.248897	0.562000	12.610000
561	-140.228897	0.562000	12.610000
562	-140.158897	0.564000	12.700000
563	-140.138897	0.566000	12.630000
564	-140.128897	0.564000	12.820000
565	-140.098897	0.566000	12.650000
566	-140.048897	0.568000	12.730000
567	-140.048897	0.568000	12.650000
568	-139.918897	0.570000	12.730000
569	-139.768897	0.570000	12.770000
570	-139.728897	0.572000	12.850000
571	-139.698897	0.574000	12.840000
572	-139.668897	0.574000	12.820000
573	-139.618897	0.576000	12.860000
574	-139.608897	0.576000	12.740000
575	-139.538897	0.576000	12.830000
576	-139.528897	0.578000	12.650000
577	-139.508897	0.580000	12.890000
578	-139.408897	0.580000	12.800000
579	-139.338897	0.582000	12.970000
580	-139.318897	0.582000	12.830000
581	-139.198897	0.584000	12.910000
582	-139.198897	0.584000	12.840000
583	-138.978897	0.584000	12.880000
584	-138.908897	0.586000	12.880000
585	-138.888897	0.586000	13.050000
586	-138.878897	0.588000	12.850000
587	-138.798897	0.590000	12.890000
588	-138.698897	0.590000	12.870000
589	-138.688897	0.592000	13.090000
590	-138.608897	0.592000	12.950000
591	-138.578897	0.592000	12.810000
592	-138.478897	0.594000	12.900000
593	-138.418897	0.594000	12.860000
594	-138.148897	0.596000	13.000000
595	-138.108897	0.598000	12.860000
596	-138.098897	0.598000	12.920000
597	-137.958897	0.600000	12.870000
598	-137.838897	0.600000	12.890000
599	-137.798897	0.602000	12.930000
600	-137.758897	0.602000	12.830000
601	-137.608897	0.603000	12.880000
602	-137.588897	0.605000	12.910000
603	-137.528897	0.605000	12.880000
604	-137.508897	0.607000	12.980000
605	-137.508897	0.607000	13.070000
606	-137.478897	0.607000	12.850000
607	-137.368897	0.609000	12.920000
608	-137.358897	0.609000	12.860000
609	-137.278897	0.611000	13.080000
610	-137.258897	0.613000	12.860000
611	-137.238897	0.613000	12.900000
612	-137.228897	0.615000	12.800000
613	-137.188897	0.615000	13.050000
614	-137.138897	0.615000	12.940000
615	-137.098897	0.617000	13.150000
616	-137.068897	0.617000	13.020000
617	-137.028897	0.619000	13.320000
618	-136.918897	0.621000	12.970000
619	-136.888897	0.621000	12.830000
620	-136.788897	0.623000	12.900000
621	-136.618897	0.625000	13.060000
622	-136.488897	0.625000	13.110000
623	-136.368897	0.627000	13.240000
624	-135.778897	0.629000	13.180000
625	-135.698897	0.627000	13.240000
626	-135.688897	0.627000	13.180000
627	-135.668897	0.631000	13.130000
628	-135.668897	0.633000	13.220000
629	-135.658897	0.633000	12.970000
630	-135.638897	0.633000	13.100000
631	-135.628897	0.635000	13.020000
632	-135.408897	0.637000	12.960000
633	-135.358897	0.637000	13.160000
634	-135.328897	0.639000	13.040000
635	-135.218897	0.639000	13.050000
636	-135.178897	0.639000	13.070000
637	-135.148897	0.641000	13.080000
638	-135.028897	0.643000	13.170000
639	-134.978897	0.643000	13.060000
640	-134.908897	0.644000	13.000000
641	-134.828897	0.644000	12.930000
642	-134.738897	0.644000	12.950000
643	-134.728897	0.646000	13.260000
644	-134.568897	0.648000	13.300000
645	-134.488897	0.648000	13.180000
646	-134.468897	0.648000	13.220000
647	-134.408897	0.650000	13.200000
648	-134.038897	0.652000	13.350000
649	-134.038897	0.654000	12.990000
650	-133.988897	0.654000	13.300000
651	-133.878897	0.654000	13.130000
652	-133.788897	0.656000	13.330000
653	-133.728897	0.656000	13.090000
654	-133.708897	0.658000	13.300000
655	-133.698897	0.660000	13.400000
656	-133.618897	0.660000	13.130000
657	-133.608897	0.660000	13.040000
658	-133.488897	0.662000	13.380000
659	-133.468897	0.664000	13.220000
660	-133.328897	0.664000	13.310000
661	-133.248897	0.664000	13.390000
662	-133.238897	0.666000	13.190000
663	-133.218897	0.668000	13.330000
664	-133.178897	0.670000	13.270000
665	-133.178897	0.670000	13.260000
666	-133.138897	0.670000	13.340000
667	-133.128897	0.670000	13.300000
668	-132.898897	0.672000	13.150000
669	-132.798897	0.674000	13.280000
670	-132.708897	0.676000	13.150000
671	-132.698897	0.676000	13.260000
672	-132.618897	0.676000	13.390000
673	-132.388897	0.678000	13.190000
674	-132.198897	0.680000	13.450000
675	-132.088897	0.680000	13.380000
676	-131.868897	0.680000	13.280000
677	-131.848897	0.682000	13.250000
678	-131.798897	0.684000	13.420000
679	-131.698897	0.684000	13.210000
680	-131.648897	0.685000	13.420000
681	-131.638897	0.685000	13.220000
682	-131.558897	0.685000	13.360000
683	-131.458897	0.687000	13.200000
684	-131.408897	0.687000	13.380000
685	-131.228897	0.689000	13.400000
686	-131.168897	0.691000	13.490000
687	-131.148897	0.689000	13.460000
688	-130.998897	0.691000	13.470000
689	-130.948897	0.693000	13.300000
690	-130.888897	0.695000	13.320000
691	-130.848897	0.695000	13.660000
692	-130.808897	0.695000	13.370000
693	-130.808897	0.697000	13.400000
694	-130.728897	0.699000	13.630000
695	-130.718897	0.699000	13.490000
696	-130.618897	0.701000	13.340000
697	-130.608897	0.701000	13.320000
698	-130.578897	0.703000	13.380000
699	-130.528897	0.703000	13.540000
700	-130.518897	0.703000	13.450000
701	-130.418897	0.707000	13.300000
702	-130.348897	0.709000	13.550000
703	-130.278897	0.709000	13.270000
704	-130.208897	0.709000	13.560000
705	-130.108897	0.711000	13.400000
706	-129.968897	0.711000	13.340000
707	-129.928897	0.713000	13.500000
708	-129.848897	0.713000	13.620000
709	-129.708897	0.715000	13.500000
710	-129.698897	0.715000	13.650000
711	-129.628897	0.717000	13.520000
712	-129.618897	0.717000	13.530000
713	-129.228897	0.719000	13.570000
714	-129.218897	0.719000	13.420000
715	-129.208897	0.721000	13.550000
716	-129.158897	0.723000	13.440000
717	-129.128897	0.723000	13.510000
718	-129.108897	0.725000	13.650000
719	-129.048897	0.725000	13.610000
720	-129.008897	0.726000	13.540000
721	-128.938897	0.726000	13.670000
722	-128.938897	0.726000	13.390000
723	-128.878897	0.728000	13.470000
724	-128.858897	0.730000	13.640000
725	-128.848897	0.730000	13.530000
726	-128.828897	0.732000	13.430000
727	-128.688897	0.732000	13.650000
728	-128.548897	0.732000	13.350000
729	-128.358897	0.734000	13.730000
730	-128.338897	0.734000	13.470000
731	-128.278897	0.736000	13.530000
732	-128.228897	0.738000	13.570000
733	-128.028897	0.738000	13.630000
734	-128.008897	0.740000	13.510000
735	-127.948897	0.740000	13.540000
736	-127.798897	0.740000	13.630000
737	-127.718897	0.742000	13.750000
738	-127.488897	0.744000	13.530000
739	-127.478897	0.744000	13.540000
740	-127.458897	0.746000	13.720000
741	-127.388897	0.746000	13.520000
742	-127.258897	0.748000	13.600000
743	-127.058897	0.748000	13.600000
744	-127.058897	0.748000	13.630000
745	-126.838897	0.750000	13.800000
746	-126.808897	0.750000	13.770000
747	-126.718897	0.752000	13.540000
748	-126.578897	0.754000	13.710000
749	-126.558897	0.754000	13.630000
750	-126.508897	0.754000	13.720000
751	-126.398897	0.756000	13.560000
752	-126.288897	0.758000	13.580000
753	-126.238897	0.758000	13.990000
754	-126.128897	0.758000	13.400000
755	-126.098897	0.760000	13.590000
756	-126.068897	0.762000	13.610000
757	-126.018897	0.762000	13.690000
758	-125.908897	0.764000	13.870000
759	-125.838897	0.764000	13.920000
760	-125.768897	0.764000	13.950000
761	-125.738897	0.766000	13.940000
762	-125.608897	0.766000	13.770000
763	-125.518897	0.768000	13.950000
764	-125.358897	0.769000	13.980000
765	-125.158897	0.769000	13.860000
766	-125.158897	0.771000	13.830000
767	-125.118897	0.771000	13.850000
768	-125.068897	0.771000	13.900000
769	-124.968897	0.773000	14.040000
770	-124.938897	0.773000	13.840000
771	-124.848897	0.775000	13.790000
772	-124.828897	0.777000	14.000000
773	-124.728897	0.779000	13.850000
774	-124.648897	0.779000	13.720000
775	-124.458897	0.779000	13.840000
776	-124.448897	0.781000	13.810000
777	-124.408897	0.781000	13.740000
778	-124.388897	0.783000	13.860000
779	-124.328897	0.785000	13.480000
780	-124.278897	0.785000	13.920000
781	-124.198897	0.785000	13.970000
782	-124.008897	0.787000	13.960000
783	-123.958897	0.787000	13.950000
784	-123.858897	0.791000	13.840000
785	-123.758897	0.793000	13.870000
786	-123.678897	0.793000	13.990000
787	-123.608897	0.795000	13.810000
788	-123.498897	0.795000	13.840000
789	-123.418897	0.795000	13.870000
790	-123.408897	0.797000	14.120000
791	-123.378897	0.797000	14.250000
792	-123.378897	0.799000	13.830000
793	-123.318897	0.801000	13.900000
794	-123.178897	0.801000	13.900000
795	-123.168897	0.801000	13.820000
796	-123.098897	0.803000	13.990000
797	-123.028897	0.805000	13.930000
798	-123.018897	0.805000	14.010000
799	-122.948897	0.805000	13.940000
800	-122.948897	0.807000	13.990000
801	-122.848897	0.807000	14.130000
802	-122.828897	0.809000	13.860000
803	-122.788897	0.809000	13.880000
804	-122.768897	0.810000	14.010000
805	-122.658897	0.810000	13.970000
806	-122.248897	0.812000	13.920000
807	-122.228897	0.812000	14.040000
808	-122.178897	0.814000	13.970000
809	-122.148897	0.816000	14.060000
810	-122.088897	0.816000	14.110000
811	-122.038897	0.816000	13.980000
812	-121.918897	0.818000	13.890000
813	-121.798897	0.820000	14.090000
814	-121.748897	0.820000	13.980000
815	-121.468897	0.820000	14.340000
816	-121.468897	0.822000	14.150000
817	-121.338897	0.824000	13.950000
818	-121.308897	0.824000	13.990000
819	-121.298897	0.826000	14.130000
820	-121.248897	0.826000	14.180000
821	-121.248897	0.826000	13.960000
822	-121.048897	0.828000	14.100000
823	-121.038897	0.828000	14.000000
824	-121.028897	0.830000	14.020000
825	-120.958897	0.832000	14.080000
826	-120.858897	0.832000	13.920000
827	-120.818897	0.832000	14.100000
828	-120.668897	0.834000	13.900000
829	-120.648897	0.836000	14.230000
830	-120.578897	0.836000	14.130000
831	-120.278897	0.836000	14.050000
832	-120.248897	0.838000	14.020000
833	-120.238897	0.838000	14.080000
834	-120.188897	0.840000	14.060000
835	-119.948897	0.842000	14.280000
836	-119.788897	0.842000	13.980000
837	-119.718897	0.842000	14.320000
838	-119.718897	0.844000	14.230000
839	-119.688897	0.844000	14.160000
840	-119.438897	0.846000	14.330000
841	-119.438897	0.848000	14.040000
842	-119.328897	0.848000	14.110000
843	-119.138897	0.846000	14.350000
844	-119.118897	0.850000	14.340000
845	-119.098897	0.852000	14.220000
846	-119.078897	0.852000	14.240000
847	-119.018897	0.852000	14.370000
848	-118.998897	0.853000	14.300000
849	-118.888897	0.855000	14.290000
850	-118.878897	0.855000	14.140000
851	-118.878897	0.857000	14.170000
852	-118.788897	0.857000	14.260000
853	-118.728897	0.857000	14.310000
854	-118.708897	0.859000	14.170000
855	-118.688897	0.861000	14.270000
856	-118.638897	0.861000	14.120000
857	-118.598897	0.863000	14.170000
858	-118.538897	0.863000	14.270000
859	-118.508897	0.863000	14.240000
860	-118.458897	0.865000	14.270000
861	-118.288897	0.867000	14.360000
862	-118.278897	0.867000	14.230000
863	-118.208897	0.867000	14.370000
864	-118.108897	0.869000	14.210000
865	-118.018897	0.871000	14.210000
866	-117.778897	0.873000	14.390000
867	-117.198897	0.875000	14.390000
868	-117.158897	0.875000	14.320000
869	-117.038897	0.877000	14.280000
870	-117.008897	0.879000	14.430000
871	-116.948897	0.879000	14.430000
872	-116.888897	0.881000	14.350000
873	-116.878897	0.881000	14.480000
874	-116.738897	0.883000	14.430000
875	-116.738897	0.883000	14.270000
876	-116.658897	0.883000	14.390000
877	-116.658897	0.885000	14.390000
878	-116.618897	0.887000	14.500000
879	-116.518897	0.887000	14.290000
880	-116.448897	0.889000	14.460000
881	-116.388897	0.889000	14.370000
882	-116.368897	0.889000	14.380000
883	-116.308897	0.891000	14.370000
884	-116.148897	0.891000	14.330000
885	-116.038897	0.893000	14.460000
886	-115.968897	0.894000	14.360000
887	-115.918897	0.894000	14.430000
888	-115.868897	0.896000	14.590000
889	-115.498897	0.896000	14.250000
890	-115.488897	0.896000	14.470000
891	-115.478897	0.898000	14.480000
892	-115.478897	0.898000	14.570000
893	-115.408897	0.900000	14.500000
894	-115.368897	0.902000	14.560000
895	-115.258897	0.902000	14.540000
896	-115.228897	0.902000	14.500000
897	-115.108897	0.904000	14.600000
898	-115.038897	0.904000	14.500000
899	-115.028897	0.906000	14.410000
900	-114.908897	0.906000	14.560000
901	-114.718897	0.908000	14.570000
902	-114.708897	0.910000	14.610000
903	-114.678897	0.910000	14.640000
904	-114.668897	0.912000	14.670000
905	-114.578897	0.912000	14.670000
906	-114.548897	0.914000	14.580000
907	-114.538897	0.914000	14.670000
908	-114.418897	0.916000	14.520000
909	-114.408897	0.918000	14.650000
910	-114.338897	0.918000	14.590000
911	-114.338897	0.920000	14.430000
912	-114.308897	0.920000	14.520000
913	-114.288897	0.922000	14.410000
914	-114.218897	0.922000	14.780000
915	-114.158897	0.922000	14.330000
916	-114.148897	0.924000	14.680000
917	-114.148897	0.926000	14.610000
918	-113.958897	0.926000	14.700000
919	-113.888897	0.928000	14.780000
920	-113.688897	0.928000	14.500000
921	-113.668897	0.928000	14.810000
922	-113.588897	0.930000	14.690000
923	-113.558897	0.930000	14.580000
924	-113.518897	0.932000	14.640000
925	-113.438897	0.932000	14.520000
926	-113.408897	0.934000	14.620000
927	-113.268897	0.935000	14.630000
928	-113.248897	0.935000	14.580000
929	-113.198897	0.935000	14.630000
930	-112.978897	0.937000	14.660000
931	-112.888897	0.937000	14.690000
932	-112.878897	0.939000	14.820000
933	-112.858897	0.941000	14.800000
934	-112.778897	0.941000	14.690000
935	-112.698897	0.943000	14.730000
936	-112.588897	0.943000	14.540000
937	-112.538897	0.945000	14.520000
938	-112.518897	0.945000	14.490000
939	-112.498897	0.945000	14.760000
940	-112.238897	0.947000	14.780000
941	-112.138897	0.949000	14.660000
942	-112.008897	0.949000	14.440000
943	-111.628897	0.951000	14.840000
944	-111.598897	0.951000	14.730000
945	-111.538897	0.951000	14.720000
946	-111.488897	0.953000	14.620000
947	-111.398897	0.953000	14.870000
948	-111.368897	0.957000	14.780000
949	-111.298897	0.957000	14.360000
950	-111.238897	0.959000	14.780000
951	-111.198897	0.961000	14.650000
952	-111.108897	0.961000	14.780000
953	-110.908897	0.961000	14.970000
954	-110.878897	0.963000	14.670000
955	-110.848897	0.965000	14.810000
956	-110.798897	0.965000	14.900000
957	-110.778897	0.965000	14.780000
958	-110.758897	0.967000	14.830000
959	-110.748897	0.967000	14.820000
960	-110.678897	0.969000	14.810000
961	-110.658897	0.969000	14.810000
962	-110.618897	0.971000	14.870000
963	-110.498897	0.973000	14.600000
964	-110.328897	0.973000	14.730000
965	-110.298897	0.973000	14.820000
966	-110.268897	0.975000	14.640000
967	-110.068897	0.975000	14.740000
968	-109.908897	0.976000	14.930000
969	-109.808897	0.978000	14.760000
970	-109.748897	0.980000	14.870000
971	-109.748897	0.980000	14.780000
972	-109.748897	0.982000	14.890000
973	-109.718897	0.982000	14.870000
974	-109.648897	0.982000	14.870000
975	-109.458897	0.984000	14.950000
976	-109.298897	0.984000	14.830000
977	-109.228897	0.986000	14.970000
978	-109.168897	0.988000	15.190000
979	-109.128897	0.988000	15.110000
980	-109.038897	0.988000	14.730000
981	-108.968897	0.990000	15.040000
982	-108.908897	0.992000	14.980000
983	-108.838897	0.992000	15.010000
984	-108.838897	0.992000	14.920000
985	-108.778897	0.994000	15.080000
986	-108.748897	0.996000	15.150000
987	-108.718897	0.998000	14.960000
988	-108.648897	0.996000	15.020000
989	-108.488897	0.998000	15.080000
990	-108.458897	0.998000	14.900000
991	-108.388897	1.000000	15.150000
992	-108.388897	1.000000	14.700000
993	-108.358897	1.002000	15.030000
994	-108.288897	1.004000	14.940000
995	-108.258897	1.004000	15.020000
996	-108.258897	1.004000	15.080000
997	-108.198897	1.006000	15.100000
998	-108.198897	1.008000	15.100000
999	-108.168897	1.008000	15.030000
1000	-107.868897	1.008000	15.120000
1001	-107.618897	1.010000	15.090000
1002	-107.548897	1.012000	15.280000
1003	-107.488897	1.012000	14.800000
1004	-107.288897	1.014000	15.280000
1005	-107.188897	1.014000	15.230000
1006	-107.158897	1.014000	15.150000
1007	-107.128897	1.016000	15.030000
1008	-107.088897	1.016000	14.870000
1009	-106.898897	1.019000	15.010000
1010	-106.868897	1.019000	15.030000
1011	-106.808897	1.019000	15.270000
1012	-106.778897	1.021000	15.140000
1013	-106.778897	1.023000	14.970000
1014	-106.548897	1.023000	15.090000
1015	-106.518897	1.023000	15.190000
1016	-106.288897	1.025000	15.130000
1017	-106.258897	1.027000	15.190000
1018	-106.238897	1.027000	15.250000
1019	-106.148897	1.027000	14.980000
1020	-105.868897	1.029000	15.080000
1021	-105.868897	1.029000	15.220000
1022	-105.848897	1.031000	15.100000
1023	-105.808897	1.031000	15.230000
1024	-105.778897	1.033000	15.170000
1025	-105.668897	1.035000	15.240000
1026	-105.578897	1.035000	15.100000
1027	-105.538897	1.035000	15.260000
1028	-105.538897	1.037000	15.210000
1029	-105.518897	1.037000	15.370000
1030	-105.338897	1.041000	15.280000
1031	-105.228897	1.043000	15.210000
1032	-105.188897	1.043000	14.880000
1033	-105.178897	1.045000	15.180000
1034	-105.038897	1.045000	15.170000
1035	-105.018897	1.045000	15.290000
1036	-104.968897	1.047000	15.240000
1037	-104.838897	1.049000	15.250000
1038	-104.768897	1.049000	15.280000
1039	-104.498897	1.051000	15.190000
1040	-104.378897	1.051000	15.130000
1041	-104.348897	1.053000	15.150000
1042	-104.318897	1.053000	15.330000
1043	-104.148897	1.053000	15.330000
1044	-104.128897	1.055000	15.450000
1045	-104.108897	1.055000	15.280000
1046	-104.078897	1.057000	15.200000
1047	-104.058897	1.059000	15.160000
1048	-103.998897	1.059000	15.390000
1049	-103.938897	1.059000	15.250000
1050	-103.918897	1.060000	15.200000
1051	-103.918897	1.062000	15.330000
1052	-103.918897	1.062000	15.240000
1053	-103.808897	1.062000	15.370000
1054	-103.808897	1.064000	15.370000
1055	-103.768897	1.066000	15.380000
1056	-103.628897	1.066000	15.300000
1057	-103.578897	1.068000	15.400000
1058	-103.558897	1.068000	15.360000
1059	-103.548897	1.068000	15.670000
1060	-103.528897	1.070000	15.420000
1061	-103.518897	1.070000	15.330000
1062	-103.358897	1.072000	15.350000
1063	-102.838897	1.074000	15.650000
1064	-102.838897	1.074000	15.210000
1065	-102.788897	1.076000	15.420000
1066	-102.678897	1.076000	15.120000
1067	-102.368897	1.076000	15.510000
1068	-102.228897	1.078000	15.330000
1069	-102.228897	1.078000	15.630000
1070	-102.198897	1.080000	15.430000
1071	-102.038897	1.082000	15.420000
1072	-101.988897	1.084000	15.660000
1073	-101.948897	1.084000	15.390000
1074	-101.898897	1.084000	15.520000
1075	-101.678897	1.086000	15.310000
1076	-101.668897	1.086000	15.500000
1077	-101.668897	1.088000	15.540000
1078	-101.648897	1.090000	15.550000
1079	-101.558897	1.090000	15.360000
1080	-101.488897	1.090000	15.360000
1081	-101.388897	1.092000	15.550000
1082	-101.328897	1.092000	15.340000
1083	-101.278897	1.094000	15.450000
1084	-101.278897	1.094000	15.590000
1085	-101.268897	1.096000	15.650000
1086	-101.188897	1.096000	15.580000
1087	-101.128897	1.098000	15.520000
1088	-101.128897	1.100000	15.260000
1089	-101.008897	1.100000	15.510000
1090	-101.008897	1.100000	15.530000
1091	-100.868897	1.102000	15.660000
1092	-100.768897	1.102000	15.870000
1093	-100.678897	1.103000	15.670000
1094	-100.488897	1.105000	15.610000
1095	-100.438897	1.105000	15.690000
1096	-100.288897	1.107000	15.800000
1097	-100.278897	1.107000	15.700000
1098	-100.268897	1.107000	15.680000
1099	-100.088897	1.109000	15.750000
1100	-99.998897	1.109000	15.600000
1101	-99.948897	1.111000	15.650000
1102	-99.878897	1.113000	15.630000
1103	-99.838897	1.113000	15.690000
1104	-99.748897	1.115000	15.720000
1105	-99.718897	1.115000	15.790000
1106	-99.508897	1.117000	15.510000
1107	-99.478897	1.117000	15.600000
1108	-99.458897	1.117000	15.760000
1109	-99.418897	1.119000	15.720000
1110	-99.418897	1.119000	15.720000
1111	-99.388897	1.121000	15.600000
1112	-99.388897	1.125000	15.750000
1113	-99.368897	1.125000	15.680000
1114	-99.328897	1.127000	15.620000
1115	-99.228897	1.129000	15.800000
1116	-99.108897	1.129000	15.710000
1117	-98.938897	1.129000	15.750000
1118	-98.928897	1.131000	15.540000
1119	-98.878897	1.133000	15.810000
1120	-98.798897	1.133000	15.630000
1121	-98.728897	1.133000	15.510000
1122	-98.678897	1.135000	15.920000
1123	-98.638897	1.137000	15.750000
1124	-98.608897	1.137000	15.890000
1125	-98.608897	1.139000	15.850000
1126	-98.548897	1.139000	15.960000
1127	-98.548897	1.139000	15.730000
1128	-98.418897	1.141000	15.620000
1129	-98.388897	1.141000	15.790000
1130	-98.348897	1.143000	15.760000
1131	-98.208897	1.143000	15.910000
1132	-98.138897	1.144000	15.770000
1133	-98.118897	1.144000	15.770000
1134	-98.048897	1.146000	15.870000
1135	-97.938897	1.148000	15.700000
1136	-97.928897	1.148000	15.730000
1137	-97.918897	1.148000	14.780000
1138	-97.898897	1.150000	15.880000
1139	-97.838897	1.152000	15.820000
1140	-97.768897	1.152000	15.740000
1141	-97.728897	1.154000	15.710000
1142	-97.348897	1.154000	15.700000
1143	-97.338897	1.156000	15.940000
1144	-97.138897	1.156000	16.020000
1145	-96.878897	1.156000	15.990000
1146	-96.878897	1.158000	15.730000
1147	-96.818897	1.160000	15.980000
1148	-96.738897	1.160000	15.910000
1149	-96.728897	1.160000	16.030000
1150	-96.658897	1.162000	14.590000
1151	-96.538897	1.164000	14.540000
1152	-96.538897	1.164000	14.420000
1153	-96.508897	1.164000	14.430000
1154	-96.408897	1.166000	16.070000
1155	-96.188897	1.168000	15.440000
1156	-96.088897	1.168000	15.770000
1157	-95.818897	1.170000	14.820000
1158	-95.708897	1.170000	14.670000
1159	-95.708897	1.170000	14.830000
1160	-95.708897	1.172000	14.560000
1161	-95.648897	1.174000	14.780000
1162	-95.608897	1.174000	16.030000
1163	-95.408897	1.174000	14.760000
1164	-95.338897	1.176000	14.650000
1165	-95.258897	1.176000	14.900000
1166	-95.178897	1.178000	16.000000
1167	-94.748897	1.180000	14.570000
1168	-94.688897	1.180000	14.840000
1169	-94.668897	1.180000	15.930000
1170	-94.528897	1.182000	14.730000
1171	-94.508897	1.185000	14.640000
1172	-94.498897	1.185000	14.620000
1173	-94.438897	1.184000	14.840000
1174	-94.428897	1.185000	14.600000
1175	-94.308897	1.187000	14.610000
1176	-94.278897	1.187000	14.770000
1177	-94.198897	1.187000	14.750000
1178	-94.188897	1.189000	14.580000
1179	-93.948897	1.191000	14.670000
1180	-93.908897	1.191000	14.790000
1181	-93.908897	1.191000	14.760000
1182	-93.898897	1.193000	14.760000
1183	-93.898897	1.195000	14.630000
1184	-93.838897	1.195000	14.750000
1185	-93.698897	1.195000	14.770000
1186	-93.668897	1.197000	14.910000
1187	-93.568897	1.199000	14.780000
1188	-93.518897	1.201000	14.750000
1189	-93.318897	1.201000	14.960000
1190	-93.318897	1.201000	14.810000
1191	-93.268897	1.203000	14.630000
1192	-93.268897	1.203000	14.530000
1193	-93.248897	1.205000	14.800000
1194	-93.238897	1.207000	14.910000
1195	-93.188897	1.209000	14.940000
1196	-93.108897	1.209000	14.740000
1197	-93.038897	1.211000	14.620000
1198	-92.798897	1.211000	14.720000
1199	-92.678897	1.213000	14.970000
1200	-92.658897	1.215000	14.860000
1201	-92.658897	1.215000	14.750000
1202	-92.638897	1.217000	14.620000
1203	-92.538897	1.217000	14.790000
1204	-92.488897	1.217000	14.670000
1205	-92.378897	1.219000	14.800000
1206	-92.368897	1.219000	14.970000
1207	-92.038897	1.221000	14.990000
1208	-91.848897	1.221000	14.940000
1209	-91.778897	1.221000	14.830000
1210	-91.708897	1.225000	14.780000
1211	-91.598897	1.225000	15.070000
1212	-91.588897	1.226000	15.050000
1213	-91.578897	1.226000	14.800000
1214	-91.478897	1.226000	14.910000
1215	-91.468897	1.228000	14.980000
1216	-91.448897	1.230000	14.800000
1217	-91.338897	1.230000	14.960000
1218	-91.198897	1.232000	14.830000
1219	-91.178897	1.232000	14.900000
1220	-91.168897	1.232000	14.980000
1221	-91.088897	1.234000	14.950000
1222	-90.818897	1.234000	14.900000
1223	-90.678897	1.236000	14.950000
1224	-90.528897	1.236000	14.770000
1225	-90.448897	1.238000	15.160000
1226	-90.438897	1.240000	15.150000
1227	-90.248897	1.240000	15.110000
1228	-90.198897	1.240000	15.150000
1229	-90.138897	1.242000	14.940000
1230	-90.068897	1.242000	15.130000
1231	-90.058897	1.244000	15.100000
1232	-89.938897	1.246000	15.060000
1233	-89.938897	1.246000	14.980000
1234	-89.858897	1.248000	15.060000
1235	-89.778897	1.248000	15.110000
1236	-89.768897	1.250000	15.060000
1237	-89.718897	1.250000	15.170000
1238	-89.578897	1.252000	15.210000
1239	-89.428897	1.254000	14.940000
1240	-89.418897	1.254000	15.130000
1241	-89.388897	1.256000	15.210000
1242	-89.368897	1.256000	15.100000
1243	-89.258897	1.258000	15.300000
1244	-89.148897	1.258000	15.040000
1245	-89.078897	1.258000	15.040000
1246	-89.068897	1.260000	15.030000
1247	-89.048897	1.262000	15.040000
1248	-89.038897	1.262000	15.110000
1249	-88.968897	1.264000	15.180000
1250	-88.958897	1.264000	15.050000
1251	-88.948897	1.264000	15.030000
1252	-88.858897	1.266000	15.110000
1253	-88.818897	1.266000	15.240000
1254	-88.628897	1.268000	15.120000
1255	-88.548897	1.268000	15.220000
1256	-88.498897	1.269000	15.100000
1257	-88.468897	1.271000	15.130000
1258	-88.418897	1.271000	15.300000
1259	-88.378897	1.273000	15.150000
1260	-88.178897	1.273000	15.130000
1261	-88.048897	1.275000	15.200000
1262	-87.988897	1.277000	15.430000
1263	-87.958897	1.277000	15.230000
1264	-87.898897	1.279000	15.250000
1265	-87.888897	1.279000	15.260000
1266	-87.828897	1.281000	15.250000
1267	-87.548897	1.281000	15.020000
1268	-87.538897	1.281000	15.170000
1269	-87.468897	1.283000	15.100000
1270	-87.418897	1.285000	15.200000
1271	-87.148897	1.285000	15.220000
1272	-87.088897	1.287000	15.140000
1273	-87.078897	1.287000	15.190000
1274	-87.018897	1.287000	15.170000
1275	-86.898897	1.291000	14.970000
1276	-86.848897	1.293000	15.280000
1277	-86.808897	1.293000	15.210000
1278	-86.788897	1.295000	15.310000
1279	-86.758897	1.295000	15.120000
1280	-86.518897	1.295000	15.210000
1281	-86.518897	1.297000	15.100000
1282	-86.468897	1.297000	15.050000
1283	-86.378897	1.299000	15.180000
1284	-86.078897	1.301000	15.290000
1285	-86.018897	1.299000	15.210000
1286	-85.998897	1.301000	15.340000
1287	-85.898897	1.303000	15.280000
1288	-85.798897	1.305000	15.290000
1289	-85.758897	1.305000	15.280000
1290	-85.748897	1.305000	15.060000
1291	-85.708897	1.307000	15.230000
1292	-85.688897	1.309000	15.000000
1293	-85.688897	1.309000	15.130000
1294	-85.628897	1.310000	15.290000
1295	-85.558897	1.310000	15.180000
1296	-85.528897	1.312000	15.400000
1297	-85.188897	1.312000	15.440000
1298	-85.148897	1.314000	15.480000
1299	-85.148897	1.316000	15.300000
1300	-85.088897	1.316000	15.330000
1301	-84.968897	1.316000	15.250000
1302	-84.808897	1.318000	15.250000
1303	-84.748897	1.320000	15.410000
1304	-84.748897	1.320000	15.220000
1305	-84.648897	1.320000	15.160000
1306	-84.438897	1.322000	15.300000
1307	-84.328897	1.324000	15.350000
1308	-84.278897	1.324000	15.370000
1309	-84.238897	1.326000	15.520000
1310	-84.008897	1.326000	15.510000
1311	-84.008897	1.326000	15.380000
1312	-83.878897	1.328000	15.500000
1313	-83.678897	1.328000	15.590000
1314	-83.528897	1.330000	15.370000
1315	-83.518897	1.330000	15.560000
1316	-83.428897	1.332000	15.420000
1317	-83.428897	1.332000	15.320000
1318	-83.358897	1.334000	15.470000
1319	-83.288897	1.336000	15.440000
1320	-83.248897	1.336000	15.420000
1321	-83.178897	1.336000	15.310000
1322	-83.098897	1.338000	15.630000
1323	-83.098897	1.340000	15.470000
1324	-83.058897	1.342000	15.410000
1325	-83.058897	1.342000	15.430000
1326	-82.998897	1.342000	15.410000
1327	-82.888897	1.344000	15.460000
1328	-82.728897	1.344000	15.460000
1329	-82.698897	1.346000	15.420000
1330	-82.698897	1.348000	15.400000
1331	-82.688897	1.348000	15.290000
1332	-82.608897	1.348000	15.380000
1333	-82.608897	1.350000	15.470000
1334	-82.538897	1.352000	15.330000
1335	-82.388897	1.352000	15.360000
1336	-82.388897	1.352000	15.460000
1337	-82.138897	1.353000	15.390000
1338	-82.028897	1.355000	15.530000
1339	-81.898897	1.355000	15.520000
1340	-81.778897	1.357000	15.440000
1341	-81.628897	1.357000	15.470000
1342	-81.448897	1.357000	15.580000
1343	-81.408897	1.359000	15.450000
1344	-81.338897	1.359000	15.400000
1345	-81.338897	1.361000	15.610000
1346	-81.258897	1.361000	15.600000
1347	-81.228897	1.363000	15.570000
1348	-81.208897	1.365000	15.550000
1349	-81.198897	1.365000	15.430000
1350	-81.058897	1.367000	15.530000
1351	-81.058897	1.367000	15.500000
1352	-81.008897	1.367000	15.600000
1353	-80.798897	1.369000	15.620000
1354	-80.648897	1.371000	15.510000
1355	-80.608897	1.371000	15.470000
1356	-80.588897	1.373000	15.450000
1357	-80.258897	1.375000	15.650000
1358	-80.228897	1.375000	15.450000
1359	-80.138897	1.377000	15.550000
1360	-80.098897	1.379000	15.760000
1361	-80.058897	1.379000	15.640000
1362	-80.048897	1.381000	15.610000
1363	-79.978897	1.381000	15.680000
1364	-79.938897	1.381000	15.720000
1365	-79.888897	1.383000	15.720000
1366	-79.858897	1.383000	15.610000
1367	-79.818897	1.385000	15.890000
1368	-79.718897	1.385000	15.780000
1369	-79.638897	1.387000	15.570000
1370	-79.538897	1.389000	15.790000
1371	-79.518897	1.389000	15.700000
1372	-79.518897	1.389000	15.720000
1373	-79.458897	1.391000	15.780000
1374	-79.438897	1.391000	15.610000
1375	-79.398897	1.393000	15.680000
1376	-79.218897	1.394000	15.580000
1377	-79.178897	1.394000	15.730000
1378	-79.128897	1.394000	15.590000
1379	-79.118897	1.396000	15.750000
1380	-78.848897	1.396000	15.710000
1381	-78.778897	1.398000	15.810000
1382	-78.778897	1.398000	15.630000
1383	-78.618897	1.400000	15.720000
1384	-78.488897	1.400000	15.580000
1385	-78.338897	1.404000	15.810000
1386	-78.178897	1.404000	15.720000
1387	-78.178897	1.404000	15.670000
1388	-77.898897	1.406000	15.910000
1389	-77.888897	1.406000	15.860000
1390	-77.888897	1.408000	15.690000
1391	-77.828897	1.410000	15.920000
1392	-77.788897	1.410000	15.740000
1393	-77.748897	1.412000	15.860000
1394	-77.608897	1.412000	15.710000
1395	-77.508897	1.412000	15.910000
1396	-77.468897	1.414000	15.780000
1397	-77.318897	1.414000	15.920000
1398	-77.268897	1.418000	15.890000
1399	-77.258897	1.418000	15.730000
1400	-77.258897	1.420000	15.580000
1401	-77.228897	1.420000	15.950000
1402	-77.208897	1.420000	15.860000
1403	-77.138897	1.422000	15.730000
1404	-77.118897	1.422000	15.970000
1405	-77.098897	1.424000	15.790000
1406	-76.998897	1.426000	15.830000
1407	-76.938897	1.426000	15.850000
1408	-76.908897	1.426000	16.050000
1409	-76.888897	1.428000	15.980000
1410	-76.808897	1.428000	15.740000
1411	-76.668897	1.430000	15.810000
1412	-76.628897	1.430000	15.830000
1413	-76.558897	1.432000	15.820000
1414	-76.508897	1.434000	15.890000
1415	-76.418897	1.434000	15.930000
1416	-76.388897	1.435000	15.970000
1417	-76.238897	1.435000	15.780000
1418	-76.148897	1.437000	15.840000
1419	-76.048897	1.437000	15.940000
1420	-76.008897	1.437000	16.050000
1421	-76.008897	1.439000	15.670000
1422	-75.948897	1.441000	15.950000
1423	-75.858897	1.441000	15.840000
1424	-75.838897	1.443000	15.900000
1425	-75.608897	1.443000	16.040000
1426	-75.548897	1.445000	15.820000
1427	-75.498897	1.445000	15.930000
1428	-75.478897	1.445000	15.770000
1429	-75.468897	1.447000	15.890000
1430	-75.208897	1.449000	16.190000
1431	-75.188897	1.449000	15.950000
1432	-74.958897	1.451000	15.990000
1433	-74.868897	1.451000	15.960000
1434	-74.848897	1.451000	16.080000
1435	-74.598897	1.453000	16.150000
1436	-74.598897	1.457000	16.050000
1437	-74.578897	1.457000	16.190000
1438	-74.538897	1.457000	16.160000
1439	-74.538897	1.459000	16.110000
1440	-74.508897	1.461000	15.990000
1441	-74.348897	1.461000	16.000000
1442	-74.298897	1.461000	15.960000
1443	-74.218897	1.463000	16.030000
1444	-74.148897	1.465000	15.870000
1445	-74.088897	1.467000	15.890000
1446	-74.038897	1.467000	16.000000
1447	-74.028897	1.467000	16.150000
1448	-73.718897	1.469000	16.030000
1449	-73.658897	1.469000	16.000000
1450	-73.548897	1.471000	16.100000
1451	-73.538897	1.471000	15.910000
1452	-73.248897	1.473000	16.070000
1453	-73.218897	1.473000	16.000000
1454	-73.138897	1.473000	16.120000
1455	-73.028897	1.475000	16.000000
1456	-73.018897	1.476000	16.140000
1457	-73.008897	1.476000	16.030000
1458	-72.988897	1.476000	16.100000
1459	-72.888897	1.478000	16.080000
1460	-72.868897	1.480000	16.230000
1461	-72.738897	1.480000	16.160000
1462	-72.638897	1.482000	16.080000
1463	-72.598897	1.482000	16.090000
1464	-72.558897	1.482000	16.000000
1465	-72.508897	1.484000	16.150000
1466	-72.458897	1.484000	16.150000
1467	-72.278897	1.486000	16.100000
1468	-72.258897	1.486000	16.210000
1469	-72.188897	1.488000	16.090000
1470	-72.188897	1.490000	16.060000
1471	-72.118897	1.490000	16.100000
1472	-72.008897	1.492000	16.160000
1473	-71.948897	1.492000	16.150000
1474	-71.848897	1.492000	16.280000
1475	-71.698897	1.494000	16.240000
1476	-71.548897	1.496000	16.170000
1477	-71.388897	1.496000	16.280000
1478	-71.358897	1.498000	16.260000
1479	-71.338897	1.498000	16.290000
1480	-71.288897	1.500000	16.200000
1481	-71.208897	1.500000	16.110000
1482	-70.848897	1.500000	16.140000
1483	-70.778897	1.502000	16.080000
1484	-70.668897	1.504000	16.190000
1485	-70.548897	1.504000	16.250000
1486	-70.488897	1.504000	16.230000
1487	-70.478897	1.506000	16.250000
1488	-70.458897	1.508000	16.410000
1489	-70.438897	1.508000	16.250000
1490	-70.438897	1.508000	16.310000
1491	-70.388897	1.510000	16.400000
1492	-70.078897	1.512000	16.330000
1493	-69.978897	1.512000	16.270000
1494	-69.968897	1.514000	16.370000
1495	-69.928897	1.514000	16.300000
1496	-69.858897	1.514000	16.250000
1497	-69.698897	1.516000	16.250000
1498	-69.608897	1.516000	16.400000
1499	-69.208897	1.518000	16.200000
1500	-69.158897	1.519000	16.290000
1501	-69.108897	1.519000	16.300000
1502	-69.078897	1.521000	16.540000
1503	-69.048897	1.521000	16.500000
1504	-69.018897	1.523000	16.570000
1505	-68.988897	1.523000	16.500000
1506	-68.968897	1.523000	16.380000
1507	-68.868897	1.525000	16.490000
1508	-68.868897	1.527000	16.540000
1509	-68.668897	1.527000	16.460000
1510	-68.638897	1.529000	16.450000
1511	-68.628897	1.529000	16.460000
1512	-68.628897	1.529000	16.400000
1513	-68.568897	1.531000	16.530000
1514	-68.498897	1.531000	16.490000
1515	-68.478897	1.533000	16.440000
1516	-68.438897	1.535000	16.500000
1517	-68.408897	1.535000	16.540000
1518	-68.398897	1.535000	16.470000
1519	-68.368897	1.537000	16.410000
1520	-68.358897	1.539000	16.390000
1521	-68.358897	1.541000	16.440000
1522	-68.338897	1.541000	16.510000
1523	-68.308897	1.543000	16.510000
1524	-68.298897	1.545000	16.610000
1525	-68.258897	1.545000	16.600000
1526	-68.178897	1.545000	16.420000
1527	-68.128897	1.547000	16.560000
1528	-68.118897	1.547000	16.490000
1529	-68.098897	1.549000	16.430000
1530	-67.948897	1.551000	16.430000
1531	-67.908897	1.551000	16.450000
1532	-67.838897	1.551000	16.480000
1533	-67.748897	1.553000	16.570000
1534	-67.698897	1.553000	16.560000
1535	-67.628897	1.555000	16.580000
1536	-67.578897	1.555000	16.410000
1537	-67.518897	1.557000	16.400000
1538	-67.348897	1.559000	16.580000
1539	-67.268897	1.559000	16.620000
1540	-67.118897	1.560000	16.580000
1541	-67.038897	1.560000	16.590000
1542	-66.958897	1.560000	16.530000
1543	-66.938897	1.562000	16.650000
1544	-66.668897	1.562000	16.500000
1545	-66.548897	1.564000	16.580000
1546	-66.508897	1.566000	16.660000
1547	-66.458897	1.566000	16.650000
1548	-66.428897	1.568000	16.580000
1549	-66.398897	1.568000	16.500000
1550	-66.298897	1.568000	16.540000
1551	-66.238897	1.570000	16.580000
1552	-66.068897	1.570000	16.590000
1553	-65.968897	1.572000	16.580000
1554	-65.818897	1.574000	16.690000
1555	-65.718897	1.574000	16.590000
1556	-65.708897	1.576000	16.660000
1557	-65.688897	1.576000	16.630000
1558	-65.678897	1.576000	16.570000
1559	-65.378897	1.578000	16.730000
1560	-65.268897	1.578000	16.650000
1561	-65.218897	1.580000	16.600000
1562	-65.218897	1.580000	16.570000
1563	-65.058897	1.582000	16.600000
1564	-64.998897	1.584000	16.590000
1565	-64.968897	1.584000	16.670000
1566	-64.948897	1.584000	16.580000
1567	-64.938897	1.586000	16.650000
1568	-64.878897	1.586000	16.720000
1569	-64.528897	1.588000	16.660000
1570	-64.458897	1.590000	16.920000
1571	-64.458897	1.590000	16.780000
1572	-64.438897	1.592000	16.860000
1573	-64.368897	1.592000	16.570000
1574	-64.348897	1.592000	16.640000
1575	-64.268897	1.594000	16.670000
1576	-64.248897	1.594000	16.730000
1577	-64.158897	1.596000	16.690000
1578	-64.058897	1.598000	16.780000
1579	-63.978897	1.598000	16.670000
1580	-63.928897	1.600000	16.810000
1581	-63.878897	1.600000	16.750000
1582	-63.868897	1.602000	16.780000
1583	-63.798897	1.602000	16.780000
1584	-63.748897	1.602000	16.860000
1585	-63.468897	1.603000	16.860000
1586	-63.418897	1.605000	16.900000
1587	-63.358897	1.605000	16.920000
1588	-63.338897	1.607000	16.880000
1589	-63.218897	1.607000	16.900000
1590	-63.208897	1.607000	16.910000
1591	-63.178897	1.609000	16.960000
1592	-63.148897	1.609000	16.820000
1593	-63.118897	1.611000	16.940000
1594	-63.098897	1.611000	16.740000
1595	-62.998897	1.613000	16.790000
1596	-62.888897	1.615000	17.010000
1597	-62.868897	1.615000	16.810000
1598	-62.858897	1.617000	16.870000
1599	-62.858897	1.617000	16.790000
1600	-62.778897	1.619000	16.830000
1601	-62.748897	1.621000	17.000000
1602	-62.718897	1.621000	16.830000
1603	-62.698897	1.623000	16.890000
1604	-62.578897	1.625000	16.860000
1605	-62.488897	1.625000	16.910000
1606	-62.368897	1.627000	16.670000
1607	-62.328897	1.629000	16.840000
1608	-62.318897	1.629000	16.880000
1609	-62.218897	1.629000	16.790000
1610	-62.128897	1.631000	16.830000
1611	-62.118897	1.633000	17.040000
1612	-62.038897	1.633000	17.090000
1613	-61.998897	1.633000	16.860000
1614	-61.898897	1.635000	17.070000
1615	-61.878897	1.637000	16.930000
1616	-61.808897	1.639000	16.960000
1617	-61.698897	1.639000	17.000000
1618	-61.528897	1.639000	16.880000
1619	-61.308897	1.641000	16.980000
1620	-61.228897	1.641000	17.240000
1621	-61.188897	1.643000	16.910000
1622	-60.978897	1.644000	17.170000
1623	-60.878897	1.644000	17.090000
1624	-60.858897	1.644000	16.920000
1625	-60.828897	1.646000	16.970000
1626	-60.728897	1.648000	17.020000
1627	-60.478897	1.648000	17.140000
1628	-60.478897	1.648000	16.950000
1629	-60.448897	1.650000	17.050000
1630	-60.418897	1.654000	17.050000
1631	-60.398897	1.654000	16.990000
1632	-60.348897	1.654000	17.040000
1633	-60.148897	1.654000	17.070000
1634	-60.138897	1.656000	17.090000
1635	-60.118897	1.656000	17.100000
1636	-59.988897	1.658000	17.060000
1637	-59.948897	1.658000	17.120000
1638	-59.748897	1.660000	16.960000
1639	-59.718897	1.660000	17.000000
1640	-59.628897	1.660000	17.210000
1641	-59.598897	1.662000	17.040000
1642	-59.518897	1.664000	16.930000
1643	-59.518897	1.664000	17.060000
1644	-59.398897	1.664000	17.020000
1645	-59.248897	1.666000	17.050000
1646	-59.088897	1.668000	17.080000
1647	-58.848897	1.668000	17.290000
1648	-58.658897	1.670000	17.110000
1649	-58.618897	1.670000	17.290000
1650	-58.528897	1.670000	17.290000
1651	-58.458897	1.672000	17.170000
1652	-58.448897	1.672000	17.370000
1653	-58.418897	1.674000	17.130000
1654	-58.348897	1.676000	17.260000
1655	-58.268897	1.676000	17.240000
1656	-58.138897	1.678000	17.250000
1657	-58.088897	1.678000	17.340000
1658	-57.938897	1.680000	17.410000
1659	-57.858897	1.680000	17.220000
1660	-57.848897	1.680000	17.390000
1661	-57.818897	1.682000	17.380000
1662	-57.778897	1.685000	17.160000
1663	-57.728897	1.684000	17.300000
1664	-57.718897	1.685000	17.170000
1665	-57.648897	1.685000	17.230000
1666	-57.608897	1.687000	17.130000
1667	-57.598897	1.687000	17.260000
1668	-57.578897	1.687000	17.230000
1669	-57.448897	1.689000	17.360000
1670	-57.388897	1.691000	17.020000
1671	-57.378897	1.691000	17.380000
1672	-57.308897	1.691000	17.420000
1673	-57.168897	1.693000	17.280000
1674	-57.098897	1.695000	17.340000
1675	-57.078897	1.695000	17.330000
1676	-56.948897	1.695000	17.460000
1677	-56.918897	1.699000	17.230000
1678	-56.898897	1.699000	17.300000
1679	-56.758897	1.701000	17.410000
1680	-56.688897	1.701000	17.530000
1681	-56.578897	1.701000	17.370000
1682	-56.418897	1.703000	17.330000
1683	-56.108897	1.703000	17.300000
1684	-56.088897	1.705000	17.400000
1685	-56.068897	1.709000	17.590000
1686	-56.038897	1.711000	17.210000
1687	-56.018897	1.711000	17.390000
1688	-55.948897	1.711000	17.280000
1689	-55.918897	1.713000	17.320000
1690	-55.868897	1.715000	17.390000
1691	-55.858897	1.715000	17.390000
1692	-55.738897	1.717000	17.420000
1693	-55.668897	1.717000	17.390000
1694	-55.538897	1.717000	17.410000
1695	-55.528897	1.719000	17.310000
1696	-55.498897	1.721000	17.260000
1697	-55.378897	1.723000	17.370000
1698	-55.348897	1.723000	17.330000
1699	-55.168897	1.725000	17.430000
1700	-55.158897	1.725000	17.380000
1701	-55.148897	1.725000	17.450000
1702	-55.078897	1.726000	17.280000
1703	-54.908897	1.726000	17.520000
1704	-54.868897	1.728000	17.410000
1705	-54.828897	1.730000	17.450000
1706	-54.588897	1.732000	17.520000
1707	-54.508897	1.732000	17.540000
1708	-54.458897	1.732000	17.670000
1709	-54.358897	1.734000	17.410000
1710	-54.328897	1.734000	17.310000
1711	-54.278897	1.736000	17.540000
1712	-54.258897	1.738000	17.440000
1713	-54.228897	1.736000	17.390000
1714	-54.128897	1.738000	17.570000
1715	-54.108897	1.740000	17.520000
1716	-54.108897	1.740000	17.580000
1717	-53.938897	1.742000	17.510000
1718	-53.888897	1.742000	17.510000
1719	-53.858897	1.744000	17.460000
1720	-53.838897	1.746000	17.360000
1721	-53.778897	1.746000	17.490000
1722	-53.658897	1.748000	17.450000
1723	-53.598897	1.748000	17.470000
1724	-53.568897	1.748000	17.370000
1725	-53.498897	1.750000	17.460000
1726	-53.448897	1.750000	17.470000
1727	-53.428897	1.752000	17.500000
1728	-53.048897	1.754000	17.450000
1729	-52.868897	1.754000	17.570000
1730	-52.868897	1.756000	17.450000
1731	-52.758897	1.756000	17.690000
1732	-52.728897	1.756000	17.610000
1733	-52.688897	1.758000	17.650000
1734	-52.608897	1.758000	17.770000
1735	-52.528897	1.760000	17.700000
1736	-52.528897	1.762000	17.730000
1737	-52.368897	1.762000	17.660000
1738	-52.358897	1.764000	17.670000
1739	-52.328897	1.764000	17.640000
1740	-52.278897	1.764000	17.520000
1741	-52.018897	1.766000	17.680000
1742	-51.858897	1.766000	17.570000
1743	-51.848897	1.768000	17.530000
1744	-51.838897	1.769000	17.850000
1745	-51.818897	1.768000	17.580000
1746	-51.788897	1.771000	17.770000
1747	-51.768897	1.771000	17.520000
1748	-51.688897	1.773000	17.830000
1749	-51.638897	1.773000	17.760000
1750	-51.608897	1.775000	17.560000
1751	-51.088897	1.777000	17.700000
1752	-50.998897	1.777000	17.670000
1753	-50.988897	1.779000	17.580000
1754	-50.948897	1.779000	17.690000
1755	-50.928897	1.779000	17.800000
1756	-50.898897	1.781000	17.830000
1757	-50.898897	1.781000	17.820000
1758	-50.748897	1.783000	17.750000
1759	-50.738897	1.785000	17.830000
1760	-50.728897	1.783000	17.650000
1761	-50.718897	1.787000	17.720000
1762	-50.608897	1.787000	17.840000
1763	-50.528897	1.791000	17.680000
1764	-50.478897	1.791000	17.940000
1765	-50.418897	1.791000	17.870000
1766	-50.418897	1.793000	17.620000
1767	-50.368897	1.795000	17.860000
1768	-50.248897	1.795000	17.730000
1769	-50.018897	1.797000	17.680000
1770	-49.968897	1.797000	17.790000
1771	-49.938897	1.799000	17.630000
1772	-49.738897	1.801000	18.000000
1773	-49.668897	1.801000	17.650000
1774	-49.648897	1.801000	17.780000
1775	-49.628897	1.803000	17.710000
1776	-49.478897	1.805000	17.800000
1777	-49.368897	1.805000	18.010000
1778	-49.368897	1.805000	17.800000
1779	-49.318897	1.807000	17.720000
1780	-49.198897	1.809000	17.680000
1781	-49.058897	1.809000	17.730000
1782	-49.028897	1.810000	17.830000
1783	-48.968897	1.810000	17.980000
1784	-48.938897	1.810000	17.840000
1785	-48.798897	1.812000	17.740000
1786	-48.718897	1.812000	17.710000
1787	-48.658897	1.814000	17.900000
1788	-48.638897	1.816000	17.840000
1789	-48.578897	1.816000	18.030000
1790	-48.498897	1.816000	17.890000
1791	-48.438897	1.818000	18.010000
1792	-48.428897	1.820000	17.830000
1793	-48.378897	1.820000	17.760000
1794	-48.358897	1.822000	17.930000
1795	-48.358897	1.822000	18.000000
1796	-48.348897	1.822000	17.940000
1797	-48.318897	1.824000	18.010000
1798	-48.288897	1.826000	17.950000
1799	-48.248897	1.826000	17.960000
1800	-48.238897	1.826000	17.830000
1801	-48.178897	1.828000	17.890000
1802	-48.088897	1.828000	17.910000
1803	-47.958897	1.830000	18.070000
1804	-47.918897	1.832000	18.150000
1805	-47.888897	1.832000	17.990000
1806	-47.818897	1.830000	17.880000
1807	-47.748897	1.836000	18.110000
1808	-47.668897	1.836000	17.950000
1809	-47.668897	1.836000	17.850000
1810	-47.618897	1.838000	18.020000
1811	-47.568897	1.840000	18.110000
1812	-47.158897	1.840000	18.030000
1813	-47.108897	1.842000	18.010000
1814	-47.078897	1.842000	18.070000
1815	-47.028897	1.842000	17.970000
1816	-46.848897	1.844000	17.930000
1817	-46.828897	1.844000	17.950000
1818	-46.608897	1.846000	18.080000
1819	-46.598897	1.846000	18.010000
1820	-46.508897	1.846000	17.980000
1821	-46.438897	1.850000	18.120000
1822	-46.258897	1.850000	17.980000
1823	-46.118897	1.852000	17.980000
1824	-46.048897	1.852000	18.120000
1825	-45.688897	1.852000	18.080000
1826	-45.488897	1.853000	18.110000
1827	-45.278897	1.855000	18.180000
1828	-45.248897	1.855000	18.100000
1829	-45.238897	1.857000	18.060000
1830	-45.128897	1.857000	18.050000
1831	-45.028897	1.857000	18.130000
1832	-44.948897	1.859000	18.120000
1833	-44.938897	1.859000	18.180000
1834	-44.848897	1.861000	18.240000
1835	-44.828897	1.863000	18.130000
1836	-44.818897	1.863000	18.130000
1837	-44.758897	1.863000	18.120000
1838	-44.738897	1.867000	18.100000
1839	-44.688897	1.867000	18.170000
1840	-44.668897	1.867000	18.240000
1841	-44.488897	1.869000	18.130000
1842	-44.468897	1.871000	18.190000
1843	-44.448897	1.871000	18.110000
1844	-44.428897	1.873000	18.190000
1845	-44.118897	1.875000	18.260000
1846	-44.078897	1.875000	18.250000
1847	-43.978897	1.877000	18.120000
1848	-43.928897	1.879000	18.380000
1849	-43.928897	1.879000	18.110000
1850	-43.918897	1.881000	18.220000
1851	-43.908897	1.881000	18.270000
1852	-43.758897	1.881000	18.220000
1853	-43.718897	1.883000	18.280000
1854	-43.658897	1.883000	18.220000
1855	-43.648897	1.885000	18.180000
1856	-43.618897	1.887000	18.210000
1857	-43.608897	1.887000	18.350000
1858	-43.548897	1.887000	18.180000
1859	-43.538897	1.889000	18.130000
1860	-43.538897	1.889000	18.160000
1861	-43.348897	1.891000	18.280000
1862	-43.118897	1.891000	18.190000
1863	-43.098897	1.893000	18.290000
1864	-42.958897	1.894000	18.310000
1865	-42.908897	1.894000	18.330000
1866	-42.898897	1.896000	18.230000
1867	-42.868897	1.896000	18.300000
1868	-42.858897	1.896000	18.190000
1869	-42.768897	1.898000	18.260000
1870	-42.708897	1.898000	17.980000
1871	-42.628897	1.900000	18.200000
1872	-42.538897	1.902000	18.350000
1873	-42.538897	1.902000	18.190000
1874	-42.528897	1.904000	18.260000
1875	-42.328897	1.904000	18.270000
1876	-42.298897	1.906000	18.360000
1877	-42.108897	1.906000	18.420000
1878	-41.978897	1.908000	18.540000
1879	-41.968897	1.910000	18.320000
1880	-41.918897	1.910000	18.300000
1881	-41.858897	1.912000	18.470000
1882	-41.838897	1.912000	18.270000
1883	-41.808897	1.912000	18.360000
1884	-41.808897	1.914000	18.390000
1885	-41.718897	1.914000	18.240000
1886	-41.538897	1.916000	18.480000
1887	-41.468897	1.916000	18.390000
1888	-41.458897	1.918000	18.410000
1889	-41.438897	1.920000	18.210000
1890	-41.378897	1.920000	18.400000
1891	-41.358897	1.920000	18.540000
1892	-41.338897	1.922000	18.570000
1893	-41.268897	1.922000	18.590000
1894	-41.208897	1.924000	18.380000
1895	-41.188897	1.926000	18.520000
1896	-41.168897	1.926000	18.360000
1897	-41.118897	1.928000	18.380000
1898	-40.798897	1.928000	18.490000
1899	-40.688897	1.928000	18.630000
1900	-40.638897	1.930000	18.480000
1901	-40.508897	1.930000	18.370000
1902	-40.408897	1.932000	18.470000
1903	-40.408897	1.934000	18.490000
1904	-40.228897	1.934000	18.490000
1905	-40.018897	1.935000	18.490000
1906	-39.898897	1.935000	18.500000
1907	-39.738897	1.935000	18.550000
1908	-39.678897	1.937000	18.400000
1909	-39.638897	1.939000	18.480000
1910	-39.608897	1.941000	18.470000
1911	-39.588897	1.941000	18.440000
1912	-39.358897	1.943000	18.460000
1913	-39.268897	1.943000	18.480000
1914	-39.098897	1.943000	18.380000
1915	-39.068897	1.945000	18.540000
1916	-39.038897	1.945000	18.510000
1917	-38.958897	1.947000	18.450000
1918	-38.858897	1.947000	18.590000
1919	-38.608897	1.949000	18.420000
1920	-38.518897	1.951000	18.710000
1921	-38.518897	1.951000	18.410000
1922	-38.368897	1.951000	18.680000
1923	-38.328897	1.953000	18.480000
1924	-38.318897	1.957000	18.500000
1925	-38.308897	1.957000	18.530000
1926	-38.228897	1.957000	18.600000
1927	-38.158897	1.959000	18.610000
1928	-38.128897	1.961000	18.490000
1929	-38.008897	1.961000	18.650000
1930	-38.008897	1.961000	18.610000
1931	-37.928897	1.963000	18.510000
1932	-37.918897	1.965000	18.720000
1933	-37.818897	1.965000	18.650000
1934	-37.808897	1.967000	18.530000
1935	-37.728897	1.967000	18.550000
1936	-37.538897	1.967000	18.580000
1937	-37.478897	1.969000	18.530000
1938	-37.448897	1.969000	18.940000
1939	-37.438897	1.971000	18.610000
1940	-37.428897	1.973000	18.480000
1941	-37.378897	1.973000	18.530000
1942	-37.178897	1.973000	18.630000
1943	-37.168897	1.975000	18.600000
1944	-37.138897	1.976000	18.500000
1945	-37.048897	1.976000	18.630000
1946	-36.968897	1.976000	18.560000
1947	-36.888897	1.978000	18.650000
1948	-36.848897	1.982000	18.530000
1949	-36.788897	1.980000	18.650000
1950	-36.778897	1.980000	18.650000
1951	-36.698897	1.982000	18.670000
1952	-36.638897	1.982000	18.900000
1953	-36.598897	1.984000	18.760000
1954	-36.408897	1.984000	18.900000
1955	-36.378897	1.986000	18.660000
1956	-36.368897	1.988000	18.840000
1957	-36.318897	1.988000	18.770000
1958	-36.198897	1.990000	18.740000
1959	-36.028897	1.990000	18.700000
1960	-36.018897	1.992000	18.740000
1961	-35.908897	1.992000	18.860000
1962	-35.898897	1.992000	18.930000
1963	-35.858897	1.994000	18.730000
1964	-35.858897	1.996000	18.660000
1965	-35.818897	1.996000	18.900000
1966	-35.638897	1.998000	18.910000
1967	-35.568897	1.998000	18.780000
1968	-35.508897	1.998000	18.760000
1969	-35.498897	2.000000	18.870000
1970	-35.458897	2.000000	18.960000
1971	-35.398897	2.002000	18.810000
1972	-35.338897	2.004000	18.780000
1973	-35.098897	2.004000	18.810000
1974	-35.078897	2.004000	18.930000
1975	-35.028897	2.006000	18.750000
1976	-34.908897	2.008000	18.950000
1977	-34.908897	2.008000	18.770000
1978	-34.778897	2.008000	18.730000
1979	-34.548897	2.010000	18.770000
1980	-34.518897	2.012000	18.860000
1981	-34.398897	2.012000	18.830000
1982	-34.348897	2.012000	18.920000
1983	-34.328897	2.014000	18.890000
1984	-34.288897	2.014000	18.930000
1985	-34.268897	2.016000	18.760000
1986	-34.258897	2.016000	19.010000
1987	-34.108897	2.018000	18.620000
1988	-34.098897	2.019000	18.820000
1989	-34.008897	2.019000	18.940000
1990	-33.998897	2.021000	19.010000
1991	-33.948897	2.021000	18.880000
1992	-33.898897	2.023000	18.890000
1993	-33.888897	2.023000	18.870000
1994	-33.778897	2.025000	18.830000
1995	-33.778897	2.027000	18.810000
1996	-33.528897	2.027000	18.900000
1997	-33.468897	2.029000	18.870000
1998	-33.408897	2.029000	18.970000
1999	-33.408897	2.029000	19.010000
2000	-33.338897	2.031000	18.840000
2001	-33.328897	2.033000	19.000000
2002	-33.288897	2.035000	19.080000
2003	-33.248897	2.035000	18.980000
2004	-33.238897	2.035000	18.930000
2005	-33.238897	2.037000	18.800000
2006	-32.568897	2.039000	19.000000
2007	-32.538897	2.041000	19.000000
2008	-32.418897	2.043000	19.020000
2009	-32.358897	2.043000	19.120000
2010	-32.258897	2.045000	19.070000
2011	-32.228897	2.045000	19.020000
2012	-32.128897	2.045000	19.290000
2013	-32.088897	2.047000	19.180000
2014	-32.048897	2.047000	19.100000
2015	-32.038897	2.049000	18.910000
2016	-31.838897	2.051000	19.080000
2017	-31.828897	2.051000	18.980000
2018	-31.798897	2.053000	19.010000
2019	-31.798897	2.053000	18.910000
2020	-31.718897	2.053000	19.130000
2021	-31.638897	2.055000	19.090000
2022	-31.608897	2.057000	19.110000
2023	-31.578897	2.059000	19.040000
2024	-31.548897	2.059000	19.010000
2025	-31.548897	2.060000	19.190000
2026	-31.528897	2.060000	19.040000
2027	-31.448897	2.060000	19.080000
2028	-31.398897	2.062000	18.890000
2029	-31.128897	2.062000	19.020000
2030	-31.118897	2.064000	19.010000
2031	-31.048897	2.064000	19.120000
2032	-30.898897	2.066000	19.240000
2033	-30.838897	2.068000	19.010000
2034	-30.648897	2.068000	19.130000
2035	-30.518897	2.068000	19.030000
2036	-30.508897	2.070000	19.120000
2037	-30.318897	2.070000	19.080000
2038	-30.298897	2.072000	19.140000
2039	-30.248897	2.074000	19.280000
2040	-30.138897	2.076000	19.070000
2041	-30.128897	2.074000	19.070000
2042	-30.088897	2.076000	19.160000
2043	-30.048897	2.076000	19.060000
2044	-30.038897	2.078000	19.230000
2045	-29.878897	2.078000	19.110000
2046	-29.858897	2.080000	19.120000
2047	-29.798897	2.082000	19.170000
2048	-29.778897	2.082000	19.130000
2049	-29.718897	2.084000	19.110000
2050	-29.498897	2.084000	19.320000
2051	-29.478897	2.084000	19.250000
2052	-29.438897	2.086000	19.180000
2053	-29.298897	2.086000	19.050000
2054	-29.128897	2.088000	19.080000
2055	-29.078897	2.090000	19.030000
2056	-28.928897	2.090000	19.270000
2057	-28.858897	2.092000	19.290000
2058	-28.698897	2.092000	19.320000
2059	-28.658897	2.092000	19.130000
2060	-28.498897	2.094000	19.290000
2061	-28.468897	2.094000	19.200000
2062	-28.248897	2.098000	19.120000
2063	-28.168897	2.098000	19.190000
2064	-28.168897	2.100000	19.170000
2065	-28.058897	2.100000	19.360000
2066	-28.028897	2.100000	19.160000
2067	-27.958897	2.102000	19.300000
2068	-27.938897	2.102000	19.120000
2069	-27.888897	2.103000	19.180000
2070	-27.878897	2.105000	19.310000
2071	-27.828897	2.107000	19.270000
2072	-27.728897	2.107000	19.040000
2073	-27.608897	2.107000	19.290000
2074	-27.498897	2.109000	19.270000
2075	-27.408897	2.109000	19.180000
2076	-27.398897	2.111000	19.260000
2077	-27.258897	2.113000	19.260000
2078	-27.178897	2.113000	19.370000
2079	-27.108897	2.115000	19.210000
2080	-27.098897	2.115000	19.160000
2081	-27.038897	2.115000	19.370000
2082	-26.998897	2.117000	19.180000
2083	-26.858897	2.117000	19.350000
2084	-26.838897	2.119000	19.480000
2085	-26.768897	2.121000	19.210000
2086	-26.648897	2.121000	19.390000
2087	-26.388897	2.123000	19.330000
2088	-26.268897	2.125000	19.570000
2089	-26.198897	2.125000	19.620000
2090	-26.178897	2.127000	19.240000
2091	-26.168897	2.127000	19.580000
2092	-26.108897	2.129000	19.450000
2093	-26.108897	2.131000	19.260000
2094	-26.008897	2.133000	19.290000
2095	-25.838897	2.133000	19.460000
2096	-25.738897	2.133000	19.420000
2097	-25.738897	2.135000	19.400000
2098	-25.728897	2.137000	19.330000
2099	-25.648897	2.137000	19.290000
2100	-25.618897	2.139000	19.510000
2101	-25.588897	2.139000	19.510000
2102	-25.398897	2.141000	19.530000
2103	-25.328897	2.141000	19.490000
2104	-25.188897	2.141000	19.420000
2105	-25.188897	2.143000	19.340000
2106	-25.158897	2.144000	19.590000
2107	-25.098897	2.144000	19.430000
2108	-25.068897	2.144000	19.440000
2109	-25.028897	2.146000	19.470000
2110	-25.018897	2.148000	19.370000
2111	-24.908897	2.148000	19.500000
2112	-24.908897	2.150000	19.460000
2113	-24.888897	2.150000	19.540000
2114	-24.788897	2.152000	19.470000
2115	-24.778897	2.152000	19.460000
2116	-24.768897	2.154000	19.390000
2117	-24.698897	2.154000	19.420000
2118	-24.638897	2.154000	19.570000
2119	-24.598897	2.156000	19.560000
2120	-24.468897	2.156000	19.520000
2121	-24.088897	2.158000	19.500000
2122	-24.068897	2.158000	19.450000
2123	-24.058897	2.160000	19.680000
2124	-23.978897	2.160000	19.540000
2125	-23.938897	2.162000	19.400000
2126	-23.878897	2.164000	19.670000
2127	-23.868897	2.164000	19.510000
2128	-23.828897	2.164000	19.610000
2129	-23.708897	2.166000	19.610000
2130	-23.708897	2.168000	19.550000
2131	-23.698897	2.168000	19.410000
2132	-23.668897	2.168000	19.510000
2133	-23.598897	2.170000	19.460000
2134	-23.478897	2.172000	19.440000
2135	-23.418897	2.172000	19.580000
2136	-23.358897	2.174000	19.490000
2137	-23.348897	2.176000	19.550000
2138	-23.288897	2.176000	19.570000
2139	-23.198897	2.176000	19.600000
2140	-23.168897	2.178000	19.580000
2141	-23.158897	2.180000	19.410000
2142	-23.138897	2.180000	19.560000
2143	-22.828897	2.180000	19.610000
2144	-22.518897	2.182000	19.580000
2145	-22.348897	2.184000	19.490000
2146	-22.308897	2.184000	19.670000
2147	-22.308897	2.185000	19.530000
2148	-22.288897	2.185000	19.630000
2149	-22.238897	2.185000	19.680000
2150	-22.138897	2.187000	19.670000
2151	-22.108897	2.187000	19.490000
2152	-22.098897	2.189000	19.630000
2153	-21.988897	2.191000	19.570000
2154	-21.858897	2.191000	19.610000
2155	-21.748897	2.191000	19.470000
2156	-21.588897	2.193000	19.620000
2157	-21.468897	2.195000	19.690000
2158	-21.408897	2.195000	19.660000
2159	-21.388897	2.195000	19.730000
2160	-21.358897	2.197000	19.570000
2161	-21.348897	2.199000	19.640000
2162	-21.268897	2.201000	19.630000
2163	-21.088897	2.201000	19.520000
2164	-21.068897	2.201000	19.600000
2165	-21.038897	2.203000	19.630000
2166	-21.018897	2.203000	19.700000
2167	-20.908897	2.207000	19.850000
2168	-20.878897	2.209000	19.720000
2169	-20.828897	2.209000	19.550000
2170	-20.828897	2.211000	19.710000
2171	-20.698897	2.211000	19.730000
2172	-20.608897	2.211000	19.890000
2173	-20.608897	2.213000	19.770000
2174	-20.508897	2.215000	19.570000
2175	-20.418897	2.215000	19.680000
2176	-20.388897	2.217000	19.740000
2177	-20.238897	2.217000	19.960000
2178	-20.058897	2.217000	19.700000
2179	-19.988897	2.219000	19.760000
2180	-19.928897	2.219000	19.790000
2181	-19.798897	2.221000	19.800000
2182	-19.798897	2.221000	19.810000
2183	-19.768897	2.223000	19.720000
2184	-19.758897	2.225000	19.730000
2185	-19.748897	2.225000	19.860000
2186	-19.708897	2.226000	19.700000
2187	-19.668897	2.226000	19.660000
2188	-19.548897	2.228000	19.710000
2189	-19.508897	2.230000	19.710000
2190	-19.478897	2.230000	19.740000
2191	-19.388897	2.232000	19.730000
2192	-19.328897	2.232000	19.690000
2193	-19.328897	2.234000	19.690000
2194	-19.268897	2.234000	19.730000
2195	-19.258897	2.234000	19.930000
2196	-19.188897	2.236000	19.740000
2197	-19.178897	2.238000	19.810000
2198	-19.118897	2.238000	19.700000
2199	-19.098897	2.240000	19.780000
2200	-19.018897	2.240000	19.600000
2201	-18.818897	2.240000	19.680000
2202	-18.608897	2.242000	19.720000
2203	-18.578897	2.244000	19.820000
2204	-18.368897	2.244000	19.940000
2205	-18.328897	2.246000	19.900000
2206	-18.098897	2.246000	19.800000
2207	-18.068897	2.248000	19.990000
2208	-18.058897	2.248000	19.850000
2209	-18.038897	2.248000	20.140000
2210	-17.968897	2.250000	19.990000
2211	-17.958897	2.252000	19.820000
2212	-17.758897	2.252000	19.880000
2213	-17.658897	2.254000	19.870000
2214	-17.638897	2.254000	19.990000
2215	-17.538897	2.256000	19.960000
2216	-17.428897	2.256000	19.920000
2217	-17.408897	2.256000	19.860000
2218	-17.318897	2.258000	20.050000
2219	-17.128897	2.258000	19.950000
2220	-17.058897	2.260000	19.780000
2221	-16.948897	2.260000	19.940000
2222	-16.878897	2.264000	19.980000
2223	-16.828897	2.264000	20.070000
2224	-16.818897	2.264000	19.860000
2225	-16.788897	2.266000	19.640000
2226	-16.768897	2.266000	19.960000
2227	-16.638897	2.268000	19.890000
2228	-16.628897	2.269000	20.170000
2229	-16.608897	2.269000	19.900000
2230	-16.558897	2.271000	20.010000
2231	-16.538897	2.271000	20.010000
2232	-16.468897	2.271000	19.740000
2233	-16.438897	2.273000	20.030000
2234	-16.388897	2.273000	19.920000
2235	-16.318897	2.275000	19.990000
2236	-16.298897	2.277000	19.910000
2237	-16.238897	2.277000	19.950000
2238	-16.218897	2.279000	19.980000
2239	-16.138897	2.279000	19.940000
2240	-16.028897	2.279000	20.110000
2241	-15.948897	2.281000	20.020000
2242	-15.918897	2.281000	20.140000
2243	-15.898897	2.283000	19.990000
2244	-15.778897	2.285000	19.950000
2245	-15.768897	2.287000	19.940000
2246	-15.728897	2.287000	20.170000
2247	-15.678897	2.287000	20.080000
2248	-15.488897	2.291000	20.000000
2249	-15.388897	2.293000	20.070000
2250	-15.258897	2.293000	20.010000
2251	-15.198897	2.295000	20.130000
2252	-14.908897	2.295000	20.100000
2253	-14.898897	2.295000	20.160000
2254	-14.848897	2.297000	20.360000
2255	-14.758897	2.297000	20.080000
2256	-14.698897	2.299000	20.010000
2257	-14.668897	2.301000	20.210000
2258	-14.588897	2.299000	20.130000
2259	-14.538897	2.303000	20.000000
2260	-14.418897	2.303000	20.160000
2261	-14.378897	2.305000	20.110000
2262	-14.218897	2.305000	20.290000
2263	-14.158897	2.305000	20.250000
2264	-14.138897	2.307000	20.050000
2265	-13.788897	2.309000	20.190000
2266	-13.738897	2.309000	20.010000
2267	-13.688897	2.310000	20.190000
2268	-13.618897	2.310000	20.340000
2269	-13.608897	2.310000	20.240000
2270	-13.608897	2.312000	20.210000
2271	-13.588897	2.312000	20.130000
2272	-13.568897	2.314000	20.140000
2273	-13.478897	2.316000	20.100000
2274	-13.448897	2.316000	20.270000
2275	-13.388897	2.318000	20.230000
2276	-13.388897	2.320000	20.140000
2277	-13.378897	2.320000	20.070000
2278	-13.318897	2.320000	20.330000
2279	-13.198897	2.322000	20.130000
2280	-13.108897	2.324000	20.170000
2281	-12.998897	2.324000	20.210000
2282	-12.958897	2.326000	20.250000
2283	-12.958897	2.326000	20.260000
2284	-12.938897	2.328000	20.420000
2285	-12.938897	2.328000	20.220000
2286	-12.868897	2.330000	20.240000
2287	-12.768897	2.332000	20.290000
2288	-12.648897	2.332000	20.210000
2289	-12.628897	2.332000	20.420000
2290	-12.478897	2.334000	20.340000
2291	-12.458897	2.336000	20.260000
2292	-12.428897	2.336000	20.400000
2293	-12.398897	2.336000	20.330000
2294	-12.288897	2.338000	20.340000
2295	-12.188897	2.340000	20.400000
2296	-11.938897	2.340000	20.280000
2297	-11.898897	2.342000	20.340000
2298	-11.888897	2.342000	20.250000
2299	-11.758897	2.342000	20.330000
2300	-11.578897	2.344000	20.290000
2301	-11.568897	2.344000	20.280000
2302	-11.418897	2.346000	20.420000
2303	-11.408897	2.346000	20.520000
2304	-11.338897	2.348000	20.470000
2305	-11.328897	2.350000	20.280000
2306	-11.308897	2.352000	20.380000
2307	-11.228897	2.352000	20.390000
2308	-11.218897	2.352000	20.350000
2309	-11.178897	2.353000	20.290000
2310	-11.118897	2.355000	20.490000
2311	-11.008897	2.355000	20.490000
2312	-10.888897	2.357000	20.410000
2313	-10.838897	2.357000	20.290000
2314	-10.798897	2.359000	20.440000
2315	-10.568897	2.359000	20.520000
2316	-10.538897	2.361000	20.330000
2317	-10.408897	2.361000	20.380000
2318	-10.378897	2.361000	20.480000
2319	-10.178897	2.365000	20.510000
2320	-10.068897	2.365000	20.520000
2321	-10.058897	2.367000	20.360000
2322	-9.998897	2.367000	20.540000
2323	-9.858897	2.367000	20.510000
2324	-9.768897	2.369000	20.540000
2325	-9.738897	2.371000	20.450000
2326	-9.668897	2.371000	20.480000
2327	-9.578897	2.373000	20.560000
2328	-9.528897	2.375000	20.530000
2329	-9.518897	2.375000	20.470000
2330	-9.408897	2.377000	20.460000
2331	-9.378897	2.379000	20.570000
2332	-9.368897	2.379000	20.590000
2333	-9.358897	2.379000	20.480000
2334	-9.328897	2.381000	20.470000
2335	-9.298897	2.383000	20.540000
2336	-9.288897	2.383000	20.640000
2337	-9.278897	2.385000	20.610000
2338	-9.168897	2.387000	20.460000
2339	-9.158897	2.387000	20.480000
2340	-9.158897	2.389000	20.640000
2341	-8.998897	2.389000	20.490000
2342	-8.988897	2.389000	20.500000
2343	-8.888897	2.391000	20.590000
2344	-8.868897	2.391000	20.530000
2345	-8.788897	2.393000	20.540000
2346	-8.668897	2.394000	20.620000
2347	-8.618897	2.394000	20.470000
2348	-8.348897	2.396000	20.470000
2349	-8.338897	2.396000	20.560000
2350	-8.258897	2.396000	20.570000
2351	-8.218897	2.398000	20.550000
2352	-8.198897	2.398000	20.540000
2353	-8.148897	2.400000	20.530000
2354	-8.128897	2.402000	20.710000
2355	-7.978897	2.404000	20.460000
2356	-7.938897	2.404000	20.410000
2357	-7.888897	2.404000	20.680000
2358	-7.738897	2.406000	20.620000
2359	-7.628897	2.406000	20.770000
2360	-7.598897	2.408000	20.760000
2361	-7.558897	2.410000	20.660000
2362	-7.538897	2.408000	20.550000
2363	-7.488897	2.412000	20.610000
2364	-7.488897	2.412000	20.590000
2365	-7.478897	2.414000	20.670000
2366	-7.338897	2.414000	20.660000
2367	-7.308897	2.416000	20.550000
2368	-7.278897	2.418000	20.630000
2369	-7.248897	2.418000	20.660000
2370	-7.168897	2.420000	20.660000
2371	-7.048897	2.420000	20.750000
2372	-6.978897	2.420000	20.640000
2373	-6.928897	2.422000	20.760000
2374	-6.918897	2.422000	20.790000
2375	-6.898897	2.424000	20.760000
2376	-6.898897	2.426000	20.630000
2377	-6.768897	2.426000	20.640000
2378	-6.358897	2.428000	20.660000
2379	-6.338897	2.428000	20.600000
2380	-5.948897	2.428000	20.610000
2381	-5.938897	2.430000	20.720000
2382	-5.848897	2.430000	20.890000
2383	-5.558897	2.434000	20.790000
2384	-5.498897	2.434000	20.840000
2385	-5.408897	2.435000	20.790000
2386	-5.368897	2.435000	20.900000
2387	-5.198897	2.435000	20.920000
2388	-5.168897	2.437000	20.900000
2389	-5.138897	2.437000	20.800000
2390	-4.868897	2.439000	20.820000
2391	-4.858897	2.441000	20.840000
2392	-4.818897	2.441000	20.800000
2393	-4.788897	2.441000	20.810000
2394	-4.758897	2.443000	20.840000
2395	-4.748897	2.443000	21.030000
2396	-4.658897	2.445000	21.000000
2397	-4.658897	2.445000	20.740000
2398	-4.578897	2.447000	21.100000
2399	-4.548897	2.449000	20.930000
2400	-4.488897	2.449000	20.820000
2401	-4.478897	2.451000	20.780000
2402	-4.468897	2.451000	20.870000
2403	-4.268897	2.451000	20.820000
2404	-4.258897	2.453000	20.850000
2405	-4.198897	2.457000	20.850000
2406	-4.138897	2.457000	20.930000
2407	-4.078897	2.457000	20.790000
2408	-3.988897	2.459000	20.940000
2409	-3.978897	2.461000	20.930000
2410	-3.768897	2.461000	20.940000
2411	-3.728897	2.461000	20.900000
2412	-3.588897	2.463000	20.980000
2413	-3.578897	2.465000	20.870000
2414	-3.398897	2.467000	20.990000
2415	-3.388897	2.467000	20.940000
2416	-3.368897	2.467000	20.860000
2417	-3.248897	2.469000	20.920000
2418	-3.238897	2.469000	21.090000
2419	-3.218897	2.471000	20.960000
2420	-3.178897	2.473000	21.030000
2421	-3.088897	2.471000	21.080000
2422	-3.088897	2.471000	20.870000
2423	-3.018897	2.475000	21.070000
2424	-2.878897	2.476000	20.900000
2425	-2.808897	2.476000	21.100000
2426	-2.588897	2.476000	21.050000
2427	-2.508897	2.478000	20.870000
2428	-2.498897	2.480000	21.010000
2429	-2.178897	2.480000	20.880000
2430	-2.088897	2.482000	21.000000
2431	-2.068897	2.482000	21.010000
2432	-2.058897	2.484000	20.910000
2433	-1.968897	2.484000	20.920000
2434	-1.878897	2.486000	20.970000
2435	-1.788897	2.488000	21.150000
2436	-1.738897	2.488000	20.960000
2437	-1.738897	2.488000	20.960000
2438	-1.708897	2.490000	20.940000
2439	-1.698897	2.492000	21.030000
2440	-1.598897	2.492000	20.990000
2441	-1.598897	2.492000	20.990000
2442	-1.548897	2.494000	21.100000
2443	-1.358897	2.496000	21.000000
2444	-1.328897	2.498000	21.140000
2445	-1.208897	2.498000	21.000000
2446	-1.168897	2.498000	20.990000
2447	-1.148897	2.500000	20.990000
2448	-1.138897	2.500000	20.890000
2449	-1.118897	2.502000	21.060000
2450	-1.088897	2.504000	21.070000
2451	-0.928897	2.504000	21.050000
2452	-0.758897	2.504000	21.020000
2453	-0.748897	2.506000	21.170000
2454	-0.728897	2.508000	21.190000
2455	-0.728897	2.508000	21.090000
2456	-0.718897	2.508000	21.090000
2457	-0.628897	2.510000	21.140000
2458	-0.598897	2.512000	21.090000
2459	-0.528897	2.512000	21.150000
2460	-0.488897	2.514000	21.070000
2461	-0.428897	2.514000	21.150000
2462	-0.368897	2.516000	21.190000
2463	-0.348897	2.516000	21.180000
2464	-0.348897	2.516000	21.090000
2465	-0.278897	2.518000	21.270000
2466	-0.188897	2.519000	21.020000
2467	-0.168897	2.518000	21.070000
2468	-0.118897	2.519000	21.060000
2469	-0.078897	2.521000	21.160000
2470	-0.068897	2.523000	21.230000
2471	-0.068897	2.523000	21.150000
2472	-0.068897	2.523000	21.160000
2473	0.041103	2.527000	21.110000
2474	0.061103	2.527000	21.180000
2475	0.171103	2.529000	21.300000
2476	0.241103	2.529000	21.120000
2477	0.271103	2.529000	21.140000
2478	0.301103	2.531000	21.180000
2479	0.361103	2.531000	21.050000
2480	0.421103	2.533000	21.100000
2481	0.461103	2.533000	21.160000
2482	0.531103	2.533000	21.060000
2483	0.541103	2.537000	21.180000
2484	0.651103	2.539000	21.180000
2485	0.891103	2.541000	21.190000
2486	1.111103	2.543000	21.200000
2487	1.261103	2.543000	21.270000
2488	1.411103	2.545000	21.250000
2489	1.501103	2.545000	21.350000
2490	1.551103	2.545000	21.270000
2491	1.591103	2.547000	21.140000
2492	1.721103	2.547000	21.270000
2493	1.741103	2.551000	21.190000
2494	1.781103	2.551000	21.250000
2495	1.781103	2.553000	21.120000
2496	1.851103	2.553000	21.310000
2497	1.891103	2.553000	21.350000
2498	1.951103	2.555000	21.350000
2499	2.001103	2.555000	21.300000
2500	2.021103	2.557000	21.330000
2501	2.021103	2.557000	21.410000
2502	2.051103	2.559000	21.200000
2503	2.181103	2.559000	21.340000
2504	2.191103	2.560000	21.350000
2505	2.211103	2.560000	21.350000
2506	2.251103	2.562000	21.320000
2507	2.281103	2.562000	21.270000
2508	2.421103	2.564000	21.320000
2509	2.471103	2.566000	21.270000
2510	2.641103	2.566000	21.270000
2511	2.691103	2.568000	21.300000
2512	2.781103	2.568000	21.340000
2513	2.791103	2.568000	21.260000
2514	2.811103	2.570000	21.320000
2515	2.951103	2.570000	21.480000
2516	3.131103	2.572000	21.250000
2517	3.141103	2.574000	21.410000
2518	3.381103	2.574000	21.370000
2519	3.431103	2.576000	21.400000
2520	3.441103	2.576000	21.280000
2521	3.501103	2.576000	21.290000
2522	3.611103	2.578000	21.240000
2523	3.631103	2.580000	21.380000
2524	3.641103	2.580000	21.480000
2525	3.821103	2.582000	21.430000
2526	3.901103	2.582000	21.340000
2527	4.081103	2.584000	21.460000
2528	4.121103	2.584000	21.350000
2529	4.171103	2.584000	21.450000
2530	4.201103	2.586000	21.520000
2531	4.231103	2.588000	21.510000
2532	4.461103	2.588000	21.400000
