1	-185.406109	0.000000	9.710000
2	-185.336109	0.002000	9.730000
3	-185.216109	0.002000	9.550000
4	-184.956109	0.002000	9.500000
5	-184.666109	0.004000	9.680000
6	-184.636109	0.004000	10.200000
7	-184.496109	0.006000	9.900000
8	-184.476109	0.006000	10.190000
9	-184.466109	0.008000	9.730000
10	-184.436109	0.008000	9.860000
11	-184.416109	0.010000	9.540000
12	-184.236109	0.010000	9.550000
13	-184.086109	0.012000	9.670000
14	-183.976109	0.012000	9.630000
15	-183.906109	0.013000	9.620000
16	-183.866109	0.013000	9.640000
17	-183.516109	0.015000	9.900000
18	-183.386109	0.015000	9.820000
19	-183.056109	0.017000	9.740000
20	-182.996109	0.017000	9.800000
21	-182.836109	0.019000	9.930000
22	-182.746109	0.019000	9.710000
23	-182.706109	0.021000	9.680000
24	-182.696109	0.021000	10.170000
25	-182.626109	0.023000	9.710000
26	-182.576109	0.023000	9.640000
27	-182.436109	0.025000	10.370000
28	-182.386109	0.025000	9.820000
29	-182.336109	0.027000	10.230000
30	-182.326109	0.027000	9.790000
31	-182.236109	0.029000	9.760000
32	-182.236109	0.029000	10.090000
33	-182.116109	0.031000	9.950000
34	-182.116109	0.031000	10.050000
35	-182.036109	0.035000	10.120000
36	-182.016109	0.035000	9.780000
37	-181.846109	0.035000	9.870000
38	-181.816109	0.037000	10.030000
39	-181.676109	0.039000	9.900000
40	-181.526109	0.039000	9.990000
41	-181.406109	0.041000	10.040000
42	-181.276109	0.041000	9.850000
43	-181.206109	0.043000	10.010000
44	-181.156109	0.043000	10.370000
45	-181.106109	0.043000	9.820000
46	-180.796109	0.045000	10.040000
47	-180.726109	0.047000	9.830000
48	-180.716109	0.047000	9.810000
49	-180.676109	0.049000	9.990000
50	-180.666109	0.049000	10.180000
51	-180.646109	0.051000	9.920000
52	-180.546109	0.051000	9.880000
53	-180.546109	0.051000	10.060000
54	-180.476109	0.053000	9.930000
55	-180.426109	0.054000	10.140000
56	-180.286109	0.056000	10.110000
57	-180.126109	0.056000	10.050000
58	-180.106109	0.058000	9.970000
59	-180.056109	0.058000	10.310000
60	-179.816109	0.058000	9.810000
61	-179.716109	0.060000	10.250000
62	-179.646109	0.062000	9.800000
63	-179.606109	0.064000	10.460000
64	-179.556109	0.064000	9.920000
65	-179.506109	0.064000	9.840000
66	-179.476109	0.066000	9.880000
67	-179.446109	0.066000	9.870000
68	-179.426109	0.066000	10.360000
69	-179.386109	0.068000	9.810000
70	-179.316109	0.070000	10.010000
71	-179.176109	0.070000	10.220000
72	-179.146109	0.072000	9.960000
73	-179.036109	0.072000	10.210000
74	-178.886109	0.074000	9.880000
75	-178.886109	0.074000	9.970000
76	-178.866109	0.076000	10.170000
77	-178.786109	0.076000	10.070000
78	-178.696109	0.078000	10.270000
79	-178.516109	0.078000	10.110000
80	-178.236109	0.080000	9.950000
81	-178.106109	0.080000	10.020000
82	-178.056109	0.082000	10.070000
83	-178.006109	0.082000	10.050000
84	-177.996109	0.082000	10.010000
85	-177.956109	0.084000	10.230000
86	-177.846109	0.086000	10.190000
87	-177.826109	0.086000	10.240000
88	-177.676109	0.088000	10.200000
89	-177.586109	0.088000	10.180000
90	-177.546109	0.090000	10.480000
91	-177.226109	0.090000	10.270000
92	-177.206109	0.090000	10.350000
93	-177.126109	0.092000	10.010000
94	-177.006109	0.094000	10.070000
95	-176.896109	0.094000	10.250000
96	-176.816109	0.095000	10.160000
97	-176.676109	0.095000	10.270000
98	-176.576109	0.097000	10.190000
99	-176.386109	0.097000	10.290000
100	-175.986109	0.097000	10.220000
101	-175.796109	0.099000	10.330000
102	-175.596109	0.101000	10.270000
103	-175.486109	0.101000	10.480000
104	-175.436109	0.103000	10.150000
105	-175.346109	0.103000	10.460000
106	-175.136109	0.105000	10.260000
107	-175.116109	0.105000	10.440000
108	-175.076109	0.105000	10.350000
109	-175.056109	0.107000	10.350000
110	-175.046109	0.109000	10.250000
111	-175.046109	0.109000	10.350000
112	-174.936109	0.111000	10.480000
113	-174.906109	0.111000	10.320000
114	-174.856109	0.113000	10.160000
115	-174.836109	0.113000	10.160000
116	-174.826109	0.115000	10.240000
117	-174.776109	0.117000	10.210000
118	-174.746109	0.119000	10.270000
119	-174.686109	0.119000	10.210000
120	-174.646109	0.121000	10.400000
121	-174.616109	0.121000	10.290000
122	-174.606109	0.123000	10.340000
123	-174.576109	0.123000	10.180000
124	-174.396109	0.125000	10.280000
125	-174.376109	0.125000	10.340000
126	-174.326109	0.127000	10.240000
127	-174.306109	0.127000	10.370000
128	-173.996109	0.129000	10.620000
129	-173.956109	0.129000	10.450000
130	-173.876109	0.131000	10.310000
131	-173.806109	0.131000	10.300000
132	-173.656109	0.133000	10.730000
133	-173.616109	0.133000	10.580000
134	-173.596109	0.135000	10.310000
135	-173.596109	0.135000	10.420000
136	-173.576109	0.136000	10.240000
137	-173.526109	0.136000	10.590000
138	-173.436109	0.138000	10.540000
139	-173.416109	0.138000	10.500000
140	-173.386109	0.140000	10.360000
141	-173.346109	0.140000	10.290000
142	-173.246109	0.142000	10.330000
143	-173.146109	0.142000	10.290000
144	-173.116109	0.144000	10.440000
145	-173.026109	0.144000	10.210000
146	-172.986109	0.146000	10.540000
147	-172.976109	0.146000	10.180000
148	-172.866109	0.148000	10.460000
149	-172.806109	0.148000	10.320000
150	-172.766109	0.150000	10.400000
151	-172.696109	0.150000	10.610000
152	-172.506109	0.152000	10.510000
153	-172.216109	0.152000	10.430000
154	-172.096109	0.154000	10.510000
155	-171.786109	0.154000	10.620000
156	-171.746109	0.156000	10.490000
157	-171.696109	0.156000	10.510000
158	-171.656109	0.158000	10.470000
159	-171.646109	0.158000	10.380000
160	-171.596109	0.160000	10.570000
161	-171.546109	0.160000	10.440000
162	-171.506109	0.162000	10.580000
163	-171.446109	0.162000	10.500000
164	-171.406109	0.164000	10.520000
165	-171.336109	0.164000	10.570000
166	-171.306109	0.166000	10.760000
167	-171.256109	0.166000	10.640000
168	-171.166109	0.168000	10.750000
169	-171.126109	0.168000	10.520000
170	-171.106109	0.170000	10.360000
171	-171.096109	0.170000	10.480000
172	-171.056109	0.172000	10.500000
173	-170.896109	0.172000	10.730000
174	-170.786109	0.174000	10.650000
175	-170.756109	0.174000	10.540000
176	-170.746109	0.176000	10.430000
177	-170.646109	0.176000	10.610000
178	-170.606109	0.178000	10.710000
179	-170.476109	0.178000	10.580000
180	-170.466109	0.179000	10.580000
181	-170.346109	0.179000	10.470000
182	-170.296109	0.181000	10.710000
183	-170.146109	0.181000	10.700000
184	-169.846109	0.183000	10.500000
185	-169.686109	0.183000	10.860000
186	-169.676109	0.185000	10.740000
187	-169.536109	0.185000	10.660000
188	-169.446109	0.187000	10.700000
189	-169.336109	0.187000	10.510000
190	-168.786109	0.189000	10.540000
191	-168.766109	0.191000	10.600000
192	-168.706109	0.191000	10.930000
193	-168.696109	0.193000	10.780000
194	-168.676109	0.193000	10.700000
195	-168.646109	0.195000	10.910000
196	-168.636109	0.195000	10.620000
197	-168.586109	0.197000	10.700000
198	-168.586109	0.197000	10.660000
199	-168.566109	0.201000	10.800000
200	-168.556109	0.203000	10.680000
201	-168.496109	0.203000	10.630000
202	-168.386109	0.205000	10.660000
203	-168.296109	0.205000	10.890000
204	-168.276109	0.207000	10.710000
205	-168.136109	0.207000	10.950000
206	-168.116109	0.207000	10.720000
207	-168.016109	0.209000	10.520000
208	-167.986109	0.209000	10.850000
209	-167.876109	0.211000	11.090000
210	-167.546109	0.213000	10.720000
211	-167.466109	0.213000	10.780000
212	-167.336109	0.215000	10.820000
213	-167.236109	0.215000	10.830000
214	-167.216109	0.215000	11.050000
215	-167.096109	0.217000	10.950000
216	-167.026109	0.219000	10.860000
217	-167.016109	0.219000	10.910000
218	-166.916109	0.220000	10.910000
219	-166.906109	0.220000	10.970000
220	-166.806109	0.222000	10.530000
221	-166.776109	0.222000	10.980000
222	-166.766109	0.222000	10.900000
223	-166.716109	0.224000	10.780000
224	-166.706109	0.226000	10.680000
225	-166.606109	0.226000	10.920000
226	-166.606109	0.228000	10.940000
227	-166.526109	0.228000	10.880000
228	-166.346109	0.230000	11.050000
229	-166.336109	0.230000	11.030000
230	-166.316109	0.232000	10.750000
231	-166.286109	0.232000	11.010000
232	-166.126109	0.234000	10.920000
233	-166.076109	0.234000	10.900000
234	-165.996109	0.236000	10.850000
235	-165.986109	0.236000	11.210000
236	-165.876109	0.238000	10.970000
237	-165.876109	0.238000	10.940000
238	-165.696109	0.240000	11.010000
239	-165.556109	0.240000	11.010000
240	-165.396109	0.242000	10.680000
241	-165.336109	0.242000	10.930000
242	-165.336109	0.244000	10.810000
243	-165.306109	0.244000	10.940000
244	-165.286109	0.246000	10.970000
245	-165.266109	0.246000	10.990000
246	-165.196109	0.246000	11.170000
247	-165.006109	0.248000	11.130000
248	-164.776109	0.250000	11.200000
249	-164.756109	0.250000	11.020000
250	-164.656109	0.252000	11.250000
251	-164.576109	0.252000	11.090000
252	-164.366109	0.254000	11.050000
253	-164.306109	0.254000	10.900000
254	-164.296109	0.254000	10.980000
255	-164.296109	0.256000	10.820000
256	-164.196109	0.258000	10.940000
257	-164.066109	0.258000	11.110000
258	-164.016109	0.260000	11.090000
259	-163.886109	0.260000	11.000000
260	-163.876109	0.262000	11.010000
261	-163.736109	0.262000	10.890000
262	-163.726109	0.263000	11.140000
263	-163.686109	0.263000	11.030000
264	-163.646109	0.265000	11.170000
265	-163.176109	0.265000	11.120000
266	-163.116109	0.267000	11.150000
267	-162.726109	0.267000	11.000000
268	-162.656109	0.269000	11.160000
269	-162.556109	0.269000	11.260000
270	-162.546109	0.269000	11.210000
271	-162.456109	0.271000	11.190000
272	-162.426109	0.273000	10.950000
273	-162.386109	0.273000	11.270000
274	-162.336109	0.275000	11.450000
275	-162.336109	0.275000	11.340000
276	-162.256109	0.277000	11.390000
277	-162.256109	0.277000	11.170000
278	-162.196109	0.277000	11.230000
279	-162.156109	0.279000	11.040000
280	-162.076109	0.281000	11.240000
281	-162.076109	0.281000	11.180000
282	-162.036109	0.285000	11.190000
283	-161.996109	0.285000	11.140000
284	-161.976109	0.287000	11.130000
285	-161.946109	0.287000	11.080000
286	-161.796109	0.289000	11.290000
287	-161.706109	0.289000	11.140000
288	-161.696109	0.291000	11.080000
289	-161.686109	0.291000	11.480000
290	-161.536109	0.293000	11.250000
291	-161.426109	0.293000	11.190000
292	-161.236109	0.295000	11.130000
293	-161.186109	0.295000	11.220000
294	-161.156109	0.297000	11.180000
295	-161.046109	0.297000	11.460000
296	-160.946109	0.299000	11.250000
297	-160.906109	0.299000	11.260000
298	-160.816109	0.301000	11.360000
299	-160.776109	0.301000	11.280000
300	-160.766109	0.303000	11.250000
301	-160.626109	0.303000	11.280000
302	-160.606109	0.303000	11.440000
303	-160.426109	0.304000	11.250000
304	-160.396109	0.306000	11.400000
305	-160.346109	0.306000	11.320000
306	-160.306109	0.308000	11.170000
307	-160.076109	0.308000	11.330000
308	-159.926109	0.310000	11.400000
309	-159.846109	0.310000	11.270000
310	-159.756109	0.312000	11.470000
311	-159.706109	0.312000	11.380000
312	-159.676109	0.314000	11.310000
313	-159.676109	0.314000	11.450000
314	-159.636109	0.316000	11.400000
315	-159.496109	0.316000	11.350000
316	-159.496109	0.318000	11.170000
317	-159.486109	0.318000	11.440000
318	-159.416109	0.320000	11.370000
319	-159.386109	0.320000	11.470000
320	-159.326109	0.322000	11.360000
321	-159.306109	0.322000	11.480000
322	-159.096109	0.324000	11.610000
323	-158.876109	0.324000	11.450000
324	-158.706109	0.326000	11.460000
325	-158.466109	0.326000	11.380000
326	-158.456109	0.328000	11.380000
327	-158.356109	0.328000	11.510000
328	-158.346109	0.330000	11.450000
329	-158.336109	0.330000	11.600000
330	-158.286109	0.332000	11.500000
331	-158.276109	0.332000	11.680000
332	-158.086109	0.334000	11.420000
333	-158.076109	0.334000	11.330000
334	-158.066109	0.336000	11.300000
335	-157.986109	0.336000	11.530000
336	-157.936109	0.338000	11.410000
337	-157.916109	0.338000	11.670000
338	-157.806109	0.340000	11.420000
339	-157.696109	0.340000	11.700000
340	-157.646109	0.342000	11.640000
341	-157.576109	0.342000	11.760000
342	-157.496109	0.344000	11.440000
343	-157.486109	0.344000	11.910000
344	-157.226109	0.345000	11.440000
345	-157.206109	0.347000	11.620000
346	-157.186109	0.347000	11.750000
347	-157.056109	0.349000	11.490000
348	-156.896109	0.349000	11.510000
349	-156.626109	0.351000	11.550000
350	-156.606109	0.351000	11.650000
351	-156.576109	0.353000	11.670000
352	-156.446109	0.353000	11.560000
353	-156.276109	0.355000	11.440000
354	-156.216109	0.355000	11.660000
355	-156.206109	0.357000	11.680000
356	-155.986109	0.357000	11.530000
357	-155.946109	0.359000	11.580000
358	-155.896109	0.359000	11.650000
359	-155.826109	0.361000	11.930000
360	-155.726109	0.361000	11.830000
361	-155.726109	0.363000	11.830000
362	-155.696109	0.363000	11.650000
363	-155.656109	0.367000	12.030000
364	-155.626109	0.367000	11.580000
365	-155.606109	0.369000	11.380000
366	-155.426109	0.369000	11.610000
367	-155.416109	0.371000	11.470000
368	-155.406109	0.371000	11.650000
369	-155.216109	0.371000	11.430000
370	-155.086109	0.373000	11.630000
371	-154.996109	0.375000	11.590000
372	-154.976109	0.375000	11.750000
373	-154.966109	0.377000	11.670000
374	-154.856109	0.377000	11.580000
375	-154.846109	0.379000	11.790000
376	-154.696109	0.379000	11.710000
377	-154.506109	0.379000	11.660000
378	-154.496109	0.381000	11.670000
379	-154.486109	0.383000	11.620000
380	-154.406109	0.383000	11.750000
381	-154.406109	0.385000	11.660000
382	-154.176109	0.385000	11.790000
383	-154.066109	0.386000	12.000000
384	-153.726109	0.386000	12.080000
385	-153.566109	0.386000	11.910000
386	-153.556109	0.388000	11.930000
387	-153.436109	0.390000	11.800000
388	-153.406109	0.390000	11.830000
389	-153.336109	0.392000	11.850000
390	-153.216109	0.392000	12.020000
391	-153.196109	0.394000	11.700000
392	-153.136109	0.394000	11.730000
393	-153.106109	0.394000	11.910000
394	-153.076109	0.396000	11.880000
395	-153.056109	0.398000	11.710000
396	-153.046109	0.398000	11.700000
397	-152.846109	0.400000	12.170000
398	-152.846109	0.400000	11.830000
399	-152.626109	0.402000	11.920000
400	-152.526109	0.402000	11.730000
401	-152.506109	0.402000	11.750000
402	-152.466109	0.404000	12.100000
403	-152.396109	0.406000	11.570000
404	-152.386109	0.406000	12.050000
405	-152.296109	0.408000	11.720000
406	-152.136109	0.408000	11.900000
407	-152.046109	0.410000	11.900000
408	-152.036109	0.410000	11.810000
409	-151.916109	0.410000	11.800000
410	-151.846109	0.412000	12.050000
411	-151.786109	0.414000	12.350000
412	-151.756109	0.414000	11.990000
413	-151.726109	0.416000	11.930000
414	-151.686109	0.416000	12.130000
415	-151.656109	0.418000	11.960000
416	-151.546109	0.418000	11.930000
417	-151.506109	0.420000	11.930000
418	-151.486109	0.420000	12.100000
419	-151.476109	0.422000	11.820000
420	-151.376109	0.422000	12.020000
421	-151.336109	0.424000	11.920000
422	-151.306109	0.424000	12.000000
423	-151.126109	0.426000	11.990000
424	-150.906109	0.426000	12.000000
425	-150.886109	0.426000	11.910000
426	-150.646109	0.428000	12.270000
427	-150.586109	0.429000	11.970000
428	-150.426109	0.431000	11.890000
429	-150.416109	0.431000	11.950000
430	-150.406109	0.433000	12.080000
431	-150.236109	0.433000	11.810000
432	-150.206109	0.433000	11.880000
433	-150.116109	0.435000	12.070000
434	-150.116109	0.437000	12.000000
435	-150.076109	0.437000	11.750000
436	-150.006109	0.439000	12.040000
437	-149.706109	0.439000	11.900000
438	-149.656109	0.441000	11.940000
439	-149.486109	0.441000	12.120000
440	-149.486109	0.441000	12.150000
441	-149.476109	0.443000	11.930000
442	-149.386109	0.445000	12.050000
443	-149.346109	0.445000	12.090000
444	-149.326109	0.447000	11.980000
445	-149.266109	0.447000	12.070000
446	-149.266109	0.451000	11.920000
447	-149.216109	0.451000	12.010000
448	-149.126109	0.453000	11.810000
449	-149.066109	0.453000	11.940000
450	-148.966109	0.455000	12.040000
451	-148.906109	0.455000	12.060000
452	-148.866109	0.457000	11.990000
453	-148.856109	0.457000	12.000000
454	-148.596109	0.459000	11.930000
455	-148.566109	0.459000	12.070000
456	-148.506109	0.461000	12.020000
457	-148.486109	0.461000	12.060000
458	-148.296109	0.463000	12.100000
459	-148.106109	0.463000	12.120000
460	-147.986109	0.465000	12.180000
461	-147.986109	0.465000	12.040000
462	-147.976109	0.467000	12.300000
463	-147.936109	0.467000	12.510000
464	-147.896109	0.469000	12.250000
465	-147.626109	0.469000	12.050000
466	-147.336109	0.470000	12.210000
467	-147.306109	0.470000	12.110000
468	-147.276109	0.472000	12.190000
469	-147.256109	0.472000	12.270000
470	-147.116109	0.474000	12.380000
471	-147.106109	0.474000	12.240000
472	-147.086109	0.476000	12.250000
473	-147.026109	0.476000	12.110000
474	-146.976109	0.478000	12.080000
475	-146.816109	0.478000	12.230000
476	-146.766109	0.480000	12.420000
477	-146.636109	0.480000	12.150000
478	-146.526109	0.482000	12.230000
479	-146.496109	0.482000	12.150000
480	-146.426109	0.484000	12.350000
481	-146.416109	0.484000	12.250000
482	-146.376109	0.486000	12.110000
483	-146.326109	0.486000	12.350000
484	-146.256109	0.488000	12.340000
485	-146.206109	0.488000	12.110000
486	-146.046109	0.490000	12.180000
487	-145.916109	0.490000	12.400000
488	-145.896109	0.492000	12.320000
489	-145.886109	0.492000	12.510000
490	-145.826109	0.494000	12.320000
491	-145.726109	0.494000	12.400000
492	-145.716109	0.496000	12.280000
493	-145.656109	0.496000	12.450000
494	-145.626109	0.498000	12.540000
495	-145.496109	0.498000	12.280000
496	-145.496109	0.500000	12.200000
497	-145.396109	0.500000	12.480000
498	-145.336109	0.502000	12.410000
499	-145.276109	0.502000	12.260000
500	-145.086109	0.504000	12.430000
501	-145.046109	0.504000	12.270000
502	-145.046109	0.506000	12.240000
503	-144.976109	0.506000	12.220000
504	-144.866109	0.508000	12.380000
505	-144.796109	0.508000	12.420000
506	-144.776109	0.510000	12.350000
507	-144.696109	0.510000	12.520000
508	-144.686109	0.512000	12.500000
509	-144.656109	0.512000	12.400000
510	-144.656109	0.513000	12.420000
511	-144.526109	0.513000	12.500000
512	-144.456109	0.515000	12.410000
513	-144.436109	0.515000	12.410000
514	-144.416109	0.517000	12.480000
515	-144.406109	0.517000	12.160000
516	-144.276109	0.519000	12.370000
517	-144.166109	0.519000	12.390000
518	-144.056109	0.521000	12.470000
519	-143.976109	0.521000	12.500000
520	-143.456109	0.523000	12.700000
521	-143.266109	0.523000	12.430000
522	-143.166109	0.525000	12.520000
523	-143.166109	0.525000	12.640000
524	-143.146109	0.527000	12.520000
525	-143.056109	0.527000	12.500000
526	-142.916109	0.529000	12.650000
527	-142.826109	0.529000	12.610000
528	-142.786109	0.531000	12.610000
529	-142.776109	0.531000	12.370000
530	-142.756109	0.535000	12.510000
531	-142.586109	0.535000	12.630000
532	-142.496109	0.537000	12.520000
533	-142.486109	0.537000	12.630000
534	-142.366109	0.539000	12.570000
535	-142.366109	0.539000	12.520000
536	-142.306109	0.541000	12.690000
537	-142.276109	0.541000	12.590000
538	-142.276109	0.543000	12.440000
539	-142.246109	0.543000	12.660000
540	-141.986109	0.545000	12.610000
541	-141.886109	0.545000	12.540000
542	-141.876109	0.547000	12.440000
543	-141.856109	0.547000	12.840000
544	-141.856109	0.549000	12.670000
545	-141.816109	0.549000	12.820000
546	-141.616109	0.551000	12.580000
547	-141.586109	0.551000	12.510000
548	-141.566109	0.551000	12.270000
549	-141.366109	0.553000	12.490000
550	-141.206109	0.554000	12.660000
551	-141.196109	0.554000	12.530000
552	-141.176109	0.554000	12.660000
553	-141.126109	0.556000	12.580000
554	-141.086109	0.558000	12.790000
555	-140.976109	0.558000	12.430000
556	-140.946109	0.558000	12.650000
557	-140.746109	0.560000	12.620000
558	-140.736109	0.562000	12.850000
559	-140.716109	0.562000	12.480000
560	-140.686109	0.564000	12.740000
561	-140.656109	0.564000	12.600000
562	-140.616109	0.566000	12.780000
563	-140.606109	0.566000	12.670000
564	-140.516109	0.568000	12.770000
565	-140.436109	0.568000	12.790000
566	-140.346109	0.570000	12.840000
567	-140.166109	0.570000	12.740000
568	-140.136109	0.572000	12.820000
569	-140.106109	0.572000	12.730000
570	-140.096109	0.574000	12.640000
571	-139.736109	0.574000	12.950000
572	-139.546109	0.574000	13.070000
573	-139.536109	0.576000	12.840000
574	-139.486109	0.578000	13.140000
575	-139.366109	0.580000	12.740000
576	-139.146109	0.580000	12.770000
577	-139.096109	0.582000	12.820000
578	-139.086109	0.582000	12.900000
579	-139.086109	0.582000	12.460000
580	-139.076109	0.584000	12.870000
581	-138.936109	0.586000	12.830000
582	-138.916109	0.586000	12.950000
583	-138.906109	0.588000	12.690000
584	-138.896109	0.588000	12.740000
585	-138.866109	0.590000	12.940000
586	-138.836109	0.590000	12.800000
587	-138.826109	0.590000	12.620000
588	-138.586109	0.592000	12.760000
589	-138.516109	0.594000	12.650000
590	-138.446109	0.594000	13.080000
591	-138.366109	0.595000	12.840000
592	-138.226109	0.595000	12.690000
593	-138.206109	0.597000	12.780000
594	-138.146109	0.597000	12.940000
595	-138.116109	0.599000	12.740000
596	-138.066109	0.599000	13.050000
597	-137.946109	0.601000	13.230000
598	-137.806109	0.601000	13.100000
599	-137.776109	0.603000	12.820000
600	-137.666109	0.603000	12.910000
601	-137.656109	0.605000	12.790000
602	-137.586109	0.605000	13.000000
603	-137.566109	0.605000	13.020000
604	-137.536109	0.607000	13.050000
605	-137.516109	0.609000	12.980000
606	-137.476109	0.609000	12.740000
607	-137.436109	0.611000	12.900000
608	-137.296109	0.611000	12.950000
609	-137.266109	0.613000	12.990000
610	-137.216109	0.613000	12.970000
611	-137.086109	0.617000	12.750000
612	-136.816109	0.617000	13.090000
613	-136.676109	0.619000	13.030000
614	-136.666109	0.619000	12.860000
615	-136.656109	0.621000	12.980000
616	-136.566109	0.621000	12.820000
617	-136.556109	0.623000	12.870000
618	-136.366109	0.623000	12.880000
619	-136.246109	0.625000	12.990000
620	-136.166109	0.625000	13.000000
621	-136.066109	0.627000	13.090000
622	-136.006109	0.627000	13.130000
623	-135.816109	0.629000	12.980000
624	-135.726109	0.629000	13.270000
625	-135.636109	0.631000	12.970000
626	-135.606109	0.631000	13.140000
627	-135.566109	0.633000	13.310000
628	-135.566109	0.633000	13.180000
629	-135.416109	0.635000	13.290000
630	-135.316109	0.635000	13.110000
631	-135.236109	0.636000	12.980000
632	-135.206109	0.636000	13.230000
633	-135.156109	0.638000	13.120000
634	-135.086109	0.638000	13.060000
635	-135.066109	0.640000	13.050000
636	-134.886109	0.640000	13.170000
637	-134.806109	0.642000	13.100000
638	-134.686109	0.642000	12.910000
639	-134.686109	0.644000	13.360000
640	-134.626109	0.644000	13.140000
641	-134.586109	0.646000	13.130000
642	-134.516109	0.646000	13.170000
643	-134.516109	0.648000	13.080000
644	-134.496109	0.648000	12.900000
645	-134.366109	0.650000	12.990000
646	-134.236109	0.650000	12.980000
647	-134.216109	0.652000	13.180000
648	-134.206109	0.652000	12.990000
649	-134.156109	0.654000	13.080000
650	-134.106109	0.654000	13.050000
651	-133.986109	0.656000	13.240000
652	-133.766109	0.656000	13.050000
653	-133.506109	0.658000	13.390000
654	-133.486109	0.658000	13.170000
655	-133.466109	0.660000	13.210000
656	-133.096109	0.660000	13.260000
657	-133.076109	0.662000	13.190000
658	-133.016109	0.662000	13.480000
659	-132.846109	0.664000	13.380000
660	-132.806109	0.664000	13.420000
661	-132.706109	0.666000	13.170000
662	-132.526109	0.666000	13.430000
663	-132.476109	0.668000	13.480000
664	-132.366109	0.668000	13.290000
665	-132.366109	0.670000	13.630000
666	-132.356109	0.670000	13.330000
667	-132.306109	0.672000	13.430000
668	-132.256109	0.672000	13.230000
669	-132.216109	0.674000	13.140000
670	-132.216109	0.674000	13.380000
671	-132.126109	0.676000	13.430000
672	-132.046109	0.676000	13.480000
673	-131.996109	0.678000	13.220000
674	-131.996109	0.678000	13.260000
675	-131.966109	0.679000	13.300000
676	-131.906109	0.679000	13.350000
677	-131.756109	0.681000	13.280000
678	-131.696109	0.683000	13.200000
679	-131.656109	0.683000	13.370000
680	-131.456109	0.685000	13.250000
681	-131.426109	0.685000	13.360000
682	-131.416109	0.687000	13.460000
683	-131.396109	0.687000	13.390000
684	-131.336109	0.689000	13.380000
685	-131.326109	0.689000	13.340000
686	-131.246109	0.691000	13.390000
687	-131.156109	0.691000	13.260000
688	-130.966109	0.693000	13.360000
689	-130.956109	0.693000	13.100000
690	-130.936109	0.695000	13.460000
691	-130.886109	0.693000	13.390000
692	-130.786109	0.697000	13.250000
693	-130.756109	0.697000	13.390000
694	-130.756109	0.699000	13.420000
695	-130.686109	0.701000	13.410000
696	-130.476109	0.705000	13.240000
697	-130.456109	0.703000	13.400000
698	-130.386109	0.705000	13.470000
699	-130.356109	0.707000	13.390000
700	-130.176109	0.707000	13.540000
701	-130.046109	0.707000	13.650000
702	-129.916109	0.709000	13.470000
703	-129.776109	0.711000	13.570000
704	-129.756109	0.711000	13.460000
705	-129.646109	0.713000	13.440000
706	-129.586109	0.713000	13.460000
707	-129.576109	0.715000	13.320000
708	-129.546109	0.715000	13.400000
709	-129.446109	0.715000	13.400000
710	-129.156109	0.717000	13.300000
711	-129.086109	0.719000	13.470000
712	-129.026109	0.719000	13.720000
713	-129.016109	0.720000	13.540000
714	-128.856109	0.720000	13.380000
715	-128.686109	0.722000	13.530000
716	-128.666109	0.722000	13.320000
717	-128.546109	0.722000	13.490000
718	-128.456109	0.726000	13.600000
719	-128.346109	0.726000	13.570000
720	-128.346109	0.728000	13.390000
721	-128.276109	0.728000	13.660000
722	-128.236109	0.730000	13.580000
723	-128.086109	0.730000	13.580000
724	-128.036109	0.730000	13.630000
725	-127.976109	0.732000	13.520000
726	-127.856109	0.736000	13.450000
727	-127.716109	0.734000	13.680000
728	-127.636109	0.736000	13.660000
729	-127.586109	0.736000	13.620000
730	-127.566109	0.738000	13.750000
731	-127.566109	0.738000	13.530000
732	-127.436109	0.738000	13.540000
733	-127.326109	0.740000	13.790000
734	-127.216109	0.742000	13.670000
735	-127.216109	0.740000	13.550000
736	-127.186109	0.744000	13.740000
737	-127.086109	0.744000	13.850000
738	-127.086109	0.746000	13.550000
739	-127.026109	0.746000	13.720000
740	-126.776109	0.746000	13.770000
741	-126.776109	0.748000	13.580000
742	-126.726109	0.750000	13.680000
743	-126.726109	0.750000	13.720000
744	-126.626109	0.752000	13.770000
745	-126.476109	0.752000	13.830000
746	-126.366109	0.754000	13.690000
747	-126.356109	0.754000	13.740000
748	-126.346109	0.756000	13.590000
749	-126.336109	0.756000	13.840000
750	-126.316109	0.758000	13.890000
751	-126.136109	0.758000	13.740000
752	-126.076109	0.760000	13.780000
753	-125.796109	0.760000	13.940000
754	-125.696109	0.762000	13.690000
755	-125.626109	0.762000	13.690000
756	-125.476109	0.763000	13.650000
757	-125.226109	0.763000	13.880000
758	-125.096109	0.765000	13.790000
759	-125.056109	0.765000	13.790000
760	-124.846109	0.767000	13.820000
761	-124.616109	0.767000	13.900000
762	-124.606109	0.769000	13.820000
763	-124.586109	0.769000	13.920000
764	-124.486109	0.769000	13.650000
765	-124.466109	0.771000	13.790000
766	-124.336109	0.773000	13.850000
767	-124.256109	0.773000	13.820000
768	-124.246109	0.773000	13.690000
769	-124.146109	0.775000	14.060000
770	-124.086109	0.777000	13.850000
771	-124.056109	0.777000	14.020000
772	-124.046109	0.777000	13.870000
773	-124.006109	0.779000	14.060000
774	-123.986109	0.781000	13.580000
775	-123.896109	0.781000	13.970000
776	-123.866109	0.783000	14.030000
777	-123.786109	0.785000	14.090000
778	-123.756109	0.787000	13.900000
779	-123.736109	0.787000	13.850000
780	-123.596109	0.789000	13.960000
781	-123.586109	0.789000	13.810000
782	-123.516109	0.791000	13.860000
783	-123.486109	0.791000	13.930000
784	-123.466109	0.793000	13.700000
785	-123.336109	0.793000	13.920000
786	-123.226109	0.795000	14.040000
787	-123.216109	0.795000	14.050000
788	-123.206109	0.797000	14.020000
789	-123.006109	0.799000	13.950000
790	-122.956109	0.799000	13.930000
791	-122.866109	0.799000	13.950000
792	-122.826109	0.801000	13.900000
793	-122.646109	0.801000	13.930000
794	-122.596109	0.803000	13.940000
795	-122.436109	0.803000	13.880000
796	-122.406109	0.804000	13.950000
797	-122.396109	0.804000	14.080000
798	-122.306109	0.806000	13.940000
799	-122.246109	0.806000	13.890000
800	-122.226109	0.806000	13.910000
801	-122.206109	0.808000	14.030000
802	-122.176109	0.810000	14.030000
803	-122.066109	0.810000	13.930000
804	-121.986109	0.814000	14.010000
805	-121.986109	0.814000	13.940000
806	-121.946109	0.814000	13.980000
807	-121.896109	0.814000	14.020000
808	-121.756109	0.816000	14.150000
809	-121.746109	0.816000	14.060000
810	-121.716109	0.818000	13.920000
811	-121.566109	0.818000	13.950000
812	-121.526109	0.820000	13.890000
813	-121.286109	0.820000	14.020000
814	-121.176109	0.822000	14.050000
815	-120.996109	0.822000	14.060000
816	-120.946109	0.824000	14.350000
817	-120.906109	0.824000	14.400000
818	-120.886109	0.826000	14.290000
819	-120.836109	0.826000	14.110000
820	-120.756109	0.828000	14.100000
821	-120.726109	0.828000	14.290000
822	-120.716109	0.830000	14.240000
823	-120.516109	0.830000	14.150000
824	-120.466109	0.832000	14.110000
825	-120.356109	0.832000	14.340000
826	-120.336109	0.834000	14.180000
827	-120.196109	0.834000	14.340000
828	-120.056109	0.836000	14.250000
829	-120.046109	0.836000	14.150000
830	-119.926109	0.838000	14.110000
831	-119.896109	0.838000	14.170000
832	-119.896109	0.840000	14.040000
833	-119.796109	0.840000	14.250000
834	-119.776109	0.842000	14.210000
835	-119.766109	0.842000	14.010000
836	-119.546109	0.844000	14.270000
837	-119.546109	0.844000	14.290000
838	-119.416109	0.845000	14.330000
839	-119.096109	0.845000	14.140000
840	-119.016109	0.847000	14.200000
841	-118.986109	0.847000	14.230000
842	-118.956109	0.849000	13.920000
843	-118.926109	0.849000	14.150000
844	-118.876109	0.851000	14.210000
845	-118.856109	0.851000	14.180000
846	-118.836109	0.853000	14.280000
847	-118.826109	0.853000	14.230000
848	-118.796109	0.855000	14.240000
849	-118.516109	0.855000	14.300000
850	-118.506109	0.857000	14.360000
851	-118.356109	0.857000	14.180000
852	-118.156109	0.861000	14.190000
853	-118.136109	0.859000	14.150000
854	-118.016109	0.861000	14.160000
855	-117.966109	0.861000	14.210000
856	-117.886109	0.863000	14.210000
857	-117.796109	0.863000	14.260000
858	-117.766109	0.867000	14.110000
859	-117.766109	0.867000	14.150000
860	-117.676109	0.869000	14.170000
861	-117.666109	0.869000	14.180000
862	-117.536109	0.871000	14.350000
863	-117.506109	0.871000	14.390000
864	-117.476109	0.873000	14.300000
865	-117.406109	0.873000	14.360000
866	-117.316109	0.875000	14.350000
867	-117.286109	0.875000	14.350000
868	-117.286109	0.877000	14.290000
869	-117.276109	0.877000	14.590000
870	-116.896109	0.879000	14.500000
871	-116.866109	0.879000	14.470000
872	-116.856109	0.879000	14.190000
873	-116.576109	0.881000	14.430000
874	-116.506109	0.883000	14.380000
875	-116.476109	0.885000	14.420000
876	-116.376109	0.885000	14.430000
877	-116.146109	0.886000	14.580000
878	-116.116109	0.886000	14.380000
879	-116.116109	0.886000	14.550000
880	-116.116109	0.888000	14.500000
881	-116.076109	0.890000	14.350000
882	-116.056109	0.892000	14.500000
883	-115.946109	0.892000	14.370000
884	-115.926109	0.892000	14.490000
885	-115.926109	0.894000	14.460000
886	-115.926109	0.894000	14.420000
887	-115.896109	0.894000	14.470000
888	-115.866109	0.896000	14.530000
889	-115.826109	0.898000	14.460000
890	-115.736109	0.898000	14.550000
891	-115.666109	0.900000	14.570000
892	-115.536109	0.900000	14.500000
893	-115.506109	0.902000	14.440000
894	-115.376109	0.902000	14.510000
895	-115.346109	0.904000	14.350000
896	-115.146109	0.904000	14.550000
897	-115.126109	0.906000	14.620000
898	-114.826109	0.906000	14.540000
899	-114.696109	0.908000	14.590000
900	-114.696109	0.908000	14.570000
901	-114.596109	0.910000	14.640000
902	-114.566109	0.910000	14.600000
903	-114.506109	0.910000	14.600000
904	-114.446109	0.912000	14.570000
905	-114.436109	0.914000	14.440000
906	-114.266109	0.914000	14.670000
907	-114.186109	0.916000	14.600000
908	-114.176109	0.916000	14.590000
909	-114.116109	0.918000	14.690000
910	-113.956109	0.918000	14.760000
911	-113.956109	0.918000	14.650000
912	-113.926109	0.920000	14.720000
913	-113.926109	0.922000	14.740000
914	-113.886109	0.922000	14.570000
915	-113.796109	0.924000	14.650000
916	-113.736109	0.924000	14.740000
917	-113.596109	0.926000	14.640000
918	-113.566109	0.926000	14.770000
919	-113.346109	0.926000	14.560000
920	-113.206109	0.928000	14.750000
921	-113.186109	0.929000	14.690000
922	-113.186109	0.929000	14.660000
923	-113.116109	0.931000	14.740000
924	-113.116109	0.931000	14.750000
925	-112.886109	0.933000	14.710000
926	-112.796109	0.933000	14.680000
927	-112.796109	0.933000	14.810000
928	-112.596109	0.935000	14.730000
929	-112.566109	0.937000	14.650000
930	-112.506109	0.937000	14.800000
931	-112.476109	0.939000	14.670000
932	-112.316109	0.939000	14.820000
933	-112.206109	0.941000	14.680000
934	-112.016109	0.941000	14.730000
935	-111.866109	0.941000	14.780000
936	-111.826109	0.945000	14.710000
937	-111.796109	0.945000	14.760000
938	-111.736109	0.947000	14.790000
939	-111.686109	0.947000	14.720000
940	-111.596109	0.951000	14.880000
941	-111.406109	0.951000	14.920000
942	-111.396109	0.953000	14.940000
943	-111.266109	0.953000	14.880000
944	-111.216109	0.955000	14.830000
945	-111.196109	0.955000	14.940000
946	-111.026109	0.957000	14.710000
947	-111.006109	0.957000	14.840000
948	-110.996109	0.959000	14.860000
949	-110.776109	0.959000	14.870000
950	-110.756109	0.961000	14.730000
951	-110.666109	0.961000	14.670000
952	-110.506109	0.963000	14.680000
953	-110.476109	0.963000	14.980000
954	-110.446109	0.965000	14.820000
955	-110.326109	0.965000	14.840000
956	-110.306109	0.967000	14.750000
957	-110.176109	0.967000	14.850000
958	-110.176109	0.969000	14.830000
959	-110.116109	0.969000	14.780000
960	-109.996109	0.970000	14.870000
961	-109.976109	0.970000	14.910000
962	-109.966109	0.972000	14.990000
963	-109.916109	0.972000	14.840000
964	-109.756109	0.974000	14.800000
965	-109.746109	0.974000	14.920000
966	-109.706109	0.976000	14.670000
967	-109.686109	0.976000	14.850000
968	-109.646109	0.978000	14.740000
969	-109.516109	0.978000	15.080000
970	-109.446109	0.980000	14.830000
971	-109.396109	0.980000	14.640000
972	-109.356109	0.982000	14.840000
973	-109.176109	0.982000	14.920000
974	-109.116109	0.984000	15.000000
975	-109.076109	0.984000	14.870000
976	-109.026109	0.986000	14.770000
977	-108.916109	0.986000	14.910000
978	-108.656109	0.988000	14.840000
979	-108.636109	0.988000	15.190000
980	-108.256109	0.990000	14.990000
981	-108.246109	0.990000	14.940000
982	-108.136109	0.992000	15.080000
983	-108.066109	0.992000	14.980000
984	-108.056109	0.994000	15.030000
985	-108.036109	0.994000	15.190000
986	-108.006109	0.996000	14.980000
987	-107.996109	0.996000	15.060000
988	-107.696109	0.998000	15.140000
989	-107.666109	0.998000	15.210000
990	-107.566109	1.000000	14.970000
991	-107.506109	1.000000	15.080000
992	-107.456109	1.002000	14.990000
993	-107.416109	1.002000	14.860000
994	-107.346109	1.004000	15.260000
995	-107.326109	1.004000	15.060000
996	-107.286109	1.006000	15.060000
997	-107.146109	1.006000	14.930000
998	-107.096109	1.008000	15.140000
999	-107.066109	1.008000	15.230000
1000	-106.986109	1.010000	15.130000
1001	-106.956109	1.010000	15.210000
1002	-106.946109	1.012000	15.240000
1003	-106.836109	1.012000	15.260000
1004	-106.796109	1.013000	14.880000
1005	-106.676109	1.013000	14.920000
1006	-106.646109	1.015000	15.150000
1007	-106.636109	1.015000	15.020000
1008	-106.576109	1.017000	15.150000
1009	-106.556109	1.017000	15.120000
1010	-106.156109	1.019000	15.200000
1011	-106.146109	1.019000	15.200000
1012	-106.056109	1.021000	15.110000
1013	-106.036109	1.021000	15.240000
1014	-106.026109	1.023000	15.330000
1015	-105.936109	1.023000	15.000000
1016	-105.776109	1.025000	15.380000
1017	-105.646109	1.025000	15.290000
1018	-105.616109	1.027000	15.250000
1019	-105.446109	1.027000	15.300000
1020	-105.306109	1.029000	15.230000
1021	-105.296109	1.029000	15.440000
1022	-105.276109	1.033000	15.170000
1023	-105.226109	1.033000	15.380000
1024	-105.006109	1.035000	15.160000
1025	-104.906109	1.035000	15.280000
1026	-104.836109	1.035000	15.220000
1027	-104.826109	1.037000	15.320000
1028	-104.776109	1.039000	15.090000
1029	-104.746109	1.041000	15.320000
1030	-104.726109	1.041000	15.270000
1031	-104.726109	1.043000	15.160000
1032	-104.476109	1.043000	15.040000
1033	-104.366109	1.043000	15.200000
1034	-104.316109	1.045000	15.310000
1035	-104.126109	1.047000	15.050000
1036	-104.066109	1.047000	15.500000
1037	-103.996109	1.049000	15.360000
1038	-103.906109	1.051000	15.290000
1039	-103.866109	1.051000	15.260000
1040	-103.866109	1.051000	15.270000
1041	-103.766109	1.053000	15.350000
1042	-103.736109	1.054000	15.510000
1043	-103.706109	1.054000	15.480000
1044	-103.706109	1.056000	15.360000
1045	-103.576109	1.056000	15.350000
1046	-103.576109	1.058000	15.350000
1047	-103.546109	1.058000	15.290000
1048	-103.526109	1.060000	15.370000
1049	-103.476109	1.060000	15.240000
1050	-103.376109	1.062000	15.440000
1051	-103.356109	1.062000	15.330000
1052	-103.326109	1.064000	15.220000
1053	-103.226109	1.064000	15.370000
1054	-103.096109	1.066000	15.520000
1055	-102.836109	1.066000	15.300000
1056	-102.826109	1.066000	15.370000
1057	-102.626109	1.068000	15.260000
1058	-102.496109	1.070000	15.400000
1059	-102.426109	1.072000	15.440000
1060	-102.406109	1.072000	14.170000
1061	-102.276109	1.074000	15.310000
1062	-102.196109	1.074000	15.500000
1063	-102.006109	1.074000	15.490000
1064	-101.896109	1.076000	15.380000
1065	-101.836109	1.078000	14.070000
1066	-101.736109	1.078000	15.370000
1067	-101.566109	1.078000	14.090000
1068	-101.566109	1.080000	15.240000
1069	-101.456109	1.082000	14.160000
1070	-101.436109	1.082000	14.150000
1071	-101.356109	1.082000	14.170000
1072	-101.256109	1.084000	14.190000
1073	-101.246109	1.084000	15.530000
1074	-101.236109	1.084000	14.160000
1075	-101.086109	1.088000	15.490000
1076	-100.866109	1.088000	14.220000
1077	-100.846109	1.090000	14.280000
1078	-100.766109	1.090000	15.540000
1079	-100.756109	1.092000	14.060000
1080	-100.696109	1.092000	15.500000
1081	-100.496109	1.094000	15.410000
1082	-100.406109	1.094000	14.180000
1083	-100.346109	1.095000	14.100000
1084	-100.286109	1.095000	15.410000
1085	-100.276109	1.097000	14.210000
1086	-100.266109	1.097000	15.460000
1087	-100.186109	1.097000	14.310000
1088	-99.976109	1.099000	14.210000
1089	-99.896109	1.101000	14.140000
1090	-99.876109	1.101000	14.270000
1091	-99.716109	1.103000	14.140000
1092	-99.696109	1.103000	14.300000
1093	-99.446109	1.105000	14.300000
1094	-99.336109	1.105000	14.370000
1095	-99.326109	1.105000	14.360000
1096	-99.296109	1.107000	14.260000
1097	-99.216109	1.109000	14.200000
1098	-99.186109	1.109000	14.250000
1099	-99.136109	1.111000	14.260000
1100	-99.056109	1.111000	14.380000
1101	-99.056109	1.113000	14.170000
1102	-98.956109	1.113000	14.560000
1103	-98.936109	1.117000	14.250000
1104	-98.916109	1.117000	14.200000
1105	-98.866109	1.119000	14.390000
1106	-98.866109	1.119000	14.140000
1107	-98.776109	1.121000	14.350000
1108	-98.586109	1.121000	14.310000
1109	-98.566109	1.123000	14.280000
1110	-98.486109	1.125000	14.260000
1111	-98.276109	1.125000	14.290000
1112	-98.186109	1.127000	14.460000
1113	-98.136109	1.127000	14.540000
1114	-98.116109	1.129000	14.390000
1115	-98.096109	1.129000	14.280000
1116	-97.996109	1.131000	14.390000
1117	-97.866109	1.131000	14.310000
1118	-97.846109	1.133000	14.550000
1119	-97.756109	1.133000	14.440000
1120	-97.616109	1.135000	14.560000
1121	-97.486109	1.135000	14.400000
1122	-97.456109	1.136000	14.340000
1123	-97.436109	1.136000	14.470000
1124	-97.286109	1.138000	14.440000
1125	-97.276109	1.138000	14.550000
1126	-97.056109	1.140000	14.490000
1127	-97.036109	1.140000	14.440000
1128	-96.966109	1.142000	14.380000
1129	-96.946109	1.142000	14.500000
1130	-96.906109	1.144000	14.590000
1131	-96.776109	1.144000	14.510000
1132	-96.696109	1.146000	14.430000
1133	-96.446109	1.146000	14.570000
1134	-96.316109	1.148000	14.640000
1135	-96.276109	1.148000	14.470000
1136	-96.226109	1.150000	14.560000
1137	-96.196109	1.150000	14.480000
1138	-96.176109	1.152000	14.610000
1139	-96.146109	1.152000	14.670000
1140	-96.136109	1.154000	14.530000
1141	-96.126109	1.154000	14.720000
1142	-96.076109	1.156000	14.630000
1143	-96.036109	1.158000	14.690000
1144	-95.906109	1.158000	14.400000
1145	-95.766109	1.158000	14.610000
1146	-95.706109	1.160000	14.590000
1147	-95.696109	1.160000	14.710000
1148	-95.656109	1.162000	14.600000
1149	-95.586109	1.162000	14.510000
1150	-95.536109	1.164000	14.570000
1151	-95.496109	1.164000	14.720000
1152	-95.136109	1.166000	14.690000
1153	-95.016109	1.166000	14.510000
1154	-94.996109	1.168000	14.640000
1155	-94.966109	1.168000	14.690000
1156	-94.876109	1.170000	14.670000
1157	-94.836109	1.170000	14.560000
1158	-94.786109	1.172000	14.730000
1159	-94.706109	1.172000	14.590000
1160	-94.686109	1.174000	14.780000
1161	-94.656109	1.174000	14.700000
1162	-94.436109	1.176000	14.500000
1163	-94.116109	1.176000	14.730000
1164	-94.106109	1.178000	14.780000
1165	-93.866109	1.178000	14.670000
1166	-93.766109	1.178000	14.680000
1167	-93.706109	1.178000	16.120000
1168	-93.706109	1.181000	14.760000
1169	-93.706109	1.181000	14.610000
1170	-93.666109	1.183000	14.680000
1171	-93.646109	1.183000	15.930000
1172	-93.616109	1.185000	14.570000
1173	-93.586109	1.185000	14.900000
1174	-93.356109	1.187000	16.130000
1175	-93.356109	1.187000	14.790000
1176	-93.076109	1.189000	14.640000
1177	-92.986109	1.189000	14.680000
1178	-92.956109	1.191000	16.070000
1179	-92.906109	1.191000	15.870000
1180	-92.906109	1.193000	16.050000
1181	-92.906109	1.193000	14.760000
1182	-92.856109	1.195000	15.940000
1183	-92.776109	1.195000	14.850000
1184	-92.726109	1.197000	16.050000
1185	-92.586109	1.197000	15.950000
1186	-92.586109	1.199000	16.120000
1187	-92.576109	1.201000	14.640000
1188	-92.566109	1.203000	16.020000
1189	-92.526109	1.203000	16.000000
1190	-92.436109	1.205000	16.190000
1191	-92.326109	1.205000	16.030000
1192	-92.296109	1.207000	16.030000
1193	-92.286109	1.207000	15.860000
1194	-92.266109	1.207000	16.110000
1195	-92.256109	1.209000	16.180000
1196	-92.256109	1.211000	15.940000
1197	-92.246109	1.211000	16.000000
1198	-91.996109	1.213000	16.040000
1199	-91.866109	1.213000	16.070000
1200	-91.626109	1.215000	16.070000
1201	-91.556109	1.215000	16.040000
1202	-91.536109	1.215000	16.160000
1203	-91.536109	1.217000	16.210000
1204	-91.456109	1.219000	16.090000
1205	-91.346109	1.219000	16.270000
1206	-91.286109	1.220000	16.060000
1207	-91.156109	1.220000	16.580000
1208	-91.076109	1.222000	16.180000
1209	-91.056109	1.222000	16.030000
1210	-91.046109	1.224000	16.160000
1211	-90.986109	1.224000	15.970000
1212	-90.966109	1.226000	16.260000
1213	-90.836109	1.228000	16.510000
1214	-90.786109	1.228000	16.310000
1215	-90.646109	1.230000	16.220000
1216	-90.516109	1.230000	16.280000
1217	-90.506109	1.230000	16.340000
1218	-90.466109	1.232000	16.200000
1219	-90.446109	1.234000	16.270000
1220	-90.406109	1.234000	16.350000
1221	-90.326109	1.236000	16.290000
1222	-90.306109	1.236000	16.280000
1223	-90.246109	1.238000	16.150000
1224	-90.206109	1.238000	16.390000
1225	-90.186109	1.238000	16.390000
1226	-90.136109	1.240000	16.190000
1227	-90.056109	1.242000	16.170000
1228	-89.986109	1.242000	16.250000
1229	-89.886109	1.244000	16.360000
1230	-89.856109	1.244000	16.410000
1231	-89.796109	1.246000	16.270000
1232	-89.366109	1.246000	16.300000
1233	-89.346109	1.248000	16.290000
1234	-89.246109	1.250000	16.480000
1235	-89.116109	1.250000	16.390000
1236	-88.976109	1.252000	16.500000
1237	-88.776109	1.252000	16.400000
1238	-88.726109	1.254000	16.330000
1239	-88.526109	1.254000	16.460000
1240	-88.526109	1.256000	16.470000
1241	-88.416109	1.256000	16.430000
1242	-88.396109	1.258000	16.410000
1243	-88.276109	1.258000	16.590000
1244	-88.166109	1.260000	16.350000
1245	-88.156109	1.260000	16.440000
1246	-88.146109	1.262000	16.400000
1247	-88.086109	1.262000	16.530000
1248	-87.976109	1.262000	16.510000
1249	-87.956109	1.263000	16.550000
1250	-87.946109	1.267000	16.300000
1251	-87.876109	1.267000	16.440000
1252	-87.856109	1.265000	16.360000
1253	-87.856109	1.269000	16.310000
1254	-87.786109	1.269000	16.640000
1255	-87.766109	1.269000	16.390000
1256	-87.746109	1.271000	16.410000
1257	-87.536109	1.273000	16.490000
1258	-87.516109	1.273000	16.660000
1259	-87.496109	1.275000	16.470000
1260	-87.256109	1.275000	16.530000
1261	-86.886109	1.277000	16.260000
1262	-86.756109	1.277000	16.760000
1263	-86.716109	1.279000	16.600000
1264	-86.676109	1.279000	16.550000
1265	-86.626109	1.281000	16.650000
1266	-86.566109	1.281000	16.530000
1267	-86.536109	1.283000	16.580000
1268	-86.256109	1.285000	16.400000
1269	-86.236109	1.287000	16.410000
1270	-86.116109	1.287000	16.510000
1271	-85.986109	1.289000	16.540000
1272	-85.906109	1.287000	16.330000
1273	-85.876109	1.291000	16.500000
1274	-85.776109	1.293000	16.710000
1275	-85.756109	1.293000	16.740000
1276	-85.616109	1.295000	16.530000
1277	-85.586109	1.295000	16.540000
1278	-85.506109	1.297000	16.620000
1279	-85.436109	1.297000	16.580000
1280	-85.416109	1.299000	16.520000
1281	-85.396109	1.299000	16.650000
1282	-85.346109	1.301000	16.570000
1283	-85.296109	1.301000	16.540000
1284	-85.286109	1.303000	16.680000
1285	-85.206109	1.303000	16.620000
1286	-85.196109	1.304000	16.880000
1287	-85.086109	1.304000	16.610000
1288	-84.926109	1.306000	16.860000
1289	-84.856109	1.306000	16.600000
1290	-84.826109	1.308000	16.560000
1291	-84.726109	1.308000	16.630000
1292	-84.706109	1.310000	16.710000
1293	-84.606109	1.312000	16.520000
1294	-84.586109	1.312000	16.730000
1295	-84.496109	1.314000	16.640000
1296	-84.376109	1.314000	16.810000
1297	-84.346109	1.316000	16.630000
1298	-84.236109	1.316000	16.760000
1299	-84.156109	1.318000	16.530000
1300	-84.076109	1.318000	16.710000
1301	-84.076109	1.318000	16.680000
1302	-84.046109	1.320000	16.590000
1303	-84.046109	1.322000	16.710000
1304	-84.016109	1.322000	16.620000
1305	-84.006109	1.324000	16.710000
1306	-83.996109	1.324000	16.680000
1307	-83.856109	1.326000	16.630000
1308	-83.726109	1.326000	16.670000
1309	-83.706109	1.328000	16.710000
1310	-83.536109	1.328000	16.960000
1311	-83.376109	1.330000	16.680000
1312	-83.316109	1.330000	16.880000
1313	-83.236109	1.332000	16.800000
1314	-83.036109	1.332000	16.680000
1315	-82.836109	1.334000	16.780000
1316	-82.386109	1.334000	16.870000
1317	-82.376109	1.336000	16.860000
1318	-82.356109	1.334000	16.950000
1319	-82.356109	1.338000	16.780000
1320	-82.266109	1.338000	16.930000
1321	-82.256109	1.340000	16.910000
1322	-82.236109	1.340000	16.860000
1323	-82.176109	1.342000	16.890000
1324	-82.146109	1.342000	16.490000
1325	-82.056109	1.344000	15.730000
1326	-81.986109	1.344000	16.920000
1327	-81.936109	1.345000	16.850000
1328	-81.896109	1.345000	16.670000
1329	-81.586109	1.347000	16.780000
1330	-81.576109	1.347000	16.870000
1331	-81.526109	1.349000	16.840000
1332	-81.516109	1.349000	16.920000
1333	-81.406109	1.351000	16.730000
1334	-81.396109	1.353000	17.010000
1335	-81.336109	1.353000	16.820000
1336	-81.306109	1.355000	16.930000
1337	-81.266109	1.355000	15.760000
1338	-81.226109	1.357000	16.820000
1339	-81.156109	1.357000	16.920000
1340	-81.136109	1.359000	16.830000
1341	-80.946109	1.359000	16.660000
1342	-80.826109	1.361000	15.820000
1343	-80.556109	1.361000	17.060000
1344	-80.466109	1.363000	15.760000
1345	-80.466109	1.363000	16.760000
1346	-80.396109	1.367000	15.730000
1347	-80.236109	1.367000	15.700000
1348	-80.136109	1.369000	15.630000
1349	-80.046109	1.369000	15.730000
1350	-80.046109	1.371000	15.620000
1351	-80.016109	1.371000	16.700000
1352	-79.936109	1.371000	16.900000
1353	-79.916109	1.373000	15.700000
1354	-79.916109	1.375000	15.810000
1355	-79.916109	1.377000	15.780000
1356	-79.896109	1.377000	15.620000
1357	-79.796109	1.379000	15.750000
1358	-79.746109	1.379000	15.880000
1359	-79.726109	1.379000	15.760000
1360	-79.636109	1.381000	15.740000
1361	-79.636109	1.383000	15.780000
1362	-79.596109	1.383000	15.690000
1363	-79.466109	1.385000	15.690000
1364	-79.406109	1.385000	15.810000
1365	-79.406109	1.386000	15.930000
1366	-79.296109	1.386000	15.910000
1367	-79.176109	1.386000	15.700000
1368	-78.956109	1.388000	15.910000
1369	-78.906109	1.390000	15.710000
1370	-78.866109	1.390000	15.950000
1371	-78.826109	1.392000	15.860000
1372	-78.556109	1.392000	15.780000
1373	-78.386109	1.394000	15.780000
1374	-78.366109	1.396000	15.730000
1375	-78.176109	1.396000	15.980000
1376	-78.146109	1.398000	15.800000
1377	-78.136109	1.398000	15.730000
1378	-77.996109	1.400000	15.950000
1379	-77.956109	1.400000	15.960000
1380	-77.856109	1.402000	15.880000
1381	-77.766109	1.402000	15.810000
1382	-77.766109	1.402000	15.820000
1383	-77.756109	1.404000	15.900000
1384	-77.726109	1.406000	15.820000
1385	-77.436109	1.406000	15.830000
1386	-77.356109	1.408000	15.800000
1387	-77.346109	1.408000	15.980000
1388	-77.206109	1.410000	15.820000
1389	-77.116109	1.410000	15.840000
1390	-76.956109	1.410000	16.090000
1391	-76.956109	1.412000	15.880000
1392	-76.916109	1.412000	15.700000
1393	-76.896109	1.414000	15.860000
1394	-76.836109	1.416000	15.910000
1395	-76.576109	1.418000	16.000000
1396	-76.576109	1.418000	15.730000
1397	-76.556109	1.418000	15.620000
1398	-76.546109	1.420000	15.980000
1399	-76.376109	1.422000	15.920000
1400	-76.376109	1.422000	15.910000
1401	-76.176109	1.424000	15.870000
1402	-76.146109	1.424000	15.960000
1403	-76.106109	1.426000	15.890000
1404	-76.076109	1.426000	16.030000
1405	-76.046109	1.426000	15.820000
1406	-76.016109	1.428000	15.850000
1407	-75.866109	1.429000	15.950000
1408	-75.806109	1.429000	16.080000
1409	-75.726109	1.431000	16.080000
1410	-75.626109	1.431000	16.020000
1411	-75.616109	1.433000	16.060000
1412	-75.616109	1.433000	15.970000
1413	-75.456109	1.433000	15.860000
1414	-75.206109	1.437000	16.050000
1415	-75.126109	1.437000	15.900000
1416	-75.066109	1.439000	15.940000
1417	-74.976109	1.439000	16.020000
1418	-74.936109	1.441000	16.150000
1419	-74.886109	1.441000	15.890000
1420	-74.836109	1.441000	15.950000
1421	-74.796109	1.443000	16.060000
1422	-74.756109	1.445000	16.070000
1423	-74.466109	1.445000	16.090000
1424	-74.456109	1.447000	16.070000
1425	-74.326109	1.447000	16.030000
1426	-74.296109	1.451000	15.990000
1427	-74.166109	1.451000	15.960000
1428	-74.126109	1.453000	16.100000
1429	-74.076109	1.453000	16.200000
1430	-74.076109	1.455000	15.970000
1431	-73.846109	1.455000	16.220000
1432	-73.776109	1.457000	16.250000
1433	-73.696109	1.457000	16.130000
1434	-73.676109	1.459000	16.150000
1435	-73.636109	1.461000	16.320000
1436	-73.556109	1.461000	16.140000
1437	-73.476109	1.463000	16.250000
1438	-73.466109	1.463000	16.000000
1439	-73.456109	1.465000	16.040000
1440	-73.456109	1.465000	16.180000
1441	-73.446109	1.467000	16.110000
1442	-73.436109	1.467000	16.030000
1443	-73.356109	1.467000	16.180000
1444	-73.326109	1.469000	16.140000
1445	-73.166109	1.470000	16.290000
1446	-73.166109	1.470000	16.220000
1447	-72.896109	1.472000	16.030000
1448	-72.816109	1.472000	16.180000
1449	-72.776109	1.474000	16.300000
1450	-72.676109	1.474000	16.090000
1451	-72.596109	1.476000	16.240000
1452	-72.416109	1.474000	16.190000
1453	-72.406109	1.478000	16.280000
1454	-72.296109	1.480000	16.060000
1455	-71.946109	1.480000	16.140000
1456	-71.876109	1.482000	16.250000
1457	-71.866109	1.482000	16.380000
1458	-71.756109	1.484000	16.390000
1459	-71.716109	1.484000	16.370000
1460	-71.646109	1.486000	16.360000
1461	-71.496109	1.486000	16.190000
1462	-71.426109	1.488000	16.440000
1463	-71.306109	1.488000	16.450000
1464	-71.306109	1.490000	16.340000
1465	-71.276109	1.490000	16.330000
1466	-71.246109	1.492000	16.340000
1467	-71.246109	1.492000	16.210000
1468	-71.156109	1.494000	16.250000
1469	-71.116109	1.494000	16.150000
1470	-71.106109	1.496000	16.290000
1471	-71.106109	1.496000	16.280000
1472	-71.086109	1.498000	16.170000
1473	-71.056109	1.498000	16.290000
1474	-70.956109	1.500000	16.450000
1475	-70.956109	1.500000	16.240000
1476	-70.886109	1.502000	16.500000
1477	-70.866109	1.502000	16.350000
1478	-70.606109	1.504000	16.210000
1479	-70.436109	1.504000	16.330000
1480	-70.406109	1.506000	16.390000
1481	-70.236109	1.506000	16.420000
1482	-70.226109	1.508000	16.490000
1483	-70.176109	1.508000	16.350000
1484	-70.136109	1.510000	16.450000
1485	-70.106109	1.510000	16.290000
1486	-70.096109	1.512000	16.420000
1487	-70.086109	1.512000	16.350000
1488	-70.066109	1.513000	16.460000
1489	-70.026109	1.513000	16.250000
1490	-69.896109	1.515000	16.420000
1491	-69.896109	1.515000	16.380000
1492	-69.886109	1.517000	16.330000
1493	-69.846109	1.517000	16.360000
1494	-69.826109	1.519000	16.260000
1495	-69.676109	1.519000	16.320000
1496	-69.616109	1.521000	16.530000
1497	-69.576109	1.521000	16.390000
1498	-69.296109	1.523000	16.430000
1499	-69.286109	1.523000	16.410000
1500	-69.116109	1.525000	16.480000
1501	-69.106109	1.525000	16.300000
1502	-69.086109	1.527000	16.430000
1503	-69.036109	1.527000	16.490000
1504	-68.906109	1.529000	16.600000
1505	-68.766109	1.529000	16.330000
1506	-68.746109	1.531000	16.520000
1507	-68.466109	1.531000	16.490000
1508	-68.446109	1.535000	16.470000
1509	-68.336109	1.535000	16.500000
1510	-68.206109	1.535000	16.460000
1511	-68.146109	1.537000	16.570000
1512	-68.126109	1.539000	16.690000
1513	-68.116109	1.539000	16.410000
1514	-67.976109	1.541000	16.630000
1515	-67.936109	1.541000	16.530000
1516	-67.896109	1.543000	16.580000
1517	-67.776109	1.543000	16.650000
1518	-67.726109	1.545000	16.500000
1519	-67.666109	1.547000	16.460000
1520	-67.646109	1.547000	16.570000
1521	-67.606109	1.549000	16.690000
1522	-67.566109	1.549000	16.640000
1523	-67.456109	1.551000	16.570000
1524	-67.406109	1.551000	16.570000
1525	-67.036109	1.551000	16.690000
1526	-67.026109	1.553000	16.590000
1527	-67.006109	1.554000	16.500000
1528	-66.956109	1.554000	16.610000
1529	-66.906109	1.556000	16.530000
1530	-66.856109	1.556000	16.680000
1531	-66.736109	1.558000	16.630000
1532	-66.656109	1.558000	16.640000
1533	-66.646109	1.558000	16.550000
1534	-66.526109	1.560000	16.750000
1535	-66.516109	1.562000	16.680000
1536	-66.446109	1.564000	16.810000
1537	-66.056109	1.564000	16.790000
1538	-65.986109	1.566000	16.650000
1539	-65.916109	1.566000	16.750000
1540	-65.916109	1.566000	16.490000
1541	-65.856109	1.568000	16.700000
1542	-65.746109	1.570000	16.770000
1543	-65.566109	1.570000	16.780000
1544	-65.546109	1.572000	16.660000
1545	-65.516109	1.572000	16.630000
1546	-65.496109	1.574000	16.720000
1547	-65.386109	1.574000	16.800000
1548	-65.376109	1.574000	16.750000
1549	-65.366109	1.576000	16.620000
1550	-65.326109	1.578000	16.730000
1551	-65.246109	1.578000	16.810000
1552	-64.936109	1.580000	16.690000
1553	-64.776109	1.580000	16.780000
1554	-64.766109	1.582000	16.730000
1555	-64.696109	1.582000	16.860000
1556	-64.626109	1.584000	16.640000
1557	-64.496109	1.584000	16.720000
1558	-64.426109	1.586000	16.800000
1559	-64.406109	1.586000	16.890000
1560	-64.406109	1.588000	16.850000
1561	-64.356109	1.588000	16.790000
1562	-64.346109	1.590000	16.770000
1563	-64.206109	1.590000	16.870000
1564	-64.136109	1.592000	16.940000
1565	-64.086109	1.592000	16.780000
1566	-64.076109	1.594000	16.760000
1567	-63.986109	1.594000	16.950000
1568	-63.956109	1.595000	16.770000
1569	-63.926109	1.595000	16.780000
1570	-63.786109	1.597000	16.900000
1571	-63.746109	1.597000	16.870000
1572	-63.716109	1.597000	16.880000
1573	-63.656109	1.599000	16.780000
1574	-63.616109	1.601000	16.900000
1575	-63.586109	1.601000	16.930000
1576	-63.506109	1.603000	16.840000
1577	-63.416109	1.603000	16.830000
1578	-63.386109	1.605000	16.890000
1579	-63.286109	1.605000	16.880000
1580	-63.266109	1.605000	16.840000
1581	-63.206109	1.607000	16.920000
1582	-63.106109	1.609000	16.890000
1583	-63.086109	1.609000	16.870000
1584	-63.056109	1.611000	16.750000
1585	-62.916109	1.611000	16.860000
1586	-62.526109	1.613000	16.800000
1587	-62.396109	1.613000	16.970000
1588	-62.366109	1.617000	16.910000
1589	-62.226109	1.617000	16.760000
1590	-62.166109	1.619000	16.810000
1591	-62.156109	1.619000	16.860000
1592	-62.126109	1.621000	16.830000
1593	-62.126109	1.621000	16.770000
1594	-62.046109	1.623000	16.990000
1595	-61.766109	1.623000	16.870000
1596	-61.696109	1.625000	16.940000
1597	-61.576109	1.625000	16.790000
1598	-61.566109	1.627000	16.870000
1599	-61.556109	1.627000	16.930000
1600	-61.546109	1.629000	16.880000
1601	-61.526109	1.629000	16.900000
1602	-61.516109	1.631000	17.130000
1603	-61.506109	1.631000	16.930000
1604	-61.476109	1.631000	17.120000
1605	-61.466109	1.633000	17.010000
1606	-61.456109	1.635000	16.830000
1607	-61.426109	1.635000	17.110000
1608	-61.346109	1.636000	16.960000
1609	-61.256109	1.638000	16.890000
1610	-61.246109	1.638000	16.930000
1611	-61.226109	1.640000	16.890000
1612	-60.996109	1.640000	16.900000
1613	-60.966109	1.642000	16.990000
1614	-60.956109	1.642000	17.110000
1615	-60.716109	1.644000	17.030000
1616	-60.656109	1.644000	16.820000
1617	-60.346109	1.646000	17.060000
1618	-60.346109	1.646000	16.980000
1619	-60.296109	1.648000	17.080000
1620	-60.136109	1.648000	17.000000
1621	-60.066109	1.650000	17.140000
1622	-59.956109	1.650000	17.070000
1623	-59.956109	1.652000	17.220000
1624	-59.686109	1.652000	17.160000
1625	-59.466109	1.654000	17.280000
1626	-59.456109	1.654000	17.300000
1627	-59.426109	1.656000	17.190000
1628	-59.406109	1.658000	17.110000
1629	-59.356109	1.658000	17.210000
1630	-59.356109	1.660000	17.040000
1631	-59.346109	1.660000	17.260000
1632	-59.346109	1.662000	17.160000
1633	-59.326109	1.662000	17.160000
1634	-59.226109	1.664000	17.150000
1635	-59.216109	1.664000	17.190000
1636	-59.116109	1.666000	17.190000
1637	-59.086109	1.666000	17.210000
1638	-59.026109	1.668000	17.110000
1639	-58.916109	1.668000	17.190000
1640	-58.836109	1.670000	17.190000
1641	-58.736109	1.670000	17.220000
1642	-58.696109	1.672000	17.180000
1643	-58.606109	1.672000	16.980000
1644	-58.586109	1.674000	17.150000
1645	-58.586109	1.674000	17.140000
1646	-58.476109	1.676000	17.310000
1647	-58.456109	1.676000	17.230000
1648	-58.106109	1.678000	17.380000
1649	-58.036109	1.678000	17.060000
1650	-57.996109	1.679000	17.250000
1651	-57.816109	1.679000	17.290000
1652	-57.676109	1.681000	17.250000
1653	-57.556109	1.681000	17.510000
1654	-57.476109	1.683000	17.280000
1655	-57.446109	1.683000	17.290000
1656	-57.396109	1.685000	17.240000
1657	-57.296109	1.685000	17.360000
1658	-57.266109	1.687000	17.450000
1659	-57.206109	1.689000	17.440000
1660	-56.866109	1.689000	17.390000
1661	-56.856109	1.691000	17.280000
1662	-56.806109	1.691000	17.240000
1663	-56.786109	1.693000	17.390000
1664	-56.756109	1.693000	17.400000
1665	-56.696109	1.695000	17.360000
1666	-56.646109	1.695000	17.440000
1667	-56.596109	1.697000	17.210000
1668	-56.586109	1.701000	17.380000
1669	-56.566109	1.701000	17.390000
1670	-56.356109	1.703000	17.430000
1671	-56.226109	1.703000	17.470000
1672	-56.196109	1.705000	17.220000
1673	-56.126109	1.705000	17.420000
1674	-56.086109	1.707000	17.360000
1675	-56.066109	1.707000	17.360000
1676	-55.766109	1.707000	17.520000
1677	-55.736109	1.709000	17.470000
1678	-55.616109	1.711000	17.520000
1679	-55.516109	1.711000	17.660000
1680	-55.416109	1.713000	17.500000
1681	-55.406109	1.713000	17.510000
1682	-55.336109	1.715000	17.580000
1683	-55.306109	1.715000	17.400000
1684	-55.276109	1.715000	17.390000
1685	-55.256109	1.717000	17.550000
1686	-54.996109	1.719000	17.700000
1687	-54.966109	1.720000	17.390000
1688	-54.916109	1.720000	17.540000
1689	-54.816109	1.722000	17.600000
1690	-54.746109	1.722000	17.540000
1691	-54.746109	1.722000	17.430000
1692	-54.716109	1.724000	17.480000
1693	-54.696109	1.726000	17.720000
1694	-54.626109	1.726000	17.790000
1695	-54.596109	1.728000	17.450000
1696	-54.516109	1.728000	17.650000
1697	-54.496109	1.730000	17.560000
1698	-54.446109	1.730000	17.580000
1699	-54.346109	1.730000	17.310000
1700	-54.316109	1.732000	17.700000
1701	-54.306109	1.734000	17.540000
1702	-54.286109	1.736000	17.630000
1703	-54.246109	1.736000	17.620000
1704	-53.896109	1.736000	17.490000
1705	-53.876109	1.738000	17.460000
1706	-53.856109	1.738000	17.520000
1707	-53.576109	1.738000	17.760000
1708	-53.216109	1.742000	17.700000
1709	-53.206109	1.740000	17.650000
1710	-53.136109	1.744000	17.580000
1711	-53.136109	1.744000	17.670000
1712	-53.106109	1.746000	17.610000
1713	-53.026109	1.746000	17.680000
1714	-53.026109	1.746000	17.760000
1715	-52.966109	1.748000	17.740000
1716	-52.966109	1.750000	17.670000
1717	-52.886109	1.750000	17.710000
1718	-52.826109	1.752000	17.680000
1719	-52.806109	1.752000	17.550000
1720	-52.736109	1.754000	17.520000
1721	-52.686109	1.754000	17.740000
1722	-52.676109	1.754000	17.650000
1723	-52.586109	1.756000	17.530000
1724	-52.576109	1.758000	17.530000
1725	-52.406109	1.758000	17.630000
1726	-52.306109	1.760000	17.660000
1727	-52.106109	1.760000	17.880000
1728	-52.006109	1.762000	17.660000
1729	-51.596109	1.762000	17.900000
1730	-51.596109	1.763000	17.680000
1731	-51.546109	1.765000	17.790000
1732	-51.416109	1.765000	17.740000
1733	-51.246109	1.767000	17.800000
1734	-51.186109	1.767000	17.770000
1735	-51.136109	1.769000	17.850000
1736	-51.126109	1.769000	17.590000
1737	-50.986109	1.771000	17.600000
1738	-50.896109	1.771000	17.790000
1739	-50.826109	1.773000	17.800000
1740	-50.776109	1.773000	17.740000
1741	-50.756109	1.775000	17.780000
1742	-50.736109	1.775000	17.750000
1743	-50.736109	1.777000	17.750000
1744	-50.666109	1.777000	17.890000
1745	-50.616109	1.777000	17.820000
1746	-50.506109	1.779000	17.760000
1747	-50.456109	1.783000	17.650000
1748	-50.446109	1.785000	17.850000
1749	-50.366109	1.785000	17.680000
1750	-50.336109	1.787000	17.780000
1751	-50.276109	1.787000	17.720000
1752	-50.266109	1.789000	17.810000
1753	-50.256109	1.789000	17.740000
1754	-50.206109	1.791000	17.780000
1755	-50.156109	1.791000	17.940000
1756	-50.156109	1.793000	17.930000
1757	-49.966109	1.793000	17.840000
1758	-49.966109	1.795000	17.940000
1759	-49.936109	1.795000	17.930000
1760	-49.766109	1.797000	17.870000
1761	-49.736109	1.797000	17.940000
1762	-49.736109	1.799000	17.810000
1763	-49.676109	1.799000	17.830000
1764	-49.646109	1.801000	17.880000
1765	-49.566109	1.801000	17.900000
1766	-49.556109	1.803000	17.820000
1767	-49.546109	1.803000	17.920000
1768	-49.546109	1.804000	17.990000
1769	-49.506109	1.804000	17.880000
1770	-49.506109	1.806000	17.800000
1771	-49.466109	1.806000	17.920000
1772	-49.306109	1.808000	17.880000
1773	-49.076109	1.808000	17.850000
1774	-49.056109	1.810000	17.790000
1775	-49.046109	1.810000	17.900000
1776	-48.966109	1.812000	17.820000
1777	-48.936109	1.812000	17.950000
1778	-48.936109	1.814000	18.000000
1779	-48.886109	1.814000	17.860000
1780	-48.796109	1.816000	18.020000
1781	-48.696109	1.816000	17.880000
1782	-48.656109	1.818000	17.840000
1783	-48.626109	1.818000	18.000000
1784	-48.486109	1.820000	18.010000
1785	-48.386109	1.820000	18.030000
1786	-48.306109	1.822000	17.920000
1787	-48.076109	1.822000	18.100000
1788	-48.076109	1.824000	17.900000
1789	-47.746109	1.826000	18.360000
1790	-47.746109	1.826000	18.110000
1791	-47.626109	1.828000	18.030000
1792	-47.626109	1.828000	18.000000
1793	-47.616109	1.830000	17.990000
1794	-47.566109	1.830000	18.020000
1795	-47.496109	1.832000	18.130000
1796	-47.456109	1.832000	18.100000
1797	-47.386109	1.834000	17.900000
1798	-47.286109	1.834000	18.060000
1799	-47.246109	1.836000	18.070000
1800	-47.096109	1.836000	17.960000
1801	-46.976109	1.838000	18.020000
1802	-46.966109	1.838000	18.050000
1803	-46.946109	1.840000	18.240000
1804	-46.916109	1.840000	18.180000
1805	-46.876109	1.842000	18.080000
1806	-46.806109	1.842000	18.000000
1807	-46.776109	1.845000	18.200000
1808	-46.776109	1.844000	18.060000
1809	-46.506109	1.845000	18.080000
1810	-46.346109	1.847000	18.120000
1811	-46.346109	1.847000	17.970000
1812	-46.296109	1.849000	18.140000
1813	-46.296109	1.849000	18.250000
1814	-46.266109	1.851000	18.110000
1815	-46.226109	1.851000	18.200000
1816	-45.936109	1.853000	18.180000
1817	-45.836109	1.853000	18.150000
1818	-45.796109	1.853000	18.200000
1819	-45.666109	1.855000	18.220000
1820	-45.666109	1.857000	18.170000
1821	-45.566109	1.857000	18.390000
1822	-45.536109	1.859000	18.270000
1823	-45.386109	1.859000	18.130000
1824	-45.326109	1.861000	18.250000
1825	-45.306109	1.861000	18.230000
1826	-45.306109	1.863000	18.200000
1827	-45.196109	1.863000	18.130000
1828	-45.086109	1.867000	18.190000
1829	-45.086109	1.867000	18.260000
1830	-45.066109	1.869000	18.040000
1831	-45.046109	1.869000	18.130000
1832	-45.016109	1.871000	18.140000
1833	-44.886109	1.871000	18.270000
1834	-44.876109	1.871000	18.220000
1835	-44.846109	1.873000	18.250000
1836	-44.836109	1.875000	18.270000
1837	-44.496109	1.875000	18.270000
1838	-44.486109	1.877000	18.230000
1839	-44.406109	1.877000	18.210000
1840	-44.376109	1.879000	18.180000
1841	-44.126109	1.879000	18.220000
1842	-44.066109	1.879000	18.250000
1843	-43.876109	1.881000	18.250000
1844	-43.866109	1.883000	18.250000
1845	-43.436109	1.883000	18.360000
1846	-43.326109	1.885000	18.200000
1847	-43.216109	1.885000	18.410000
1848	-43.116109	1.886000	18.500000
1849	-43.036109	1.886000	18.420000
1850	-42.936109	1.888000	18.330000
1851	-42.936109	1.888000	18.350000
1852	-42.896109	1.890000	18.530000
1853	-42.876109	1.890000	18.370000
1854	-42.836109	1.892000	18.500000
1855	-42.756109	1.892000	18.490000
1856	-42.726109	1.894000	18.290000
1857	-42.726109	1.894000	18.570000
1858	-42.726109	1.894000	18.350000
1859	-42.696109	1.896000	18.350000
1860	-42.696109	1.898000	18.410000
1861	-42.486109	1.900000	18.280000
1862	-42.426109	1.900000	18.390000
1863	-42.386109	1.902000	18.280000
1864	-42.266109	1.902000	18.330000
1865	-42.236109	1.902000	18.420000
1866	-42.096109	1.904000	18.410000
1867	-42.026109	1.906000	18.410000
1868	-42.006109	1.906000	18.290000
1869	-41.996109	1.908000	18.550000
1870	-41.916109	1.908000	18.620000
1871	-41.916109	1.910000	18.370000
1872	-41.846109	1.910000	18.630000
1873	-41.706109	1.910000	18.300000
1874	-41.676109	1.912000	18.570000
1875	-41.636109	1.914000	18.480000
1876	-41.406109	1.914000	18.390000
1877	-41.376109	1.916000	18.610000
1878	-41.326109	1.916000	18.470000
1879	-41.156109	1.918000	18.510000
1880	-40.886109	1.918000	18.550000
1881	-40.866109	1.920000	18.440000
1882	-40.516109	1.920000	18.500000
1883	-40.456109	1.922000	18.590000
1884	-40.396109	1.922000	18.520000
1885	-40.386109	1.924000	18.480000
1886	-40.336109	1.924000	18.480000
1887	-40.306109	1.926000	18.620000
1888	-40.236109	1.926000	18.590000
1889	-40.216109	1.926000	18.570000
1890	-40.196109	1.928000	18.650000
1891	-40.196109	1.929000	18.540000
1892	-40.066109	1.929000	18.600000
1893	-40.036109	1.931000	18.610000
1894	-39.996109	1.931000	18.600000
1895	-39.906109	1.933000	18.480000
1896	-39.866109	1.933000	18.540000
1897	-39.646109	1.933000	18.600000
1898	-39.586109	1.935000	18.510000
1899	-39.576109	1.939000	18.530000
1900	-39.566109	1.937000	18.520000
1901	-39.456109	1.939000	18.640000
1902	-39.376109	1.939000	18.770000
1903	-39.366109	1.941000	18.800000
1904	-39.356109	1.941000	18.670000
1905	-39.316109	1.941000	18.560000
1906	-39.306109	1.943000	18.670000
1907	-39.066109	1.945000	18.680000
1908	-38.846109	1.945000	18.620000
1909	-38.826109	1.947000	18.680000
1910	-38.786109	1.947000	18.760000
1911	-38.726109	1.951000	18.620000
1912	-38.676109	1.951000	18.650000
1913	-38.656109	1.953000	18.620000
1914	-38.636109	1.953000	18.680000
1915	-38.596109	1.955000	18.720000
1916	-38.576109	1.955000	18.730000
1917	-38.566109	1.957000	18.720000
1918	-38.526109	1.957000	18.670000
1919	-38.416109	1.959000	18.790000
1920	-38.406109	1.959000	18.690000
1921	-38.366109	1.959000	18.650000
1922	-38.266109	1.961000	18.580000
1923	-38.266109	1.963000	18.510000
1924	-38.106109	1.963000	18.650000
1925	-37.856109	1.965000	18.590000
1926	-37.776109	1.965000	18.930000
1927	-37.726109	1.967000	18.680000
1928	-37.616109	1.967000	18.760000
1929	-37.586109	1.969000	18.710000
1930	-37.456109	1.970000	18.770000
1931	-37.376109	1.970000	18.850000
1932	-37.266109	1.970000	18.740000
1933	-36.946109	1.972000	18.980000
1934	-36.946109	1.974000	18.730000
1935	-36.926109	1.974000	18.840000
1936	-36.646109	1.976000	18.850000
1937	-36.596109	1.976000	18.730000
1938	-36.536109	1.978000	18.800000
1939	-36.536109	1.978000	18.690000
1940	-36.436109	1.980000	18.820000
1941	-36.396109	1.980000	18.860000
1942	-36.396109	1.982000	18.810000
1943	-36.376109	1.982000	18.750000
1944	-36.236109	1.984000	18.830000
1945	-36.176109	1.984000	18.970000
1946	-36.036109	1.986000	18.820000
1947	-36.026109	1.986000	18.840000
1948	-35.876109	1.988000	18.870000
1949	-35.826109	1.988000	18.790000
1950	-35.766109	1.990000	18.720000
1951	-35.576109	1.990000	18.900000
1952	-35.386109	1.992000	18.800000
1953	-35.356109	1.992000	18.820000
1954	-35.336109	1.994000	18.860000
1955	-35.156109	1.994000	19.000000
1956	-35.096109	1.996000	18.890000
1957	-35.016109	1.996000	19.110000
1958	-35.016109	1.998000	18.790000
1959	-34.936109	1.998000	18.850000
1960	-34.906109	2.000000	18.830000
1961	-34.886109	2.000000	18.870000
1962	-34.876109	2.002000	19.060000
1963	-34.836109	2.002000	18.780000
1964	-34.686109	2.004000	19.030000
1965	-34.666109	2.004000	18.950000
1966	-34.666109	2.006000	18.930000
1967	-34.656109	2.006000	18.930000
1968	-34.616109	2.008000	18.960000
1969	-34.496109	2.008000	18.940000
1970	-34.486109	2.010000	18.940000
1971	-34.456109	2.010000	19.070000
1972	-34.146109	2.012000	18.860000
1973	-34.086109	2.012000	18.990000
1974	-33.996109	2.013000	18.880000
1975	-33.976109	2.013000	19.080000
1976	-33.916109	2.015000	19.010000
1977	-33.906109	2.015000	18.990000
1978	-33.846109	2.017000	19.140000
1979	-33.756109	2.017000	18.900000
1980	-33.696109	2.019000	19.070000
1981	-33.676109	2.019000	18.970000
1982	-33.266109	2.021000	19.030000
1983	-33.056109	2.023000	19.080000
1984	-32.936109	2.023000	19.120000
1985	-32.936109	2.025000	19.060000
1986	-32.936109	2.025000	19.250000
1987	-32.926109	2.027000	19.130000
1988	-32.916109	2.027000	19.100000
1989	-32.846109	2.029000	19.040000
1990	-32.836109	2.029000	19.090000
1991	-32.786109	2.031000	18.910000
1992	-32.776109	2.033000	19.030000
1993	-32.756109	2.035000	19.140000
1994	-32.656109	2.035000	19.240000
1995	-32.606109	2.035000	18.990000
1996	-32.516109	2.037000	19.220000
1997	-32.366109	2.039000	19.040000
1998	-32.326109	2.039000	19.160000
1999	-32.126109	2.041000	19.320000
2000	-32.116109	2.041000	19.090000
2001	-32.116109	2.043000	19.200000
2002	-32.096109	2.043000	19.150000
2003	-32.086109	2.045000	19.070000
2004	-32.006109	2.045000	19.070000
2005	-32.006109	2.047000	19.100000
2006	-31.956109	2.047000	19.080000
2007	-31.856109	2.049000	19.230000
2008	-31.736109	2.049000	19.110000
2009	-31.696109	2.051000	19.260000
2010	-31.646109	2.051000	19.200000
2011	-31.536109	2.051000	19.070000
2012	-31.436109	2.053000	19.390000
2013	-31.306109	2.053000	19.270000
2014	-31.066109	2.054000	19.030000
2015	-31.046109	2.056000	19.110000
2016	-31.016109	2.056000	19.140000
2017	-30.886109	2.058000	19.230000
2018	-30.676109	2.058000	19.190000
2019	-30.676109	2.058000	19.270000
2020	-30.646109	2.060000	19.310000
2021	-30.586109	2.062000	19.270000
2022	-30.536109	2.062000	19.250000
2023	-30.476109	2.064000	19.230000
2024	-30.396109	2.064000	19.230000
2025	-30.346109	2.066000	19.340000
2026	-30.216109	2.066000	19.160000
2027	-30.166109	2.066000	19.140000
2028	-30.166109	2.068000	19.250000
2029	-30.106109	2.068000	19.320000
2030	-30.106109	2.068000	19.360000
2031	-29.646109	2.072000	19.140000
2032	-29.606109	2.072000	19.260000
2033	-29.606109	2.074000	19.280000
2034	-29.596109	2.074000	19.030000
2035	-29.546109	2.076000	19.130000
2036	-29.296109	2.078000	19.260000
2037	-29.296109	2.078000	19.090000
2038	-29.226109	2.080000	19.360000
2039	-29.166109	2.080000	19.410000
2040	-29.026109	2.082000	19.340000
2041	-28.966109	2.082000	19.290000
2042	-28.866109	2.084000	19.260000
2043	-28.816109	2.084000	19.360000
2044	-28.816109	2.086000	19.320000
2045	-28.596109	2.086000	19.390000
2046	-28.576109	2.088000	19.370000
2047	-28.446109	2.088000	19.300000
2048	-28.416109	2.090000	19.230000
2049	-28.396109	2.090000	19.290000
2050	-28.356109	2.090000	19.320000
2051	-28.326109	2.092000	19.280000
2052	-28.176109	2.094000	19.350000
2053	-28.126109	2.095000	19.310000
2054	-28.086109	2.094000	19.450000
2055	-28.066109	2.095000	19.340000
2056	-27.986109	2.097000	19.430000
2057	-27.966109	2.097000	19.500000
2058	-27.966109	2.097000	19.490000
2059	-27.936109	2.099000	19.320000
2060	-27.876109	2.101000	19.580000
2061	-27.876109	2.101000	19.320000
2062	-27.726109	2.103000	19.270000
2063	-27.656109	2.103000	19.400000
2064	-27.656109	2.105000	19.290000
2065	-27.616109	2.105000	19.340000
2066	-27.456109	2.107000	19.340000
2067	-27.436109	2.107000	19.480000
2068	-27.386109	2.109000	19.340000
2069	-27.336109	2.109000	19.430000
2070	-27.326109	2.111000	19.450000
2071	-27.226109	2.111000	19.390000
2072	-27.216109	2.113000	19.510000
2073	-27.156109	2.113000	19.390000
2074	-27.076109	2.115000	19.560000
2075	-26.996109	2.117000	19.500000
2076	-26.946109	2.119000	19.420000
2077	-26.726109	2.121000	19.350000
2078	-26.686109	2.121000	19.500000
2079	-26.506109	2.123000	19.710000
2080	-26.486109	2.123000	19.450000
2081	-26.456109	2.125000	19.690000
2082	-26.356109	2.125000	19.510000
2083	-26.126109	2.127000	19.660000
2084	-26.106109	2.127000	19.400000
2085	-25.986109	2.127000	19.600000
2086	-25.966109	2.129000	19.620000
2087	-25.886109	2.131000	19.600000
2088	-25.736109	2.131000	19.600000
2089	-25.596109	2.131000	19.570000
2090	-25.526109	2.131000	19.490000
2091	-25.466109	2.135000	19.690000
2092	-25.456109	2.135000	19.580000
2093	-25.426109	2.136000	19.650000
2094	-25.156109	2.136000	19.570000
2095	-25.016109	2.138000	19.670000
2096	-24.976109	2.138000	19.670000
2097	-24.866109	2.140000	19.610000
2098	-24.716109	2.140000	19.620000
2099	-24.666109	2.142000	19.760000
2100	-24.606109	2.142000	19.640000
2101	-24.556109	2.144000	19.650000
2102	-24.316109	2.144000	19.640000
2103	-24.296109	2.146000	19.610000
2104	-24.256109	2.146000	19.720000
2105	-24.176109	2.148000	19.700000
2106	-24.136109	2.150000	19.760000
2107	-24.076109	2.150000	19.710000
2108	-23.966109	2.152000	19.590000
2109	-23.916109	2.152000	19.610000
2110	-23.896109	2.154000	19.850000
2111	-23.876109	2.154000	19.660000
2112	-23.826109	2.156000	19.790000
2113	-23.786109	2.156000	19.720000
2114	-23.716109	2.158000	19.720000
2115	-23.716109	2.158000	19.670000
2116	-23.616109	2.160000	19.670000
2117	-23.586109	2.160000	19.700000
2118	-23.506109	2.162000	19.580000
2119	-23.416109	2.162000	19.640000
2120	-23.386109	2.164000	19.670000
2121	-23.326109	2.164000	19.630000
2122	-23.166109	2.166000	19.730000
2123	-23.146109	2.166000	19.660000
2124	-22.976109	2.168000	19.630000
2125	-22.886109	2.168000	19.760000
2126	-22.736109	2.170000	19.770000
2127	-22.666109	2.172000	19.700000
2128	-22.626109	2.172000	19.810000
2129	-22.576109	2.174000	19.730000
2130	-22.456109	2.174000	19.780000
2131	-22.456109	2.176000	19.780000
2132	-22.406109	2.176000	19.920000
2133	-22.266109	2.178000	19.890000
2134	-22.206109	2.178000	19.760000
2135	-22.086109	2.178000	19.780000
2136	-22.086109	2.181000	19.740000
2137	-22.026109	2.181000	19.830000
2138	-21.876109	2.183000	19.920000
2139	-21.876109	2.183000	19.690000
2140	-21.876109	2.185000	19.640000
2141	-21.796109	2.185000	19.800000
2142	-21.766109	2.187000	19.980000
2143	-21.646109	2.187000	19.690000
2144	-21.476109	2.189000	19.870000
2145	-21.386109	2.189000	19.810000
2146	-21.376109	2.191000	19.950000
2147	-21.366109	2.191000	19.810000
2148	-21.316109	2.193000	19.920000
2149	-21.206109	2.193000	19.990000
2150	-21.096109	2.195000	19.820000
2151	-21.086109	2.195000	19.960000
2152	-20.986109	2.197000	19.830000
2153	-20.946109	2.197000	19.800000
2154	-20.896109	2.199000	19.980000
2155	-20.876109	2.201000	20.010000
2156	-20.876109	2.203000	19.860000
2157	-20.806109	2.203000	19.920000
2158	-20.806109	2.205000	19.880000
2159	-20.746109	2.205000	20.030000
2160	-20.666109	2.207000	19.960000
2161	-20.666109	2.207000	19.850000
2162	-20.616109	2.207000	19.820000
2163	-20.486109	2.209000	20.040000
2164	-20.386109	2.209000	20.040000
2165	-20.366109	2.209000	19.840000
2166	-20.346109	2.211000	20.020000
2167	-20.296109	2.213000	19.970000
2168	-20.226109	2.215000	19.990000
2169	-20.166109	2.215000	19.930000
2170	-20.106109	2.215000	19.930000
2171	-19.906109	2.217000	20.040000
2172	-19.896109	2.220000	19.920000
2173	-19.886109	2.220000	19.860000
2174	-19.856109	2.220000	19.880000
2175	-19.796109	2.220000	20.030000
2176	-19.586109	2.222000	19.860000
2177	-19.576109	2.224000	19.910000
2178	-19.446109	2.224000	19.930000
2179	-19.416109	2.226000	19.970000
2180	-19.406109	2.226000	20.010000
2181	-19.316109	2.228000	19.940000
2182	-19.196109	2.228000	19.900000
2183	-19.156109	2.230000	19.980000
2184	-18.906109	2.230000	20.060000
2185	-18.506109	2.230000	19.960000
2186	-18.496109	2.232000	20.000000
2187	-18.486109	2.234000	19.930000
2188	-18.476109	2.234000	19.920000
2189	-18.376109	2.236000	20.070000
2190	-18.356109	2.236000	19.990000
2191	-18.336109	2.238000	20.070000
2192	-18.326109	2.238000	19.930000
2193	-18.326109	2.238000	19.960000
2194	-18.316109	2.240000	20.050000
2195	-18.246109	2.242000	19.990000
2196	-18.106109	2.240000	20.040000
2197	-18.096109	2.244000	19.960000
2198	-18.056109	2.246000	20.010000
2199	-18.046109	2.246000	20.050000
2200	-18.016109	2.246000	20.060000
2201	-17.826109	2.248000	19.820000
2202	-17.746109	2.250000	20.110000
2203	-17.666109	2.250000	20.050000
2204	-17.586109	2.252000	20.170000
2205	-17.156109	2.252000	20.000000
2206	-17.126109	2.254000	20.130000
2207	-17.046109	2.254000	20.120000
2208	-17.026109	2.254000	20.140000
2209	-16.896109	2.256000	20.270000
2210	-16.796109	2.258000	20.000000
2211	-16.756109	2.258000	20.290000
2212	-16.746109	2.260000	20.300000
2213	-16.706109	2.260000	20.080000
2214	-16.706109	2.262000	20.100000
2215	-16.696109	2.262000	20.020000
2216	-16.686109	2.262000	20.040000
2217	-16.616109	2.265000	20.290000
2218	-16.606109	2.265000	20.150000
2219	-16.526109	2.267000	20.100000
2220	-16.436109	2.267000	20.200000
2221	-16.416109	2.269000	20.190000
2222	-16.356109	2.269000	20.220000
2223	-16.346109	2.269000	20.130000
2224	-16.296109	2.271000	20.260000
2225	-16.276109	2.273000	20.260000
2226	-16.246109	2.273000	20.200000
2227	-16.146109	2.273000	20.140000
2228	-15.836109	2.275000	20.290000
2229	-15.666109	2.277000	20.300000
2230	-15.606109	2.277000	20.030000
2231	-15.576109	2.277000	20.080000
2232	-15.456109	2.279000	20.200000
2233	-15.436109	2.281000	20.150000
2234	-15.356109	2.281000	20.290000
2235	-15.316109	2.283000	19.970000
2236	-15.206109	2.285000	20.110000
2237	-15.136109	2.287000	20.170000
2238	-15.046109	2.287000	20.180000
2239	-14.986109	2.289000	19.980000
2240	-14.916109	2.289000	20.340000
2241	-14.856109	2.291000	20.260000
2242	-14.776109	2.291000	20.170000
2243	-14.736109	2.293000	20.220000
2244	-14.716109	2.293000	20.200000
2245	-14.616109	2.295000	20.250000
2246	-14.576109	2.295000	20.130000
2247	-14.326109	2.297000	20.210000
2248	-14.266109	2.299000	20.180000
2249	-14.186109	2.299000	20.180000
2250	-14.176109	2.301000	20.420000
2251	-14.146109	2.301000	20.260000
2252	-14.066109	2.303000	20.470000
2253	-13.896109	2.303000	20.270000
2254	-13.876109	2.304000	20.220000
2255	-13.836109	2.304000	20.520000
2256	-13.736109	2.306000	20.250000
2257	-13.666109	2.306000	20.080000
2258	-13.566109	2.308000	20.550000
2259	-13.526109	2.310000	20.310000
2260	-13.516109	2.310000	20.320000
2261	-13.486109	2.312000	20.220000
2262	-13.466109	2.312000	20.460000
2263	-13.446109	2.314000	20.210000
2264	-13.356109	2.314000	20.350000
2265	-13.296109	2.316000	20.390000
2266	-13.266109	2.316000	20.310000
2267	-13.086109	2.318000	20.410000
2268	-12.946109	2.318000	20.450000
2269	-12.946109	2.320000	20.260000
2270	-12.916109	2.320000	20.460000
2271	-12.756109	2.322000	20.320000
2272	-12.676109	2.322000	20.420000
2273	-12.626109	2.324000	20.300000
2274	-12.546109	2.324000	20.380000
2275	-12.376109	2.326000	20.390000
2276	-12.336109	2.326000	20.540000
2277	-12.226109	2.328000	20.330000
2278	-12.206109	2.328000	20.570000
2279	-12.156109	2.330000	20.440000
2280	-12.096109	2.330000	20.520000
2281	-12.026109	2.332000	20.490000
2282	-11.846109	2.332000	20.290000
2283	-11.806109	2.334000	20.470000
2284	-11.796109	2.334000	20.580000
2285	-11.796109	2.336000	20.430000
2286	-11.746109	2.336000	20.460000
2287	-11.736109	2.338000	20.450000
2288	-11.666109	2.338000	20.250000
2289	-11.666109	2.340000	20.410000
2290	-11.576109	2.340000	20.430000
2291	-11.576109	2.342000	20.400000
2292	-11.456109	2.342000	20.400000
2293	-11.406109	2.344000	20.480000
2294	-11.286109	2.344000	20.450000
2295	-11.226109	2.345000	20.480000
2296	-11.206109	2.345000	20.360000
2297	-11.076109	2.347000	20.560000
2298	-10.936109	2.349000	20.680000
2299	-10.756109	2.349000	20.650000
2300	-10.516109	2.351000	20.570000
2301	-10.486109	2.351000	20.700000
2302	-10.416109	2.353000	20.540000
2303	-10.396109	2.353000	20.610000
2304	-10.376109	2.355000	20.490000
2305	-10.366109	2.355000	20.560000
2306	-10.316109	2.357000	20.530000
2307	-10.196109	2.357000	20.600000
2308	-10.156109	2.359000	20.590000
2309	-10.136109	2.359000	20.570000
2310	-10.126109	2.361000	20.490000
2311	-9.896109	2.361000	20.510000
2312	-9.896109	2.363000	20.580000
2313	-9.646109	2.363000	20.650000
2314	-9.616109	2.367000	20.650000
2315	-9.426109	2.367000	20.600000
2316	-9.426109	2.369000	20.530000
2317	-9.416109	2.369000	20.490000
2318	-9.406109	2.371000	20.680000
2319	-9.316109	2.371000	20.580000
2320	-9.216109	2.373000	20.700000
2321	-9.156109	2.375000	20.640000
2322	-9.136109	2.375000	20.610000
2323	-9.056109	2.377000	20.720000
2324	-9.046109	2.377000	20.540000
2325	-9.036109	2.379000	20.590000
2326	-8.976109	2.379000	20.680000
2327	-8.766109	2.379000	20.660000
2328	-8.746109	2.383000	20.630000
2329	-8.736109	2.383000	20.720000
2330	-8.646109	2.385000	20.600000
2331	-8.626109	2.385000	20.700000
2332	-8.576109	2.386000	20.640000
2333	-8.506109	2.386000	20.500000
2334	-8.466109	2.386000	20.850000
2335	-8.386109	2.388000	20.680000
2336	-8.356109	2.390000	20.630000
2337	-8.296109	2.390000	20.610000
2338	-8.236109	2.390000	20.630000
2339	-8.216109	2.392000	20.780000
2340	-8.206109	2.394000	20.680000
2341	-8.176109	2.394000	20.710000
2342	-8.056109	2.394000	20.750000
2343	-8.016109	2.396000	20.810000
2344	-7.886109	2.398000	20.800000
2345	-7.736109	2.398000	20.620000
2346	-7.626109	2.400000	20.680000
2347	-7.536109	2.402000	20.810000
2348	-7.416109	2.402000	20.760000
2349	-7.316109	2.402000	20.700000
2350	-7.246109	2.404000	20.820000
2351	-7.136109	2.406000	20.730000
2352	-7.106109	2.406000	20.930000
2353	-7.046109	2.408000	20.760000
2354	-6.966109	2.408000	20.740000
2355	-6.896109	2.410000	20.660000
2356	-6.856109	2.410000	20.830000
2357	-6.826109	2.412000	20.810000
2358	-6.676109	2.414000	20.850000
2359	-6.616109	2.414000	20.880000
2360	-6.556109	2.416000	20.820000
2361	-6.546109	2.416000	20.710000
2362	-6.526109	2.418000	20.840000
2363	-6.396109	2.418000	20.770000
2364	-6.366109	2.420000	20.740000
2365	-6.276109	2.420000	20.750000
2366	-6.206109	2.422000	20.820000
2367	-6.036109	2.422000	20.740000
2368	-5.986109	2.424000	20.750000
2369	-5.926109	2.424000	20.750000
2370	-5.906109	2.426000	20.840000
2371	-5.786109	2.426000	20.840000
2372	-5.696109	2.426000	20.870000
2373	-5.526109	2.428000	20.820000
2374	-5.466109	2.429000	20.740000
2375	-5.426109	2.429000	20.950000
2376	-5.376109	2.431000	20.750000
2377	-5.376109	2.433000	20.770000
2378	-5.186109	2.433000	20.890000
2379	-4.886109	2.433000	20.940000
2380	-4.876109	2.435000	20.970000
2381	-4.826109	2.437000	20.880000
2382	-4.726109	2.437000	20.840000
2383	-4.596109	2.439000	20.980000
2384	-4.536109	2.439000	20.850000
2385	-4.526109	2.441000	20.940000
2386	-4.416109	2.441000	21.020000
2387	-4.406109	2.443000	20.970000
2388	-4.396109	2.443000	21.000000
2389	-4.376109	2.445000	21.030000
2390	-4.326109	2.445000	20.910000
2391	-4.306109	2.447000	20.850000
2392	-4.266109	2.447000	21.030000
2393	-4.266109	2.451000	20.880000
2394	-4.236109	2.451000	20.920000
2395	-4.106109	2.453000	20.970000
2396	-3.996109	2.455000	21.170000
2397	-3.886109	2.455000	21.030000
2398	-3.876109	2.457000	21.090000
2399	-3.846109	2.457000	20.930000
2400	-3.756109	2.459000	20.930000
2401	-3.706109	2.459000	20.910000
2402	-3.696109	2.461000	21.010000
2403	-3.586109	2.461000	21.100000
2404	-3.496109	2.463000	21.080000
2405	-3.426109	2.463000	21.050000
2406	-3.406109	2.465000	20.810000
2407	-3.196109	2.465000	20.990000
2408	-3.156109	2.467000	21.060000
2409	-3.136109	2.467000	20.920000
2410	-3.096109	2.469000	21.010000
2411	-3.076109	2.469000	21.020000
2412	-3.056109	2.470000	21.010000
2413	-3.046109	2.470000	21.060000
2414	-3.046109	2.472000	21.020000
2415	-2.986109	2.472000	21.010000
2416	-2.926109	2.474000	21.030000
2417	-2.926109	2.474000	20.750000
2418	-2.906109	2.476000	21.070000
2419	-2.866109	2.476000	21.000000
2420	-2.666109	2.478000	21.100000
2421	-2.586109	2.478000	20.980000
2422	-2.516109	2.480000	20.970000
2423	-2.506109	2.480000	20.900000
2424	-2.306109	2.482000	20.990000
2425	-2.196109	2.482000	21.200000
2426	-2.136109	2.484000	20.960000
2427	-2.026109	2.486000	21.200000
2428	-2.006109	2.486000	21.210000
2429	-1.856109	2.488000	21.090000
2430	-1.746109	2.488000	21.110000
2431	-1.746109	2.490000	21.120000
2432	-1.716109	2.490000	21.140000
2433	-1.716109	2.492000	21.050000
2434	-1.626109	2.492000	21.020000
2435	-1.626109	2.494000	21.090000
2436	-1.626109	2.494000	21.000000
2437	-1.536109	2.496000	21.110000
2438	-1.476109	2.498000	21.190000
2439	-1.476109	2.498000	21.280000
2440	-1.426109	2.500000	21.230000
2441	-1.416109	2.500000	21.130000
2442	-1.386109	2.502000	21.280000
2443	-1.356109	2.502000	21.220000
2444	-1.236109	2.504000	21.120000
2445	-1.156109	2.504000	21.100000
2446	-0.976109	2.506000	21.150000
2447	-0.856109	2.506000	21.340000
2448	-0.826109	2.508000	21.140000
2449	-0.796109	2.508000	21.280000
2450	-0.796109	2.510000	21.190000
2451	-0.796109	2.510000	21.110000
2452	-0.676109	2.512000	21.100000
2453	-0.446109	2.512000	21.330000
2454	-0.326109	2.513000	21.300000
2455	-0.266109	2.513000	21.260000
2456	-0.246109	2.517000	21.190000
2457	-0.246109	2.515000	21.180000
2458	-0.206109	2.517000	21.240000
2459	-0.206109	2.517000	21.090000
2460	0.033891	2.519000	21.280000
2461	0.143891	2.519000	21.140000
2462	0.293891	2.521000	21.260000
2463	0.473891	2.521000	21.260000
2464	0.533891	2.523000	21.250000
2465	0.623891	2.523000	21.330000
2466	0.653891	2.525000	21.320000
2467	0.743891	2.525000	21.410000
2468	0.883891	2.527000	21.190000
2469	0.913891	2.529000	21.220000
2470	0.913891	2.529000	21.280000
2471	0.973891	2.531000	21.360000
2472	1.093891	2.531000	21.200000
2473	1.123891	2.535000	21.430000
2474	1.153891	2.535000	21.270000
2475	1.153891	2.537000	21.360000
2476	1.153891	2.537000	21.270000
2477	1.183891	2.539000	21.460000
2478	1.303891	2.541000	21.270000
2479	1.333891	2.541000	21.250000
2480	1.423891	2.543000	21.280000
2481	1.453891	2.543000	21.280000
2482	1.483891	2.543000	21.250000
2483	1.513891	2.545000	21.390000
2484	1.513891	2.547000	21.400000
2485	1.533891	2.547000	21.370000
2486	1.723891	2.547000	21.280000
2487	1.743891	2.549000	21.310000
2488	1.803891	2.551000	21.210000
2489	1.863891	2.551000	21.280000
2490	2.043891	2.551000	21.420000
2491	2.403891	2.553000	21.450000
2492	2.513891	2.553000	21.340000
2493	2.733891	2.553000	21.490000
2494	2.743891	2.556000	21.360000
2495	2.813891	2.556000	21.450000
2496	2.833891	2.558000	21.350000
2497	2.923891	2.560000	21.440000
2498	2.993891	2.560000	21.240000
2499	3.073891	2.562000	21.390000
2500	3.103891	2.562000	21.370000
2501	3.263891	2.564000	21.270000
2502	3.353891	2.564000	21.380000
2503	3.433891	2.566000	21.460000
2504	3.583891	2.566000	21.480000
2505	4.763891	2.566000	21.390000
