1	-185.780947	0.000000	9.440000
2	-185.430947	0.001000	10.140000
3	-185.390947	0.000000	9.790000
4	-185.050947	0.001000	10.030000
5	-184.790947	0.001000	9.500000
6	-184.690947	0.003000	9.660000
7	-184.640947	0.003000	9.560000
8	-184.590947	0.005000	9.500000
9	-184.480947	0.007000	9.580000
10	-184.470947	0.007000	9.580000
11	-184.330947	0.009000	9.520000
12	-184.180947	0.009000	9.810000
13	-184.120947	0.011000	9.750000
14	-184.120947	0.011000	9.530000
15	-184.040947	0.013000	9.880000
16	-183.950947	0.015000	9.800000
17	-183.900947	0.015000	10.140000
18	-183.830947	0.017000	9.520000
19	-183.710947	0.017000	10.320000
20	-183.400947	0.017000	9.940000
21	-183.360947	0.019000	10.070000
22	-183.320947	0.019000	9.780000
23	-183.250947	0.021000	9.770000
24	-183.150947	0.021000	10.160000
25	-183.140947	0.023000	9.900000
26	-183.100947	0.025000	9.810000
27	-183.080947	0.025000	9.810000
28	-183.050947	0.025000	9.620000
29	-183.040947	0.027000	9.820000
30	-182.990947	0.027000	10.000000
31	-182.970947	0.029000	9.640000
32	-182.960947	0.031000	9.750000
33	-182.950947	0.031000	10.060000
34	-182.850947	0.031000	9.940000
35	-182.850947	0.033000	9.880000
36	-182.660947	0.033000	9.980000
37	-182.620947	0.035000	10.240000
38	-182.500947	0.035000	10.240000
39	-182.440947	0.037000	9.720000
40	-182.420947	0.039000	9.770000
41	-182.330947	0.039000	9.770000
42	-182.250947	0.041000	9.660000
43	-182.180947	0.041000	9.680000
44	-182.050947	0.043000	9.370000
45	-181.670947	0.043000	9.870000
46	-181.640947	0.044000	9.970000
47	-181.610947	0.046000	9.850000
48	-181.420947	0.046000	9.980000
49	-181.360947	0.048000	9.880000
50	-181.360947	0.048000	9.630000
51	-181.350947	0.050000	9.780000
52	-181.170947	0.050000	9.720000
53	-181.130947	0.050000	9.750000
54	-180.980947	0.052000	9.770000
55	-180.960947	0.052000	9.620000
56	-180.900947	0.052000	9.870000
57	-180.840947	0.056000	9.800000
58	-180.780947	0.056000	9.910000
59	-180.750947	0.056000	9.770000
60	-180.670947	0.058000	9.780000
61	-180.560947	0.058000	9.850000
62	-180.550947	0.060000	9.810000
63	-180.540947	0.060000	9.860000
64	-180.510947	0.062000	9.730000
65	-180.470947	0.064000	9.900000
66	-180.380947	0.066000	9.670000
67	-180.320947	0.066000	10.160000
68	-180.310947	0.068000	9.990000
69	-180.240947	0.070000	9.730000
70	-179.920947	0.070000	10.010000
71	-179.860947	0.070000	9.980000
72	-179.810947	0.072000	9.920000
73	-179.620947	0.074000	9.810000
74	-179.500947	0.074000	9.940000
75	-179.490947	0.076000	10.020000
76	-179.460947	0.078000	9.950000
77	-179.140947	0.078000	9.860000
78	-179.120947	0.080000	9.860000
79	-178.790947	0.080000	9.960000
80	-178.740947	0.080000	9.760000
81	-178.720947	0.082000	9.860000
82	-178.630947	0.082000	10.000000
83	-178.590947	0.084000	9.920000
84	-178.580947	0.085000	10.110000
85	-178.580947	0.084000	10.030000
86	-178.520947	0.085000	9.910000
87	-178.500947	0.087000	10.020000
88	-178.320947	0.089000	9.890000
89	-178.220947	0.089000	10.030000
90	-178.090947	0.089000	10.160000
91	-177.970947	0.091000	10.260000
92	-177.880947	0.093000	10.120000
93	-177.800947	0.093000	10.030000
94	-177.780947	0.095000	10.300000
95	-177.720947	0.097000	10.420000
96	-177.680947	0.097000	10.100000
97	-177.670947	0.097000	9.850000
98	-177.410947	0.099000	10.130000
99	-177.290947	0.101000	10.460000
100	-177.140947	0.101000	10.050000
101	-177.070947	0.101000	10.160000
102	-176.990947	0.103000	10.100000
103	-176.860947	0.105000	9.920000
104	-176.830947	0.105000	10.060000
105	-176.800947	0.105000	10.340000
106	-176.690947	0.107000	10.360000
107	-176.580947	0.109000	10.340000
108	-176.570947	0.109000	10.290000
109	-176.540947	0.111000	10.340000
110	-176.490947	0.111000	10.350000
111	-176.460947	0.111000	10.510000
112	-176.390947	0.113000	10.270000
113	-176.380947	0.113000	10.180000
114	-176.380947	0.117000	10.320000
115	-176.270947	0.115000	10.480000
116	-176.250947	0.117000	10.280000
117	-176.230947	0.119000	10.270000
118	-176.190947	0.121000	10.340000
119	-176.140947	0.121000	10.390000
120	-176.060947	0.121000	10.180000
121	-175.940947	0.123000	10.150000
122	-175.930947	0.126000	10.250000
123	-175.840947	0.125000	10.320000
124	-175.780947	0.126000	10.350000
125	-175.540947	0.126000	10.620000
126	-175.370947	0.128000	10.160000
127	-175.350947	0.128000	10.270000
128	-175.330947	0.130000	10.310000
129	-175.140947	0.132000	10.340000
130	-175.110947	0.132000	10.340000
131	-175.030947	0.132000	10.390000
132	-175.030947	0.134000	10.040000
133	-174.990947	0.134000	10.590000
134	-174.960947	0.136000	10.310000
135	-174.910947	0.136000	10.370000
136	-174.790947	0.138000	10.260000
137	-174.760947	0.140000	10.520000
138	-174.620947	0.140000	10.350000
139	-174.550947	0.142000	10.130000
140	-174.490947	0.142000	10.340000
141	-174.490947	0.142000	10.210000
142	-174.330947	0.144000	10.340000
143	-174.160947	0.146000	10.330000
144	-174.150947	0.148000	10.600000
145	-173.910947	0.150000	10.480000
146	-173.810947	0.150000	10.340000
147	-173.760947	0.150000	10.340000
148	-173.740947	0.152000	10.430000
149	-173.720947	0.152000	10.330000
150	-173.620947	0.154000	10.340000
151	-173.590947	0.156000	10.490000
152	-173.350947	0.156000	10.520000
153	-173.310947	0.158000	10.520000
154	-173.270947	0.158000	10.510000
155	-173.130947	0.160000	10.610000
156	-173.130947	0.160000	10.250000
157	-173.110947	0.160000	10.410000
158	-173.080947	0.162000	10.220000
159	-172.770947	0.164000	10.480000
160	-172.760947	0.164000	10.280000
161	-172.590947	0.166000	10.500000
162	-172.520947	0.166000	10.440000
163	-172.490947	0.167000	10.500000
164	-172.340947	0.167000	10.460000
165	-172.320947	0.167000	10.660000
166	-172.230947	0.169000	10.320000
167	-172.110947	0.171000	10.310000
168	-172.090947	0.171000	10.670000
169	-172.080947	0.173000	10.390000
170	-172.070947	0.173000	10.580000
171	-172.040947	0.173000	10.430000
172	-171.940947	0.175000	10.910000
173	-171.910947	0.177000	10.540000
174	-171.780947	0.177000	10.300000
175	-171.730947	0.177000	10.650000
176	-171.650947	0.179000	10.780000
177	-171.570947	0.181000	10.520000
178	-171.570947	0.181000	10.390000
179	-171.370947	0.181000	10.300000
180	-171.330947	0.183000	10.680000
181	-171.280947	0.183000	10.690000
182	-171.170947	0.185000	10.710000
183	-171.050947	0.187000	10.550000
184	-170.920947	0.187000	10.720000
185	-170.890947	0.189000	10.830000
186	-170.880947	0.189000	10.800000
187	-170.760947	0.191000	11.220000
188	-170.690947	0.191000	10.610000
189	-170.650947	0.193000	10.590000
190	-170.640947	0.195000	10.470000
191	-170.620947	0.195000	10.440000
192	-170.610947	0.197000	10.540000
193	-170.480947	0.197000	10.560000
194	-170.460947	0.197000	10.710000
195	-170.250947	0.199000	10.630000
196	-170.090947	0.201000	10.880000
197	-170.070947	0.201000	10.710000
198	-170.050947	0.203000	10.980000
199	-170.000947	0.203000	10.660000
200	-169.860947	0.205000	10.720000
201	-169.820947	0.205000	10.620000
202	-169.640947	0.205000	10.790000
203	-169.610947	0.207000	10.740000
204	-169.600947	0.207000	10.640000
205	-169.580947	0.209000	10.600000
206	-169.470947	0.210000	10.710000
207	-169.330947	0.209000	10.550000
208	-169.320947	0.212000	10.540000
209	-169.290947	0.212000	10.760000
210	-169.280947	0.212000	10.790000
211	-169.160947	0.214000	10.680000
212	-169.140947	0.214000	10.690000
213	-169.030947	0.216000	10.650000
214	-168.920947	0.218000	10.830000
215	-168.890947	0.220000	10.770000
216	-168.370947	0.218000	10.890000
217	-167.650947	0.220000	10.700000
218	-167.560947	0.220000	10.950000
219	-167.450947	0.222000	10.830000
220	-167.450947	0.222000	10.760000
221	-167.440947	0.224000	10.730000
222	-167.320947	0.226000	10.780000
223	-167.280947	0.226000	10.720000
224	-167.270947	0.228000	10.970000
225	-167.240947	0.228000	10.940000
226	-166.970947	0.228000	10.820000
227	-166.900947	0.232000	10.890000
228	-166.870947	0.236000	10.800000
229	-166.850947	0.234000	10.750000
230	-166.790947	0.236000	10.990000
231	-166.750947	0.236000	10.960000
232	-166.650947	0.236000	10.830000
233	-166.580947	0.238000	11.230000
234	-166.550947	0.238000	11.100000
235	-166.510947	0.240000	10.820000
236	-166.400947	0.240000	10.740000
237	-166.210947	0.244000	11.020000
238	-166.180947	0.244000	10.740000
239	-166.140947	0.246000	11.010000
240	-166.140947	0.246000	11.080000
241	-166.140947	0.246000	10.720000
242	-166.100947	0.248000	10.930000
243	-166.040947	0.250000	10.930000
244	-165.960947	0.250000	10.710000
245	-165.900947	0.251000	10.990000
246	-165.690947	0.251000	11.060000
247	-165.660947	0.253000	11.030000
248	-165.610947	0.253000	10.950000
249	-165.560947	0.253000	10.780000
250	-165.550947	0.255000	11.080000
251	-165.530947	0.257000	11.060000
252	-165.520947	0.257000	10.880000
253	-165.510947	0.257000	10.650000
254	-165.340947	0.259000	10.940000
255	-165.180947	0.261000	10.880000
256	-165.080947	0.261000	11.090000
257	-165.010947	0.263000	11.360000
258	-164.990947	0.263000	10.630000
259	-164.970947	0.263000	11.050000
260	-164.870947	0.267000	11.030000
261	-164.830947	0.267000	11.250000
262	-164.830947	0.267000	11.010000
263	-164.770947	0.267000	10.900000
264	-164.640947	0.269000	11.390000
265	-164.630947	0.269000	10.850000
266	-164.630947	0.271000	11.060000
267	-164.600947	0.273000	10.990000
268	-164.600947	0.273000	11.160000
269	-164.580947	0.275000	11.250000
270	-164.560947	0.275000	11.070000
271	-164.500947	0.277000	11.350000
272	-164.490947	0.277000	10.900000
273	-164.360947	0.277000	11.560000
274	-164.160947	0.279000	11.340000
275	-164.120947	0.281000	11.360000
276	-164.090947	0.283000	11.100000
277	-163.890947	0.283000	11.470000
278	-163.700947	0.283000	11.380000
279	-163.490947	0.285000	11.320000
280	-163.470947	0.285000	11.400000
281	-163.460947	0.285000	10.970000
282	-163.300947	0.287000	11.380000
283	-163.270947	0.289000	11.290000
284	-163.250947	0.287000	11.180000
285	-163.170947	0.289000	10.990000
286	-163.140947	0.291000	11.080000
287	-163.060947	0.293000	11.450000
288	-163.000947	0.293000	11.180000
289	-162.850947	0.294000	11.080000
290	-162.740947	0.296000	11.460000
291	-162.690947	0.296000	11.260000
292	-162.650947	0.298000	11.180000
293	-162.290947	0.298000	11.430000
294	-162.170947	0.298000	11.310000
295	-162.040947	0.300000	11.030000
296	-162.040947	0.300000	11.300000
297	-162.030947	0.302000	11.100000
298	-161.960947	0.304000	11.110000
299	-161.900947	0.302000	11.160000
300	-161.810947	0.304000	11.070000
301	-161.780947	0.306000	11.210000
302	-161.750947	0.308000	11.310000
303	-161.750947	0.308000	11.470000
304	-161.730947	0.308000	11.330000
305	-161.720947	0.310000	11.270000
306	-161.710947	0.312000	11.220000
307	-161.520947	0.314000	11.320000
308	-161.460947	0.316000	11.350000
309	-161.370947	0.316000	11.370000
310	-161.310947	0.318000	11.290000
311	-161.280947	0.320000	11.100000
312	-161.280947	0.320000	11.200000
313	-161.190947	0.322000	11.320000
314	-161.190947	0.322000	10.920000
315	-161.150947	0.322000	11.320000
316	-161.110947	0.324000	11.210000
317	-161.050947	0.324000	11.080000
318	-160.950947	0.326000	11.460000
319	-160.920947	0.328000	11.230000
320	-160.920947	0.330000	11.450000
321	-160.900947	0.330000	11.280000
322	-160.880947	0.330000	11.190000
323	-160.780947	0.332000	11.540000
324	-160.730947	0.332000	11.120000
325	-160.290947	0.334000	11.400000
326	-160.280947	0.335000	11.370000
327	-160.200947	0.335000	11.320000
328	-160.170947	0.337000	11.120000
329	-159.980947	0.337000	11.300000
330	-159.920947	0.339000	11.330000
331	-159.680947	0.339000	11.360000
332	-159.500947	0.341000	11.420000
333	-159.490947	0.343000	11.540000
334	-159.330947	0.343000	11.510000
335	-159.270947	0.345000	11.410000
336	-159.160947	0.345000	11.460000
337	-159.130947	0.347000	11.450000
338	-159.070947	0.347000	11.320000
339	-159.050947	0.347000	11.470000
340	-159.010947	0.349000	11.510000
341	-158.980947	0.351000	11.500000
342	-158.810947	0.351000	11.340000
343	-158.650947	0.353000	11.390000
344	-158.640947	0.353000	11.460000
345	-158.610947	0.353000	11.270000
346	-158.560947	0.355000	11.550000
347	-158.480947	0.357000	11.460000
348	-158.480947	0.357000	11.330000
349	-158.470947	0.359000	11.170000
350	-158.440947	0.359000	11.420000
351	-158.380947	0.361000	11.300000
352	-158.260947	0.361000	11.460000
353	-158.240947	0.361000	11.400000
354	-158.160947	0.363000	11.370000
355	-157.970947	0.365000	11.330000
356	-157.970947	0.365000	11.310000
357	-157.930947	0.365000	11.700000
358	-157.850947	0.367000	11.250000
359	-157.810947	0.369000	11.650000
360	-157.480947	0.369000	11.610000
361	-157.440947	0.369000	11.350000
362	-157.390947	0.371000	11.500000
363	-157.290947	0.371000	11.730000
364	-157.180947	0.373000	11.330000
365	-157.170947	0.375000	11.240000
366	-157.000947	0.376000	11.790000
367	-156.960947	0.376000	11.540000
368	-156.800947	0.376000	11.510000
369	-156.710947	0.378000	11.790000
370	-156.690947	0.378000	11.580000
371	-156.670947	0.378000	11.720000
372	-156.640947	0.380000	11.620000
373	-156.590947	0.382000	11.780000
374	-156.540947	0.382000	11.670000
375	-156.280947	0.384000	11.730000
376	-156.160947	0.384000	12.100000
377	-156.050947	0.384000	11.470000
378	-156.020947	0.388000	11.540000
379	-155.840947	0.388000	11.540000
380	-155.830947	0.390000	11.700000
381	-155.800947	0.390000	11.700000
382	-155.750947	0.392000	11.680000
383	-155.740947	0.392000	11.800000
384	-155.740947	0.392000	11.450000
385	-155.710947	0.394000	11.770000
386	-155.620947	0.396000	11.730000
387	-155.570947	0.396000	11.710000
388	-155.550947	0.400000	11.600000
389	-155.520947	0.400000	11.680000
390	-155.520947	0.402000	11.390000
391	-155.280947	0.402000	11.750000
392	-155.220947	0.402000	11.870000
393	-155.200947	0.404000	11.660000
394	-155.160947	0.406000	11.730000
395	-155.160947	0.406000	11.810000
396	-155.060947	0.406000	11.800000
397	-155.050947	0.408000	11.940000
398	-154.920947	0.408000	11.660000
399	-154.880947	0.410000	11.830000
400	-154.780947	0.410000	11.670000
401	-154.620947	0.412000	11.590000
402	-154.590947	0.414000	11.920000
403	-154.570947	0.414000	11.700000
404	-154.440947	0.414000	11.740000
405	-154.200947	0.416000	11.530000
406	-154.090947	0.417000	11.670000
407	-154.060947	0.417000	11.610000
408	-154.040947	0.417000	11.960000
409	-153.570947	0.419000	12.090000
410	-153.440947	0.423000	11.880000
411	-153.420947	0.421000	11.780000
412	-153.400947	0.423000	11.840000
413	-153.350947	0.423000	11.810000
414	-153.350947	0.423000	11.830000
415	-153.350947	0.425000	11.750000
416	-153.270947	0.425000	11.790000
417	-153.210947	0.427000	11.500000
418	-153.090947	0.429000	11.840000
419	-153.050947	0.429000	11.780000
420	-152.990947	0.431000	11.680000
421	-152.850947	0.431000	11.870000
422	-152.800947	0.433000	11.770000
423	-152.710947	0.433000	11.660000
424	-152.640947	0.433000	11.800000
425	-152.490947	0.435000	11.780000
426	-152.470947	0.437000	11.860000
427	-152.440947	0.437000	11.900000
428	-152.400947	0.439000	11.840000
429	-152.340947	0.439000	11.700000
430	-152.280947	0.441000	11.990000
431	-152.000947	0.441000	11.750000
432	-151.960947	0.441000	11.820000
433	-151.880947	0.443000	11.990000
434	-151.660947	0.443000	11.870000
435	-151.510947	0.443000	11.750000
436	-151.450947	0.443000	11.930000
437	-151.430947	0.447000	12.120000
438	-151.360947	0.449000	11.900000
439	-151.300947	0.449000	11.970000
440	-151.150947	0.449000	11.800000
441	-151.000947	0.451000	11.930000
442	-150.930947	0.455000	11.910000
443	-150.910947	0.453000	11.980000
444	-150.900947	0.455000	11.930000
445	-150.890947	0.455000	11.870000
446	-150.850947	0.455000	11.930000
447	-150.760947	0.457000	11.960000
448	-150.720947	0.457000	12.310000
449	-150.670947	0.459000	11.850000
450	-150.660947	0.460000	11.900000
451	-150.610947	0.460000	11.850000
452	-150.510947	0.462000	11.800000
453	-150.470947	0.462000	11.990000
454	-150.380947	0.464000	11.850000
455	-150.370947	0.464000	11.720000
456	-150.270947	0.464000	12.030000
457	-150.190947	0.466000	11.850000
458	-150.040947	0.468000	12.120000
459	-150.000947	0.468000	11.900000
460	-149.990947	0.470000	12.110000
461	-149.970947	0.470000	12.180000
462	-149.970947	0.472000	12.150000
463	-149.890947	0.472000	11.900000
464	-149.830947	0.472000	11.900000
465	-149.790947	0.474000	11.930000
466	-149.790947	0.476000	11.910000
467	-149.760947	0.476000	11.870000
468	-149.720947	0.476000	11.880000
469	-149.210947	0.478000	12.070000
470	-149.100947	0.480000	12.100000
471	-148.960947	0.482000	12.070000
472	-148.920947	0.484000	12.040000
473	-148.880947	0.486000	12.520000
474	-148.880947	0.486000	11.970000
475	-148.560947	0.486000	12.120000
476	-148.490947	0.486000	12.090000
477	-148.460947	0.488000	12.650000
478	-148.420947	0.488000	12.160000
479	-148.170947	0.490000	12.400000
480	-148.120947	0.490000	12.420000
481	-148.050947	0.490000	12.310000
482	-148.040947	0.492000	12.290000
483	-148.030947	0.496000	12.160000
484	-148.020947	0.496000	12.120000
485	-147.970947	0.496000	12.220000
486	-147.910947	0.498000	12.370000
487	-147.860947	0.500000	12.030000
488	-147.690947	0.500000	12.320000
489	-147.690947	0.501000	12.290000
490	-147.670947	0.501000	12.540000
491	-147.640947	0.501000	12.200000
492	-147.350947	0.503000	12.300000
493	-147.320947	0.505000	12.230000
494	-147.260947	0.505000	12.250000
495	-147.250947	0.507000	12.210000
496	-147.230947	0.507000	12.160000
497	-147.180947	0.509000	12.180000
498	-147.130947	0.509000	12.190000
499	-146.700947	0.509000	12.280000
500	-146.670947	0.511000	12.410000
501	-146.650947	0.511000	12.190000
502	-146.590947	0.513000	12.300000
503	-146.500947	0.515000	12.230000
504	-146.490947	0.517000	12.170000
505	-146.450947	0.517000	12.110000
506	-146.420947	0.517000	12.180000
507	-146.250947	0.517000	12.260000
508	-146.250947	0.519000	12.330000
509	-146.240947	0.519000	12.300000
510	-146.180947	0.521000	12.230000
511	-146.120947	0.521000	12.100000
512	-146.050947	0.521000	12.350000
513	-146.030947	0.525000	12.210000
514	-145.910947	0.525000	12.210000
515	-145.910947	0.525000	12.210000
516	-145.660947	0.527000	12.310000
517	-145.620947	0.527000	12.170000
518	-145.590947	0.529000	12.250000
519	-145.590947	0.529000	12.270000
520	-145.570947	0.533000	12.510000
521	-145.350947	0.533000	12.310000
522	-145.240947	0.533000	12.340000
523	-145.020947	0.535000	12.310000
524	-144.990947	0.535000	12.270000
525	-144.670947	0.537000	12.300000
526	-144.650947	0.539000	12.380000
527	-144.550947	0.539000	12.210000
528	-144.460947	0.541000	12.410000
529	-144.410947	0.541000	12.660000
530	-144.210947	0.541000	12.450000
531	-144.000947	0.543000	12.350000
532	-143.950947	0.543000	12.310000
533	-143.920947	0.544000	12.530000
534	-143.900947	0.544000	12.440000
535	-143.870947	0.546000	12.490000
536	-143.840947	0.548000	12.260000
537	-143.750947	0.548000	12.250000
538	-143.740947	0.548000	12.400000
539	-143.690947	0.550000	12.460000
540	-143.650947	0.550000	12.300000
541	-143.540947	0.552000	12.600000
542	-143.390947	0.552000	12.510000
543	-143.360947	0.556000	12.570000
544	-143.300947	0.556000	12.530000
545	-143.280947	0.556000	12.450000
546	-143.260947	0.558000	12.760000
547	-143.260947	0.558000	12.460000
548	-143.150947	0.560000	12.490000
549	-143.110947	0.562000	12.530000
550	-143.070947	0.562000	12.530000
551	-143.060947	0.564000	12.440000
552	-142.920947	0.566000	12.610000
553	-142.910947	0.568000	12.640000
554	-142.860947	0.568000	12.420000
555	-142.750947	0.570000	12.580000
556	-142.400947	0.570000	12.780000
557	-142.390947	0.570000	12.590000
558	-142.300947	0.572000	12.420000
559	-142.190947	0.574000	12.540000
560	-141.990947	0.574000	12.810000
561	-141.980947	0.574000	12.530000
562	-141.850947	0.576000	12.570000
563	-141.790947	0.580000	12.600000
564	-141.690947	0.580000	12.800000
565	-141.640947	0.580000	12.740000
566	-141.580947	0.580000	12.790000
567	-141.570947	0.582000	12.530000
568	-141.550947	0.582000	12.630000
569	-141.350947	0.584000	12.550000
570	-141.290947	0.585000	12.680000
571	-141.170947	0.585000	12.510000
572	-141.100947	0.585000	12.330000
573	-141.040947	0.587000	12.750000
574	-140.970947	0.589000	12.560000
575	-140.850947	0.589000	12.560000
576	-140.740947	0.589000	12.600000
577	-140.740947	0.591000	12.650000
578	-140.700947	0.593000	12.700000
579	-140.670947	0.593000	12.670000
580	-140.570947	0.595000	12.550000
581	-140.430947	0.595000	12.640000
582	-140.220947	0.597000	12.790000
583	-140.190947	0.597000	12.730000
584	-140.180947	0.597000	12.690000
585	-140.050947	0.599000	12.680000
586	-140.040947	0.601000	12.760000
587	-140.020947	0.601000	12.780000
588	-139.990947	0.601000	12.620000
589	-139.860947	0.603000	12.750000
590	-139.810947	0.605000	13.080000
591	-139.770947	0.605000	12.650000
592	-139.770947	0.605000	12.680000
593	-139.710947	0.607000	12.790000
594	-139.600947	0.611000	12.710000
595	-139.580947	0.611000	12.730000
596	-139.550947	0.611000	12.730000
597	-139.480947	0.611000	12.590000
598	-139.450947	0.613000	12.530000
599	-139.340947	0.613000	12.990000
600	-139.320947	0.615000	12.830000
601	-139.260947	0.617000	12.590000
602	-139.260947	0.615000	12.660000
603	-139.060947	0.617000	12.750000
604	-138.900947	0.619000	12.570000
605	-138.690947	0.621000	12.770000
606	-138.690947	0.621000	12.610000
607	-138.550947	0.621000	12.920000
608	-138.500947	0.623000	12.600000
609	-138.420947	0.625000	12.530000
610	-138.340947	0.625000	12.750000
611	-138.320947	0.625000	12.890000
612	-138.270947	0.626000	12.650000
613	-138.260947	0.626000	12.740000
614	-138.250947	0.628000	12.890000
615	-138.220947	0.628000	12.880000
616	-138.180947	0.630000	12.950000
617	-138.180947	0.632000	12.820000
618	-138.100947	0.632000	12.780000
619	-138.070947	0.632000	12.750000
620	-137.990947	0.634000	12.780000
621	-137.810947	0.636000	12.790000
622	-137.690947	0.636000	12.970000
623	-137.610947	0.636000	12.850000
624	-137.560947	0.638000	12.690000
625	-137.460947	0.642000	12.780000
626	-137.380947	0.640000	12.710000
627	-137.340947	0.642000	12.930000
628	-137.220947	0.642000	12.690000
629	-137.210947	0.642000	12.930000
630	-137.170947	0.644000	12.980000
631	-137.090947	0.644000	13.080000
632	-137.050947	0.646000	12.950000
633	-136.990947	0.650000	12.970000
634	-136.950947	0.650000	12.810000
635	-136.870947	0.652000	13.110000
636	-136.560947	0.652000	12.880000
637	-136.350947	0.652000	12.850000
638	-136.320947	0.654000	12.970000
639	-136.010947	0.656000	13.020000
640	-135.980947	0.656000	13.010000
641	-135.920947	0.658000	12.690000
642	-135.890947	0.658000	12.940000
643	-135.820947	0.658000	13.070000
644	-135.660947	0.660000	13.330000
645	-135.630947	0.660000	13.000000
646	-135.600947	0.662000	13.150000
647	-135.590947	0.664000	13.100000
648	-135.570947	0.664000	12.970000
649	-135.470947	0.666000	13.090000
650	-135.430947	0.666000	13.130000
651	-135.350947	0.666000	13.150000
652	-135.050947	0.667000	12.970000
653	-134.930947	0.667000	13.060000
654	-134.930947	0.669000	13.030000
655	-134.890947	0.671000	13.100000
656	-134.870947	0.673000	13.080000
657	-134.850947	0.673000	12.910000
658	-134.660947	0.673000	13.150000
659	-134.650947	0.675000	13.010000
660	-134.540947	0.675000	13.230000
661	-134.530947	0.677000	13.230000
662	-134.530947	0.679000	13.070000
663	-134.510947	0.679000	13.040000
664	-134.400947	0.681000	13.170000
665	-134.350947	0.681000	12.890000
666	-134.290947	0.683000	13.100000
667	-134.100947	0.683000	12.920000
668	-134.040947	0.683000	13.190000
669	-134.010947	0.685000	13.390000
670	-133.960947	0.687000	13.180000
671	-133.820947	0.687000	13.200000
672	-133.770947	0.689000	13.120000
673	-133.740947	0.689000	13.370000
674	-133.630947	0.689000	13.110000
675	-133.580947	0.691000	13.090000
676	-133.580947	0.691000	13.170000
677	-133.570947	0.693000	13.240000
678	-133.550947	0.695000	13.030000
679	-133.510947	0.695000	13.390000
680	-133.470947	0.697000	13.210000
681	-133.400947	0.697000	13.040000
682	-133.390947	0.697000	13.110000
683	-133.320947	0.699000	13.260000
684	-133.230947	0.699000	13.250000
685	-133.180947	0.701000	13.250000
686	-133.160947	0.703000	13.130000
687	-133.100947	0.705000	13.040000
688	-132.910947	0.705000	13.070000
689	-132.890947	0.705000	13.130000
690	-132.560947	0.705000	13.390000
691	-132.510947	0.707000	13.150000
692	-132.500947	0.707000	13.320000
693	-132.380947	0.709000	13.390000
694	-132.380947	0.709000	13.230000
695	-132.370947	0.709000	13.200000
696	-132.330947	0.712000	13.290000
697	-132.160947	0.712000	13.240000
698	-132.030947	0.712000	13.330000
699	-132.030947	0.714000	13.220000
700	-131.990947	0.714000	13.240000
701	-131.890947	0.716000	13.420000
702	-131.620947	0.716000	13.320000
703	-131.610947	0.720000	13.230000
704	-131.540947	0.718000	13.220000
705	-131.480947	0.720000	13.330000
706	-131.350947	0.720000	13.320000
707	-131.340947	0.722000	13.250000
708	-131.240947	0.722000	13.260000
709	-131.230947	0.724000	13.250000
710	-131.180947	0.726000	13.370000
711	-131.150947	0.726000	13.270000
712	-130.980947	0.728000	13.150000
713	-130.840947	0.728000	13.230000
714	-130.560947	0.728000	13.450000
715	-130.480947	0.732000	13.470000
716	-130.270947	0.732000	13.380000
717	-130.040947	0.736000	13.550000
718	-129.980947	0.736000	13.310000
719	-129.930947	0.736000	13.210000
720	-129.850947	0.738000	13.280000
721	-129.790947	0.738000	13.320000
722	-129.650947	0.740000	13.440000
723	-129.640947	0.742000	13.350000
724	-129.590947	0.742000	13.300000
725	-129.490947	0.742000	13.390000
726	-129.440947	0.744000	13.710000
727	-129.430947	0.746000	13.320000
728	-129.410947	0.746000	13.440000
729	-129.400947	0.746000	13.420000
730	-129.260947	0.748000	13.610000
731	-129.240947	0.750000	13.230000
732	-129.230947	0.750000	13.380000
733	-129.200947	0.751000	13.690000
734	-129.150947	0.751000	13.300000
735	-129.150947	0.751000	13.420000
736	-129.130947	0.753000	13.520000
737	-129.070947	0.753000	13.350000
738	-129.020947	0.755000	13.510000
739	-129.000947	0.757000	13.500000
740	-128.920947	0.757000	13.510000
741	-128.770947	0.757000	13.570000
742	-128.760947	0.759000	13.430000
743	-128.630947	0.761000	13.500000
744	-128.610947	0.761000	13.500000
745	-128.570947	0.761000	13.430000
746	-128.480947	0.763000	13.600000
747	-128.250947	0.765000	13.670000
748	-128.230947	0.767000	13.600000
749	-128.200947	0.767000	13.540000
750	-128.200947	0.767000	13.490000
751	-128.140947	0.769000	13.710000
752	-128.090947	0.769000	13.640000
753	-128.010947	0.771000	13.660000
754	-127.970947	0.773000	13.530000
755	-127.920947	0.771000	13.470000
756	-127.850947	0.775000	13.570000
757	-127.650947	0.777000	13.480000
758	-127.570947	0.777000	13.420000
759	-127.320947	0.777000	13.460000
760	-127.260947	0.779000	13.720000
761	-127.190947	0.781000	13.600000
762	-127.170947	0.781000	13.510000
763	-127.160947	0.783000	13.450000
764	-127.100947	0.783000	13.440000
765	-127.070947	0.783000	13.520000
766	-127.030947	0.785000	13.770000
767	-126.860947	0.785000	13.700000
768	-126.860947	0.787000	13.730000
769	-126.650947	0.789000	14.130000
770	-126.560947	0.789000	13.760000
771	-126.550947	0.789000	13.610000
772	-126.440947	0.791000	13.610000
773	-126.390947	0.793000	13.750000
774	-126.160947	0.793000	13.760000
775	-126.120947	0.793000	13.820000
776	-126.100947	0.794000	13.610000
777	-126.090947	0.796000	13.810000
778	-126.000947	0.798000	13.670000
779	-125.930947	0.798000	13.850000
780	-125.820947	0.798000	13.780000
781	-125.810947	0.798000	13.680000
782	-125.790947	0.800000	13.930000
783	-125.770947	0.800000	14.040000
784	-125.750947	0.802000	14.050000
785	-125.710947	0.804000	13.780000
786	-125.460947	0.802000	13.790000
787	-125.450947	0.804000	13.830000
788	-125.430947	0.806000	13.710000
789	-125.360947	0.808000	13.810000
790	-125.310947	0.808000	13.740000
791	-125.180947	0.808000	13.810000
792	-125.140947	0.810000	13.920000
793	-125.100947	0.812000	13.730000
794	-125.050947	0.812000	13.800000
795	-124.950947	0.814000	13.760000
796	-124.910947	0.816000	13.820000
797	-124.840947	0.816000	13.880000
798	-124.700947	0.818000	13.790000
799	-124.690947	0.818000	14.070000
800	-124.600947	0.822000	14.020000
801	-124.410947	0.822000	13.900000
802	-124.370947	0.822000	13.840000
803	-124.230947	0.824000	13.800000
804	-124.180947	0.824000	13.890000
805	-124.150947	0.826000	14.010000
806	-124.150947	0.828000	14.110000
807	-124.100947	0.828000	13.930000
808	-124.010947	0.828000	13.740000
809	-123.910947	0.830000	14.160000
810	-123.800947	0.830000	13.910000
811	-123.620947	0.832000	13.980000
812	-123.320947	0.832000	13.890000
813	-123.300947	0.834000	14.010000
814	-123.290947	0.835000	13.900000
815	-123.190947	0.835000	14.020000
816	-123.190947	0.837000	13.850000
817	-123.190947	0.837000	13.940000
818	-123.190947	0.837000	14.060000
819	-123.180947	0.839000	14.020000
820	-123.160947	0.839000	13.950000
821	-123.120947	0.841000	13.950000
822	-123.040947	0.843000	13.890000
823	-122.930947	0.843000	14.110000
824	-122.900947	0.845000	13.900000
825	-122.610947	0.845000	14.150000
826	-122.550947	0.847000	13.840000
827	-122.460947	0.847000	13.940000
828	-122.220947	0.847000	14.040000
829	-122.190947	0.849000	14.020000
830	-122.070947	0.849000	13.890000
831	-121.980947	0.851000	13.990000
832	-121.800947	0.853000	14.000000
833	-121.680947	0.853000	13.990000
834	-121.660947	0.853000	14.070000
835	-121.640947	0.855000	13.940000
836	-121.630947	0.855000	14.000000
837	-121.550947	0.857000	14.030000
838	-121.550947	0.857000	14.390000
839	-121.480947	0.859000	14.050000
840	-121.420947	0.861000	14.000000
841	-121.360947	0.861000	14.070000
842	-121.190947	0.861000	14.050000
843	-121.120947	0.863000	13.930000
844	-121.040947	0.863000	14.110000
845	-121.010947	0.865000	13.950000
846	-120.960947	0.865000	13.910000
847	-120.940947	0.865000	14.040000
848	-120.910947	0.869000	14.190000
849	-120.600947	0.869000	14.080000
850	-120.580947	0.871000	14.040000
851	-120.450947	0.871000	13.990000
852	-120.430947	0.871000	14.320000
853	-120.430947	0.873000	14.180000
854	-120.410947	0.875000	14.140000
855	-120.370947	0.875000	14.090000
856	-120.300947	0.876000	14.060000
857	-120.210947	0.876000	14.080000
858	-120.100947	0.876000	14.070000
859	-120.090947	0.878000	13.980000
860	-120.060947	0.878000	14.140000
861	-120.050947	0.880000	14.080000
862	-119.870947	0.882000	14.100000
863	-119.740947	0.882000	14.230000
864	-119.600947	0.884000	14.200000
865	-119.570947	0.884000	14.250000
866	-119.560947	0.884000	14.210000
867	-119.350947	0.886000	14.070000
868	-119.340947	0.886000	14.300000
869	-119.320947	0.888000	14.170000
870	-119.290947	0.890000	14.230000
871	-119.230947	0.890000	14.160000
872	-119.220947	0.892000	14.060000
873	-119.090947	0.892000	14.160000
874	-119.060947	0.892000	14.290000
875	-119.000947	0.894000	14.250000
876	-118.890947	0.898000	14.370000
877	-118.880947	0.898000	14.430000
878	-118.760947	0.898000	14.240000
879	-118.550947	0.900000	14.240000
880	-118.490947	0.902000	14.090000
881	-118.400947	0.902000	14.270000
882	-118.350947	0.902000	14.250000
883	-118.280947	0.904000	14.200000
884	-118.260947	0.906000	14.280000
885	-117.990947	0.906000	14.170000
886	-117.960947	0.908000	14.080000
887	-117.630947	0.908000	14.400000
888	-117.540947	0.908000	14.310000
889	-117.470947	0.910000	14.440000
890	-117.440947	0.910000	14.320000
891	-117.410947	0.912000	14.310000
892	-117.310947	0.914000	14.500000
893	-117.280947	0.912000	14.220000
894	-117.220947	0.914000	14.240000
895	-117.150947	0.916000	14.370000
896	-116.990947	0.917000	14.240000
897	-116.960947	0.917000	14.530000
898	-116.930947	0.917000	14.360000
899	-116.870947	0.919000	14.310000
900	-116.560947	0.923000	14.290000
901	-116.530947	0.923000	14.490000
902	-116.480947	0.923000	14.600000
903	-116.470947	0.923000	14.290000
904	-116.370947	0.923000	14.310000
905	-116.360947	0.925000	14.370000
906	-116.220947	0.925000	14.380000
907	-116.160947	0.927000	14.340000
908	-116.120947	0.927000	14.640000
909	-116.090947	0.927000	14.560000
910	-116.080947	0.927000	14.640000
911	-115.960947	0.931000	14.540000
912	-115.920947	0.931000	14.460000
913	-115.770947	0.933000	14.600000
914	-115.710947	0.933000	14.650000
915	-115.610947	0.935000	14.590000
916	-115.500947	0.937000	14.550000
917	-115.460947	0.937000	14.440000
918	-115.300947	0.939000	14.640000
919	-115.230947	0.939000	14.560000
920	-115.130947	0.939000	14.400000
921	-115.060947	0.941000	14.480000
922	-115.010947	0.941000	14.520000
923	-114.980947	0.943000	14.460000
924	-114.950947	0.943000	14.440000
925	-114.850947	0.945000	14.660000
926	-114.710947	0.945000	14.570000
927	-114.620947	0.947000	14.490000
928	-114.560947	0.949000	14.550000
929	-114.550947	0.949000	14.480000
930	-114.490947	0.949000	14.420000
931	-114.330947	0.951000	14.410000
932	-114.290947	0.955000	14.660000
933	-114.230947	0.953000	14.560000
934	-113.980947	0.953000	14.670000
935	-113.910947	0.955000	14.590000
936	-113.890947	0.955000	14.570000
937	-113.870947	0.957000	14.490000
938	-113.620947	0.957000	14.570000
939	-113.530947	0.959000	14.690000
940	-113.510947	0.960000	14.620000
941	-113.480947	0.960000	14.600000
942	-113.420947	0.962000	14.590000
943	-113.420947	0.962000	14.580000
944	-113.250947	0.964000	14.650000
945	-113.240947	0.964000	14.590000
946	-113.210947	0.964000	14.570000
947	-113.090947	0.966000	14.560000
948	-113.010947	0.968000	14.530000
949	-112.980947	0.968000	14.530000
950	-112.980947	0.970000	14.510000
951	-112.930947	0.970000	14.590000
952	-112.890947	0.972000	14.520000
953	-112.630947	0.972000	14.790000
954	-112.600947	0.972000	14.670000
955	-112.540947	0.974000	14.600000
956	-112.520947	0.974000	14.750000
957	-112.460947	0.976000	14.540000
958	-112.370947	0.976000	14.670000
959	-112.290947	0.978000	14.740000
960	-112.230947	0.980000	14.660000
961	-112.220947	0.982000	14.530000
962	-112.100947	0.984000	14.880000
963	-112.080947	0.984000	14.810000
964	-112.080947	0.986000	14.490000
965	-112.020947	0.986000	14.770000
966	-111.870947	0.986000	14.870000
967	-111.860947	0.988000	14.590000
968	-111.760947	0.988000	14.630000
969	-111.440947	0.990000	14.820000
970	-111.110947	0.992000	14.770000
971	-111.050947	0.992000	14.590000
972	-111.030947	0.994000	14.870000
973	-111.020947	0.994000	14.580000
974	-110.950947	0.994000	14.550000
975	-110.930947	0.996000	14.870000
976	-110.920947	0.996000	14.730000
977	-110.800947	0.998000	14.560000
978	-110.800947	1.000000	14.900000
979	-110.800947	1.000000	14.940000
980	-110.790947	1.001000	14.640000
981	-110.790947	1.001000	14.740000
982	-110.770947	1.001000	14.830000
983	-110.730947	1.003000	14.890000
984	-110.570947	1.003000	14.740000
985	-110.440947	1.005000	14.770000
986	-110.440947	1.005000	14.840000
987	-110.400947	1.007000	14.690000
988	-110.380947	1.009000	14.890000
989	-110.370947	1.009000	14.930000
990	-110.360947	1.009000	14.590000
991	-110.310947	1.011000	14.840000
992	-110.270947	1.011000	14.800000
993	-110.250947	1.013000	14.780000
994	-109.920947	1.015000	14.770000
995	-109.890947	1.015000	14.910000
996	-109.760947	1.017000	14.560000
997	-109.500947	1.017000	14.750000
998	-109.370947	1.019000	14.710000
999	-109.300947	1.019000	14.550000
1000	-109.240947	1.021000	14.760000
1001	-108.850947	1.023000	14.960000
1002	-108.690947	1.023000	15.080000
1003	-108.500947	1.025000	15.070000
1004	-108.460947	1.025000	14.750000
1005	-108.430947	1.025000	14.890000
1006	-108.420947	1.027000	14.990000
1007	-108.370947	1.027000	15.020000
1008	-108.370947	1.029000	14.920000
1009	-108.270947	1.031000	14.970000
1010	-108.240947	1.031000	14.950000
1011	-108.140947	1.033000	14.900000
1012	-108.080947	1.033000	15.110000
1013	-108.030947	1.033000	14.950000
1014	-107.990947	1.035000	15.130000
1015	-107.950947	1.035000	14.890000
1016	-107.900947	1.037000	14.990000
1017	-107.850947	1.037000	15.000000
1018	-107.820947	1.039000	15.120000
1019	-107.790947	1.041000	14.940000
1020	-107.750947	1.041000	14.960000
1021	-107.690947	1.041000	15.040000
1022	-107.660947	1.043000	15.030000
1023	-107.620947	1.043000	14.870000
1024	-107.590947	1.044000	14.960000
1025	-107.590947	1.044000	14.820000
1026	-107.560947	1.048000	14.940000
1027	-107.520947	1.048000	15.360000
1028	-107.470947	1.048000	15.230000
1029	-107.460947	1.050000	14.860000
1030	-107.270947	1.050000	15.180000
1031	-107.200947	1.052000	14.980000
1032	-107.170947	1.052000	15.180000
1033	-107.010947	1.052000	15.130000
1034	-106.850947	1.054000	15.030000
1035	-106.780947	1.056000	15.440000
1036	-106.780947	1.056000	14.920000
1037	-106.660947	1.058000	15.140000
1038	-106.660947	1.058000	15.010000
1039	-106.590947	1.060000	15.080000
1040	-106.530947	1.062000	15.470000
1041	-106.520947	1.062000	15.120000
1042	-106.460947	1.064000	15.120000
1043	-106.460947	1.066000	15.000000
1044	-106.390947	1.066000	15.080000
1045	-106.260947	1.068000	15.040000
1046	-106.140947	1.068000	15.130000
1047	-105.710947	1.070000	15.230000
1048	-105.620947	1.072000	15.110000
1049	-105.520947	1.072000	15.220000
1050	-105.480947	1.074000	15.230000
1051	-105.230947	1.074000	14.000000
1052	-105.160947	1.074000	15.310000
1053	-105.100947	1.076000	14.440000
1054	-105.100947	1.078000	15.140000
1055	-105.050947	1.078000	15.360000
1056	-105.040947	1.080000	15.430000
1057	-104.950947	1.080000	15.360000
1058	-104.880947	1.082000	15.340000
1059	-104.820947	1.082000	15.340000
1060	-104.750947	1.082000	15.520000
1061	-104.650947	1.084000	15.190000
1062	-104.590947	1.085000	15.230000
1063	-104.580947	1.085000	13.950000
1064	-104.390947	1.085000	13.960000
1065	-104.390947	1.087000	13.960000
1066	-104.280947	1.089000	14.040000
1067	-104.270947	1.089000	14.150000
1068	-104.130947	1.091000	15.340000
1069	-104.040947	1.093000	15.280000
1070	-104.010947	1.093000	13.890000
1071	-103.810947	1.095000	14.040000
1072	-103.760947	1.095000	14.010000
1073	-103.670947	1.095000	13.890000
1074	-103.670947	1.097000	15.310000
1075	-103.540947	1.097000	13.930000
1076	-103.290947	1.099000	14.170000
1077	-103.270947	1.099000	14.030000
1078	-103.220947	1.101000	13.910000
1079	-103.170947	1.103000	14.320000
1080	-103.140947	1.103000	14.010000
1081	-103.030947	1.105000	14.090000
1082	-102.940947	1.105000	14.100000
1083	-102.780947	1.105000	14.140000
1084	-102.580947	1.107000	14.050000
1085	-102.490947	1.109000	14.010000
1086	-102.460947	1.111000	14.130000
1087	-102.260947	1.111000	14.200000
1088	-102.250947	1.111000	14.070000
1089	-102.220947	1.113000	14.170000
1090	-102.200947	1.113000	14.110000
1091	-102.120947	1.113000	14.060000
1092	-102.100947	1.115000	14.040000
1093	-101.780947	1.117000	14.040000
1094	-101.720947	1.117000	14.110000
1095	-101.620947	1.117000	14.120000
1096	-101.550947	1.119000	14.170000
1097	-101.540947	1.121000	14.250000
1098	-101.530947	1.121000	14.160000
1099	-101.440947	1.121000	14.230000
1100	-101.340947	1.123000	14.280000
1101	-101.330947	1.125000	14.050000
1102	-101.310947	1.125000	14.200000
1103	-101.100947	1.126000	14.060000
1104	-100.910947	1.126000	14.260000
1105	-100.910947	1.126000	14.340000
1106	-100.840947	1.128000	14.260000
1107	-100.810947	1.128000	14.230000
1108	-100.780947	1.130000	14.090000
1109	-100.700947	1.132000	14.220000
1110	-100.650947	1.130000	14.200000
1111	-100.530947	1.132000	14.200000
1112	-100.460947	1.134000	14.130000
1113	-100.330947	1.136000	14.590000
1114	-100.290947	1.136000	13.980000
1115	-100.170947	1.136000	14.350000
1116	-100.130947	1.138000	14.200000
1117	-100.100947	1.140000	14.240000
1118	-100.080947	1.140000	14.240000
1119	-100.080947	1.140000	14.220000
1120	-99.880947	1.142000	14.220000
1121	-99.870947	1.144000	14.240000
1122	-99.820947	1.144000	14.310000
1123	-99.720947	1.144000	14.170000
1124	-99.710947	1.148000	14.260000
1125	-99.680947	1.150000	14.220000
1126	-99.660947	1.150000	14.240000
1127	-99.490947	1.150000	14.290000
1128	-99.430947	1.152000	14.240000
1129	-99.370947	1.152000	14.330000
1130	-99.230947	1.154000	14.330000
1131	-99.140947	1.156000	14.490000
1132	-99.140947	1.158000	14.330000
1133	-99.060947	1.158000	14.270000
1134	-99.060947	1.158000	14.400000
1135	-99.040947	1.160000	14.600000
1136	-99.000947	1.160000	14.350000
1137	-98.940947	1.162000	14.340000
1138	-98.860947	1.164000	14.470000
1139	-98.840947	1.164000	14.490000
1140	-98.840947	1.166000	14.160000
1141	-98.760947	1.166000	14.350000
1142	-98.750947	1.166000	14.280000
1143	-98.710947	1.167000	14.250000
1144	-98.490947	1.167000	14.360000
1145	-98.400947	1.169000	14.440000
1146	-98.390947	1.171000	14.390000
1147	-98.290947	1.171000	14.260000
1148	-98.290947	1.173000	14.250000
1149	-98.280947	1.173000	14.340000
1150	-98.240947	1.175000	14.470000
1151	-98.060947	1.175000	14.410000
1152	-98.000947	1.177000	14.300000
1153	-97.960947	1.179000	14.440000
1154	-97.870947	1.179000	14.420000
1155	-97.740947	1.181000	14.550000
1156	-97.650947	1.181000	14.460000
1157	-97.650947	1.181000	14.390000
1158	-97.600947	1.183000	14.350000
1159	-97.580947	1.183000	14.410000
1160	-97.570947	1.185000	14.370000
1161	-97.020947	1.185000	14.270000
1162	-97.000947	1.187000	14.280000
1163	-96.990947	1.189000	14.540000
1164	-96.900947	1.189000	14.410000
1165	-96.660947	1.189000	14.410000
1166	-96.640947	1.191000	14.480000
1167	-96.530947	1.191000	14.380000
1168	-96.420947	1.193000	14.510000
1169	-96.280947	1.193000	14.500000
1170	-96.230947	1.195000	14.390000
1171	-96.210947	1.197000	14.480000
1172	-96.160947	1.197000	14.550000
1173	-96.160947	1.197000	14.490000
1174	-96.030947	1.199000	14.670000
1175	-95.890947	1.199000	14.490000
1176	-95.740947	1.201000	14.590000
1177	-95.510947	1.201000	14.710000
1178	-95.510947	1.203000	14.670000
1179	-95.450947	1.205000	14.620000
1180	-95.440947	1.205000	14.700000
1181	-95.410947	1.207000	14.780000
1182	-95.300947	1.207000	14.640000
1183	-95.250947	1.207000	14.730000
1184	-95.240947	1.209000	14.580000
1185	-95.170947	1.210000	14.670000
1186	-95.150947	1.210000	14.630000
1187	-95.070947	1.212000	14.710000
1188	-95.050947	1.212000	14.660000
1189	-94.900947	1.212000	14.550000
1190	-94.850947	1.214000	14.750000
1191	-94.840947	1.216000	14.620000
1192	-94.740947	1.216000	14.620000
1193	-94.590947	1.218000	14.720000
1194	-94.500947	1.218000	14.780000
1195	-94.440947	1.220000	14.710000
1196	-94.420947	1.220000	14.750000
1197	-94.380947	1.220000	14.660000
1198	-94.160947	1.222000	14.830000
1199	-94.110947	1.222000	14.560000
1200	-94.050947	1.224000	14.760000
1201	-94.050947	1.224000	14.700000
1202	-93.960947	1.226000	14.720000
1203	-93.900947	1.228000	14.680000
1204	-93.880947	1.228000	14.700000
1205	-93.830947	1.228000	14.660000
1206	-93.660947	1.232000	14.900000
1207	-93.550947	1.234000	14.680000
1208	-93.500947	1.234000	14.850000
1209	-93.480947	1.236000	14.760000
1210	-93.390947	1.236000	15.070000
1211	-93.320947	1.238000	14.750000
1212	-93.140947	1.238000	14.720000
1213	-93.080947	1.238000	14.600000
1214	-93.080947	1.240000	14.850000
1215	-92.920947	1.242000	14.610000
1216	-92.880947	1.242000	14.830000
1217	-92.860947	1.242000	14.930000
1218	-92.780947	1.244000	14.820000
1219	-92.700947	1.246000	14.840000
1220	-92.680947	1.246000	14.680000
1221	-92.410947	1.246000	14.930000
1222	-92.400947	1.248000	14.850000
1223	-92.400947	1.250000	14.660000
1224	-92.320947	1.251000	14.950000
1225	-92.300947	1.251000	14.790000
1226	-92.120947	1.251000	14.890000
1227	-92.120947	1.251000	14.990000
1228	-91.940947	1.253000	14.910000
1229	-91.830947	1.253000	14.900000
1230	-91.690947	1.255000	14.850000
1231	-91.660947	1.255000	14.850000
1232	-91.600947	1.255000	15.060000
1233	-91.530947	1.257000	14.950000
1234	-91.530947	1.259000	15.010000
1235	-91.480947	1.261000	14.760000
1236	-91.450947	1.261000	14.970000
1237	-91.430947	1.261000	14.820000
1238	-91.390947	1.263000	14.860000
1239	-91.290947	1.265000	14.900000
1240	-91.240947	1.265000	14.830000
1241	-91.160947	1.267000	14.990000
1242	-91.020947	1.267000	14.840000
1243	-91.000947	1.267000	14.920000
1244	-90.990947	1.269000	14.900000
1245	-90.890947	1.269000	14.930000
1246	-90.880947	1.271000	14.910000
1247	-90.840947	1.273000	14.970000
1248	-90.800947	1.273000	15.030000
1249	-90.720947	1.273000	15.160000
1250	-90.560947	1.275000	15.230000
1251	-90.530947	1.277000	15.020000
1252	-90.510947	1.277000	15.020000
1253	-90.510947	1.277000	15.060000
1254	-90.490947	1.279000	15.010000
1255	-90.440947	1.283000	14.920000
1256	-90.300947	1.281000	15.120000
1257	-90.270947	1.283000	15.040000
1258	-90.160947	1.283000	15.060000
1259	-90.060947	1.283000	15.100000
1260	-89.980947	1.285000	15.050000
1261	-89.870947	1.285000	14.990000
1262	-89.860947	1.287000	14.950000
1263	-89.660947	1.289000	14.990000
1264	-89.660947	1.289000	15.080000
1265	-89.640947	1.291000	15.060000
1266	-89.630947	1.291000	15.050000
1267	-89.540947	1.293000	15.280000
1268	-89.350947	1.293000	14.990000
1269	-89.280947	1.293000	14.810000
1270	-89.160947	1.294000	15.020000
1271	-89.150947	1.296000	15.140000
1272	-89.110947	1.296000	15.040000
1273	-89.090947	1.298000	14.920000
1274	-89.070947	1.298000	15.070000
1275	-89.020947	1.300000	14.970000
1276	-88.960947	1.300000	15.310000
1277	-88.720947	1.302000	15.040000
1278	-88.370947	1.304000	15.170000
1279	-88.330947	1.304000	15.030000
1280	-88.160947	1.304000	15.240000
1281	-88.030947	1.306000	15.200000
1282	-87.920947	1.308000	15.290000
1283	-87.880947	1.308000	15.320000
1284	-87.870947	1.308000	15.150000
1285	-87.790947	1.310000	15.150000
1286	-87.750947	1.314000	15.130000
1287	-87.750947	1.312000	14.990000
1288	-87.740947	1.314000	15.090000
1289	-87.710947	1.316000	15.160000
1290	-87.670947	1.316000	15.360000
1291	-87.670947	1.318000	15.260000
1292	-87.650947	1.320000	14.870000
1293	-87.550947	1.318000	15.040000
1294	-87.490947	1.322000	15.170000
1295	-87.370947	1.322000	15.320000
1296	-87.370947	1.324000	15.290000
1297	-87.340947	1.324000	15.110000
1298	-87.340947	1.324000	15.160000
1299	-87.280947	1.326000	15.280000
1300	-87.240947	1.328000	15.150000
1301	-87.030947	1.328000	15.150000
1302	-86.630947	1.330000	15.250000
1303	-86.620947	1.330000	15.200000
1304	-86.600947	1.330000	15.220000
1305	-86.580947	1.332000	15.050000
1306	-86.440947	1.332000	15.190000
1307	-86.290947	1.334000	15.240000
1308	-86.060947	1.335000	15.310000
1309	-86.030947	1.335000	15.290000
1310	-86.010947	1.337000	15.210000
1311	-85.960947	1.337000	15.180000
1312	-85.880947	1.337000	15.410000
1313	-85.860947	1.339000	15.210000
1314	-85.800947	1.339000	15.300000
1315	-85.710947	1.341000	15.330000
1316	-85.520947	1.343000	15.260000
1317	-85.490947	1.345000	15.220000
1318	-85.450947	1.345000	15.300000
1319	-85.400947	1.345000	15.190000
1320	-85.240947	1.345000	15.540000
1321	-85.210947	1.347000	15.160000
1322	-85.140947	1.347000	15.400000
1323	-85.100947	1.349000	15.300000
1324	-85.060947	1.351000	15.330000
1325	-85.000947	1.351000	15.260000
1326	-84.920947	1.351000	15.220000
1327	-84.910947	1.353000	15.350000
1328	-84.900947	1.355000	15.520000
1329	-84.890947	1.355000	15.360000
1330	-84.830947	1.355000	15.230000
1331	-84.630947	1.357000	15.330000
1332	-84.600947	1.359000	15.390000
1333	-84.570947	1.359000	15.240000
1334	-84.540947	1.361000	15.310000
1335	-84.410947	1.361000	15.430000
1336	-84.350947	1.361000	15.260000
1337	-84.330947	1.363000	15.410000
1338	-84.260947	1.363000	15.590000
1339	-84.210947	1.365000	15.610000
1340	-84.020947	1.367000	15.450000
1341	-83.890947	1.367000	15.290000
1342	-83.850947	1.369000	15.280000
1343	-83.820947	1.369000	15.410000
1344	-83.730947	1.369000	15.390000
1345	-83.710947	1.371000	15.490000
1346	-83.710947	1.371000	15.310000
1347	-83.700947	1.373000	15.420000
1348	-83.660947	1.373000	15.360000
1349	-83.590947	1.376000	15.480000
1350	-83.550947	1.376000	15.410000
1351	-83.520947	1.376000	15.390000
1352	-83.390947	1.376000	15.470000
1353	-83.320947	1.378000	15.560000
1354	-82.900947	1.378000	15.380000
1355	-82.700947	1.380000	15.390000
1356	-82.630947	1.380000	15.430000
1357	-82.480947	1.382000	15.500000
1358	-82.460947	1.382000	15.410000
1359	-82.450947	1.384000	15.540000
1360	-82.280947	1.384000	15.390000
1361	-82.260947	1.386000	15.520000
1362	-82.140947	1.386000	15.710000
1363	-81.950947	1.388000	15.650000
1364	-81.900947	1.390000	15.520000
1365	-81.800947	1.390000	15.640000
1366	-81.780947	1.392000	15.750000
1367	-81.700947	1.392000	15.660000
1368	-81.630947	1.392000	15.580000
1369	-81.570947	1.394000	15.720000
1370	-81.550947	1.396000	15.710000
1371	-81.460947	1.398000	15.500000
1372	-81.420947	1.398000	15.630000
1373	-81.310947	1.400000	15.520000
1374	-81.250947	1.402000	15.690000
1375	-81.120947	1.402000	15.510000
1376	-81.020947	1.402000	15.880000
1377	-81.010947	1.404000	15.530000
1378	-80.990947	1.404000	15.620000
1379	-80.880947	1.406000	15.610000
1380	-80.760947	1.406000	15.550000
1381	-80.730947	1.408000	15.560000
1382	-80.630947	1.408000	15.700000
1383	-80.570947	1.410000	15.610000
1384	-80.560947	1.410000	15.590000
1385	-80.490947	1.412000	15.610000
1386	-80.430947	1.414000	15.530000
1387	-80.310947	1.414000	15.500000
1388	-80.300947	1.414000	15.690000
1389	-80.240947	1.417000	15.650000
1390	-80.130947	1.417000	15.640000
1391	-79.980947	1.417000	15.650000
1392	-79.680947	1.419000	15.550000
1393	-79.590947	1.421000	15.650000
1394	-79.440947	1.421000	15.820000
1395	-79.400947	1.423000	15.500000
1396	-79.330947	1.423000	15.800000
1397	-79.320947	1.425000	15.690000
1398	-79.280947	1.425000	15.740000
1399	-79.240947	1.425000	15.750000
1400	-79.210947	1.427000	15.730000
1401	-79.180947	1.427000	15.850000
1402	-79.010947	1.429000	15.780000
1403	-78.990947	1.429000	15.730000
1404	-78.940947	1.431000	15.620000
1405	-78.890947	1.433000	15.790000
1406	-78.850947	1.433000	15.780000
1407	-78.710947	1.433000	15.850000
1408	-78.590947	1.435000	15.980000
1409	-78.560947	1.435000	15.790000
1410	-78.540947	1.437000	15.770000
1411	-78.440947	1.439000	15.750000
1412	-78.420947	1.439000	15.840000
1413	-78.340947	1.439000	15.960000
1414	-78.300947	1.441000	15.830000
1415	-78.180947	1.441000	15.850000
1416	-78.090947	1.443000	15.780000
1417	-78.040947	1.445000	15.840000
1418	-77.960947	1.445000	15.940000
1419	-77.940947	1.445000	15.830000
1420	-77.910947	1.447000	15.930000
1421	-77.710947	1.449000	15.670000
1422	-77.640947	1.449000	16.020000
1423	-77.560947	1.449000	15.840000
1424	-77.530947	1.451000	16.160000
1425	-77.460947	1.453000	15.940000
1426	-77.430947	1.453000	15.910000
1427	-77.370947	1.455000	15.930000
1428	-77.250947	1.455000	16.010000
1429	-77.240947	1.455000	15.730000
1430	-77.020947	1.457000	15.820000
1431	-76.930947	1.457000	15.750000
1432	-76.920947	1.459000	15.840000
1433	-76.790947	1.460000	15.810000
1434	-76.740947	1.460000	15.910000
1435	-76.710947	1.460000	16.040000
1436	-76.650947	1.462000	16.010000
1437	-76.570947	1.464000	16.020000
1438	-76.520947	1.464000	15.810000
1439	-76.460947	1.464000	15.910000
1440	-76.400947	1.466000	16.070000
1441	-76.340947	1.466000	15.890000
1442	-76.280947	1.468000	15.980000
1443	-76.140947	1.470000	15.870000
1444	-76.020947	1.470000	15.990000
1445	-75.940947	1.470000	16.020000
1446	-75.930947	1.472000	15.940000
1447	-75.790947	1.472000	15.900000
1448	-75.770947	1.474000	16.000000
1449	-75.750947	1.476000	16.010000
1450	-75.680947	1.476000	16.000000
1451	-75.420947	1.476000	16.080000
1452	-75.370947	1.478000	16.160000
1453	-75.310947	1.480000	15.970000
1454	-75.210947	1.482000	16.010000
1455	-75.030947	1.484000	16.080000
1456	-74.850947	1.484000	15.990000
1457	-74.830947	1.486000	16.020000
1458	-74.810947	1.486000	16.120000
1459	-74.640947	1.486000	16.150000
1460	-74.520947	1.488000	16.100000
1461	-74.410947	1.488000	16.000000
1462	-74.380947	1.490000	16.040000
1463	-74.290947	1.492000	16.120000
1464	-74.230947	1.492000	15.970000
1465	-74.200947	1.494000	16.120000
1466	-74.080947	1.494000	16.020000
1467	-74.010947	1.494000	16.030000
1468	-73.960947	1.496000	16.030000
1469	-73.930947	1.496000	16.070000
1470	-73.910947	1.498000	16.040000
1471	-73.850947	1.498000	16.210000
1472	-73.590947	1.501000	16.260000
1473	-73.570947	1.501000	16.110000
1474	-73.540947	1.501000	16.100000
1475	-73.490947	1.503000	16.070000
1476	-73.460947	1.503000	15.920000
1477	-73.350947	1.505000	15.990000
1478	-73.310947	1.505000	16.190000
1479	-73.220947	1.507000	16.060000
1480	-73.140947	1.509000	16.150000
1481	-73.040947	1.509000	16.190000
1482	-72.990947	1.509000	16.100000
1483	-72.970947	1.511000	16.050000
1484	-72.960947	1.511000	16.170000
1485	-72.810947	1.513000	16.230000
1486	-72.780947	1.515000	16.010000
1487	-72.770947	1.515000	16.140000
1488	-72.720947	1.517000	15.930000
1489	-72.720947	1.517000	16.130000
1490	-72.700947	1.517000	16.290000
1491	-72.650947	1.519000	16.040000
1492	-72.560947	1.519000	16.190000
1493	-72.560947	1.521000	16.120000
1494	-72.350947	1.523000	16.270000
1495	-72.280947	1.523000	16.160000
1496	-72.270947	1.525000	16.210000
1497	-72.180947	1.525000	16.050000
1498	-72.180947	1.525000	16.200000
1499	-72.130947	1.527000	16.120000
1500	-72.010947	1.527000	16.250000
1501	-72.000947	1.529000	16.170000
1502	-71.880947	1.529000	16.160000
1503	-71.670947	1.531000	16.180000
1504	-71.520947	1.533000	16.140000
1505	-71.390947	1.533000	16.240000
1506	-71.390947	1.533000	16.360000
1507	-71.380947	1.535000	16.020000
1508	-71.100947	1.535000	16.320000
1509	-70.880947	1.537000	16.220000
1510	-70.680947	1.539000	16.430000
1511	-70.670947	1.537000	16.320000
1512	-70.550947	1.541000	16.280000
1513	-70.480947	1.541000	16.300000
1514	-70.210947	1.543000	16.220000
1515	-70.040947	1.543000	16.330000
1516	-70.030947	1.543000	16.290000
1517	-69.980947	1.544000	16.410000
1518	-69.960947	1.546000	16.290000
1519	-69.910947	1.546000	16.220000
1520	-69.910947	1.548000	16.410000
1521	-69.840947	1.548000	16.430000
1522	-69.730947	1.548000	16.390000
1523	-69.720947	1.550000	16.250000
1524	-69.710947	1.552000	16.280000
1525	-69.690947	1.552000	16.540000
1526	-69.680947	1.554000	16.400000
1527	-69.650947	1.554000	16.570000
1528	-69.640947	1.556000	16.380000
1529	-69.580947	1.556000	16.360000
1530	-69.420947	1.556000	16.270000
1531	-69.370947	1.558000	16.460000
1532	-69.230947	1.558000	16.370000
1533	-69.210947	1.560000	16.430000
1534	-69.190947	1.560000	16.460000
1535	-68.880947	1.564000	16.410000
1536	-68.860947	1.564000	16.300000
1537	-68.810947	1.566000	16.390000
1538	-68.780947	1.566000	16.470000
1539	-68.720947	1.568000	16.410000
1540	-68.680947	1.570000	16.560000
1541	-68.670947	1.570000	16.440000
1542	-68.570947	1.570000	16.560000
1543	-68.560947	1.572000	16.590000
1544	-68.510947	1.572000	16.450000
1545	-68.480947	1.574000	16.470000
1546	-68.460947	1.574000	16.450000
1547	-68.400947	1.576000	16.440000
1548	-68.290947	1.578000	16.340000
1549	-68.240947	1.578000	16.360000
1550	-68.090947	1.580000	16.470000
1551	-68.080947	1.580000	16.610000
1552	-67.990947	1.580000	16.400000
1553	-67.980947	1.582000	16.470000
1554	-67.910947	1.582000	16.540000
1555	-67.580947	1.584000	16.660000
1556	-67.550947	1.585000	16.570000
1557	-67.530947	1.585000	16.630000
1558	-67.290947	1.585000	16.700000
1559	-67.280947	1.587000	16.510000
1560	-67.270947	1.589000	16.530000
1561	-67.240947	1.589000	16.580000
1562	-66.980947	1.589000	16.630000
1563	-66.850947	1.591000	16.630000
1564	-66.840947	1.593000	16.590000
1565	-66.820947	1.593000	16.780000
1566	-66.810947	1.595000	16.500000
1567	-66.810947	1.595000	16.670000
1568	-66.800947	1.595000	16.520000
1569	-66.740947	1.597000	16.540000
1570	-66.630947	1.597000	16.620000
1571	-66.580947	1.599000	16.470000
1572	-66.500947	1.601000	16.530000
1573	-66.470947	1.601000	16.630000
1574	-66.400947	1.603000	16.580000
1575	-66.300947	1.603000	16.530000
1576	-66.260947	1.603000	16.880000
1577	-66.250947	1.605000	16.690000
1578	-66.050947	1.605000	16.770000
1579	-65.870947	1.607000	16.540000
1580	-65.870947	1.609000	16.590000
1581	-65.800947	1.609000	16.510000
1582	-65.680947	1.611000	16.650000
1583	-65.580947	1.611000	16.690000
1584	-65.560947	1.611000	16.880000
1585	-65.490947	1.613000	16.700000
1586	-65.430947	1.615000	16.760000
1587	-65.240947	1.615000	16.800000
1588	-65.130947	1.617000	16.570000
1589	-65.010947	1.617000	16.730000
1590	-64.950947	1.619000	16.640000
1591	-64.910947	1.621000	17.040000
1592	-64.840947	1.621000	16.770000
1593	-64.810947	1.621000	16.790000
1594	-64.740947	1.623000	16.690000
1595	-64.590947	1.623000	16.800000
1596	-64.580947	1.625000	16.820000
1597	-64.400947	1.626000	16.700000
1598	-64.380947	1.626000	16.650000
1599	-64.380947	1.626000	16.780000
1600	-64.380947	1.628000	16.790000
1601	-64.370947	1.628000	16.840000
1602	-64.330947	1.630000	16.850000
1603	-64.270947	1.632000	16.770000
1604	-64.270947	1.632000	16.810000
1605	-64.120947	1.632000	16.770000
1606	-64.040947	1.634000	16.840000
1607	-64.040947	1.634000	16.570000
1608	-63.980947	1.636000	16.690000
1609	-63.890947	1.636000	16.910000
1610	-63.890947	1.638000	16.840000
1611	-63.790947	1.640000	16.840000
1612	-63.760947	1.640000	16.930000
1613	-63.600947	1.642000	16.870000
1614	-63.560947	1.642000	16.880000
1615	-63.550947	1.642000	16.850000
1616	-63.530947	1.644000	16.910000
1617	-63.260947	1.648000	16.780000
1618	-63.200947	1.650000	17.000000
1619	-63.140947	1.650000	16.980000
1620	-63.080947	1.650000	16.790000
1621	-63.020947	1.652000	16.910000
1622	-62.920947	1.652000	16.900000
1623	-62.610947	1.654000	16.870000
1624	-62.560947	1.654000	16.720000
1625	-62.520947	1.658000	16.930000
1626	-62.520947	1.656000	17.030000
1627	-62.500947	1.658000	16.910000
1628	-62.500947	1.658000	16.790000
1629	-62.410947	1.660000	16.920000
1630	-62.410947	1.660000	16.830000
1631	-62.360947	1.662000	16.820000
1632	-62.340947	1.664000	16.860000
1633	-62.250947	1.664000	17.110000
1634	-62.250947	1.666000	16.960000
1635	-62.230947	1.666000	16.760000
1636	-62.210947	1.666000	16.860000
1637	-62.080947	1.667000	17.000000
1638	-61.990947	1.669000	17.320000
1639	-61.990947	1.669000	16.760000
1640	-61.970947	1.671000	16.990000
1641	-61.880947	1.671000	17.010000
1642	-61.730947	1.673000	16.900000
1643	-61.680947	1.673000	16.980000
1644	-61.670947	1.673000	16.970000
1645	-61.660947	1.675000	17.060000
1646	-61.620947	1.675000	17.250000
1647	-61.490947	1.679000	17.010000
1648	-61.470947	1.677000	17.040000
1649	-61.130947	1.681000	17.080000
1650	-61.050947	1.681000	16.990000
1651	-60.800947	1.681000	16.990000
1652	-60.330947	1.683000	17.270000
1653	-60.280947	1.683000	17.120000
1654	-60.200947	1.685000	17.150000
1655	-60.040947	1.685000	17.250000
1656	-59.990947	1.687000	17.340000
1657	-59.910947	1.689000	17.150000
1658	-59.870947	1.689000	17.210000
1659	-59.770947	1.691000	17.210000
1660	-59.740947	1.691000	17.140000
1661	-59.610947	1.693000	17.310000
1662	-59.590947	1.695000	17.240000
1663	-59.490947	1.693000	17.230000
1664	-59.440947	1.697000	17.050000
1665	-59.320947	1.697000	17.320000
1666	-59.310947	1.699000	17.150000
1667	-59.210947	1.699000	17.130000
1668	-59.100947	1.701000	17.120000
1669	-59.050947	1.703000	17.230000
1670	-58.880947	1.703000	17.290000
1671	-58.870947	1.705000	17.330000
1672	-58.870947	1.705000	17.240000
1673	-58.700947	1.705000	17.230000
1674	-58.650947	1.707000	17.340000
1675	-58.620947	1.707000	17.260000
1676	-58.600947	1.709000	17.380000
1677	-58.560947	1.709000	17.270000
1678	-58.560947	1.710000	17.220000
1679	-58.450947	1.712000	17.230000
1680	-58.410947	1.712000	17.320000
1681	-58.330947	1.712000	17.250000
1682	-58.300947	1.714000	17.440000
1683	-58.260947	1.714000	17.370000
1684	-58.240947	1.716000	17.220000
1685	-58.220947	1.718000	17.420000
1686	-58.190947	1.718000	17.300000
1687	-58.160947	1.720000	17.190000
1688	-58.140947	1.720000	17.420000
1689	-58.090947	1.720000	17.340000
1690	-58.040947	1.722000	17.180000
1691	-57.910947	1.722000	17.270000
1692	-57.870947	1.724000	17.380000
1693	-57.850947	1.726000	17.110000
1694	-57.820947	1.726000	17.200000
1695	-57.790947	1.728000	17.280000
1696	-57.770947	1.728000	17.340000
1697	-57.610947	1.728000	17.230000
1698	-57.590947	1.732000	17.270000
1699	-57.540947	1.734000	17.380000
1700	-57.390947	1.734000	17.420000
1701	-57.380947	1.736000	17.320000
1702	-57.120947	1.736000	17.550000
1703	-57.120947	1.736000	17.330000
1704	-57.020947	1.738000	17.540000
1705	-56.860947	1.738000	17.380000
1706	-56.840947	1.740000	17.350000
1707	-56.780947	1.740000	17.350000
1708	-56.440947	1.742000	17.440000
1709	-56.300947	1.744000	17.580000
1710	-56.280947	1.744000	17.310000
1711	-56.180947	1.746000	17.480000
1712	-56.160947	1.746000	17.410000
1713	-56.080947	1.746000	17.400000
1714	-56.060947	1.748000	17.330000
1715	-55.950947	1.750000	17.360000
1716	-55.860947	1.750000	17.400000
1717	-55.820947	1.751000	17.510000
1718	-55.730947	1.751000	17.510000
1719	-55.650947	1.753000	17.430000
1720	-55.620947	1.753000	17.400000
1721	-55.460947	1.753000	17.380000
1722	-55.450947	1.755000	17.500000
1723	-55.110947	1.757000	17.480000
1724	-55.070947	1.757000	17.510000
1725	-55.070947	1.757000	17.440000
1726	-55.020947	1.759000	17.430000
1727	-54.910947	1.761000	17.580000
1728	-54.890947	1.761000	17.490000
1729	-54.720947	1.761000	17.470000
1730	-54.710947	1.763000	17.490000
1731	-54.630947	1.765000	17.520000
1732	-54.620947	1.765000	17.540000
1733	-54.560947	1.767000	17.560000
1734	-54.460947	1.767000	17.560000
1735	-54.400947	1.767000	17.540000
1736	-54.380947	1.769000	17.570000
1737	-54.280947	1.769000	17.710000
1738	-54.270947	1.771000	17.440000
1739	-54.260947	1.771000	17.560000
1740	-54.250947	1.773000	17.440000
1741	-54.170947	1.773000	17.490000
1742	-54.150947	1.775000	17.580000
1743	-54.080947	1.777000	17.490000
1744	-54.010947	1.777000	17.520000
1745	-53.920947	1.777000	17.610000
1746	-53.910947	1.779000	17.630000
1747	-53.910947	1.781000	17.500000
1748	-53.900947	1.783000	17.550000
1749	-53.800947	1.781000	17.490000
1750	-53.790947	1.783000	17.570000
1751	-53.650947	1.783000	17.640000
1752	-53.610947	1.785000	17.620000
1753	-53.570947	1.785000	17.540000
1754	-53.460947	1.787000	17.580000
1755	-53.390947	1.789000	17.620000
1756	-52.870947	1.789000	17.390000
1757	-52.660947	1.789000	17.650000
1758	-52.490947	1.791000	17.820000
1759	-52.450947	1.791000	17.750000
1760	-52.440947	1.793000	17.790000
1761	-52.340947	1.793000	17.640000
1762	-52.140947	1.794000	17.740000
1763	-52.110947	1.796000	17.590000
1764	-52.090947	1.796000	17.730000
1765	-52.070947	1.798000	17.640000
1766	-52.020947	1.798000	17.860000
1767	-51.900947	1.798000	17.670000
1768	-51.880947	1.800000	17.680000
1769	-51.820947	1.800000	17.910000
1770	-51.810947	1.802000	17.530000
1771	-51.790947	1.804000	17.630000
1772	-51.780947	1.804000	17.780000
1773	-51.750947	1.804000	17.820000
1774	-51.720947	1.806000	17.810000
1775	-51.700947	1.808000	17.740000
1776	-51.580947	1.808000	17.690000
1777	-51.410947	1.808000	17.880000
1778	-51.130947	1.810000	17.690000
1779	-51.120947	1.810000	17.760000
1780	-51.000947	1.814000	17.860000
1781	-50.830947	1.816000	17.970000
1782	-50.820947	1.816000	17.740000
1783	-50.610947	1.818000	17.850000
1784	-50.530947	1.820000	17.660000
1785	-50.500947	1.820000	17.840000
1786	-50.460947	1.822000	17.670000
1787	-50.340947	1.822000	17.780000
1788	-50.220947	1.822000	17.900000
1789	-50.220947	1.824000	17.740000
1790	-50.120947	1.826000	17.830000
1791	-50.110947	1.826000	17.810000
1792	-50.080947	1.828000	18.020000
1793	-50.020947	1.828000	17.900000
1794	-49.930947	1.830000	17.750000
1795	-49.900947	1.830000	17.940000
1796	-49.890947	1.830000	17.820000
1797	-49.800947	1.832000	17.890000
1798	-49.760947	1.832000	17.770000
1799	-49.750947	1.834000	17.880000
1800	-49.590947	1.834000	17.930000
1801	-49.570947	1.835000	17.940000
1802	-49.450947	1.837000	17.900000
1803	-49.390947	1.837000	17.960000
1804	-49.360947	1.837000	17.900000
1805	-49.230947	1.839000	17.850000
1806	-49.160947	1.839000	17.850000
1807	-49.160947	1.841000	17.810000
1808	-49.150947	1.843000	17.910000
1809	-48.960947	1.843000	17.870000
1810	-48.890947	1.845000	17.920000
1811	-48.840947	1.845000	17.850000
1812	-48.760947	1.847000	17.870000
1813	-48.680947	1.847000	17.880000
1814	-48.500947	1.849000	18.170000
1815	-48.480947	1.851000	17.910000
1816	-48.400947	1.851000	17.950000
1817	-48.390947	1.853000	17.930000
1818	-48.370947	1.853000	17.990000
1819	-48.360947	1.853000	18.000000
1820	-48.250947	1.855000	17.930000
1821	-48.000947	1.857000	17.950000
1822	-47.940947	1.857000	18.150000
1823	-47.910947	1.859000	17.950000
1824	-47.890947	1.859000	17.990000
1825	-47.880947	1.861000	18.000000
1826	-47.850947	1.861000	17.960000
1827	-47.830947	1.861000	18.060000
1828	-47.750947	1.863000	17.990000
1829	-47.520947	1.863000	18.010000
1830	-47.270947	1.865000	17.970000
1831	-47.190947	1.865000	18.040000
1832	-47.160947	1.867000	17.920000
1833	-47.040947	1.869000	18.080000
1834	-47.040947	1.869000	17.910000
1835	-47.040947	1.869000	18.110000
1836	-46.950947	1.871000	18.200000
1837	-46.740947	1.871000	18.070000
1838	-46.700947	1.873000	18.220000
1839	-46.650947	1.875000	18.070000
1840	-46.630947	1.875000	18.000000
1841	-46.500947	1.875000	18.090000
1842	-46.470947	1.876000	18.070000
1843	-46.440947	1.876000	18.140000
1844	-46.390947	1.878000	18.120000
1845	-46.330947	1.878000	18.320000
1846	-46.250947	1.880000	17.970000
1847	-46.240947	1.882000	17.910000
1848	-46.160947	1.882000	18.160000
1849	-46.160947	1.884000	18.050000
1850	-46.140947	1.884000	18.210000
1851	-46.120947	1.886000	18.130000
1852	-46.120947	1.886000	18.120000
1853	-46.080947	1.886000	18.140000
1854	-46.080947	1.888000	18.250000
1855	-45.830947	1.890000	18.290000
1856	-45.790947	1.890000	18.270000
1857	-45.780947	1.892000	18.040000
1858	-45.610947	1.892000	18.130000
1859	-45.600947	1.892000	18.200000
1860	-45.510947	1.894000	18.230000
1861	-45.470947	1.894000	18.320000
1862	-45.170947	1.898000	18.250000
1863	-45.110947	1.900000	18.230000
1864	-45.070947	1.900000	18.040000
1865	-44.970947	1.902000	18.070000
1866	-44.950947	1.902000	18.120000
1867	-44.910947	1.902000	18.440000
1868	-44.820947	1.904000	18.240000
1869	-44.810947	1.906000	18.340000
1870	-44.720947	1.908000	18.120000
1871	-44.700947	1.908000	18.460000
1872	-44.580947	1.908000	18.240000
1873	-44.360947	1.910000	18.320000
1874	-44.350947	1.910000	18.300000
1875	-44.290947	1.910000	18.330000
1876	-44.130947	1.912000	18.300000
1877	-43.990947	1.914000	18.310000
1878	-43.990947	1.914000	18.100000
1879	-43.970947	1.914000	18.420000
1880	-43.950947	1.916000	18.410000
1881	-43.890947	1.917000	18.340000
1882	-43.850947	1.917000	18.190000
1883	-43.820947	1.919000	18.400000
1884	-43.760947	1.919000	18.510000
1885	-43.710947	1.921000	18.250000
1886	-43.360947	1.921000	18.130000
1887	-43.100947	1.923000	18.330000
1888	-43.020947	1.923000	18.420000
1889	-42.550947	1.923000	18.490000
1890	-42.520947	1.925000	18.480000
1891	-42.450947	1.925000	18.450000
1892	-42.420947	1.927000	18.400000
1893	-42.360947	1.929000	18.420000
1894	-42.320947	1.927000	18.480000
1895	-42.290947	1.929000	18.470000
1896	-42.260947	1.931000	18.410000
1897	-42.180947	1.933000	18.480000
1898	-42.130947	1.933000	18.540000
1899	-42.070947	1.933000	18.410000
1900	-42.050947	1.935000	18.560000
1901	-42.040947	1.937000	18.320000
1902	-42.030947	1.939000	18.490000
1903	-42.000947	1.937000	18.670000
1904	-41.960947	1.939000	18.290000
1905	-41.870947	1.941000	18.380000
1906	-41.860947	1.941000	18.540000
1907	-41.730947	1.941000	18.410000
1908	-41.720947	1.943000	18.320000
1909	-41.690947	1.945000	18.410000
1910	-41.580947	1.945000	18.540000
1911	-41.560947	1.945000	18.510000
1912	-41.530947	1.947000	18.530000
1913	-41.520947	1.949000	18.390000
1914	-41.320947	1.949000	18.480000
1915	-41.190947	1.949000	18.560000
1916	-41.090947	1.951000	18.580000
1917	-40.940947	1.953000	18.550000
1918	-40.910947	1.953000	18.490000
1919	-40.670947	1.955000	18.550000
1920	-40.630947	1.955000	18.550000
1921	-40.400947	1.955000	18.610000
1922	-40.390947	1.957000	18.620000
1923	-40.290947	1.957000	18.660000
1924	-40.240947	1.959000	18.630000
1925	-40.230947	1.960000	18.600000
1926	-40.030947	1.959000	18.580000
1927	-39.970947	1.960000	18.670000
1928	-39.930947	1.962000	18.540000
1929	-39.840947	1.964000	18.680000
1930	-39.840947	1.964000	18.580000
1931	-39.790947	1.964000	18.650000
1932	-39.790947	1.966000	18.460000
1933	-39.710947	1.970000	18.560000
1934	-39.660947	1.970000	18.710000
1935	-39.640947	1.968000	18.530000
1936	-39.610947	1.970000	18.670000
1937	-39.490947	1.970000	18.650000
1938	-39.440947	1.972000	18.650000
1939	-39.380947	1.972000	18.570000
1940	-39.330947	1.974000	18.480000
1941	-39.270947	1.976000	18.530000
1942	-39.260947	1.976000	18.720000
1943	-39.200947	1.976000	18.680000
1944	-39.140947	1.978000	18.730000
1945	-39.050947	1.978000	18.690000
1946	-38.960947	1.982000	18.640000
1947	-38.630947	1.982000	18.660000
1948	-38.580947	1.984000	18.590000
1949	-38.560947	1.986000	18.730000
1950	-38.520947	1.986000	18.840000
1951	-38.440947	1.986000	18.610000
1952	-38.390947	1.988000	18.710000
1953	-38.370947	1.988000	18.790000
1954	-38.330947	1.990000	18.580000
1955	-38.320947	1.992000	18.750000
1956	-38.310947	1.992000	18.710000
1957	-38.280947	1.994000	18.550000
1958	-38.260947	1.994000	18.730000
1959	-38.130947	1.994000	18.750000
1960	-38.010947	1.996000	18.790000
1961	-37.990947	1.996000	18.550000
1962	-37.920947	1.998000	18.790000
1963	-37.890947	2.000000	18.680000
1964	-37.600947	2.000000	18.730000
1965	-37.460947	2.001000	18.710000
1966	-37.430947	2.001000	18.720000
1967	-37.210947	2.003000	18.790000
1968	-37.170947	2.003000	18.940000
1969	-37.020947	2.003000	18.780000
1970	-36.940947	2.005000	18.710000
1971	-36.890947	2.007000	18.900000
1972	-36.860947	2.007000	18.680000
1973	-36.760947	2.009000	18.800000
1974	-36.730947	2.009000	18.900000
1975	-36.730947	2.011000	18.750000
1976	-36.670947	2.011000	18.850000
1977	-36.460947	2.013000	18.900000
1978	-36.430947	2.013000	18.760000
1979	-36.390947	2.015000	18.990000
1980	-36.390947	2.017000	18.820000
1981	-36.280947	2.017000	18.840000
1982	-36.090947	2.017000	18.790000
1983	-35.980947	2.017000	18.900000
1984	-35.850947	2.019000	18.900000
1985	-35.790947	2.019000	18.980000
1986	-35.640947	2.021000	18.950000
1987	-35.540947	2.021000	18.970000
1988	-35.480947	2.023000	18.960000
1989	-35.470947	2.025000	18.890000
1990	-35.430947	2.025000	19.040000
1991	-35.320947	2.025000	18.840000
1992	-35.270947	2.027000	19.110000
1993	-35.190947	2.027000	18.940000
1994	-35.160947	2.029000	18.970000
1995	-35.090947	2.031000	18.870000
1996	-35.030947	2.031000	18.940000
1997	-34.870947	2.033000	19.100000
1998	-34.770947	2.033000	18.840000
1999	-34.710947	2.035000	18.970000
2000	-34.690947	2.035000	18.900000
2001	-34.640947	2.035000	19.030000
2002	-34.560947	2.037000	19.140000
2003	-34.530947	2.039000	19.060000
2004	-34.510947	2.039000	18.830000
2005	-34.480947	2.041000	18.910000
2006	-34.440947	2.041000	18.880000
2007	-34.410947	2.041000	19.080000
2008	-34.400947	2.044000	19.110000
2009	-34.330947	2.044000	19.000000
2010	-34.130947	2.046000	18.920000
2011	-34.020947	2.046000	18.990000
2012	-34.020947	2.048000	18.990000
2013	-33.980947	2.048000	19.050000
2014	-33.970947	2.048000	18.990000
2015	-33.950947	2.050000	19.050000
2016	-33.900947	2.050000	19.110000
2017	-33.830947	2.052000	18.840000
2018	-33.720947	2.052000	19.200000
2019	-33.690947	2.054000	19.060000
2020	-33.620947	2.056000	18.990000
2021	-33.560947	2.056000	18.720000
2022	-33.520947	2.056000	18.830000
2023	-33.420947	2.058000	18.970000
2024	-33.290947	2.058000	19.050000
2025	-33.270947	2.060000	19.040000
2026	-33.150947	2.062000	19.000000
2027	-32.960947	2.062000	19.070000
2028	-32.930947	2.066000	19.120000
2029	-32.920947	2.066000	18.930000
2030	-32.510947	2.068000	19.080000
2031	-32.430947	2.070000	19.130000
2032	-32.410947	2.070000	19.130000
2033	-32.370947	2.070000	19.070000
2034	-32.300947	2.072000	18.980000
2035	-32.280947	2.074000	19.030000
2036	-32.110947	2.074000	18.980000
2037	-32.100947	2.074000	19.080000
2038	-32.100947	2.076000	19.030000
2039	-32.060947	2.080000	19.170000
2040	-32.050947	2.078000	19.260000
2041	-32.040947	2.080000	19.140000
2042	-32.010947	2.080000	19.000000
2043	-32.000947	2.080000	19.160000
2044	-31.980947	2.082000	18.990000
2045	-31.970947	2.082000	19.180000
2046	-31.840947	2.084000	19.030000
2047	-31.750947	2.084000	19.150000
2048	-31.430947	2.085000	19.070000
2049	-31.290947	2.087000	19.230000
2050	-31.180947	2.087000	19.020000
2051	-31.120947	2.089000	19.200000
2052	-31.090947	2.089000	19.080000
2053	-31.070947	2.089000	19.120000
2054	-30.990947	2.091000	19.060000
2055	-30.980947	2.093000	19.120000
2056	-30.910947	2.093000	19.090000
2057	-30.890947	2.095000	19.130000
2058	-30.590947	2.095000	19.160000
2059	-30.380947	2.097000	19.220000
2060	-30.290947	2.097000	19.110000
2061	-30.100947	2.097000	19.280000
2062	-29.850947	2.099000	19.340000
2063	-29.850947	2.099000	19.230000
2064	-29.820947	2.099000	19.260000
2065	-29.750947	2.099000	19.320000
2066	-29.620947	2.103000	19.250000
2067	-29.430947	2.105000	19.130000
2068	-29.360947	2.105000	19.400000
2069	-29.280947	2.105000	19.310000
2070	-29.240947	2.107000	19.310000
2071	-29.130947	2.111000	19.180000
2072	-29.120947	2.109000	19.210000
2073	-29.110947	2.111000	19.250000
2074	-29.050947	2.111000	19.340000
2075	-29.030947	2.111000	19.540000
2076	-28.980947	2.113000	19.280000
2077	-28.950947	2.113000	19.220000
2078	-28.860947	2.115000	19.320000
2079	-28.710947	2.117000	19.310000
2080	-28.670947	2.117000	19.480000
2081	-28.550947	2.117000	19.090000
2082	-28.430947	2.119000	19.270000
2083	-28.430947	2.121000	19.310000
2084	-28.420947	2.121000	19.540000
2085	-28.350947	2.121000	19.570000
2086	-28.330947	2.123000	19.480000
2087	-28.320947	2.125000	19.340000
2088	-28.140947	2.125000	19.500000
2089	-28.100947	2.126000	19.280000
2090	-28.090947	2.128000	19.440000
2091	-28.080947	2.128000	19.570000
2092	-28.010947	2.128000	19.320000
2093	-27.900947	2.130000	19.400000
2094	-27.870947	2.132000	19.650000
2095	-27.860947	2.132000	19.240000
2096	-27.730947	2.132000	19.280000
2097	-27.700947	2.134000	19.200000
2098	-27.650947	2.136000	19.340000
2099	-27.620947	2.136000	19.430000
2100	-27.610947	2.136000	19.340000
2101	-27.530947	2.138000	19.430000
2102	-27.430947	2.140000	19.470000
2103	-27.370947	2.140000	19.460000
2104	-27.330947	2.142000	19.380000
2105	-27.280947	2.142000	19.470000
2106	-27.230947	2.142000	19.370000
2107	-27.180947	2.144000	19.420000
2108	-27.110947	2.144000	19.500000
2109	-26.870947	2.148000	19.540000
2110	-26.770947	2.148000	19.440000
2111	-26.690947	2.150000	19.650000
2112	-26.690947	2.152000	19.550000
2113	-26.680947	2.152000	19.530000
2114	-26.490947	2.152000	19.500000
2115	-26.420947	2.154000	19.610000
2116	-26.380947	2.156000	19.630000
2117	-26.300947	2.156000	19.570000
2118	-26.240947	2.158000	19.490000
2119	-25.900947	2.158000	19.520000
2120	-25.840947	2.158000	19.550000
2121	-25.750947	2.160000	19.690000
2122	-25.700947	2.160000	19.450000
2123	-25.690947	2.162000	19.500000
2124	-25.590947	2.164000	19.500000
2125	-25.500947	2.164000	19.480000
2126	-25.500947	2.166000	19.480000
2127	-25.470947	2.166000	19.730000
2128	-25.420947	2.166000	19.520000
2129	-25.250947	2.167000	19.520000
2130	-25.240947	2.167000	19.640000
2131	-25.210947	2.169000	19.660000
2132	-25.190947	2.173000	19.580000
2133	-25.090947	2.173000	19.690000
2134	-25.070947	2.173000	19.520000
2135	-24.940947	2.173000	19.640000
2136	-24.900947	2.175000	19.650000
2137	-24.820947	2.175000	19.650000
2138	-24.780947	2.177000	19.650000
2139	-24.710947	2.179000	19.640000
2140	-24.530947	2.179000	19.450000
2141	-24.520947	2.181000	19.540000
2142	-24.460947	2.181000	19.660000
2143	-24.400947	2.181000	19.500000
2144	-24.330947	2.183000	19.750000
2145	-24.230947	2.183000	19.620000
2146	-23.960947	2.185000	19.780000
2147	-23.930947	2.187000	19.670000
2148	-23.920947	2.187000	19.840000
2149	-23.890947	2.189000	19.690000
2150	-23.770947	2.189000	19.610000
2151	-23.550947	2.189000	19.780000
2152	-23.530947	2.191000	19.710000
2153	-23.520947	2.191000	19.700000
2154	-23.220947	2.193000	19.590000
2155	-23.000947	2.195000	19.750000
2156	-22.970947	2.195000	19.980000
2157	-22.970947	2.197000	19.630000
2158	-22.890947	2.197000	19.690000
2159	-22.860947	2.197000	19.670000
2160	-22.820947	2.199000	19.710000
2161	-22.800947	2.199000	19.600000
2162	-22.760947	2.201000	19.730000
2163	-22.680947	2.201000	19.670000
2164	-22.630947	2.203000	19.840000
2165	-22.630947	2.205000	19.640000
2166	-22.520947	2.205000	19.650000
2167	-22.490947	2.205000	19.710000
2168	-22.430947	2.207000	19.820000
2169	-22.390947	2.207000	19.560000
2170	-22.310947	2.209000	19.810000
2171	-22.220947	2.209000	19.800000
2172	-22.170947	2.210000	19.650000
2173	-22.060947	2.212000	19.750000
2174	-21.910947	2.212000	19.830000
2175	-21.850947	2.212000	19.780000
2176	-21.680947	2.214000	19.740000
2177	-21.450947	2.214000	19.630000
2178	-21.380947	2.216000	19.990000
2179	-21.370947	2.218000	19.840000
2180	-21.280947	2.218000	19.810000
2181	-21.150947	2.220000	19.670000
2182	-20.940947	2.220000	19.950000
2183	-20.830947	2.220000	19.910000
2184	-20.750947	2.222000	19.820000
2185	-20.700947	2.222000	19.860000
2186	-20.680947	2.224000	19.770000
2187	-20.670947	2.226000	19.910000
2188	-20.660947	2.226000	19.930000
2189	-20.640947	2.228000	19.840000
2190	-20.590947	2.228000	19.860000
2191	-20.570947	2.228000	19.790000
2192	-20.560947	2.232000	19.770000
2193	-20.530947	2.236000	19.910000
2194	-20.410947	2.236000	19.910000
2195	-20.380947	2.236000	20.050000
2196	-20.300947	2.236000	19.880000
2197	-20.270947	2.238000	19.980000
2198	-20.260947	2.238000	19.910000
2199	-20.250947	2.240000	19.960000
2200	-20.200947	2.242000	20.060000
2201	-20.150947	2.242000	19.750000
2202	-20.140947	2.242000	19.890000
2203	-20.110947	2.244000	19.860000
2204	-20.040947	2.246000	20.030000
2205	-20.030947	2.246000	19.960000
2206	-19.800947	2.246000	20.020000
2207	-19.800947	2.248000	19.930000
2208	-19.790947	2.250000	20.050000
2209	-19.760947	2.250000	20.060000
2210	-19.650947	2.251000	20.030000
2211	-19.620947	2.251000	19.760000
2212	-19.580947	2.251000	20.010000
2213	-19.470947	2.253000	20.100000
2214	-19.460947	2.253000	20.050000
2215	-19.460947	2.255000	19.970000
2216	-19.440947	2.257000	19.970000
2217	-19.430947	2.257000	19.930000
2218	-19.390947	2.257000	19.910000
2219	-19.360947	2.259000	20.020000
2220	-19.330947	2.261000	19.850000
2221	-19.330947	2.261000	19.700000
2222	-19.240947	2.261000	20.020000
2223	-18.840947	2.263000	20.030000
2224	-18.790947	2.265000	20.050000
2225	-18.610947	2.267000	19.910000
2226	-18.430947	2.267000	20.040000
2227	-18.220947	2.267000	19.900000
2228	-17.940947	2.267000	20.090000
2229	-17.870947	2.269000	20.120000
2230	-17.860947	2.269000	20.150000
2231	-17.840947	2.271000	19.930000
2232	-17.820947	2.271000	20.120000
2233	-17.570947	2.271000	20.060000
2234	-17.530947	2.275000	20.030000
2235	-17.520947	2.275000	20.030000
2236	-17.500947	2.277000	20.010000
2237	-17.420947	2.277000	20.050000
2238	-17.410947	2.277000	20.070000
2239	-17.380947	2.279000	20.340000
2240	-17.210947	2.279000	20.160000
2241	-17.130947	2.283000	20.170000
2242	-17.070947	2.283000	20.040000
2243	-16.970947	2.283000	20.180000
2244	-16.930947	2.283000	20.130000
2245	-16.870947	2.285000	20.120000
2246	-16.730947	2.285000	20.180000
2247	-16.680947	2.287000	20.140000
2248	-16.630947	2.289000	19.990000
2249	-16.600947	2.289000	20.010000
2250	-16.510947	2.289000	20.200000
2251	-16.510947	2.291000	20.090000
2252	-16.490947	2.293000	20.020000
2253	-16.310947	2.293000	20.060000
2254	-16.100947	2.293000	20.230000
2255	-16.060947	2.294000	20.110000
2256	-15.970947	2.298000	20.230000
2257	-15.810947	2.296000	20.180000
2258	-15.720947	2.298000	20.120000
2259	-15.720947	2.298000	20.220000
2260	-15.590947	2.298000	20.120000
2261	-15.580947	2.300000	20.140000
2262	-15.470947	2.300000	20.250000
2263	-15.430947	2.302000	20.250000
2264	-15.410947	2.304000	20.150000
2265	-15.330947	2.304000	20.150000
2266	-15.250947	2.304000	20.220000
2267	-15.240947	2.306000	20.230000
2268	-14.980947	2.308000	20.210000
2269	-14.950947	2.308000	20.340000
2270	-14.900947	2.308000	20.120000
2271	-14.840947	2.310000	20.010000
2272	-14.750947	2.312000	20.360000
2273	-14.650947	2.312000	20.420000
2274	-14.650947	2.314000	20.200000
2275	-14.650947	2.316000	20.290000
2276	-14.630947	2.316000	20.420000
2277	-14.540947	2.318000	20.210000
2278	-14.520947	2.320000	20.410000
2279	-14.520947	2.320000	20.250000
2280	-14.340947	2.322000	20.320000
2281	-14.270947	2.322000	20.260000
2282	-14.220947	2.322000	20.390000
2283	-14.200947	2.324000	20.380000
2284	-14.190947	2.324000	20.340000
2285	-14.120947	2.326000	20.170000
2286	-14.110947	2.326000	20.210000
2287	-14.070947	2.328000	20.320000
2288	-13.790947	2.330000	20.420000
2289	-13.750947	2.330000	20.310000
2290	-13.690947	2.330000	20.510000
2291	-13.690947	2.332000	20.220000
2292	-13.690947	2.332000	20.340000
2293	-13.670947	2.334000	20.310000
2294	-13.620947	2.335000	20.290000
2295	-13.500947	2.334000	20.380000
2296	-13.450947	2.337000	20.460000
2297	-13.450947	2.337000	20.250000
2298	-13.290947	2.339000	20.350000
2299	-13.260947	2.339000	20.420000
2300	-13.200947	2.339000	20.430000
2301	-13.160947	2.341000	20.370000
2302	-13.100947	2.343000	20.540000
2303	-13.090947	2.343000	20.630000
2304	-13.020947	2.345000	20.280000
2305	-12.820947	2.345000	20.440000
2306	-12.740947	2.345000	20.530000
2307	-12.570947	2.347000	20.620000
2308	-12.450947	2.347000	20.390000
2309	-12.420947	2.349000	20.310000
2310	-12.410947	2.351000	20.260000
2311	-12.360947	2.351000	20.350000
2312	-12.270947	2.353000	20.600000
2313	-12.230947	2.353000	20.530000
2314	-11.860947	2.353000	20.380000
2315	-11.710947	2.355000	20.510000
2316	-11.630947	2.355000	20.490000
2317	-11.540947	2.357000	20.410000
2318	-11.490947	2.361000	20.520000
2319	-11.460947	2.361000	20.500000
2320	-11.360947	2.361000	20.530000
2321	-11.290947	2.361000	20.480000
2322	-11.260947	2.363000	20.410000
2323	-11.150947	2.363000	20.360000
2324	-10.940947	2.365000	20.540000
2325	-10.940947	2.367000	20.620000
2326	-10.890947	2.365000	20.340000
2327	-10.810947	2.367000	20.590000
2328	-10.750947	2.369000	20.500000
2329	-10.740947	2.369000	20.560000
2330	-10.710947	2.371000	20.650000
2331	-10.710947	2.371000	20.470000
2332	-10.700947	2.373000	20.490000
2333	-10.680947	2.375000	20.650000
2334	-10.630947	2.375000	20.630000
2335	-10.400947	2.376000	20.600000
2336	-10.360947	2.376000	20.690000
2337	-10.330947	2.376000	20.620000
2338	-10.320947	2.378000	20.590000
2339	-10.310947	2.378000	20.460000
2340	-10.210947	2.380000	20.520000
2341	-10.120947	2.382000	20.710000
2342	-10.090947	2.382000	20.480000
2343	-10.000947	2.384000	20.540000
2344	-9.970947	2.384000	20.640000
2345	-9.890947	2.384000	20.500000
2346	-9.860947	2.386000	20.560000
2347	-9.670947	2.386000	20.530000
2348	-9.660947	2.388000	20.660000
2349	-9.640947	2.388000	20.630000
2350	-9.600947	2.390000	20.640000
2351	-9.420947	2.392000	20.450000
2352	-9.360947	2.392000	20.670000
2353	-9.290947	2.392000	20.500000
2354	-9.270947	2.394000	20.530000
2355	-9.270947	2.398000	20.520000
2356	-9.140947	2.398000	20.710000
2357	-9.140947	2.398000	20.640000
2358	-9.090947	2.400000	20.790000
2359	-8.790947	2.402000	20.460000
2360	-8.730947	2.402000	20.590000
2361	-8.720947	2.402000	20.560000
2362	-8.550947	2.404000	20.620000
2363	-8.290947	2.406000	20.790000
2364	-8.280947	2.406000	20.770000
2365	-8.270947	2.408000	20.770000
2366	-8.240947	2.408000	20.590000
2367	-8.130947	2.408000	20.740000
2368	-7.920947	2.410000	20.880000
2369	-7.840947	2.412000	20.720000
2370	-7.790947	2.412000	20.740000
2371	-7.760947	2.414000	20.680000
2372	-7.720947	2.414000	20.780000
2373	-7.620947	2.414000	20.850000
2374	-7.540947	2.416000	20.780000
2375	-7.520947	2.417000	20.660000
2376	-7.480947	2.417000	20.720000
2377	-7.420947	2.417000	20.820000
2378	-7.370947	2.419000	20.760000
2379	-7.200947	2.419000	20.750000
2380	-7.180947	2.421000	20.860000
2381	-7.180947	2.423000	20.570000
2382	-7.110947	2.423000	20.880000
2383	-7.040947	2.423000	20.710000
2384	-6.940947	2.425000	20.820000
2385	-6.900947	2.425000	20.780000
2386	-6.700947	2.427000	20.760000
2387	-6.670947	2.429000	20.970000
2388	-6.660947	2.429000	20.830000
2389	-6.600947	2.429000	20.740000
2390	-6.490947	2.431000	20.680000
2391	-6.340947	2.433000	20.850000
2392	-6.190947	2.433000	20.790000
2393	-6.180947	2.433000	20.840000
2394	-6.150947	2.435000	20.910000
2395	-6.120947	2.437000	20.850000
2396	-6.050947	2.437000	20.930000
2397	-6.040947	2.439000	20.810000
2398	-6.040947	2.439000	20.940000
2399	-5.980947	2.441000	20.950000
2400	-5.910947	2.441000	20.850000
2401	-5.900947	2.441000	20.890000
2402	-5.860947	2.443000	20.810000
2403	-5.810947	2.445000	20.840000
2404	-5.810947	2.445000	20.870000
2405	-5.710947	2.445000	20.840000
2406	-5.690947	2.447000	20.840000
2407	-5.610947	2.449000	20.840000
2408	-5.540947	2.449000	20.790000
2409	-5.520947	2.449000	20.780000
2410	-5.490947	2.451000	20.780000
2411	-5.430947	2.451000	20.820000
2412	-5.390947	2.453000	20.760000
2413	-5.190947	2.455000	20.950000
2414	-5.140947	2.455000	20.820000
2415	-5.110947	2.455000	20.900000
2416	-4.990947	2.457000	20.770000
2417	-4.940947	2.457000	20.810000
2418	-4.880947	2.459000	20.950000
2419	-4.860947	2.460000	20.840000
2420	-4.760947	2.460000	20.820000
2421	-4.530947	2.460000	20.960000
2422	-4.180947	2.462000	20.970000
2423	-4.110947	2.464000	20.940000
2424	-4.000947	2.464000	20.960000
2425	-3.990947	2.464000	20.980000
2426	-3.870947	2.466000	20.930000
2427	-3.830947	2.468000	20.880000
2428	-3.800947	2.468000	20.910000
2429	-3.790947	2.470000	21.000000
2430	-3.730947	2.470000	20.950000
2431	-3.730947	2.470000	20.990000
2432	-3.640947	2.472000	20.950000
2433	-3.500947	2.472000	20.990000
2434	-3.420947	2.474000	20.920000
2435	-3.420947	2.476000	21.020000
2436	-3.370947	2.476000	20.900000
2437	-3.350947	2.476000	20.990000
2438	-3.160947	2.478000	21.000000
2439	-3.100947	2.480000	21.020000
2440	-2.870947	2.482000	21.140000
2441	-2.810947	2.484000	20.970000
2442	-2.750947	2.484000	21.040000
2443	-2.740947	2.484000	21.020000
2444	-2.690947	2.486000	21.030000
2445	-2.640947	2.486000	21.040000
2446	-2.570947	2.488000	21.070000
2447	-2.430947	2.488000	21.040000
2448	-2.430947	2.490000	21.030000
2449	-2.320947	2.492000	21.020000
2450	-2.260947	2.492000	21.000000
2451	-2.030947	2.494000	21.090000
2452	-1.960947	2.494000	21.160000
2453	-1.890947	2.496000	21.070000
2454	-1.600947	2.496000	21.080000
2455	-1.540947	2.498000	21.000000
2456	-1.510947	2.498000	21.110000
2457	-1.480947	2.501000	21.140000
2458	-1.330947	2.501000	21.200000
2459	-1.270947	2.501000	21.020000
2460	-1.250947	2.501000	21.170000
2461	-1.150947	2.503000	20.990000
2462	-1.120947	2.503000	21.220000
2463	-1.060947	2.505000	21.160000
2464	-0.950947	2.505000	21.090000
2465	-0.890947	2.507000	21.130000
2466	-0.840947	2.509000	21.000000
2467	-0.740947	2.509000	21.120000
2468	-0.730947	2.509000	21.210000
2469	-0.720947	2.511000	21.120000
2470	-0.620947	2.511000	21.190000
2471	-0.600947	2.513000	21.160000
2472	-0.600947	2.513000	21.060000
2473	-0.530947	2.515000	21.130000
2474	-0.440947	2.517000	21.120000
2475	-0.360947	2.517000	21.230000
2476	-0.330947	2.517000	20.960000
2477	-0.250947	2.519000	20.900000
2478	-0.200947	2.519000	21.210000
2479	-0.150947	2.521000	21.070000
2480	0.179053	2.523000	21.150000
2481	0.179053	2.523000	21.240000
2482	0.349053	2.525000	21.010000
2483	0.399053	2.525000	21.150000
2484	0.469053	2.527000	21.210000
2485	0.479053	2.527000	21.120000
2486	0.559053	2.527000	21.280000
2487	0.569053	2.529000	21.140000
2488	0.609053	2.531000	21.310000
2489	0.619053	2.531000	21.210000
2490	0.679053	2.533000	21.120000
2491	0.809053	2.533000	21.220000
2492	0.829053	2.533000	21.310000
2493	0.839053	2.535000	21.290000
2494	0.899053	2.535000	21.170000
2495	0.919053	2.537000	21.260000
2496	0.929053	2.539000	21.130000
2497	0.939053	2.539000	21.150000
2498	0.959053	2.541000	21.200000
2499	0.969053	2.541000	21.160000
2500	1.029053	2.541000	21.240000
2501	1.039053	2.543000	21.230000
2502	1.059053	2.543000	21.160000
2503	1.249053	2.544000	21.240000
2504	1.269053	2.548000	21.190000
2505	1.339053	2.548000	21.290000
2506	1.499053	2.548000	21.160000
2507	1.549053	2.548000	21.300000
2508	1.569053	2.550000	21.160000
2509	1.689053	2.550000	21.180000
2510	1.699053	2.552000	21.260000
2511	1.719053	2.554000	21.170000
2512	1.749053	2.554000	21.210000
2513	1.779053	2.554000	21.240000
2514	1.819053	2.556000	21.360000
2515	2.069053	2.558000	21.130000
2516	2.119053	2.558000	21.300000
2517	2.209053	2.558000	21.250000
2518	2.219053	2.560000	21.330000
2519	2.319053	2.562000	21.220000
2520	2.549053	2.562000	21.350000
2521	2.559053	2.564000	21.390000
2522	2.649053	2.566000	21.390000
2523	2.749053	2.566000	21.310000
2524	2.869053	2.568000	21.290000
2525	3.019053	2.570000	21.350000
2526	3.029053	2.570000	21.390000
2527	3.159053	2.570000	21.280000
2528	3.199053	2.572000	21.270000
2529	3.199053	2.574000	21.270000
2530	3.329053	2.574000	21.280000
2531	3.629053	2.574000	21.280000
2532	3.779053	2.576000	21.330000
2533	3.829053	2.576000	21.390000
2534	3.889053	2.578000	21.300000
2535	4.049053	2.580000	21.370000
2536	4.069053	2.580000	21.320000
2537	4.159053	2.580000	21.270000
2538	4.309053	2.582000	21.350000
2539	4.379053	2.582000	21.310000
2540	4.459053	2.584000	21.320000
2541	4.589053	2.585000	21.340000
2542	4.879053	2.585000	21.410000
2543	4.939053	2.585000	21.450000
