1	-188.082009	0.000000	9.340000
2	-187.672009	0.000000	9.320000
3	-187.662009	0.000000	9.510000
4	-187.472009	0.002000	9.550000
5	-187.412009	0.004000	9.590000
6	-187.102009	0.006000	9.250000
7	-187.062009	0.006000	9.370000
8	-187.022009	0.006000	9.720000
9	-186.862009	0.008000	9.330000
10	-186.852009	0.008000	9.620000
11	-186.812009	0.010000	9.390000
12	-186.702009	0.012000	9.420000
13	-186.692009	0.012000	9.350000
14	-186.682009	0.012000	9.620000
15	-186.582009	0.014000	9.560000
16	-186.292009	0.016000	9.370000
17	-186.222009	0.016000	9.440000
18	-186.172009	0.016000	9.370000
19	-186.052009	0.018000	9.310000
20	-186.052009	0.020000	9.240000
21	-185.992009	0.020000	9.480000
22	-185.942009	0.022000	9.610000
23	-185.912009	0.022000	9.700000
24	-185.562009	0.024000	9.580000
25	-185.492009	0.024000	9.570000
26	-185.412009	0.026000	9.490000
27	-185.382009	0.027000	9.410000
28	-185.262009	0.027000	9.730000
29	-185.072009	0.029000	9.630000
30	-185.062009	0.029000	9.840000
31	-184.862009	0.029000	9.740000
32	-184.862009	0.031000	9.790000
33	-184.822009	0.033000	9.620000
34	-184.622009	0.035000	9.450000
35	-184.452009	0.035000	10.000000
36	-184.362009	0.037000	9.530000
37	-184.352009	0.037000	9.720000
38	-184.332009	0.037000	9.640000
39	-184.182009	0.039000	9.680000
40	-184.152009	0.041000	9.730000
41	-184.082009	0.041000	9.860000
42	-184.082009	0.041000	9.840000
43	-183.972009	0.043000	9.700000
44	-183.952009	0.045000	9.660000
45	-183.922009	0.045000	9.740000
46	-183.582009	0.045000	9.700000
47	-183.492009	0.049000	9.630000
48	-183.442009	0.051000	9.630000
49	-183.432009	0.051000	10.080000
50	-183.422009	0.053000	9.740000
51	-183.412009	0.053000	9.990000
52	-183.262009	0.053000	9.940000
53	-183.182009	0.055000	9.790000
54	-183.072009	0.057000	10.130000
55	-183.052009	0.059000	9.710000
56	-182.922009	0.059000	9.670000
57	-182.832009	0.059000	9.870000
58	-182.822009	0.061000	9.600000
59	-182.752009	0.063000	10.310000
60	-182.572009	0.063000	9.820000
61	-182.542009	0.063000	9.710000
62	-182.512009	0.065000	9.710000
63	-182.152009	0.067000	9.660000
64	-182.112009	0.068000	9.830000
65	-182.102009	0.068000	9.860000
66	-182.002009	0.068000	9.830000
67	-181.992009	0.068000	9.940000
68	-181.982009	0.070000	9.730000
69	-181.952009	0.070000	9.620000
70	-181.932009	0.072000	9.900000
71	-181.842009	0.074000	10.210000
72	-181.762009	0.074000	9.750000
73	-181.682009	0.076000	9.750000
74	-181.632009	0.078000	9.710000
75	-181.442009	0.078000	9.840000
76	-181.382009	0.078000	9.920000
77	-181.342009	0.080000	10.140000
78	-181.162009	0.084000	10.480000
79	-181.082009	0.084000	9.910000
80	-181.032009	0.084000	10.040000
81	-180.972009	0.084000	9.850000
82	-180.902009	0.084000	9.820000
83	-180.802009	0.086000	9.840000
84	-180.722009	0.086000	9.790000
85	-180.662009	0.088000	9.760000
86	-180.512009	0.090000	9.670000
87	-180.482009	0.090000	9.840000
88	-180.172009	0.090000	9.720000
89	-180.082009	0.092000	9.820000
90	-180.052009	0.094000	9.690000
91	-180.032009	0.094000	9.920000
92	-179.982009	0.094000	10.070000
93	-179.892009	0.096000	9.900000
94	-179.812009	0.100000	10.000000
95	-179.752009	0.098000	9.660000
96	-179.692009	0.100000	9.920000
97	-179.512009	0.100000	9.910000
98	-179.502009	0.100000	9.780000
99	-179.502009	0.102000	10.010000
100	-179.472009	0.102000	9.830000
101	-179.412009	0.104000	9.690000
102	-179.392009	0.106000	9.930000
103	-179.382009	0.106000	9.960000
104	-179.252009	0.106000	9.960000
105	-179.222009	0.108000	10.050000
106	-179.022009	0.110000	10.050000
107	-179.012009	0.110000	10.000000
108	-179.012009	0.110000	9.940000
109	-178.922009	0.111000	10.160000
110	-178.912009	0.113000	9.810000
111	-178.842009	0.113000	9.860000
112	-178.592009	0.115000	9.700000
113	-178.472009	0.115000	9.980000
114	-178.172009	0.117000	10.130000
115	-177.802009	0.117000	10.110000
116	-177.462009	0.117000	10.020000
117	-177.342009	0.119000	10.000000
118	-177.272009	0.121000	10.570000
119	-177.252009	0.121000	10.770000
120	-177.212009	0.121000	10.250000
121	-177.102009	0.123000	10.260000
122	-177.042009	0.125000	10.200000
123	-177.012009	0.125000	10.340000
124	-177.002009	0.127000	10.150000
125	-176.982009	0.129000	10.050000
126	-176.982009	0.131000	9.920000
127	-176.902009	0.131000	10.510000
128	-176.822009	0.133000	10.430000
129	-176.822009	0.133000	10.380000
130	-176.792009	0.135000	10.110000
131	-176.752009	0.135000	10.100000
132	-176.702009	0.135000	10.380000
133	-176.622009	0.137000	10.060000
134	-176.192009	0.139000	10.240000
135	-175.642009	0.141000	10.280000
136	-174.872009	0.141000	10.530000
137	-174.832009	0.141000	10.810000
138	-174.802009	0.143000	10.360000
139	-174.552009	0.145000	10.320000
140	-174.552009	0.145000	10.250000
141	-174.462009	0.147000	10.590000
142	-174.462009	0.147000	11.050000
143	-174.442009	0.147000	10.510000
144	-174.392009	0.149000	10.570000
145	-174.382009	0.151000	10.360000
146	-174.362009	0.152000	10.630000
147	-174.262009	0.152000	11.180000
148	-174.212009	0.154000	10.430000
149	-174.212009	0.154000	10.820000
150	-174.182009	0.154000	10.490000
151	-174.132009	0.156000	10.590000
152	-174.132009	0.156000	10.500000
153	-174.112009	0.158000	10.440000
154	-174.102009	0.158000	10.210000
155	-174.062009	0.160000	10.480000
156	-174.022009	0.162000	10.360000
157	-174.022009	0.162000	10.320000
158	-173.922009	0.162000	10.500000
159	-173.852009	0.164000	10.710000
160	-173.792009	0.164000	10.340000
161	-173.702009	0.166000	10.390000
162	-173.632009	0.168000	10.270000
163	-173.632009	0.166000	10.260000
164	-173.552009	0.170000	10.330000
165	-173.552009	0.170000	10.380000
166	-173.512009	0.172000	10.550000
167	-173.502009	0.172000	10.480000
168	-173.362009	0.174000	10.520000
169	-173.242009	0.176000	10.450000
170	-173.162009	0.176000	10.340000
171	-173.092009	0.178000	10.390000
172	-173.072009	0.178000	10.380000
173	-173.042009	0.178000	10.690000
174	-173.042009	0.180000	10.300000
175	-173.022009	0.182000	10.330000
176	-173.022009	0.184000	10.470000
177	-172.952009	0.184000	10.510000
178	-172.732009	0.186000	10.390000
179	-172.722009	0.186000	10.550000
180	-172.702009	0.186000	10.440000
181	-172.632009	0.188000	10.420000
182	-172.512009	0.188000	10.410000
183	-172.392009	0.190000	10.490000
184	-172.332009	0.192000	10.410000
185	-172.092009	0.193000	10.790000
186	-172.022009	0.193000	10.460000
187	-171.952009	0.193000	10.730000
188	-171.912009	0.195000	10.780000
189	-171.752009	0.195000	10.900000
190	-171.442009	0.197000	10.720000
191	-171.282009	0.197000	10.610000
192	-171.212009	0.199000	10.390000
193	-171.172009	0.201000	10.590000
194	-171.142009	0.201000	10.550000
195	-171.122009	0.203000	10.630000
196	-171.072009	0.203000	10.550000
197	-170.962009	0.205000	10.640000
198	-170.902009	0.207000	10.700000
199	-170.902009	0.207000	10.670000
200	-170.872009	0.209000	10.620000
201	-170.842009	0.209000	10.560000
202	-170.832009	0.209000	10.700000
203	-170.802009	0.211000	10.400000
204	-170.792009	0.215000	10.580000
205	-170.782009	0.215000	10.630000
206	-170.782009	0.215000	10.960000
207	-170.742009	0.217000	10.450000
208	-170.682009	0.219000	10.570000
209	-170.512009	0.219000	10.590000
210	-170.402009	0.219000	10.600000
211	-170.362009	0.221000	10.630000
212	-170.302009	0.221000	10.630000
213	-170.042009	0.225000	10.640000
214	-169.872009	0.225000	10.630000
215	-169.752009	0.225000	10.630000
216	-169.622009	0.227000	10.680000
217	-169.612009	0.227000	10.660000
218	-169.552009	0.229000	10.800000
219	-169.382009	0.231000	10.640000
220	-169.162009	0.231000	10.780000
221	-169.112009	0.229000	10.680000
222	-169.052009	0.233000	10.570000
223	-169.042009	0.234000	10.720000
224	-168.842009	0.234000	10.800000
225	-168.762009	0.234000	10.790000
226	-168.572009	0.236000	10.620000
227	-168.562009	0.238000	10.750000
228	-168.552009	0.238000	10.770000
229	-168.532009	0.240000	10.940000
230	-168.512009	0.240000	11.020000
231	-168.512009	0.240000	10.710000
232	-168.502009	0.242000	10.890000
233	-168.452009	0.242000	10.840000
234	-168.372009	0.244000	10.800000
235	-168.332009	0.246000	10.810000
236	-168.272009	0.246000	10.840000
237	-168.262009	0.246000	10.650000
238	-168.182009	0.248000	10.840000
239	-168.082009	0.250000	10.760000
240	-168.042009	0.250000	10.840000
241	-167.942009	0.250000	10.900000
242	-167.902009	0.252000	11.220000
243	-167.832009	0.252000	10.930000
244	-167.762009	0.254000	10.940000
245	-167.652009	0.256000	11.060000
246	-167.482009	0.256000	10.750000
247	-167.022009	0.256000	11.180000
248	-167.012009	0.258000	10.900000
249	-166.892009	0.258000	10.770000
250	-166.862009	0.260000	11.000000
251	-166.812009	0.262000	11.140000
252	-166.642009	0.262000	10.950000
253	-166.572009	0.262000	10.900000
254	-166.572009	0.264000	10.910000
255	-166.522009	0.266000	11.000000
256	-166.462009	0.266000	10.970000
257	-166.282009	0.266000	10.800000
258	-166.132009	0.268000	11.020000
259	-166.062009	0.270000	11.040000
260	-166.012009	0.270000	10.760000
261	-165.982009	0.272000	10.890000
262	-165.932009	0.272000	10.930000
263	-165.872009	0.272000	10.970000
264	-165.842009	0.274000	10.770000
265	-165.802009	0.274000	11.040000
266	-165.572009	0.276000	10.920000
267	-165.452009	0.277000	10.620000
268	-165.362009	0.277000	11.090000
269	-165.302009	0.277000	10.970000
270	-165.262009	0.279000	10.940000
271	-165.202009	0.281000	11.230000
272	-165.112009	0.281000	10.850000
273	-165.082009	0.281000	10.870000
274	-165.062009	0.283000	11.050000
275	-164.942009	0.285000	11.140000
276	-164.912009	0.287000	10.930000
277	-164.862009	0.287000	11.040000
278	-164.842009	0.287000	11.140000
279	-164.642009	0.287000	11.070000
280	-164.622009	0.289000	11.050000
281	-164.562009	0.289000	11.280000
282	-164.502009	0.291000	11.090000
283	-164.352009	0.293000	10.840000
284	-164.112009	0.291000	11.070000
285	-164.012009	0.293000	10.900000
286	-163.942009	0.295000	11.110000
287	-163.882009	0.297000	11.270000
288	-163.602009	0.299000	11.210000
289	-163.532009	0.301000	11.000000
290	-163.432009	0.301000	11.250000
291	-163.372009	0.303000	10.920000
292	-163.342009	0.303000	11.130000
293	-163.272009	0.305000	11.090000
294	-163.182009	0.305000	11.280000
295	-163.182009	0.305000	11.010000
296	-163.182009	0.307000	11.010000
297	-163.142009	0.309000	11.110000
298	-162.992009	0.311000	11.190000
299	-162.832009	0.311000	11.370000
300	-162.802009	0.311000	11.110000
301	-162.802009	0.313000	11.050000
302	-162.742009	0.313000	11.240000
303	-162.742009	0.315000	11.120000
304	-162.722009	0.317000	11.240000
305	-162.612009	0.318000	10.940000
306	-162.502009	0.318000	11.190000
307	-162.492009	0.318000	11.180000
308	-162.382009	0.320000	11.260000
309	-162.362009	0.320000	11.290000
310	-162.332009	0.322000	11.210000
311	-162.322009	0.322000	11.140000
312	-162.272009	0.324000	11.170000
313	-162.232009	0.326000	11.170000
314	-162.222009	0.326000	11.370000
315	-162.212009	0.326000	11.140000
316	-162.152009	0.328000	11.460000
317	-162.052009	0.328000	11.220000
318	-161.892009	0.330000	11.060000
319	-161.862009	0.332000	11.160000
320	-161.842009	0.332000	11.060000
321	-161.732009	0.334000	11.520000
322	-161.562009	0.334000	11.240000
323	-161.442009	0.334000	11.300000
324	-161.212009	0.336000	11.240000
325	-161.142009	0.338000	11.210000
326	-160.912009	0.340000	11.360000
327	-160.742009	0.340000	11.200000
328	-160.472009	0.342000	11.260000
329	-160.282009	0.342000	11.340000
330	-160.212009	0.342000	11.330000
331	-160.202009	0.344000	11.370000
332	-160.192009	0.346000	11.290000
333	-160.002009	0.346000	11.470000
334	-159.872009	0.346000	11.310000
335	-159.862009	0.350000	11.210000
336	-159.852009	0.350000	11.320000
337	-159.822009	0.350000	11.180000
338	-159.782009	0.350000	11.260000
339	-159.752009	0.352000	11.290000
340	-159.702009	0.352000	11.440000
341	-159.682009	0.354000	11.500000
342	-159.672009	0.356000	11.260000
343	-159.512009	0.356000	11.610000
344	-159.332009	0.356000	11.170000
345	-159.322009	0.358000	11.340000
346	-159.202009	0.360000	11.390000
347	-159.142009	0.360000	11.360000
348	-159.072009	0.360000	11.460000
349	-159.032009	0.361000	11.600000
350	-158.942009	0.363000	11.580000
351	-158.942009	0.363000	11.630000
352	-158.802009	0.365000	11.570000
353	-158.792009	0.365000	11.570000
354	-158.792009	0.365000	11.470000
355	-158.742009	0.367000	11.560000
356	-158.712009	0.369000	11.640000
357	-158.532009	0.371000	11.500000
358	-158.412009	0.371000	11.680000
359	-158.372009	0.373000	11.630000
360	-158.332009	0.373000	11.560000
361	-158.292009	0.375000	11.600000
362	-158.182009	0.375000	11.470000
363	-158.062009	0.375000	11.470000
364	-158.032009	0.377000	11.560000
365	-158.022009	0.377000	11.550000
366	-157.972009	0.381000	11.450000
367	-157.972009	0.381000	11.350000
368	-157.952009	0.383000	11.430000
369	-157.882009	0.383000	11.430000
370	-157.742009	0.385000	11.610000
371	-157.552009	0.387000	11.500000
372	-157.542009	0.387000	11.610000
373	-157.502009	0.387000	11.470000
374	-157.432009	0.389000	11.750000
375	-157.402009	0.391000	11.610000
376	-157.272009	0.391000	11.620000
377	-157.232009	0.393000	11.520000
378	-156.992009	0.395000	11.590000
379	-156.842009	0.397000	11.500000
380	-156.822009	0.397000	11.400000
381	-156.712009	0.397000	11.690000
382	-156.702009	0.399000	11.740000
383	-156.642009	0.399000	11.770000
384	-156.552009	0.399000	11.650000
385	-156.552009	0.401000	11.560000
386	-156.252009	0.402000	12.070000
387	-156.062009	0.402000	11.480000
388	-156.032009	0.404000	11.600000
389	-155.902009	0.406000	11.640000
390	-155.852009	0.406000	11.450000
391	-155.712009	0.406000	11.600000
392	-155.692009	0.408000	11.660000
393	-155.662009	0.408000	11.810000
394	-155.642009	0.410000	11.850000
395	-155.452009	0.412000	11.660000
396	-155.392009	0.412000	11.620000
397	-155.312009	0.412000	11.500000
398	-155.262009	0.414000	11.610000
399	-155.152009	0.414000	11.460000
400	-155.112009	0.416000	11.610000
401	-155.062009	0.418000	11.600000
402	-155.012009	0.418000	11.720000
403	-154.872009	0.418000	11.800000
404	-154.742009	0.420000	11.910000
405	-154.682009	0.422000	11.860000
406	-154.682009	0.422000	11.780000
407	-154.652009	0.424000	11.730000
408	-154.602009	0.426000	11.790000
409	-154.372009	0.426000	12.020000
410	-154.352009	0.428000	11.670000
411	-154.322009	0.428000	11.690000
412	-154.212009	0.430000	11.830000
413	-154.192009	0.430000	11.820000
414	-154.172009	0.430000	11.720000
415	-154.172009	0.432000	11.750000
416	-154.122009	0.434000	11.750000
417	-154.102009	0.434000	11.740000
418	-154.022009	0.434000	11.700000
419	-153.992009	0.436000	12.030000
420	-153.802009	0.438000	11.660000
421	-153.782009	0.438000	11.820000
422	-153.732009	0.440000	11.790000
423	-153.692009	0.440000	11.650000
424	-153.662009	0.440000	11.570000
425	-153.592009	0.443000	11.760000
426	-153.582009	0.443000	11.580000
427	-153.572009	0.443000	11.910000
428	-153.552009	0.445000	11.990000
429	-153.502009	0.445000	11.940000
430	-153.442009	0.447000	11.640000
431	-153.372009	0.449000	12.000000
432	-153.352009	0.449000	12.000000
433	-153.262009	0.449000	11.720000
434	-153.002009	0.453000	11.910000
435	-152.472009	0.453000	11.990000
436	-152.122009	0.453000	12.020000
437	-151.952009	0.455000	11.900000
438	-151.722009	0.459000	11.930000
439	-151.692009	0.459000	11.930000
440	-151.692009	0.459000	11.960000
441	-151.602009	0.459000	11.850000
442	-151.602009	0.461000	11.820000
443	-151.562009	0.461000	12.040000
444	-151.542009	0.463000	11.860000
445	-151.522009	0.465000	11.920000
446	-151.512009	0.467000	12.030000
447	-151.502009	0.467000	11.810000
448	-151.482009	0.467000	11.890000
449	-151.422009	0.469000	12.010000
450	-151.392009	0.469000	11.910000
451	-151.382009	0.471000	12.000000
452	-151.342009	0.473000	12.070000
453	-151.322009	0.473000	11.900000
454	-151.032009	0.473000	11.900000
455	-151.012009	0.475000	11.870000
456	-150.892009	0.475000	12.000000
457	-150.852009	0.477000	11.920000
458	-150.772009	0.477000	12.180000
459	-150.752009	0.479000	12.230000
460	-150.672009	0.481000	11.870000
461	-150.662009	0.481000	12.120000
462	-150.652009	0.483000	12.140000
463	-150.472009	0.483000	11.900000
464	-150.282009	0.483000	11.770000
465	-150.042009	0.484000	11.800000
466	-149.882009	0.484000	12.060000
467	-149.882009	0.486000	12.080000
468	-149.852009	0.488000	12.110000
469	-149.822009	0.488000	12.250000
470	-149.772009	0.490000	12.020000
471	-149.742009	0.490000	12.020000
472	-149.662009	0.492000	12.000000
473	-149.632009	0.492000	11.890000
474	-149.622009	0.492000	11.730000
475	-149.562009	0.494000	12.050000
476	-149.532009	0.496000	12.300000
477	-149.432009	0.496000	11.920000
478	-149.362009	0.498000	12.060000
479	-149.312009	0.498000	12.030000
480	-149.282009	0.498000	11.990000
481	-149.272009	0.500000	11.920000
482	-149.192009	0.500000	12.150000
483	-149.182009	0.502000	12.150000
484	-149.142009	0.502000	12.070000
485	-149.092009	0.504000	12.170000
486	-148.962009	0.506000	12.120000
487	-148.932009	0.506000	12.080000
488	-148.812009	0.506000	12.000000
489	-148.492009	0.508000	12.020000
490	-148.392009	0.508000	12.120000
491	-148.252009	0.510000	12.070000
492	-148.062009	0.512000	12.200000
493	-147.842009	0.512000	11.990000
494	-147.682009	0.514000	12.260000
495	-147.632009	0.514000	12.160000
496	-147.502009	0.516000	12.330000
497	-147.502009	0.516000	12.130000
498	-147.422009	0.516000	12.270000
499	-147.292009	0.518000	12.230000
500	-147.172009	0.520000	12.200000
501	-147.142009	0.520000	12.120000
502	-147.132009	0.522000	12.200000
503	-147.032009	0.522000	12.210000
504	-146.962009	0.522000	12.380000
505	-146.932009	0.524000	12.110000
506	-146.872009	0.526000	12.300000
507	-146.872009	0.527000	12.090000
508	-146.642009	0.527000	12.090000
509	-146.462009	0.529000	12.590000
510	-146.432009	0.529000	12.370000
511	-146.342009	0.529000	12.140000
512	-146.302009	0.531000	12.230000
513	-145.942009	0.531000	12.250000
514	-145.902009	0.533000	12.190000
515	-145.882009	0.533000	12.170000
516	-145.842009	0.535000	12.210000
517	-145.832009	0.537000	12.330000
518	-145.782009	0.537000	12.290000
519	-145.532009	0.537000	12.210000
520	-145.522009	0.539000	12.240000
521	-145.512009	0.539000	12.360000
522	-145.472009	0.541000	12.330000
523	-145.472009	0.543000	12.350000
524	-145.352009	0.543000	12.660000
525	-145.332009	0.543000	12.330000
526	-145.102009	0.547000	12.520000
527	-144.912009	0.549000	12.300000
528	-144.842009	0.551000	12.220000
529	-144.792009	0.551000	12.480000
530	-144.782009	0.553000	12.580000
531	-144.752009	0.553000	12.320000
532	-144.742009	0.553000	12.280000
533	-144.672009	0.555000	12.460000
534	-144.542009	0.555000	12.160000
535	-144.482009	0.557000	12.600000
536	-144.342009	0.559000	12.580000
537	-144.312009	0.559000	12.470000
538	-144.282009	0.561000	12.480000
539	-144.182009	0.563000	12.440000
540	-144.172009	0.563000	12.280000
541	-144.102009	0.563000	12.370000
542	-144.082009	0.565000	12.450000
543	-144.052009	0.568000	12.520000
544	-144.002009	0.567000	12.270000
545	-143.952009	0.567000	12.500000
546	-143.882009	0.568000	12.520000
547	-143.552009	0.568000	12.440000
548	-143.542009	0.570000	12.340000
549	-143.472009	0.570000	12.420000
550	-143.402009	0.572000	12.630000
551	-143.392009	0.574000	12.690000
552	-143.392009	0.574000	12.340000
553	-143.302009	0.576000	12.340000
554	-143.292009	0.576000	12.380000
555	-143.222009	0.578000	12.530000
556	-143.202009	0.578000	12.440000
557	-142.952009	0.578000	12.390000
558	-142.922009	0.580000	12.670000
559	-142.832009	0.582000	12.360000
560	-142.822009	0.582000	12.640000
561	-142.782009	0.584000	12.700000
562	-142.732009	0.584000	12.510000
563	-142.492009	0.586000	12.560000
564	-142.392009	0.586000	12.510000
565	-142.372009	0.588000	12.520000
566	-142.352009	0.590000	12.470000
567	-142.272009	0.590000	12.510000
568	-141.902009	0.590000	12.600000
569	-141.902009	0.592000	12.510000
570	-141.732009	0.594000	12.540000
571	-141.692009	0.594000	12.650000
572	-141.612009	0.594000	12.620000
573	-141.502009	0.596000	12.610000
574	-141.502009	0.598000	12.560000
575	-141.492009	0.600000	12.500000
576	-141.412009	0.600000	12.450000
577	-141.382009	0.600000	12.560000
578	-141.342009	0.602000	12.570000
579	-141.272009	0.602000	12.780000
580	-141.072009	0.604000	12.680000
581	-140.942009	0.606000	12.590000
582	-140.842009	0.606000	12.680000
583	-140.832009	0.606000	12.800000
584	-140.812009	0.610000	12.630000
585	-140.632009	0.610000	12.580000
586	-140.542009	0.610000	12.600000
587	-140.542009	0.611000	12.590000
588	-140.422009	0.613000	12.430000
589	-140.412009	0.613000	12.800000
590	-140.302009	0.615000	12.590000
591	-140.082009	0.615000	12.660000
592	-140.012009	0.617000	12.680000
593	-139.922009	0.617000	12.860000
594	-139.862009	0.619000	12.790000
595	-139.712009	0.621000	12.570000
596	-139.602009	0.621000	12.690000
597	-139.552009	0.621000	12.840000
598	-139.552009	0.623000	12.750000
599	-139.242009	0.625000	12.650000
600	-139.152009	0.625000	12.800000
601	-139.102009	0.625000	12.780000
602	-139.092009	0.627000	12.990000
603	-138.922009	0.629000	12.770000
604	-138.902009	0.631000	12.840000
605	-138.782009	0.631000	12.840000
606	-138.772009	0.633000	12.790000
607	-138.552009	0.633000	12.840000
608	-138.522009	0.635000	12.560000
609	-138.492009	0.637000	12.780000
610	-138.412009	0.637000	12.730000
611	-138.342009	0.639000	12.650000
612	-138.242009	0.639000	12.790000
613	-138.162009	0.639000	12.920000
614	-138.112009	0.641000	12.820000
615	-138.052009	0.643000	12.970000
616	-137.922009	0.645000	12.560000
617	-137.912009	0.645000	12.660000
618	-137.842009	0.647000	12.940000
619	-137.812009	0.647000	12.740000
620	-137.462009	0.647000	12.970000
621	-137.452009	0.649000	12.890000
622	-137.282009	0.649000	12.950000
623	-137.242009	0.651000	12.910000
624	-137.192009	0.652000	12.720000
625	-137.162009	0.654000	12.990000
626	-137.032009	0.654000	12.940000
627	-136.972009	0.654000	12.660000
628	-136.932009	0.656000	12.950000
629	-136.892009	0.656000	13.060000
630	-136.872009	0.658000	12.950000
631	-136.782009	0.658000	12.900000
632	-136.772009	0.660000	12.820000
633	-136.752009	0.660000	13.000000
634	-136.672009	0.662000	12.910000
635	-136.552009	0.662000	12.870000
636	-136.532009	0.664000	12.600000
637	-136.412009	0.664000	12.850000
638	-136.342009	0.666000	12.940000
639	-136.202009	0.668000	12.770000
640	-136.182009	0.668000	13.040000
641	-136.142009	0.670000	12.770000
642	-136.032009	0.670000	12.830000
643	-135.882009	0.670000	12.980000
644	-135.842009	0.672000	12.880000
645	-135.732009	0.672000	12.940000
646	-135.692009	0.674000	12.970000
647	-135.592009	0.676000	13.010000
648	-135.482009	0.676000	13.080000
649	-135.472009	0.678000	12.930000
650	-135.332009	0.678000	12.990000
651	-135.292009	0.678000	12.850000
652	-135.282009	0.680000	12.940000
653	-135.192009	0.680000	12.980000
654	-135.192009	0.682000	13.080000
655	-135.182009	0.684000	12.910000
656	-135.062009	0.684000	12.980000
657	-135.052009	0.686000	12.860000
658	-134.812009	0.686000	12.920000
659	-134.812009	0.686000	13.090000
660	-134.752009	0.688000	12.970000
661	-134.742009	0.688000	13.140000
662	-134.712009	0.690000	12.990000
663	-134.582009	0.690000	12.980000
664	-134.572009	0.693000	13.010000
665	-134.302009	0.693000	13.280000
666	-134.292009	0.693000	13.080000
667	-134.222009	0.695000	12.930000
668	-134.172009	0.695000	13.110000
669	-134.152009	0.697000	12.940000
670	-134.122009	0.699000	13.030000
671	-134.092009	0.699000	13.050000
672	-134.082009	0.701000	13.100000
673	-134.032009	0.701000	13.200000
674	-134.002009	0.701000	13.260000
675	-133.932009	0.703000	12.960000
676	-133.892009	0.703000	12.970000
677	-133.752009	0.705000	12.970000
678	-133.652009	0.707000	13.180000
679	-133.632009	0.707000	13.060000
680	-133.542009	0.709000	13.110000
681	-133.462009	0.709000	13.370000
682	-133.162009	0.711000	13.210000
683	-133.162009	0.711000	13.060000
684	-133.082009	0.713000	13.180000
685	-133.082009	0.713000	13.250000
686	-132.912009	0.715000	13.110000
687	-132.782009	0.717000	13.110000
688	-132.772009	0.719000	13.370000
689	-132.442009	0.719000	13.330000
690	-132.362009	0.719000	13.330000
691	-132.342009	0.721000	13.230000
692	-132.332009	0.723000	13.280000
693	-132.292009	0.723000	13.200000
694	-132.202009	0.723000	13.320000
695	-132.182009	0.727000	13.200000
696	-132.182009	0.727000	13.170000
697	-132.102009	0.727000	13.350000
698	-132.092009	0.729000	13.190000
699	-132.032009	0.731000	13.400000
700	-131.882009	0.731000	13.510000
701	-131.842009	0.731000	13.310000
702	-131.812009	0.733000	13.230000
703	-131.742009	0.734000	13.520000
704	-131.692009	0.734000	13.270000
705	-131.502009	0.734000	13.080000
706	-131.352009	0.736000	13.310000
707	-131.262009	0.738000	13.400000
708	-131.252009	0.738000	13.540000
709	-131.252009	0.740000	13.330000
710	-131.122009	0.740000	13.500000
711	-131.062009	0.740000	13.400000
712	-131.002009	0.742000	13.530000
713	-130.992009	0.742000	13.300000
714	-130.952009	0.744000	13.390000
715	-130.942009	0.746000	13.360000
716	-130.912009	0.746000	13.390000
717	-130.752009	0.746000	13.400000
718	-130.752009	0.748000	13.440000
719	-130.742009	0.750000	13.260000
720	-130.672009	0.750000	13.400000
721	-130.622009	0.750000	13.330000
722	-130.442009	0.752000	13.340000
723	-130.362009	0.754000	13.520000
724	-130.302009	0.754000	13.310000
725	-130.192009	0.754000	13.350000
726	-130.152009	0.756000	13.400000
727	-130.152009	0.756000	13.430000
728	-130.142009	0.758000	13.430000
729	-130.012009	0.758000	13.540000
730	-129.852009	0.760000	13.610000
731	-129.762009	0.762000	13.440000
732	-129.742009	0.762000	13.440000
733	-129.712009	0.762000	13.330000
734	-129.682009	0.764000	13.390000
735	-129.632009	0.764000	13.460000
736	-129.172009	0.766000	13.450000
737	-129.062009	0.766000	13.460000
738	-128.962009	0.768000	13.470000
739	-128.902009	0.770000	13.260000
740	-128.872009	0.770000	13.530000
741	-128.772009	0.772000	13.360000
742	-128.722009	0.772000	13.460000
743	-128.682009	0.772000	13.560000
744	-128.642009	0.774000	13.540000
745	-128.642009	0.774000	13.510000
746	-128.602009	0.776000	13.520000
747	-128.422009	0.777000	13.520000
748	-128.342009	0.777000	13.490000
749	-128.332009	0.779000	13.480000
750	-128.322009	0.781000	13.410000
751	-128.282009	0.781000	13.540000
752	-128.262009	0.781000	13.300000
753	-128.102009	0.783000	13.450000
754	-127.992009	0.785000	13.580000
755	-127.952009	0.785000	13.500000
756	-127.942009	0.785000	13.360000
757	-127.922009	0.787000	13.490000
758	-127.812009	0.787000	13.650000
759	-127.782009	0.789000	13.480000
760	-127.562009	0.789000	13.480000
761	-127.102009	0.791000	13.630000
762	-127.022009	0.793000	13.580000
763	-126.942009	0.793000	13.570000
764	-126.932009	0.793000	13.710000
765	-126.862009	0.795000	13.640000
766	-126.722009	0.795000	13.600000
767	-126.662009	0.799000	13.650000
768	-126.642009	0.801000	13.610000
769	-126.642009	0.801000	13.580000
770	-126.622009	0.803000	13.560000
771	-126.572009	0.803000	13.660000
772	-126.512009	0.803000	13.680000
773	-126.422009	0.805000	13.710000
774	-126.362009	0.807000	13.570000
775	-126.252009	0.807000	13.530000
776	-126.252009	0.807000	13.590000
777	-126.232009	0.809000	13.680000
778	-126.122009	0.811000	13.590000
779	-126.112009	0.811000	13.690000
780	-125.992009	0.811000	13.940000
781	-125.812009	0.813000	14.040000
782	-125.782009	0.813000	13.670000
783	-125.382009	0.815000	13.740000
784	-125.312009	0.817000	14.010000
785	-125.082009	0.817000	13.870000
786	-125.022009	0.818000	13.810000
787	-124.952009	0.818000	13.970000
788	-124.912009	0.820000	13.880000
789	-124.892009	0.820000	13.860000
790	-124.742009	0.822000	13.950000
791	-124.712009	0.824000	13.870000
792	-124.672009	0.824000	13.860000
793	-124.542009	0.826000	13.970000
794	-124.232009	0.826000	13.890000
795	-124.162009	0.826000	13.950000
796	-124.162009	0.828000	13.980000
797	-124.122009	0.828000	13.890000
798	-124.072009	0.830000	13.640000
799	-124.072009	0.832000	13.810000
800	-124.052009	0.832000	13.820000
801	-124.042009	0.834000	13.790000
802	-124.012009	0.834000	13.760000
803	-123.992009	0.834000	13.930000
804	-123.902009	0.836000	13.930000
805	-123.862009	0.838000	13.880000
806	-123.822009	0.838000	13.890000
807	-123.812009	0.840000	13.990000
808	-123.562009	0.840000	13.750000
809	-123.472009	0.842000	13.900000
810	-123.452009	0.842000	13.890000
811	-123.392009	0.842000	13.940000
812	-123.342009	0.844000	14.210000
813	-123.342009	0.844000	13.920000
814	-123.302009	0.846000	14.000000
815	-123.062009	0.848000	14.080000
816	-122.672009	0.848000	13.890000
817	-122.652009	0.848000	13.710000
818	-122.652009	0.850000	13.960000
819	-122.632009	0.852000	14.000000
820	-122.612009	0.852000	13.780000
821	-122.502009	0.852000	14.090000
822	-122.462009	0.854000	13.960000
823	-122.412009	0.856000	14.060000
824	-122.372009	0.856000	14.130000
825	-122.292009	0.858000	14.200000
826	-122.122009	0.858000	13.850000
827	-122.112009	0.858000	13.960000
828	-122.042009	0.860000	13.880000
829	-122.042009	0.861000	14.010000
830	-121.992009	0.863000	13.960000
831	-121.962009	0.863000	13.980000
832	-121.942009	0.865000	13.970000
833	-121.852009	0.865000	13.970000
834	-121.552009	0.865000	14.030000
835	-121.542009	0.867000	13.960000
836	-121.522009	0.867000	14.010000
837	-121.512009	0.869000	14.040000
838	-121.482009	0.869000	14.070000
839	-121.212009	0.871000	14.060000
840	-121.192009	0.873000	14.190000
841	-121.012009	0.873000	13.990000
842	-120.982009	0.873000	14.200000
843	-120.982009	0.875000	14.080000
844	-120.922009	0.875000	14.220000
845	-120.862009	0.877000	13.920000
846	-120.802009	0.879000	14.020000
847	-120.782009	0.881000	14.240000
848	-120.732009	0.879000	14.210000
849	-120.642009	0.883000	14.220000
850	-120.602009	0.883000	14.210000
851	-120.552009	0.885000	14.240000
852	-120.302009	0.887000	14.170000
853	-120.182009	0.887000	14.250000
854	-120.152009	0.887000	14.090000
855	-120.142009	0.889000	13.980000
856	-120.092009	0.891000	14.180000
857	-120.052009	0.891000	14.170000
858	-119.902009	0.891000	14.070000
859	-119.892009	0.893000	14.130000
860	-119.852009	0.897000	14.160000
861	-119.662009	0.895000	14.200000
862	-119.532009	0.897000	14.350000
863	-119.492009	0.897000	14.220000
864	-119.462009	0.897000	14.320000
865	-119.382009	0.899000	14.350000
866	-119.342009	0.899000	14.350000
867	-119.332009	0.901000	14.230000
868	-119.202009	0.901000	14.170000
869	-119.152009	0.902000	14.210000
870	-118.862009	0.902000	14.400000
871	-118.782009	0.904000	14.050000
872	-118.762009	0.906000	14.180000
873	-118.732009	0.906000	14.220000
874	-118.662009	0.906000	14.210000
875	-118.632009	0.908000	14.330000
876	-118.542009	0.910000	14.290000
877	-118.402009	0.910000	14.130000
878	-118.182009	0.912000	14.250000
879	-118.112009	0.912000	14.370000
880	-117.862009	0.914000	14.530000
881	-117.762009	0.914000	14.320000
882	-117.742009	0.914000	14.480000
883	-117.722009	0.916000	14.460000
884	-117.662009	0.918000	14.450000
885	-117.532009	0.918000	14.330000
886	-117.512009	0.918000	14.550000
887	-117.462009	0.920000	14.380000
888	-117.452009	0.922000	14.300000
889	-117.442009	0.922000	14.510000
890	-117.442009	0.922000	14.520000
891	-117.392009	0.924000	14.200000
892	-117.372009	0.926000	14.350000
893	-117.242009	0.926000	14.430000
894	-117.222009	0.928000	14.420000
895	-117.042009	0.928000	14.430000
896	-117.012009	0.928000	14.380000
897	-116.982009	0.930000	14.370000
898	-116.982009	0.930000	14.350000
899	-116.892009	0.932000	14.390000
900	-116.732009	0.932000	14.670000
901	-116.702009	0.934000	14.530000
902	-116.422009	0.934000	14.320000
903	-116.362009	0.936000	14.420000
904	-116.322009	0.938000	14.360000
905	-116.242009	0.938000	14.530000
906	-116.202009	0.938000	14.440000
907	-116.142009	0.940000	14.520000
908	-116.102009	0.942000	14.450000
909	-116.072009	0.942000	14.240000
910	-115.982009	0.943000	14.600000
911	-115.852009	0.945000	14.550000
912	-115.762009	0.945000	14.620000
913	-115.752009	0.945000	14.510000
914	-115.652009	0.947000	14.460000
915	-115.652009	0.949000	14.380000
916	-115.562009	0.949000	14.650000
917	-115.562009	0.949000	14.400000
918	-115.512009	0.951000	14.560000
919	-115.272009	0.953000	14.670000
920	-115.212009	0.953000	14.420000
921	-115.162009	0.953000	14.560000
922	-115.142009	0.955000	14.560000
923	-115.132009	0.957000	14.350000
924	-115.082009	0.957000	14.490000
925	-114.622009	0.959000	14.620000
926	-114.582009	0.959000	14.760000
927	-114.582009	0.959000	14.550000
928	-114.552009	0.961000	14.600000
929	-114.542009	0.961000	14.670000
930	-114.502009	0.965000	14.720000
931	-114.352009	0.967000	14.510000
932	-114.352009	0.967000	14.550000
933	-114.292009	0.969000	14.480000
934	-114.292009	0.969000	14.360000
935	-114.132009	0.971000	14.570000
936	-114.122009	0.973000	14.490000
937	-114.102009	0.973000	14.660000
938	-113.962009	0.975000	14.590000
939	-113.902009	0.975000	14.870000
940	-113.772009	0.975000	14.600000
941	-113.662009	0.977000	14.710000
942	-113.612009	0.979000	14.690000
943	-113.612009	0.981000	14.610000
944	-113.572009	0.981000	14.710000
945	-113.472009	0.983000	14.560000
946	-113.232009	0.983000	14.430000
947	-113.212009	0.983000	14.530000
948	-113.202009	0.984000	14.610000
949	-113.022009	0.984000	14.780000
950	-112.962009	0.986000	14.660000
951	-112.892009	0.988000	14.560000
952	-112.852009	0.988000	14.640000
953	-112.762009	0.990000	14.730000
954	-112.752009	0.990000	14.560000
955	-112.302009	0.990000	14.640000
956	-112.042009	0.992000	14.850000
957	-111.932009	0.992000	14.770000
958	-111.912009	0.994000	14.590000
959	-111.732009	0.996000	14.760000
960	-111.692009	0.996000	14.780000
961	-111.692009	0.996000	14.900000
962	-111.682009	0.998000	15.100000
963	-111.682009	0.998000	14.580000
964	-111.632009	1.000000	14.750000
965	-111.472009	1.000000	14.810000
966	-111.342009	1.002000	14.800000
967	-111.332009	1.004000	14.700000
968	-111.302009	1.004000	14.650000
969	-111.142009	1.006000	14.530000
970	-111.112009	1.006000	14.730000
971	-111.102009	1.008000	14.860000
972	-111.082009	1.008000	14.790000
973	-111.072009	1.010000	14.920000
974	-110.952009	1.012000	14.740000
975	-110.952009	1.010000	14.750000
976	-110.842009	1.014000	14.840000
977	-110.832009	1.014000	14.810000
978	-110.822009	1.016000	14.900000
979	-110.792009	1.016000	13.570000
980	-110.562009	1.016000	14.940000
981	-110.532009	1.018000	14.960000
982	-110.392009	1.020000	13.590000
983	-110.372009	1.020000	14.810000
984	-110.372009	1.022000	14.810000
985	-110.362009	1.022000	15.030000
986	-110.312009	1.022000	14.910000
987	-110.302009	1.024000	14.820000
988	-110.262009	1.024000	14.430000
989	-110.262009	1.026000	15.010000
990	-110.112009	1.026000	14.770000
991	-109.982009	1.029000	13.550000
992	-109.972009	1.029000	15.030000
993	-109.882009	1.029000	13.740000
994	-109.852009	1.031000	14.940000
995	-109.792009	1.031000	13.560000
996	-109.682009	1.033000	14.790000
997	-109.652009	1.035000	14.850000
998	-109.332009	1.035000	13.670000
999	-109.332009	1.037000	13.590000
1000	-109.302009	1.037000	13.730000
1001	-109.112009	1.037000	13.450000
1002	-109.102009	1.039000	13.610000
1003	-109.012009	1.039000	13.550000
1004	-108.982009	1.041000	13.510000
1005	-108.812009	1.043000	13.600000
1006	-108.332009	1.043000	14.020000
1007	-108.332009	1.045000	13.680000
1008	-108.172009	1.045000	13.610000
1009	-108.042009	1.045000	14.950000
1010	-107.842009	1.049000	13.710000
1011	-107.812009	1.051000	13.770000
1012	-107.742009	1.053000	14.060000
1013	-107.712009	1.053000	13.710000
1014	-107.682009	1.053000	14.130000
1015	-107.652009	1.055000	13.710000
1016	-107.552009	1.055000	13.760000
1017	-107.452009	1.057000	13.820000
1018	-107.422009	1.057000	13.700000
1019	-107.292009	1.057000	13.890000
1020	-107.292009	1.059000	13.840000
1021	-107.162009	1.063000	13.720000
1022	-107.062009	1.063000	13.990000
1023	-107.002009	1.063000	13.790000
1024	-106.942009	1.065000	13.760000
1025	-106.872009	1.067000	13.980000
1026	-106.842009	1.067000	13.830000
1027	-106.812009	1.068000	13.830000
1028	-106.802009	1.068000	13.720000
1029	-106.772009	1.068000	13.760000
1030	-106.742009	1.070000	13.760000
1031	-106.682009	1.070000	13.900000
1032	-106.482009	1.072000	13.620000
1033	-106.322009	1.074000	13.940000
1034	-106.292009	1.074000	13.710000
1035	-106.262009	1.074000	13.990000
1036	-106.062009	1.076000	14.010000
1037	-106.002009	1.078000	13.840000
1038	-106.002009	1.078000	13.980000
1039	-105.942009	1.078000	13.860000
1040	-105.942009	1.080000	13.780000
1041	-105.872009	1.084000	13.750000
1042	-105.832009	1.084000	13.890000
1043	-105.772009	1.084000	13.710000
1044	-105.672009	1.084000	13.880000
1045	-105.582009	1.086000	14.030000
1046	-105.512009	1.086000	13.840000
1047	-105.512009	1.088000	13.880000
1048	-105.312009	1.090000	14.020000
1049	-105.222009	1.088000	13.760000
1050	-105.152009	1.090000	13.830000
1051	-105.122009	1.092000	13.970000
1052	-105.062009	1.094000	13.860000
1053	-105.002009	1.094000	13.930000
1054	-104.992009	1.094000	13.890000
1055	-104.832009	1.096000	14.230000
1056	-104.772009	1.098000	14.100000
1057	-104.702009	1.098000	14.100000
1058	-104.682009	1.100000	14.030000
1059	-104.672009	1.100000	13.860000
1060	-104.572009	1.100000	13.960000
1061	-104.572009	1.102000	13.980000
1062	-104.502009	1.104000	13.880000
1063	-104.382009	1.106000	13.840000
1064	-104.352009	1.106000	13.840000
1065	-104.082009	1.106000	13.970000
1066	-104.022009	1.108000	13.950000
1067	-103.952009	1.110000	14.010000
1068	-103.762009	1.110000	14.080000
1069	-103.762009	1.110000	13.980000
1070	-103.692009	1.111000	14.100000
1071	-103.642009	1.113000	14.070000
1072	-103.642009	1.113000	13.960000
1073	-103.612009	1.115000	14.100000
1074	-103.512009	1.115000	13.880000
1075	-103.432009	1.115000	14.070000
1076	-103.282009	1.117000	13.930000
1077	-103.282009	1.117000	13.990000
1078	-102.922009	1.119000	14.130000
1079	-102.852009	1.121000	13.960000
1080	-102.832009	1.121000	14.130000
1081	-102.832009	1.121000	14.330000
1082	-102.822009	1.123000	14.140000
1083	-102.802009	1.125000	14.250000
1084	-102.742009	1.125000	14.170000
1085	-102.722009	1.125000	14.150000
1086	-102.482009	1.127000	14.140000
1087	-102.472009	1.129000	13.870000
1088	-102.222009	1.129000	14.050000
1089	-102.202009	1.131000	14.220000
1090	-102.132009	1.133000	13.980000
1091	-102.032009	1.133000	14.210000
1092	-101.972009	1.135000	14.250000
1093	-101.832009	1.137000	14.320000
1094	-101.802009	1.137000	14.280000
1095	-101.742009	1.139000	14.090000
1096	-101.572009	1.139000	14.200000
1097	-101.542009	1.139000	14.230000
1098	-101.512009	1.141000	14.480000
1099	-101.402009	1.141000	14.140000
1100	-101.372009	1.143000	14.110000
1101	-101.362009	1.143000	14.100000
1102	-101.362009	1.147000	14.110000
1103	-101.262009	1.147000	14.400000
1104	-101.152009	1.147000	14.120000
1105	-101.012009	1.149000	14.080000
1106	-100.942009	1.149000	14.200000
1107	-100.922009	1.151000	14.320000
1108	-100.842009	1.152000	14.200000
1109	-100.712009	1.152000	14.170000
1110	-100.322009	1.152000	14.220000
1111	-100.302009	1.154000	14.460000
1112	-100.192009	1.156000	14.270000
1113	-99.972009	1.156000	14.370000
1114	-99.872009	1.156000	14.330000
1115	-99.872009	1.158000	14.420000
1116	-99.842009	1.160000	14.400000
1117	-99.822009	1.160000	14.250000
1118	-99.772009	1.162000	14.040000
1119	-99.542009	1.162000	14.360000
1120	-99.512009	1.162000	14.180000
1121	-99.502009	1.164000	14.250000
1122	-99.342009	1.164000	14.180000
1123	-99.322009	1.166000	14.200000
1124	-99.312009	1.168000	14.170000
1125	-99.222009	1.168000	14.380000
1126	-99.152009	1.170000	14.320000
1127	-99.022009	1.170000	14.310000
1128	-99.002009	1.170000	14.270000
1129	-98.992009	1.172000	14.430000
1130	-98.962009	1.174000	14.610000
1131	-98.842009	1.174000	14.190000
1132	-98.832009	1.176000	14.330000
1133	-98.732009	1.176000	14.180000
1134	-98.612009	1.178000	14.370000
1135	-98.482009	1.178000	14.180000
1136	-98.442009	1.178000	14.420000
1137	-98.282009	1.180000	14.350000
1138	-98.282009	1.180000	14.320000
1139	-98.222009	1.182000	14.380000
1140	-98.202009	1.184000	14.290000
1141	-98.162009	1.184000	14.230000
1142	-98.092009	1.184000	14.500000
1143	-98.082009	1.188000	14.140000
1144	-97.842009	1.188000	14.410000
1145	-97.782009	1.188000	14.200000
1146	-97.652009	1.190000	14.450000
1147	-97.552009	1.192000	14.410000
1148	-97.532009	1.192000	14.430000
1149	-97.472009	1.193000	14.320000
1150	-97.442009	1.193000	14.370000
1151	-97.292009	1.193000	14.490000
1152	-97.282009	1.195000	14.380000
1153	-97.252009	1.195000	14.520000
1154	-97.252009	1.197000	14.500000
1155	-97.142009	1.199000	14.460000
1156	-97.132009	1.199000	14.400000
1157	-97.052009	1.201000	14.470000
1158	-97.052009	1.201000	14.500000
1159	-96.932009	1.201000	14.520000
1160	-96.792009	1.203000	14.500000
1161	-96.792009	1.203000	14.500000
1162	-96.732009	1.205000	14.510000
1163	-96.732009	1.209000	14.470000
1164	-96.642009	1.209000	14.360000
1165	-96.342009	1.209000	14.460000
1166	-96.242009	1.209000	14.420000
1167	-96.222009	1.211000	14.490000
1168	-95.882009	1.215000	14.580000
1169	-95.832009	1.215000	14.710000
1170	-95.652009	1.215000	14.710000
1171	-95.602009	1.217000	14.840000
1172	-95.442009	1.217000	14.460000
1173	-95.142009	1.219000	14.560000
1174	-95.112009	1.219000	14.640000
1175	-95.032009	1.221000	14.820000
1176	-95.002009	1.223000	14.590000
1177	-94.982009	1.223000	14.630000
1178	-94.962009	1.225000	14.520000
1179	-94.952009	1.225000	14.580000
1180	-94.942009	1.225000	14.820000
1181	-94.882009	1.227000	14.810000
1182	-94.852009	1.227000	14.520000
1183	-94.642009	1.229000	14.690000
1184	-94.572009	1.231000	14.610000
1185	-94.542009	1.231000	14.470000
1186	-94.492009	1.231000	14.520000
1187	-94.482009	1.233000	14.810000
1188	-94.392009	1.234000	14.950000
1189	-94.362009	1.234000	14.820000
1190	-94.172009	1.234000	14.720000
1191	-94.142009	1.236000	14.860000
1192	-94.022009	1.238000	14.670000
1193	-93.922009	1.238000	14.600000
1194	-93.912009	1.240000	14.660000
1195	-93.902009	1.240000	14.740000
1196	-93.762009	1.242000	14.580000
1197	-93.632009	1.242000	14.890000
1198	-93.512009	1.244000	14.770000
1199	-93.512009	1.244000	14.700000
1200	-93.432009	1.244000	14.640000
1201	-93.362009	1.248000	14.770000
1202	-93.262009	1.248000	14.820000
1203	-93.182009	1.250000	14.560000
1204	-93.162009	1.250000	14.890000
1205	-92.992009	1.250000	14.650000
1206	-92.892009	1.252000	14.690000
1207	-92.872009	1.254000	14.890000
1208	-92.752009	1.254000	14.710000
1209	-92.562009	1.256000	14.990000
1210	-92.552009	1.256000	14.870000
1211	-92.402009	1.258000	14.810000
1212	-92.392009	1.258000	14.810000
1213	-92.312009	1.258000	14.750000
1214	-92.292009	1.260000	14.860000
1215	-92.272009	1.262000	14.730000
1216	-92.272009	1.262000	14.880000
1217	-92.232009	1.262000	14.630000
1218	-92.192009	1.264000	14.810000
1219	-92.182009	1.266000	14.650000
1220	-92.032009	1.266000	14.890000
1221	-91.812009	1.266000	14.780000
1222	-91.762009	1.268000	14.910000
1223	-91.762009	1.268000	14.900000
1224	-91.712009	1.270000	15.050000
1225	-91.632009	1.270000	14.870000
1226	-91.502009	1.272000	14.940000
1227	-91.452009	1.272000	14.960000
1228	-91.432009	1.274000	14.860000
1229	-91.412009	1.274000	15.010000
1230	-91.412009	1.276000	14.790000
1231	-91.332009	1.277000	14.590000
1232	-91.232009	1.277000	14.840000
1233	-91.192009	1.277000	14.900000
1234	-90.992009	1.279000	14.970000
1235	-90.842009	1.281000	14.880000
1236	-90.732009	1.281000	14.970000
1237	-90.722009	1.281000	14.820000
1238	-90.712009	1.283000	14.880000
1239	-90.682009	1.285000	15.140000
1240	-90.632009	1.285000	14.870000
1241	-90.612009	1.287000	14.910000
1242	-90.602009	1.287000	14.970000
1243	-90.552009	1.287000	15.040000
1244	-90.462009	1.289000	14.930000
1245	-90.432009	1.291000	15.000000
1246	-90.422009	1.293000	15.020000
1247	-90.352009	1.293000	15.010000
1248	-90.232009	1.293000	14.990000
1249	-90.082009	1.295000	14.840000
1250	-89.932009	1.297000	14.950000
1251	-89.652009	1.299000	14.860000
1252	-89.602009	1.301000	15.030000
1253	-89.592009	1.301000	14.970000
1254	-89.492009	1.303000	15.120000
1255	-89.352009	1.303000	15.230000
1256	-89.192009	1.305000	15.120000
1257	-89.152009	1.305000	15.200000
1258	-89.112009	1.307000	15.430000
1259	-89.052009	1.307000	15.110000
1260	-89.042009	1.307000	15.170000
1261	-88.922009	1.311000	15.080000
1262	-88.602009	1.311000	15.100000
1263	-88.592009	1.311000	15.290000
1264	-88.572009	1.313000	15.080000
1265	-88.432009	1.315000	15.180000
1266	-88.412009	1.315000	15.160000
1267	-88.392009	1.317000	15.180000
1268	-88.382009	1.317000	15.190000
1269	-88.262009	1.318000	15.140000
1270	-88.132009	1.318000	15.330000
1271	-88.122009	1.318000	15.030000
1272	-88.102009	1.320000	15.280000
1273	-88.072009	1.320000	15.170000
1274	-88.042009	1.324000	15.350000
1275	-88.032009	1.324000	15.200000
1276	-87.912009	1.326000	15.220000
1277	-87.752009	1.326000	15.240000
1278	-87.732009	1.326000	15.330000
1279	-87.672009	1.328000	15.230000
1280	-87.672009	1.328000	15.280000
1281	-87.552009	1.330000	15.100000
1282	-87.272009	1.330000	15.500000
1283	-87.252009	1.332000	15.310000
1284	-87.212009	1.332000	15.400000
1285	-86.992009	1.334000	15.320000
1286	-86.942009	1.334000	15.350000
1287	-86.842009	1.336000	15.310000
1288	-86.782009	1.336000	15.370000
1289	-86.712009	1.338000	15.590000
1290	-86.662009	1.340000	15.330000
1291	-86.642009	1.340000	15.250000
1292	-86.602009	1.342000	15.200000
1293	-86.592009	1.342000	15.420000
1294	-86.562009	1.342000	15.360000
1295	-86.472009	1.344000	15.580000
1296	-86.442009	1.344000	15.450000
1297	-86.312009	1.346000	15.410000
1298	-86.212009	1.348000	15.550000
1299	-86.192009	1.348000	15.220000
1300	-86.162009	1.350000	15.520000
1301	-86.112009	1.350000	15.400000
1302	-86.052009	1.352000	15.400000
1303	-86.012009	1.352000	15.370000
1304	-85.902009	1.352000	15.290000
1305	-85.792009	1.354000	15.440000
1306	-85.692009	1.356000	15.540000
1307	-85.672009	1.356000	15.200000
1308	-85.362009	1.358000	15.350000
1309	-85.232009	1.358000	15.400000
1310	-85.022009	1.358000	15.150000
1311	-84.942009	1.360000	15.370000
1312	-84.932009	1.360000	15.340000
1313	-84.912009	1.361000	15.490000
1314	-84.802009	1.361000	15.380000
1315	-84.742009	1.365000	15.460000
1316	-84.712009	1.365000	15.450000
1317	-84.602009	1.365000	15.430000
1318	-84.592009	1.367000	15.450000
1319	-84.572009	1.367000	15.380000
1320	-84.562009	1.369000	15.390000
1321	-84.472009	1.369000	15.210000
1322	-84.412009	1.371000	15.420000
1323	-84.242009	1.373000	15.510000
1324	-84.142009	1.373000	15.370000
1325	-84.062009	1.375000	15.350000
1326	-84.042009	1.375000	15.570000
1327	-84.032009	1.375000	15.490000
1328	-83.972009	1.377000	15.460000
1329	-83.952009	1.379000	15.420000
1330	-83.912009	1.379000	15.490000
1331	-83.902009	1.381000	15.390000
1332	-83.902009	1.383000	15.570000
1333	-83.812009	1.383000	15.610000
1334	-83.672009	1.385000	15.500000
1335	-83.632009	1.385000	15.510000
1336	-83.532009	1.387000	15.490000
1337	-83.502009	1.387000	15.580000
1338	-83.382009	1.389000	15.580000
1339	-83.332009	1.391000	15.590000
1340	-83.312009	1.391000	15.420000
1341	-83.242009	1.391000	15.440000
1342	-83.142009	1.393000	15.470000
1343	-82.982009	1.395000	15.510000
1344	-82.772009	1.395000	15.730000
1345	-82.652009	1.395000	15.610000
1346	-82.642009	1.397000	15.620000
1347	-82.622009	1.399000	15.650000
1348	-82.482009	1.399000	15.600000
1349	-82.412009	1.399000	15.700000
1350	-82.382009	1.401000	15.510000
1351	-82.302009	1.402000	15.580000
1352	-81.972009	1.402000	15.410000
1353	-81.952009	1.402000	15.630000
1354	-81.752009	1.404000	15.500000
1355	-81.742009	1.406000	15.570000
1356	-81.612009	1.406000	15.600000
1357	-81.502009	1.408000	15.520000
1358	-81.472009	1.410000	15.660000
1359	-81.462009	1.410000	15.480000
1360	-81.292009	1.412000	15.680000
1361	-81.232009	1.412000	15.530000
1362	-81.212009	1.412000	15.530000
1363	-81.172009	1.414000	15.540000
1364	-81.002009	1.414000	15.720000
1365	-80.872009	1.416000	15.710000
1366	-80.812009	1.418000	15.720000
1367	-80.762009	1.418000	15.730000
1368	-80.662009	1.418000	15.970000
1369	-80.552009	1.420000	15.950000
1370	-80.492009	1.422000	15.750000
1371	-80.472009	1.422000	15.810000
1372	-80.332009	1.422000	15.820000
1373	-80.302009	1.424000	15.800000
1374	-80.162009	1.426000	15.770000
1375	-80.122009	1.428000	15.840000
1376	-80.122009	1.428000	15.800000
1377	-80.042009	1.428000	15.910000
1378	-80.002009	1.430000	15.770000
1379	-79.952009	1.430000	15.780000
1380	-79.942009	1.432000	16.000000
1381	-79.862009	1.434000	15.880000
1382	-79.852009	1.434000	15.670000
1383	-79.692009	1.436000	15.760000
1384	-79.652009	1.436000	15.830000
1385	-79.622009	1.436000	15.900000
1386	-79.522009	1.438000	15.810000
1387	-79.502009	1.438000	15.940000
1388	-79.362009	1.440000	15.820000
1389	-79.352009	1.442000	15.890000
1390	-79.332009	1.442000	15.960000
1391	-79.162009	1.443000	15.810000
1392	-79.122009	1.443000	15.880000
1393	-79.032009	1.443000	16.010000
1394	-78.992009	1.445000	15.920000
1395	-78.962009	1.445000	15.820000
1396	-78.462009	1.447000	15.930000
1397	-78.392009	1.449000	15.850000
1398	-78.242009	1.449000	16.180000
1399	-78.242009	1.449000	15.760000
1400	-78.192009	1.451000	15.880000
1401	-78.142009	1.453000	15.990000
1402	-78.052009	1.453000	16.200000
1403	-77.892009	1.453000	15.950000
1404	-77.872009	1.455000	16.170000
1405	-77.842009	1.457000	15.980000
1406	-77.732009	1.457000	15.910000
1407	-77.592009	1.457000	15.950000
1408	-77.562009	1.459000	16.080000
1409	-77.512009	1.459000	15.880000
1410	-77.382009	1.461000	16.130000
1411	-77.362009	1.461000	16.030000
1412	-77.322009	1.465000	16.140000
1413	-77.102009	1.467000	15.890000
1414	-77.092009	1.467000	16.090000
1415	-77.082009	1.469000	15.980000
1416	-77.042009	1.469000	16.110000
1417	-77.002009	1.471000	16.100000
1418	-76.972009	1.473000	15.920000
1419	-76.592009	1.473000	16.110000
1420	-76.502009	1.475000	16.070000
1421	-76.392009	1.475000	15.910000
1422	-76.392009	1.475000	15.880000
1423	-76.382009	1.477000	16.130000
1424	-76.122009	1.477000	16.160000
1425	-76.122009	1.479000	16.020000
1426	-76.122009	1.479000	16.430000
1427	-76.042009	1.481000	16.400000
1428	-76.042009	1.481000	16.180000
1429	-75.912009	1.483000	16.120000
1430	-75.902009	1.483000	16.170000
1431	-75.902009	1.484000	16.270000
1432	-75.652009	1.484000	16.140000
1433	-75.582009	1.486000	16.200000
1434	-75.552009	1.488000	15.990000
1435	-75.492009	1.488000	16.170000
1436	-75.372009	1.490000	16.050000
1437	-75.342009	1.490000	16.110000
1438	-75.342009	1.492000	16.140000
1439	-75.302009	1.492000	16.000000
1440	-75.292009	1.494000	16.050000
1441	-75.272009	1.496000	16.360000
1442	-75.202009	1.496000	16.010000
1443	-75.092009	1.498000	16.190000
1444	-75.072009	1.498000	16.150000
1445	-75.052009	1.498000	16.140000
1446	-75.022009	1.500000	16.100000
1447	-74.942009	1.500000	16.100000
1448	-74.852009	1.502000	16.160000
1449	-74.802009	1.504000	16.180000
1450	-74.722009	1.504000	16.270000
1451	-74.512009	1.506000	16.220000
1452	-74.482009	1.506000	16.120000
1453	-74.392009	1.506000	16.200000
1454	-74.122009	1.508000	16.180000
1455	-74.112009	1.508000	16.380000
1456	-73.962009	1.510000	16.350000
1457	-73.802009	1.510000	16.280000
1458	-73.792009	1.514000	16.100000
1459	-73.782009	1.514000	16.130000
1460	-73.762009	1.514000	16.190000
1461	-73.652009	1.516000	16.470000
1462	-73.652009	1.516000	16.140000
1463	-73.462009	1.518000	16.320000
1464	-73.272009	1.520000	16.170000
1465	-73.112009	1.520000	16.490000
1466	-73.052009	1.520000	16.340000
1467	-72.952009	1.522000	16.440000
1468	-72.852009	1.524000	16.410000
1469	-72.582009	1.524000	16.410000
1470	-72.542009	1.524000	16.410000
1471	-72.532009	1.526000	16.390000
1472	-72.492009	1.527000	16.420000
1473	-72.392009	1.527000	16.340000
1474	-72.362009	1.529000	16.340000
1475	-72.292009	1.529000	16.380000
1476	-72.132009	1.529000	16.410000
1477	-72.092009	1.531000	16.500000
1478	-72.072009	1.533000	16.480000
1479	-71.982009	1.533000	16.410000
1480	-71.922009	1.535000	16.340000
1481	-71.812009	1.535000	16.370000
1482	-71.552009	1.537000	16.260000
1483	-71.552009	1.537000	16.540000
1484	-71.552009	1.537000	16.400000
1485	-71.462009	1.539000	16.430000
1486	-71.402009	1.539000	16.390000
1487	-71.242009	1.541000	16.480000
1488	-71.172009	1.541000	16.470000
1489	-71.122009	1.545000	16.410000
1490	-71.012009	1.545000	16.440000
1491	-70.982009	1.545000	16.590000
1492	-70.932009	1.549000	16.490000
1493	-70.892009	1.551000	16.470000
1494	-70.732009	1.551000	16.500000
1495	-70.702009	1.551000	16.330000
1496	-70.522009	1.553000	16.450000
1497	-70.462009	1.555000	16.470000
1498	-70.452009	1.555000	16.500000
1499	-70.432009	1.555000	16.800000
1500	-70.342009	1.557000	16.620000
1501	-70.252009	1.559000	16.610000
1502	-70.242009	1.559000	16.550000
1503	-70.192009	1.559000	16.390000
1504	-70.182009	1.561000	16.500000
1505	-70.112009	1.563000	16.470000
1506	-69.972009	1.563000	16.450000
1507	-69.962009	1.563000	16.500000
1508	-69.822009	1.565000	16.630000
1509	-69.782009	1.567000	16.470000
1510	-69.742009	1.567000	16.460000
1511	-69.732009	1.568000	16.650000
1512	-69.532009	1.568000	16.530000
1513	-69.502009	1.568000	16.500000
1514	-69.422009	1.570000	16.480000
1515	-69.422009	1.570000	16.530000
1516	-69.412009	1.572000	16.550000
1517	-69.382009	1.572000	16.660000
1518	-69.252009	1.576000	16.510000
1519	-69.202009	1.576000	16.470000
1520	-69.182009	1.578000	16.710000
1521	-69.152009	1.578000	16.560000
1522	-69.082009	1.578000	16.650000
1523	-69.082009	1.580000	16.580000
1524	-68.922009	1.582000	16.670000
1525	-68.892009	1.582000	16.580000
1526	-68.832009	1.584000	16.580000
1527	-68.742009	1.584000	16.660000
1528	-68.682009	1.586000	16.460000
1529	-68.662009	1.586000	16.520000
1530	-68.652009	1.586000	16.480000
1531	-68.642009	1.588000	16.630000
1532	-68.512009	1.590000	16.700000
1533	-68.402009	1.590000	16.530000
1534	-68.372009	1.590000	16.760000
1535	-68.352009	1.592000	16.750000
1536	-68.352009	1.594000	16.650000
1537	-68.352009	1.594000	16.520000
1538	-68.032009	1.596000	16.640000
1539	-68.012009	1.598000	16.570000
1540	-67.862009	1.598000	16.680000
1541	-67.752009	1.600000	16.630000
1542	-67.752009	1.600000	16.740000
1543	-67.732009	1.600000	16.580000
1544	-67.722009	1.602000	16.730000
1545	-67.702009	1.602000	16.710000
1546	-67.542009	1.604000	16.810000
1547	-67.472009	1.604000	16.610000
1548	-67.472009	1.606000	16.740000
1549	-67.372009	1.606000	16.560000
1550	-67.262009	1.608000	16.730000
1551	-67.142009	1.610000	16.680000
1552	-66.922009	1.610000	16.790000
1553	-66.772009	1.610000	16.650000
1554	-66.742009	1.611000	16.740000
1555	-66.422009	1.613000	16.680000
1556	-65.942009	1.615000	16.780000
1557	-65.872009	1.613000	16.920000
1558	-65.872009	1.615000	16.770000
1559	-65.862009	1.615000	16.870000
1560	-65.832009	1.617000	16.810000
1561	-65.622009	1.617000	16.890000
1562	-65.582009	1.619000	16.880000
1563	-65.542009	1.621000	16.850000
1564	-65.472009	1.621000	16.830000
1565	-65.452009	1.621000	16.690000
1566	-65.442009	1.623000	16.740000
1567	-65.382009	1.625000	16.700000
1568	-65.342009	1.625000	16.860000
1569	-65.332009	1.627000	16.840000
1570	-65.302009	1.629000	16.930000
1571	-65.272009	1.629000	16.950000
1572	-65.152009	1.631000	17.030000
1573	-65.152009	1.633000	16.760000
1574	-65.032009	1.633000	16.740000
1575	-64.972009	1.635000	16.740000
1576	-64.922009	1.637000	16.830000
1577	-64.912009	1.637000	16.750000
1578	-64.882009	1.637000	16.770000
1579	-64.692009	1.639000	16.810000
1580	-64.652009	1.639000	16.940000
1581	-64.622009	1.641000	16.840000
1582	-64.622009	1.641000	16.850000
1583	-64.522009	1.643000	16.910000
1584	-64.482009	1.645000	16.930000
1585	-64.362009	1.645000	16.840000
1586	-64.212009	1.647000	16.920000
1587	-64.152009	1.647000	16.800000
1588	-64.102009	1.649000	17.040000
1589	-64.012009	1.649000	16.830000
1590	-63.852009	1.651000	16.900000
1591	-63.702009	1.652000	17.050000
1592	-63.652009	1.652000	16.850000
1593	-63.582009	1.654000	17.070000
1594	-63.512009	1.654000	16.910000
1595	-63.502009	1.656000	16.960000
1596	-63.462009	1.656000	17.000000
1597	-63.362009	1.656000	17.020000
1598	-63.212009	1.658000	17.160000
1599	-63.122009	1.660000	16.950000
1600	-63.092009	1.660000	16.930000
1601	-63.072009	1.662000	16.860000
1602	-63.062009	1.662000	16.910000
1603	-62.952009	1.662000	16.900000
1604	-62.912009	1.664000	16.890000
1605	-62.802009	1.664000	16.900000
1606	-62.692009	1.666000	17.060000
1607	-62.682009	1.666000	17.070000
1608	-62.672009	1.668000	16.970000
1609	-62.652009	1.668000	16.940000
1610	-62.612009	1.670000	16.920000
1611	-62.452009	1.670000	16.960000
1612	-62.442009	1.672000	17.140000
1613	-62.342009	1.672000	17.020000
1614	-62.332009	1.674000	17.020000
1615	-62.222009	1.676000	16.910000
1616	-62.222009	1.676000	17.200000
1617	-62.012009	1.678000	17.080000
1618	-62.012009	1.678000	17.080000
1619	-61.812009	1.680000	17.070000
1620	-61.702009	1.680000	17.020000
1621	-61.662009	1.682000	17.260000
1622	-61.612009	1.684000	17.010000
1623	-61.552009	1.684000	17.030000
1624	-61.532009	1.686000	17.030000
1625	-61.312009	1.686000	17.010000
1626	-61.222009	1.686000	17.040000
1627	-61.122009	1.688000	16.980000
1628	-61.102009	1.690000	16.930000
1629	-61.072009	1.692000	17.210000
1630	-60.982009	1.692000	17.120000
1631	-60.952009	1.693000	17.190000
1632	-60.912009	1.693000	17.110000
1633	-60.712009	1.693000	17.030000
1634	-60.702009	1.695000	17.140000
1635	-60.642009	1.697000	17.170000
1636	-60.612009	1.697000	17.120000
1637	-60.602009	1.697000	17.060000
1638	-60.452009	1.699000	17.250000
1639	-60.222009	1.701000	16.960000
1640	-60.192009	1.701000	17.270000
1641	-60.172009	1.701000	17.130000
1642	-59.822009	1.703000	17.170000
1643	-59.722009	1.703000	17.230000
1644	-59.702009	1.705000	17.330000
1645	-59.592009	1.707000	17.070000
1646	-59.512009	1.707000	17.120000
1647	-59.482009	1.707000	17.150000
1648	-59.472009	1.709000	17.150000
1649	-59.432009	1.711000	17.360000
1650	-59.412009	1.715000	17.120000
1651	-59.402009	1.715000	17.150000
1652	-59.262009	1.715000	17.290000
1653	-59.242009	1.717000	17.520000
1654	-59.202009	1.719000	17.240000
1655	-59.032009	1.719000	17.350000
1656	-58.892009	1.719000	17.360000
1657	-58.852009	1.721000	17.370000
1658	-58.842009	1.723000	17.070000
1659	-58.812009	1.723000	17.310000
1660	-58.762009	1.725000	17.080000
1661	-58.642009	1.725000	17.130000
1662	-58.592009	1.725000	17.240000
1663	-58.552009	1.727000	17.290000
1664	-58.442009	1.727000	17.320000
1665	-58.442009	1.729000	17.340000
1666	-58.342009	1.731000	17.190000
1667	-58.162009	1.731000	17.270000
1668	-58.022009	1.733000	17.270000
1669	-57.912009	1.734000	17.220000
1670	-57.712009	1.734000	17.430000
1671	-57.712009	1.734000	17.260000
1672	-57.662009	1.736000	17.330000
1673	-57.662009	1.738000	17.350000
1674	-57.582009	1.738000	17.420000
1675	-57.322009	1.740000	17.390000
1676	-57.062009	1.740000	17.510000
1677	-56.982009	1.742000	17.470000
1678	-56.922009	1.742000	17.340000
1679	-56.812009	1.742000	17.330000
1680	-56.702009	1.744000	17.230000
1681	-56.662009	1.746000	17.340000
1682	-56.652009	1.746000	17.420000
1683	-56.582009	1.746000	17.390000
1684	-56.552009	1.748000	17.300000
1685	-56.372009	1.750000	17.390000
1686	-56.272009	1.750000	17.520000
1687	-56.262009	1.750000	17.390000
1688	-56.222009	1.752000	17.340000
1689	-56.222009	1.754000	17.440000
1690	-56.212009	1.754000	17.450000
1691	-56.132009	1.756000	17.360000
1692	-56.062009	1.756000	17.370000
1693	-55.852009	1.756000	17.520000
1694	-55.812009	1.758000	17.450000
1695	-55.722009	1.758000	17.600000
1696	-55.702009	1.760000	17.450000
1697	-55.672009	1.762000	17.490000
1698	-55.642009	1.762000	17.500000
1699	-55.642009	1.762000	17.560000
1700	-55.562009	1.764000	17.530000
1701	-55.542009	1.766000	17.520000
1702	-55.542009	1.766000	17.440000
1703	-55.532009	1.766000	17.510000
1704	-55.522009	1.768000	17.510000
1705	-55.422009	1.770000	17.360000
1706	-55.412009	1.770000	17.410000
1707	-55.202009	1.772000	17.490000
1708	-55.192009	1.772000	17.450000
1709	-55.172009	1.774000	17.620000
1710	-55.172009	1.774000	17.520000
1711	-54.892009	1.774000	17.500000
1712	-54.782009	1.776000	17.520000
1713	-54.722009	1.777000	17.500000
1714	-54.712009	1.777000	17.460000
1715	-54.712009	1.777000	17.420000
1716	-54.672009	1.779000	17.630000
1717	-54.672009	1.781000	17.570000
1718	-54.632009	1.781000	17.490000
1719	-54.582009	1.781000	17.420000
1720	-54.522009	1.783000	17.450000
1721	-54.462009	1.785000	17.480000
1722	-54.422009	1.785000	17.560000
1723	-54.002009	1.787000	17.630000
1724	-53.892009	1.787000	17.760000
1725	-53.642009	1.787000	17.860000
1726	-53.642009	1.789000	17.490000
1727	-53.582009	1.789000	17.580000
1728	-53.532009	1.791000	17.690000
1729	-53.422009	1.791000	17.560000
1730	-53.332009	1.795000	17.610000
1731	-53.292009	1.795000	17.800000
1732	-53.252009	1.797000	17.690000
1733	-53.252009	1.799000	17.580000
1734	-53.142009	1.801000	17.680000
1735	-53.102009	1.801000	17.630000
1736	-53.052009	1.803000	17.690000
1737	-53.002009	1.803000	17.660000
1738	-53.002009	1.803000	17.620000
1739	-52.922009	1.805000	17.560000
1740	-52.692009	1.805000	17.800000
1741	-52.652009	1.807000	17.630000
1742	-52.632009	1.809000	17.530000
1743	-52.612009	1.809000	17.720000
1744	-52.602009	1.811000	17.650000
1745	-52.572009	1.811000	17.750000
1746	-52.562009	1.811000	17.640000
1747	-52.562009	1.813000	17.690000
1748	-52.452009	1.813000	17.650000
1749	-52.232009	1.815000	17.730000
1750	-52.202009	1.818000	17.740000
1751	-52.042009	1.818000	17.580000
1752	-52.032009	1.818000	17.710000
1753	-51.962009	1.818000	17.610000
1754	-51.812009	1.820000	17.600000
1755	-51.602009	1.820000	17.620000
1756	-51.572009	1.822000	17.770000
1757	-51.482009	1.824000	17.570000
1758	-51.462009	1.822000	17.860000
1759	-51.342009	1.824000	17.820000
1760	-51.302009	1.826000	17.780000
1761	-51.212009	1.826000	17.750000
1762	-51.162009	1.828000	17.740000
1763	-51.132009	1.828000	17.720000
1764	-51.102009	1.830000	17.770000
1765	-51.022009	1.832000	17.870000
1766	-50.972009	1.832000	17.700000
1767	-50.852009	1.834000	17.830000
1768	-50.672009	1.834000	17.850000
1769	-50.562009	1.834000	17.710000
1770	-50.432009	1.836000	17.790000
1771	-50.422009	1.836000	17.830000
1772	-50.312009	1.838000	17.710000
1773	-50.272009	1.840000	17.920000
1774	-50.112009	1.840000	17.840000
1775	-50.052009	1.842000	17.920000
1776	-49.942009	1.842000	17.830000
1777	-49.902009	1.842000	17.880000
1778	-49.612009	1.844000	17.960000
1779	-49.492009	1.844000	17.910000
1780	-49.412009	1.846000	17.850000
1781	-49.382009	1.848000	17.960000
1782	-49.212009	1.848000	17.820000
1783	-49.142009	1.850000	17.910000
1784	-49.032009	1.850000	17.990000
1785	-48.992009	1.850000	17.900000
1786	-48.962009	1.852000	18.020000
1787	-48.962009	1.852000	17.790000
1788	-48.942009	1.854000	17.750000
1789	-48.932009	1.856000	17.980000
1790	-48.912009	1.856000	17.910000
1791	-48.902009	1.856000	17.750000
1792	-48.862009	1.858000	17.750000
1793	-48.802009	1.858000	18.190000
1794	-48.802009	1.860000	18.150000
1795	-48.762009	1.860000	17.840000
1796	-48.712009	1.861000	18.010000
1797	-48.662009	1.863000	17.780000
1798	-48.622009	1.863000	17.880000
1799	-48.572009	1.865000	17.920000
1800	-48.562009	1.865000	17.920000
1801	-48.482009	1.865000	18.110000
1802	-48.402009	1.867000	18.100000
1803	-48.282009	1.867000	18.060000
1804	-48.192009	1.869000	18.100000
1805	-48.032009	1.871000	17.820000
1806	-48.022009	1.871000	18.050000
1807	-47.802009	1.873000	17.890000
1808	-47.572009	1.873000	18.010000
1809	-47.562009	1.873000	17.970000
1810	-47.482009	1.875000	18.080000
1811	-47.422009	1.875000	17.910000
1812	-47.382009	1.877000	18.140000
1813	-47.212009	1.879000	17.960000
1814	-47.202009	1.881000	17.870000
1815	-47.182009	1.883000	18.180000
1816	-47.172009	1.883000	18.170000
1817	-46.952009	1.885000	18.140000
1818	-46.672009	1.887000	18.130000
1819	-46.582009	1.887000	18.000000
1820	-46.492009	1.887000	17.990000
1821	-46.462009	1.891000	18.010000
1822	-46.422009	1.891000	17.980000
1823	-46.412009	1.891000	18.260000
1824	-46.322009	1.893000	18.220000
1825	-46.302009	1.897000	18.090000
1826	-46.052009	1.897000	18.120000
1827	-45.782009	1.897000	18.140000
1828	-45.762009	1.897000	18.150000
1829	-45.682009	1.899000	18.110000
1830	-45.652009	1.899000	18.290000
1831	-45.652009	1.899000	18.090000
1832	-45.642009	1.901000	18.000000
1833	-45.602009	1.902000	18.270000
1834	-45.502009	1.902000	18.280000
1835	-45.462009	1.902000	18.260000
1836	-45.452009	1.904000	18.340000
1837	-45.442009	1.906000	18.470000
1838	-45.372009	1.906000	18.290000
1839	-45.362009	1.906000	18.260000
1840	-45.152009	1.908000	18.210000
1841	-45.022009	1.910000	18.290000
1842	-45.002009	1.910000	18.290000
1843	-44.972009	1.912000	18.300000
1844	-44.962009	1.912000	18.210000
1845	-44.952009	1.912000	18.120000
1846	-44.952009	1.914000	18.150000
1847	-44.922009	1.914000	18.110000
1848	-44.912009	1.916000	18.120000
1849	-44.832009	1.918000	18.200000
1850	-44.822009	1.916000	18.160000
1851	-44.802009	1.920000	18.190000
1852	-44.722009	1.922000	18.270000
1853	-44.712009	1.922000	18.280000
1854	-44.672009	1.922000	18.190000
1855	-44.642009	1.924000	18.270000
1856	-44.582009	1.926000	18.130000
1857	-44.572009	1.926000	18.280000
1858	-44.572009	1.928000	18.460000
1859	-44.482009	1.928000	18.390000
1860	-44.332009	1.928000	18.220000
1861	-43.892009	1.930000	18.170000
1862	-43.532009	1.932000	18.520000
1863	-43.522009	1.934000	18.340000
1864	-43.452009	1.934000	18.420000
1865	-43.432009	1.934000	18.390000
1866	-43.372009	1.936000	18.330000
1867	-43.372009	1.938000	18.290000
1868	-43.322009	1.938000	18.250000
1869	-43.282009	1.938000	18.590000
1870	-43.272009	1.940000	18.500000
1871	-43.172009	1.942000	18.320000
1872	-42.932009	1.942000	18.370000
1873	-42.902009	1.943000	18.440000
1874	-42.892009	1.943000	18.360000
1875	-42.862009	1.943000	18.480000
1876	-42.752009	1.945000	18.350000
1877	-42.652009	1.945000	18.480000
1878	-42.492009	1.947000	18.300000
1879	-42.442009	1.949000	18.450000
1880	-42.442009	1.949000	18.400000
1881	-42.342009	1.949000	18.370000
1882	-42.322009	1.951000	18.190000
1883	-42.272009	1.953000	18.500000
1884	-42.262009	1.953000	18.440000
1885	-42.062009	1.953000	18.170000
1886	-41.982009	1.955000	18.580000
1887	-41.942009	1.957000	18.520000
1888	-41.842009	1.957000	18.490000
1889	-41.772009	1.959000	18.550000
1890	-41.602009	1.959000	18.470000
1891	-41.582009	1.961000	18.580000
1892	-41.572009	1.961000	18.610000
1893	-41.472009	1.961000	18.570000
1894	-41.412009	1.965000	18.540000
1895	-41.302009	1.967000	18.640000
1896	-41.012009	1.967000	18.520000
1897	-40.922009	1.967000	18.630000
1898	-40.702009	1.969000	18.460000
1899	-40.692009	1.971000	18.550000
1900	-40.652009	1.971000	18.510000
1901	-40.602009	1.971000	18.510000
1902	-40.542009	1.975000	18.620000
1903	-40.522009	1.975000	18.480000
1904	-40.452009	1.975000	18.710000
1905	-40.352009	1.977000	18.460000
1906	-40.262009	1.977000	18.750000
1907	-40.252009	1.979000	18.700000
1908	-40.142009	1.981000	18.680000
1909	-39.882009	1.981000	18.520000
1910	-39.802009	1.983000	18.460000
1911	-39.772009	1.983000	18.620000
1912	-39.732009	1.984000	18.760000
1913	-39.692009	1.984000	18.700000
1914	-39.682009	1.984000	18.660000
1915	-39.512009	1.986000	18.770000
1916	-39.472009	1.988000	18.560000
1917	-39.322009	1.988000	18.740000
1918	-39.322009	1.990000	18.750000
1919	-39.222009	1.990000	18.870000
1920	-39.212009	1.990000	18.650000
1921	-39.092009	1.992000	18.730000
1922	-39.032009	1.994000	18.620000
1923	-38.912009	1.994000	18.690000
1924	-38.862009	1.996000	18.950000
1925	-38.862009	1.996000	18.650000
1926	-38.852009	1.998000	18.780000
1927	-38.712009	1.998000	18.810000
1928	-38.642009	1.998000	18.890000
1929	-38.632009	2.000000	18.710000
1930	-38.622009	2.000000	18.710000
1931	-38.552009	2.002000	18.820000
1932	-38.532009	2.006000	18.750000
1933	-38.442009	2.006000	18.700000
1934	-38.392009	2.006000	18.790000
1935	-38.282009	2.006000	18.750000
1936	-38.282009	2.008000	18.740000
1937	-38.262009	2.008000	18.970000
1938	-38.192009	2.010000	18.810000
1939	-38.182009	2.012000	18.770000
1940	-37.992009	2.012000	18.760000
1941	-37.992009	2.014000	18.750000
1942	-37.852009	2.014000	18.810000
1943	-37.742009	2.016000	18.720000
1944	-37.262009	2.016000	18.920000
1945	-37.232009	2.018000	19.060000
1946	-37.152009	2.018000	18.930000
1947	-36.882009	2.022000	18.880000
1948	-36.562009	2.022000	18.870000
1949	-36.542009	2.022000	18.800000
1950	-36.482009	2.022000	18.750000
1951	-36.452009	2.024000	18.810000
1952	-36.302009	2.024000	18.970000
1953	-36.202009	2.026000	18.810000
1954	-36.152009	2.027000	18.800000
1955	-36.142009	2.027000	18.940000
1956	-36.132009	2.029000	18.930000
1957	-36.072009	2.029000	18.910000
1958	-36.032009	2.029000	18.860000
1959	-35.802009	2.031000	19.110000
1960	-35.712009	2.031000	18.960000
1961	-35.672009	2.033000	18.910000
1962	-35.672009	2.035000	18.880000
1963	-35.662009	2.037000	18.930000
1964	-35.662009	2.037000	18.940000
1965	-35.462009	2.037000	18.990000
1966	-35.412009	2.039000	18.880000
1967	-35.412009	2.039000	18.720000
1968	-35.372009	2.041000	18.910000
1969	-35.352009	2.043000	18.870000
1970	-35.282009	2.043000	19.040000
1971	-35.282009	2.043000	18.820000
1972	-35.242009	2.045000	18.800000
1973	-35.132009	2.045000	19.060000
1974	-34.982009	2.049000	19.050000
1975	-34.842009	2.051000	18.960000
1976	-34.832009	2.051000	18.940000
1977	-34.782009	2.053000	18.950000
1978	-34.762009	2.053000	19.010000
1979	-34.682009	2.055000	19.110000
1980	-34.362009	2.055000	19.040000
1981	-34.302009	2.055000	19.070000
1982	-34.272009	2.057000	19.060000
1983	-34.062009	2.059000	19.200000
1984	-34.052009	2.059000	19.250000
1985	-34.052009	2.059000	19.030000
1986	-33.952009	2.061000	19.110000
1987	-33.942009	2.063000	19.080000
1988	-33.912009	2.063000	19.290000
1989	-33.872009	2.063000	19.110000
1990	-33.812009	2.065000	18.960000
1991	-33.792009	2.065000	19.030000
1992	-33.782009	2.068000	19.100000
1993	-33.652009	2.068000	19.090000
1994	-33.562009	2.068000	19.240000
1995	-33.532009	2.070000	18.990000
1996	-33.272009	2.070000	19.130000
1997	-33.162009	2.072000	19.300000
1998	-33.092009	2.074000	19.180000
1999	-33.092009	2.074000	19.140000
2000	-33.082009	2.074000	19.080000
2001	-32.912009	2.076000	19.230000
2002	-32.882009	2.078000	19.220000
2003	-32.742009	2.078000	19.200000
2004	-32.722009	2.078000	19.050000
2005	-32.702009	2.080000	19.250000
2006	-32.682009	2.082000	19.130000
2007	-32.662009	2.082000	19.140000
2008	-32.642009	2.084000	19.110000
2009	-32.622009	2.084000	19.270000
2010	-32.392009	2.084000	19.200000
2011	-32.362009	2.086000	19.160000
2012	-32.262009	2.086000	19.090000
2013	-32.182009	2.088000	19.440000
2014	-32.112009	2.090000	19.320000
2015	-32.032009	2.090000	19.290000
2016	-32.012009	2.090000	19.080000
2017	-31.992009	2.092000	19.330000
2018	-31.942009	2.094000	19.100000
2019	-31.782009	2.094000	19.210000
2020	-31.692009	2.094000	19.090000
2021	-31.472009	2.096000	19.270000
2022	-31.472009	2.100000	19.240000
2023	-31.172009	2.100000	19.210000
2024	-31.152009	2.100000	19.310000
2025	-30.982009	2.100000	19.110000
2026	-30.952009	2.102000	19.150000
2027	-30.892009	2.102000	19.330000
2028	-30.822009	2.104000	19.320000
2029	-30.822009	2.106000	19.290000
2030	-30.802009	2.106000	19.380000
2031	-30.752009	2.106000	19.270000
2032	-30.692009	2.110000	19.390000
2033	-30.682009	2.110000	19.230000
2034	-30.602009	2.110000	19.230000
2035	-30.572009	2.111000	19.320000
2036	-30.502009	2.113000	19.330000
2037	-30.482009	2.113000	19.230000
2038	-30.392009	2.115000	19.340000
2039	-30.292009	2.115000	19.290000
2040	-30.232009	2.115000	19.290000
2041	-30.112009	2.117000	19.350000
2042	-30.052009	2.119000	19.350000
2043	-30.052009	2.119000	19.450000
2044	-29.952009	2.119000	19.530000
2045	-29.902009	2.123000	19.410000
2046	-29.862009	2.123000	19.420000
2047	-29.852009	2.125000	19.430000
2048	-29.782009	2.125000	19.500000
2049	-29.542009	2.125000	19.430000
2050	-29.402009	2.127000	19.380000
2051	-29.402009	2.127000	19.320000
2052	-29.282009	2.129000	19.500000
2053	-29.132009	2.131000	19.440000
2054	-29.102009	2.133000	19.340000
2055	-29.052009	2.133000	19.360000
2056	-29.002009	2.135000	19.620000
2057	-28.992009	2.137000	19.420000
2058	-28.982009	2.137000	19.470000
2059	-28.952009	2.139000	19.430000
2060	-28.592009	2.139000	19.210000
2061	-28.482009	2.141000	19.420000
2062	-28.432009	2.141000	19.430000
2063	-28.312009	2.141000	19.600000
2064	-28.312009	2.143000	19.520000
2065	-28.222009	2.145000	19.560000
2066	-28.202009	2.145000	19.640000
2067	-28.182009	2.147000	19.510000
2068	-28.172009	2.147000	19.460000
2069	-28.142009	2.149000	19.520000
2070	-28.082009	2.149000	19.530000
2071	-28.032009	2.149000	19.510000
2072	-27.982009	2.151000	19.470000
2073	-27.882009	2.152000	19.750000
2074	-27.882009	2.152000	19.500000
2075	-27.792009	2.154000	19.530000
2076	-27.602009	2.154000	19.520000
2077	-27.252009	2.154000	19.540000
2078	-27.202009	2.156000	19.710000
2079	-27.192009	2.156000	19.580000
2080	-27.162009	2.158000	19.520000
2081	-27.152009	2.158000	19.550000
2082	-26.962009	2.162000	19.610000
2083	-26.912009	2.162000	19.540000
2084	-26.902009	2.162000	19.780000
2085	-26.802009	2.164000	19.630000
2086	-26.732009	2.164000	19.760000
2087	-26.632009	2.166000	19.540000
2088	-26.632009	2.168000	19.610000
2089	-26.592009	2.168000	19.630000
2090	-26.512009	2.170000	19.600000
2091	-26.462009	2.170000	19.590000
2092	-26.422009	2.172000	19.670000
2093	-26.422009	2.172000	19.640000
2094	-26.112009	2.174000	19.570000
2095	-25.992009	2.176000	19.620000
2096	-25.902009	2.176000	19.620000
2097	-25.842009	2.178000	19.550000
2098	-25.782009	2.178000	19.600000
2099	-25.642009	2.180000	19.570000
2100	-25.502009	2.180000	19.850000
2101	-25.462009	2.182000	19.620000
2102	-25.422009	2.184000	19.630000
2103	-25.422009	2.184000	19.640000
2104	-25.392009	2.186000	19.680000
2105	-25.382009	2.186000	19.690000
2106	-25.082009	2.188000	19.730000
2107	-24.962009	2.188000	19.560000
2108	-24.862009	2.188000	19.670000
2109	-24.842009	2.190000	19.710000
2110	-24.732009	2.190000	19.710000
2111	-24.722009	2.193000	19.670000
2112	-24.702009	2.193000	19.650000
2113	-24.692009	2.193000	19.800000
2114	-24.662009	2.195000	19.690000
2115	-24.482009	2.195000	19.590000
2116	-24.302009	2.197000	19.590000
2117	-24.282009	2.199000	19.700000
2118	-24.272009	2.199000	19.650000
2119	-23.992009	2.201000	19.610000
2120	-23.972009	2.201000	19.510000
2121	-23.952009	2.203000	19.920000
2122	-23.902009	2.203000	19.800000
2123	-23.612009	2.203000	19.800000
2124	-23.062009	2.205000	20.030000
2125	-22.992009	2.207000	19.680000
2126	-22.972009	2.207000	19.740000
2127	-22.962009	2.209000	19.930000
2128	-22.882009	2.209000	19.980000
2129	-22.882009	2.209000	19.860000
2130	-22.792009	2.211000	19.920000
2131	-22.652009	2.213000	19.800000
2132	-22.642009	2.215000	19.730000
2133	-22.602009	2.217000	19.770000
2134	-22.582009	2.219000	19.850000
2135	-22.572009	2.219000	19.950000
2136	-22.552009	2.219000	19.900000
2137	-22.542009	2.221000	19.930000
2138	-22.532009	2.223000	19.890000
2139	-22.492009	2.223000	19.740000
2140	-22.472009	2.225000	19.750000
2141	-22.422009	2.225000	19.840000
2142	-22.392009	2.227000	19.920000
2143	-22.302009	2.227000	19.870000
2144	-22.262009	2.229000	19.890000
2145	-22.242009	2.229000	19.890000
2146	-22.152009	2.229000	20.010000
2147	-22.142009	2.231000	19.860000
2148	-22.062009	2.233000	19.730000
2149	-22.002009	2.233000	19.750000
2150	-21.982009	2.234000	19.930000
2151	-21.902009	2.234000	19.870000
2152	-21.812009	2.236000	20.140000
2153	-21.802009	2.238000	19.970000
2154	-21.742009	2.238000	19.790000
2155	-21.672009	2.240000	19.940000
2156	-21.652009	2.240000	19.850000
2157	-21.602009	2.240000	19.870000
2158	-21.512009	2.242000	19.890000
2159	-21.512009	2.242000	19.850000
2160	-21.372009	2.244000	19.860000
2161	-20.742009	2.246000	20.000000
2162	-20.532009	2.246000	19.990000
2163	-20.512009	2.246000	20.090000
2164	-20.472009	2.248000	20.110000
2165	-20.462009	2.250000	20.070000
2166	-20.422009	2.250000	19.980000
2167	-20.392009	2.250000	20.040000
2168	-20.222009	2.252000	20.000000
2169	-20.202009	2.254000	20.010000
2170	-20.132009	2.254000	20.070000
2171	-20.122009	2.254000	20.030000
2172	-20.102009	2.256000	20.060000
2173	-20.052009	2.256000	20.120000
2174	-19.932009	2.258000	20.150000
2175	-19.842009	2.258000	20.130000
2176	-19.812009	2.260000	20.000000
2177	-19.782009	2.262000	19.930000
2178	-19.762009	2.262000	20.000000
2179	-19.702009	2.262000	20.040000
2180	-19.682009	2.264000	20.180000
2181	-19.622009	2.264000	20.180000
2182	-19.482009	2.266000	20.010000
2183	-19.402009	2.266000	20.030000
2184	-19.362009	2.268000	20.120000
2185	-19.282009	2.270000	20.070000
2186	-19.122009	2.270000	19.990000
2187	-19.062009	2.272000	20.020000
2188	-18.992009	2.272000	20.130000
2189	-18.842009	2.272000	20.110000
2190	-18.822009	2.274000	20.000000
2191	-18.692009	2.274000	20.040000
2192	-18.652009	2.276000	20.150000
2193	-18.602009	2.277000	20.110000
2194	-18.542009	2.277000	20.010000
2195	-18.522009	2.277000	20.110000
2196	-18.412009	2.279000	20.110000
2197	-18.392009	2.281000	20.080000
2198	-18.362009	2.281000	20.170000
2199	-18.342009	2.281000	20.050000
2200	-18.302009	2.283000	20.030000
2201	-18.302009	2.283000	20.230000
2202	-18.282009	2.287000	20.120000
2203	-18.272009	2.287000	20.000000
2204	-18.242009	2.287000	20.230000
2205	-18.192009	2.289000	20.020000
2206	-18.172009	2.289000	20.100000
2207	-18.112009	2.291000	20.000000
2208	-17.922009	2.293000	20.280000
2209	-17.832009	2.293000	20.120000
2210	-17.832009	2.293000	20.050000
2211	-17.682009	2.295000	20.070000
2212	-17.472009	2.299000	19.990000
2213	-17.402009	2.301000	20.090000
2214	-17.332009	2.301000	20.300000
2215	-17.282009	2.303000	20.140000
2216	-17.282009	2.303000	20.070000
2217	-17.122009	2.303000	20.280000
2218	-17.052009	2.305000	20.230000
2219	-17.032009	2.307000	20.320000
2220	-16.822009	2.307000	20.220000
2221	-16.812009	2.307000	20.250000
2222	-16.622009	2.311000	20.360000
2223	-16.512009	2.311000	20.350000
2224	-16.472009	2.313000	20.110000
2225	-16.362009	2.313000	20.220000
2226	-16.262009	2.313000	20.370000
2227	-16.152009	2.315000	20.320000
2228	-16.092009	2.317000	20.250000
2229	-15.992009	2.318000	20.350000
2230	-15.992009	2.317000	20.210000
2231	-15.872009	2.318000	20.180000
2232	-15.782009	2.320000	20.350000
2233	-15.772009	2.320000	20.410000
2234	-15.652009	2.320000	20.350000
2235	-15.602009	2.322000	20.370000
2236	-15.472009	2.324000	20.270000
2237	-15.382009	2.324000	20.350000
2238	-15.362009	2.326000	20.230000
2239	-15.312009	2.326000	20.560000
2240	-15.242009	2.326000	20.310000
2241	-15.232009	2.328000	20.390000
2242	-15.142009	2.330000	20.350000
2243	-15.022009	2.330000	20.340000
2244	-14.822009	2.332000	20.270000
2245	-14.762009	2.332000	20.200000
2246	-14.722009	2.334000	20.410000
2247	-14.692009	2.334000	20.420000
2248	-14.622009	2.334000	20.470000
2249	-14.502009	2.336000	20.490000
2250	-14.392009	2.336000	20.140000
2251	-14.282009	2.338000	20.400000
2252	-14.272009	2.338000	20.280000
2253	-14.252009	2.342000	20.310000
2254	-14.142009	2.342000	20.320000
2255	-14.122009	2.342000	20.270000
2256	-14.082009	2.344000	20.330000
2257	-13.892009	2.344000	20.370000
2258	-13.832009	2.346000	20.480000
2259	-13.712009	2.348000	20.260000
2260	-13.692009	2.348000	20.320000
2261	-13.612009	2.348000	20.380000
2262	-13.462009	2.350000	20.380000
2263	-13.462009	2.350000	20.300000
2264	-13.342009	2.352000	20.430000
2265	-13.342009	2.352000	20.410000
2266	-13.342009	2.354000	20.440000
2267	-13.302009	2.356000	20.420000
2268	-13.212009	2.356000	20.370000
2269	-13.182009	2.358000	20.360000
2270	-13.152009	2.358000	20.250000
2271	-13.012009	2.358000	20.330000
2272	-13.002009	2.360000	20.480000
2273	-12.902009	2.361000	20.450000
2274	-12.852009	2.363000	20.350000
2275	-12.822009	2.363000	20.540000
2276	-12.792009	2.365000	20.380000
2277	-12.772009	2.365000	20.400000
2278	-12.622009	2.365000	20.490000
2279	-12.462009	2.367000	20.390000
2280	-12.382009	2.367000	20.400000
2281	-12.122009	2.369000	20.370000
2282	-12.072009	2.371000	20.480000
2283	-12.052009	2.373000	20.520000
2284	-12.012009	2.373000	20.480000
2285	-11.992009	2.375000	20.480000
2286	-11.962009	2.375000	20.510000
2287	-11.952009	2.375000	20.550000
2288	-11.942009	2.377000	20.610000
2289	-11.772009	2.377000	20.560000
2290	-11.762009	2.379000	20.410000
2291	-11.672009	2.383000	20.450000
2292	-11.382009	2.383000	20.570000
2293	-11.332009	2.385000	20.610000
2294	-11.252009	2.387000	20.560000
2295	-11.082009	2.387000	20.600000
2296	-10.912009	2.387000	20.460000
2297	-10.892009	2.389000	20.470000
2298	-10.842009	2.391000	20.430000
2299	-10.812009	2.391000	20.420000
2300	-10.782009	2.393000	20.420000
2301	-10.662009	2.395000	20.370000
2302	-10.552009	2.395000	20.530000
2303	-10.452009	2.397000	20.470000
2304	-10.382009	2.397000	20.480000
2305	-10.342009	2.399000	20.460000
2306	-10.322009	2.399000	20.710000
2307	-10.182009	2.399000	20.520000
2308	-10.042009	2.401000	20.540000
2309	-10.012009	2.401000	20.690000
2310	-9.962009	2.402000	20.510000
2311	-9.952009	2.402000	20.670000
2312	-9.942009	2.404000	20.690000
2313	-9.882009	2.406000	20.580000
2314	-9.852009	2.406000	20.560000
2315	-9.772009	2.406000	20.410000
2316	-9.602009	2.408000	20.530000
2317	-9.552009	2.410000	20.490000
2318	-9.542009	2.410000	20.440000
2319	-9.522009	2.412000	20.510000
2320	-9.512009	2.414000	20.470000
2321	-9.462009	2.414000	20.740000
2322	-9.402009	2.414000	20.680000
2323	-9.292009	2.416000	20.490000
2324	-9.192009	2.418000	20.610000
2325	-9.122009	2.418000	20.790000
2326	-8.992009	2.418000	20.700000
2327	-8.922009	2.420000	20.610000
2328	-8.902009	2.422000	20.600000
2329	-8.752009	2.422000	20.620000
2330	-8.642009	2.424000	20.520000
2331	-8.582009	2.426000	20.640000
2332	-8.522009	2.426000	20.750000
2333	-8.422009	2.428000	20.780000
2334	-8.412009	2.428000	20.610000
2335	-8.222009	2.428000	20.640000
2336	-8.182009	2.430000	20.850000
2337	-8.042009	2.430000	20.720000
2338	-7.982009	2.432000	20.710000
2339	-7.922009	2.434000	20.620000
2340	-7.912009	2.434000	20.690000
2341	-7.882009	2.434000	20.800000
2342	-7.832009	2.436000	20.730000
2343	-7.782009	2.438000	20.680000
2344	-7.682009	2.438000	20.890000
2345	-7.602009	2.438000	20.730000
2346	-7.592009	2.440000	20.650000
2347	-7.472009	2.442000	20.890000
2348	-7.282009	2.442000	20.820000
2349	-7.272009	2.442000	20.850000
2350	-7.212009	2.443000	20.770000
2351	-7.012009	2.445000	20.750000
2352	-6.972009	2.445000	20.920000
2353	-6.712009	2.445000	20.730000
2354	-6.612009	2.447000	20.860000
2355	-6.592009	2.449000	20.780000
2356	-6.542009	2.449000	21.050000
2357	-6.532009	2.449000	20.910000
2358	-6.522009	2.451000	20.780000
2359	-6.512009	2.453000	20.830000
2360	-6.372009	2.453000	20.780000
2361	-6.262009	2.455000	21.010000
2362	-6.162009	2.459000	20.960000
2363	-6.162009	2.459000	20.800000
2364	-6.122009	2.459000	20.740000
2365	-6.052009	2.459000	20.910000
2366	-5.932009	2.461000	20.930000
2367	-5.842009	2.461000	20.990000
2368	-5.802009	2.461000	20.960000
2369	-5.762009	2.465000	20.930000
2370	-5.752009	2.465000	21.010000
2371	-5.742009	2.467000	20.980000
2372	-5.712009	2.467000	20.990000
2373	-5.592009	2.469000	20.970000
2374	-5.582009	2.469000	21.100000
2375	-5.412009	2.471000	20.920000
2376	-5.402009	2.473000	20.890000
2377	-5.372009	2.473000	20.850000
2378	-5.302009	2.475000	21.000000
2379	-5.202009	2.475000	20.930000
2380	-5.082009	2.477000	20.940000
2381	-5.042009	2.477000	20.940000
2382	-4.942009	2.479000	20.980000
2383	-4.902009	2.479000	20.960000
2384	-4.772009	2.479000	21.100000
2385	-4.702009	2.483000	21.040000
2386	-4.702009	2.483000	20.990000
2387	-4.692009	2.484000	20.880000
2388	-4.572009	2.484000	20.940000
2389	-4.552009	2.484000	20.760000
2390	-4.482009	2.486000	20.960000
2391	-4.362009	2.488000	21.000000
2392	-4.362009	2.490000	21.000000
2393	-4.252009	2.490000	20.950000
2394	-4.212009	2.490000	20.920000
2395	-4.162009	2.492000	20.990000
2396	-4.032009	2.492000	21.170000
2397	-3.932009	2.494000	21.000000
2398	-3.892009	2.496000	21.110000
2399	-3.862009	2.498000	21.000000
2400	-3.862009	2.498000	20.860000
2401	-3.752009	2.498000	21.020000
2402	-3.642009	2.500000	20.940000
2403	-3.312009	2.500000	21.220000
2404	-3.192009	2.502000	21.100000
2405	-3.162009	2.502000	21.100000
2406	-3.132009	2.504000	21.110000
2407	-3.102009	2.506000	21.160000
2408	-3.062009	2.506000	20.990000
2409	-2.942009	2.508000	21.170000
2410	-2.812009	2.508000	21.040000
2411	-2.742009	2.510000	21.010000
2412	-2.712009	2.512000	20.960000
2413	-2.612009	2.512000	21.070000
2414	-2.612009	2.514000	20.990000
2415	-2.562009	2.514000	21.140000
2416	-2.492009	2.516000	21.260000
2417	-2.452009	2.516000	21.070000
2418	-2.392009	2.516000	21.100000
2419	-2.382009	2.518000	21.080000
2420	-2.352009	2.520000	21.110000
2421	-2.292009	2.520000	21.380000
2422	-2.222009	2.522000	21.150000
2423	-1.912009	2.522000	21.140000
2424	-1.882009	2.522000	21.120000
2425	-1.862009	2.524000	21.140000
2426	-1.832009	2.524000	21.060000
2427	-1.762009	2.526000	21.180000
2428	-1.682009	2.526000	21.300000
2429	-1.452009	2.527000	20.960000
2430	-1.422009	2.529000	20.990000
2431	-1.402009	2.529000	21.250000
2432	-1.292009	2.529000	20.960000
2433	-1.192009	2.531000	21.170000
2434	-1.132009	2.531000	21.170000
2435	-1.122009	2.533000	21.100000
2436	-1.022009	2.535000	21.230000
2437	-1.002009	2.535000	21.260000
2438	-0.822009	2.537000	21.310000
2439	-0.742009	2.539000	21.230000
2440	-0.732009	2.539000	21.310000
2441	-0.622009	2.539000	21.350000
2442	-0.582009	2.541000	21.310000
2443	-0.522009	2.541000	21.330000
2444	-0.482009	2.541000	21.140000
2445	-0.432009	2.545000	21.250000
2446	-0.352009	2.545000	21.150000
2447	-0.252009	2.545000	21.210000
2448	-0.162009	2.549000	21.300000
2449	-0.162009	2.549000	21.350000
2450	-0.102009	2.551000	21.290000
2451	-0.012009	2.553000	21.400000
2452	0.067991	2.553000	21.330000
2453	0.157991	2.553000	21.310000
2454	0.217991	2.555000	21.300000
2455	0.257991	2.555000	21.210000
2456	0.267991	2.557000	21.240000
2457	0.297991	2.559000	21.280000
2458	0.397991	2.559000	21.410000
2459	0.427991	2.561000	21.360000
2460	0.447991	2.563000	21.310000
2461	0.457991	2.563000	21.350000
2462	0.497991	2.563000	21.470000
2463	0.607991	2.565000	21.520000
2464	0.647991	2.568000	21.330000
2465	0.837991	2.568000	21.370000
2466	0.867991	2.567000	21.300000
2467	0.907991	2.568000	21.340000
2468	1.007991	2.568000	21.410000
2469	1.017991	2.570000	21.320000
2470	1.207991	2.570000	21.430000
2471	1.297991	2.572000	21.250000
2472	1.307991	2.574000	21.280000
2473	1.317991	2.574000	21.410000
2474	1.407991	2.574000	21.280000
2475	1.447991	2.576000	21.400000
2476	1.487991	2.578000	21.410000
2477	1.497991	2.578000	21.350000
2478	1.567991	2.578000	21.490000
2479	1.567991	2.580000	21.310000
2480	1.607991	2.582000	21.550000
2481	1.637991	2.582000	21.360000
2482	1.667991	2.584000	21.440000
2483	1.727991	2.584000	21.360000
2484	1.737991	2.584000	21.550000
2485	1.737991	2.586000	21.360000
2486	1.827991	2.586000	21.350000
2487	1.827991	2.588000	21.410000
2488	1.997991	2.590000	21.360000
2489	2.057991	2.590000	21.470000
2490	2.127991	2.592000	21.500000
2491	2.517991	2.594000	21.600000
2492	2.697991	2.594000	21.500000
2493	2.747991	2.594000	21.440000
2494	2.747991	2.596000	21.540000
2495	2.987991	2.598000	21.350000
2496	2.987991	2.598000	21.430000
2497	3.427991	2.600000	21.510000
2498	3.447991	2.600000	21.390000
2499	3.467991	2.602000	21.410000
2500	3.587991	2.602000	21.370000
2501	3.647991	2.604000	21.530000
2502	3.797991	2.604000	21.460000
2503	3.967991	2.604000	21.520000
2504	3.977991	2.608000	21.460000
2505	4.067991	2.608000	21.430000
2506	4.287991	2.610000	21.500000
