1	-188.015899	0.000000	9.960000
2	-187.765899	0.000000	9.360000
3	-187.605899	0.002000	9.620000
4	-187.525899	0.004000	9.600000
5	-187.085899	0.004000	9.460000
6	-186.835899	0.006000	9.820000
7	-186.515899	0.006000	9.370000
8	-186.185899	0.006000	9.550000
9	-186.145899	0.008000	9.430000
10	-186.095899	0.008000	9.440000
11	-186.055899	0.010000	9.580000
12	-185.995899	0.012000	9.740000
13	-185.895899	0.012000	9.590000
14	-185.785899	0.014000	9.590000
15	-185.745899	0.014000	9.640000
16	-185.735899	0.016000	9.480000
17	-185.705899	0.020000	9.440000
18	-185.705899	0.020000	9.560000
19	-185.605899	0.020000	9.910000
20	-185.485899	0.022000	9.620000
21	-185.435899	0.024000	9.880000
22	-185.395899	0.024000	9.560000
23	-185.365899	0.024000	9.680000
24	-185.215899	0.026000	9.660000
25	-185.095899	0.028000	10.050000
26	-185.075899	0.028000	9.450000
27	-184.875899	0.030000	9.820000
28	-184.775899	0.030000	10.100000
29	-184.755899	0.030000	9.780000
30	-184.735899	0.032000	9.470000
31	-184.585899	0.034000	10.100000
32	-184.435899	0.034000	9.780000
33	-184.365899	0.036000	10.290000
34	-184.315899	0.034000	9.710000
35	-184.205899	0.036000	9.780000
36	-184.205899	0.038000	9.910000
37	-184.135899	0.039000	10.170000
38	-184.105899	0.039000	10.210000
39	-184.095899	0.039000	9.570000
40	-184.065899	0.041000	9.590000
41	-184.055899	0.043000	9.940000
42	-184.045899	0.045000	9.580000
43	-184.025899	0.045000	10.250000
44	-183.975899	0.047000	9.910000
45	-183.965899	0.047000	9.460000
46	-183.865899	0.047000	9.830000
47	-183.845899	0.049000	9.660000
48	-183.425899	0.049000	9.790000
49	-183.395899	0.049000	9.800000
50	-183.395899	0.053000	10.190000
51	-183.385899	0.053000	10.320000
52	-183.255899	0.055000	9.770000
53	-183.105899	0.055000	9.610000
54	-183.035899	0.055000	9.890000
55	-182.985899	0.057000	9.900000
56	-182.895899	0.059000	9.420000
57	-182.835899	0.059000	10.180000
58	-182.665899	0.061000	10.330000
59	-182.655899	0.061000	9.550000
60	-182.635899	0.061000	9.760000
61	-182.595899	0.063000	9.770000
62	-182.585899	0.063000	10.380000
63	-182.575899	0.065000	9.940000
64	-182.555899	0.065000	9.980000
65	-182.465899	0.067000	9.740000
66	-182.315899	0.069000	9.890000
67	-182.195899	0.071000	10.470000
68	-182.185899	0.071000	9.840000
69	-182.045899	0.071000	9.700000
70	-181.975899	0.073000	9.680000
71	-181.855899	0.075000	9.720000
72	-181.745899	0.075000	9.890000
73	-181.575899	0.075000	9.570000
74	-181.545899	0.077000	9.970000
75	-181.525899	0.077000	10.170000
76	-181.465899	0.079000	9.780000
77	-181.245899	0.079000	9.900000
78	-181.195899	0.081000	9.890000
79	-181.125899	0.082000	9.990000
80	-181.125899	0.082000	9.710000
81	-181.125899	0.082000	9.790000
82	-181.095899	0.084000	9.770000
83	-181.055899	0.084000	9.870000
84	-180.955899	0.086000	9.690000
85	-180.865899	0.086000	9.650000
86	-180.755899	0.088000	9.660000
87	-180.655899	0.090000	9.760000
88	-180.515899	0.090000	9.800000
89	-180.145899	0.092000	10.130000
90	-180.145899	0.092000	9.700000
91	-180.005899	0.092000	9.750000
92	-179.615899	0.094000	10.000000
93	-179.565899	0.094000	9.960000
94	-179.445899	0.096000	9.990000
95	-179.095899	0.098000	10.230000
96	-179.075899	0.098000	10.100000
97	-178.985899	0.098000	9.960000
98	-178.915899	0.100000	9.950000
99	-178.755899	0.102000	10.340000
100	-178.725899	0.104000	10.000000
101	-178.705899	0.106000	9.790000
102	-178.605899	0.106000	10.100000
103	-178.595899	0.108000	9.900000
104	-178.425899	0.108000	10.180000
105	-178.425899	0.110000	10.270000
106	-178.375899	0.110000	9.920000
107	-178.325899	0.110000	9.910000
108	-178.255899	0.112000	10.010000
109	-178.165899	0.114000	10.010000
110	-178.055899	0.114000	10.050000
111	-178.045899	0.116000	9.980000
112	-178.035899	0.116000	9.950000
113	-177.985899	0.116000	10.200000
114	-177.985899	0.118000	10.190000
115	-177.965899	0.118000	9.980000
116	-177.775899	0.120000	10.150000
117	-177.635899	0.122000	10.290000
118	-177.485899	0.122000	10.010000
119	-177.385899	0.123000	9.940000
120	-177.265899	0.123000	10.020000
121	-177.265899	0.123000	10.130000
122	-177.235899	0.125000	10.290000
123	-177.115899	0.125000	10.090000
124	-177.115899	0.127000	10.070000
125	-177.035899	0.127000	9.820000
126	-176.865899	0.129000	10.020000
127	-176.855899	0.131000	9.980000
128	-176.825899	0.131000	10.070000
129	-176.775899	0.131000	10.080000
130	-176.775899	0.133000	10.020000
131	-176.725899	0.133000	9.900000
132	-176.685899	0.135000	10.160000
133	-176.625899	0.137000	10.100000
134	-176.555899	0.137000	10.310000
135	-176.555899	0.137000	10.160000
136	-176.555899	0.139000	10.230000
137	-176.455899	0.141000	10.080000
138	-176.255899	0.141000	10.320000
139	-176.235899	0.143000	10.400000
140	-176.235899	0.145000	10.130000
141	-176.215899	0.145000	10.230000
142	-176.145899	0.147000	10.430000
143	-176.145899	0.147000	9.990000
144	-176.075899	0.147000	10.310000
145	-176.075899	0.149000	10.270000
146	-175.975899	0.151000	9.990000
147	-175.705899	0.151000	10.000000
148	-175.605899	0.153000	10.150000
149	-175.605899	0.153000	10.310000
150	-175.535899	0.155000	10.240000
151	-175.385899	0.155000	10.310000
152	-175.385899	0.155000	10.110000
153	-175.355899	0.157000	10.100000
154	-175.285899	0.157000	10.220000
155	-175.285899	0.159000	10.360000
156	-175.245899	0.159000	10.250000
157	-175.065899	0.163000	10.700000
158	-174.995899	0.163000	10.290000
159	-174.915899	0.163000	10.100000
160	-174.875899	0.165000	10.330000
161	-174.815899	0.165000	10.360000
162	-174.785899	0.166000	10.380000
163	-174.675899	0.168000	10.350000
164	-174.635899	0.168000	10.230000
165	-174.435899	0.170000	10.210000
166	-174.315899	0.170000	10.140000
167	-174.285899	0.172000	10.210000
168	-174.275899	0.172000	10.400000
169	-174.145899	0.174000	10.170000
170	-173.915899	0.174000	10.090000
171	-173.785899	0.174000	10.330000
172	-173.785899	0.178000	10.440000
173	-173.605899	0.178000	10.390000
174	-173.565899	0.178000	10.400000
175	-173.355899	0.180000	10.410000
176	-173.325899	0.180000	10.370000
177	-173.235899	0.182000	10.260000
178	-173.225899	0.184000	10.590000
179	-173.185899	0.184000	10.560000
180	-173.165899	0.186000	10.340000
181	-172.935899	0.188000	10.560000
182	-172.905899	0.188000	10.390000
183	-172.865899	0.190000	10.640000
184	-172.845899	0.190000	10.310000
185	-172.805899	0.192000	10.310000
186	-172.625899	0.194000	10.330000
187	-172.535899	0.194000	10.330000
188	-172.405899	0.196000	10.390000
189	-172.385899	0.196000	10.450000
190	-172.315899	0.196000	10.500000
191	-172.145899	0.198000	10.520000
192	-171.945899	0.200000	10.390000
193	-171.935899	0.200000	10.890000
194	-171.895899	0.202000	10.320000
195	-171.755899	0.202000	10.760000
196	-171.655899	0.204000	10.520000
197	-171.505899	0.204000	10.460000
198	-171.495899	0.204000	10.660000
199	-171.435899	0.206000	10.520000
200	-171.335899	0.207000	10.610000
201	-171.315899	0.207000	10.950000
202	-171.195899	0.207000	10.550000
203	-171.105899	0.209000	10.750000
204	-171.055899	0.211000	10.470000
205	-171.035899	0.211000	10.620000
206	-170.985899	0.213000	10.540000
207	-170.935899	0.215000	10.520000
208	-170.915899	0.215000	10.440000
209	-170.905899	0.217000	10.540000
210	-170.885899	0.217000	10.530000
211	-170.775899	0.217000	10.780000
212	-170.755899	0.219000	10.550000
213	-170.715899	0.219000	10.560000
214	-170.595899	0.221000	10.740000
215	-170.555899	0.221000	10.710000
216	-170.555899	0.223000	10.710000
217	-170.425899	0.223000	10.390000
218	-170.255899	0.225000	10.660000
219	-170.095899	0.227000	10.520000
220	-169.965899	0.227000	10.520000
221	-169.895899	0.227000	10.520000
222	-169.815899	0.229000	10.520000
223	-169.815899	0.231000	10.750000
224	-169.695899	0.231000	10.550000
225	-169.505899	0.233000	10.580000
226	-169.485899	0.235000	10.530000
227	-169.395899	0.235000	10.570000
228	-169.385899	0.235000	10.640000
229	-169.215899	0.237000	10.850000
230	-168.985899	0.239000	10.600000
231	-168.945899	0.239000	10.660000
232	-168.785899	0.239000	10.800000
233	-168.775899	0.241000	10.680000
234	-168.765899	0.243000	10.620000
235	-168.675899	0.243000	10.550000
236	-168.675899	0.243000	10.600000
237	-168.625899	0.245000	10.530000
238	-168.615899	0.247000	10.500000
239	-168.465899	0.247000	10.630000
240	-168.455899	0.248000	10.860000
241	-168.425899	0.248000	10.690000
242	-168.395899	0.248000	10.660000
243	-168.295899	0.250000	10.750000
244	-168.205899	0.250000	10.720000
245	-168.135899	0.252000	10.710000
246	-168.095899	0.252000	10.820000
247	-167.835899	0.254000	10.710000
248	-167.785899	0.256000	10.830000
249	-167.765899	0.258000	10.760000
250	-167.735899	0.258000	10.830000
251	-167.525899	0.258000	10.510000
252	-167.495899	0.260000	10.660000
253	-167.405899	0.262000	10.730000
254	-167.345899	0.262000	10.810000
255	-167.175899	0.262000	10.930000
256	-167.145899	0.266000	10.730000
257	-167.095899	0.266000	10.790000
258	-167.065899	0.266000	10.720000
259	-166.985899	0.270000	10.960000
260	-166.865899	0.272000	10.850000
261	-166.765899	0.272000	11.210000
262	-166.745899	0.272000	10.740000
263	-166.725899	0.274000	10.790000
264	-166.665899	0.274000	11.090000
265	-166.365899	0.276000	11.010000
266	-166.285899	0.278000	10.920000
267	-166.215899	0.280000	10.870000
268	-166.155899	0.280000	10.650000
269	-166.135899	0.280000	10.730000
270	-166.095899	0.282000	10.760000
271	-165.865899	0.282000	10.720000
272	-165.815899	0.284000	10.790000
273	-165.675899	0.284000	11.070000
274	-165.615899	0.286000	10.750000
275	-165.605899	0.288000	10.890000
276	-165.565899	0.288000	10.730000
277	-165.515899	0.289000	11.040000
278	-165.495899	0.289000	11.020000
279	-165.475899	0.291000	10.830000
280	-165.415899	0.293000	11.490000
281	-165.385899	0.293000	11.120000
282	-165.345899	0.295000	11.010000
283	-165.205899	0.295000	10.840000
284	-165.115899	0.297000	10.810000
285	-165.095899	0.297000	10.870000
286	-164.605899	0.297000	11.030000
287	-164.485899	0.299000	11.180000
288	-164.435899	0.301000	10.850000
289	-164.215899	0.301000	10.990000
290	-164.125899	0.303000	10.950000
291	-164.105899	0.303000	10.890000
292	-164.025899	0.303000	11.340000
293	-164.005899	0.305000	11.130000
294	-163.925899	0.305000	11.190000
295	-163.905899	0.307000	11.050000
296	-163.785899	0.309000	10.900000
297	-163.715899	0.311000	11.140000
298	-163.695899	0.311000	10.900000
299	-163.665899	0.311000	11.010000
300	-163.555899	0.313000	10.990000
301	-163.555899	0.313000	10.950000
302	-163.505899	0.315000	10.930000
303	-163.495899	0.317000	11.060000
304	-163.435899	0.319000	11.130000
305	-163.435899	0.319000	10.950000
306	-163.425899	0.319000	11.350000
307	-163.395899	0.321000	11.120000
308	-163.145899	0.321000	11.230000
309	-163.075899	0.323000	10.970000
310	-163.045899	0.325000	11.010000
311	-163.025899	0.325000	11.040000
312	-162.935899	0.327000	11.200000
313	-162.875899	0.327000	11.000000
314	-162.815899	0.329000	11.210000
315	-162.795899	0.329000	11.090000
316	-162.735899	0.329000	11.130000
317	-162.645899	0.331000	11.150000
318	-162.505899	0.332000	11.100000
319	-162.255899	0.332000	11.290000
320	-162.165899	0.334000	11.270000
321	-162.065899	0.334000	11.190000
322	-162.055899	0.334000	11.300000
323	-162.005899	0.336000	11.190000
324	-161.755899	0.336000	11.280000
325	-161.635899	0.338000	11.450000
326	-161.595899	0.340000	11.170000
327	-161.565899	0.340000	11.120000
328	-161.515899	0.342000	11.420000
329	-161.275899	0.342000	11.190000
330	-161.225899	0.342000	11.640000
331	-161.215899	0.344000	11.280000
332	-161.205899	0.344000	11.430000
333	-161.185899	0.346000	11.450000
334	-161.145899	0.346000	11.220000
335	-161.085899	0.350000	11.200000
336	-160.955899	0.350000	11.350000
337	-160.945899	0.350000	11.330000
338	-160.945899	0.354000	11.350000
339	-160.925899	0.356000	11.350000
340	-160.685899	0.356000	11.220000
341	-160.645899	0.358000	11.200000
342	-160.565899	0.358000	11.250000
343	-160.545899	0.358000	11.310000
344	-160.495899	0.360000	11.430000
345	-160.445899	0.362000	11.320000
346	-160.345899	0.362000	11.520000
347	-160.335899	0.364000	11.360000
348	-160.285899	0.364000	11.230000
349	-160.155899	0.364000	11.340000
350	-160.105899	0.366000	11.530000
351	-159.935899	0.368000	11.290000
352	-159.895899	0.368000	11.210000
353	-159.855899	0.368000	11.500000
354	-159.835899	0.370000	11.110000
355	-159.715899	0.373000	11.460000
356	-159.675899	0.373000	11.610000
357	-159.505899	0.373000	11.400000
358	-159.365899	0.373000	11.180000
359	-159.215899	0.375000	11.520000
360	-159.185899	0.375000	11.450000
361	-159.185899	0.377000	11.540000
362	-159.185899	0.379000	11.330000
363	-159.015899	0.379000	11.640000
364	-159.015899	0.381000	11.330000
365	-158.945899	0.383000	11.390000
366	-158.935899	0.383000	11.330000
367	-158.745899	0.383000	11.360000
368	-158.745899	0.385000	11.420000
369	-158.735899	0.389000	11.270000
370	-158.665899	0.389000	11.390000
371	-158.505899	0.389000	11.260000
372	-158.445899	0.389000	11.530000
373	-158.335899	0.389000	11.580000
374	-158.325899	0.391000	11.540000
375	-158.305899	0.393000	11.470000
376	-158.245899	0.393000	11.610000
377	-158.215899	0.395000	11.510000
378	-158.205899	0.395000	11.510000
379	-158.145899	0.395000	11.500000
380	-158.115899	0.397000	11.580000
381	-158.105899	0.399000	11.440000
382	-158.105899	0.399000	11.540000
383	-158.085899	0.399000	11.580000
384	-157.905899	0.403000	11.550000
385	-157.865899	0.403000	11.540000
386	-157.715899	0.405000	11.770000
387	-157.605899	0.405000	11.620000
388	-157.575899	0.407000	11.640000
389	-157.485899	0.407000	11.510000
390	-157.415899	0.407000	11.780000
391	-157.405899	0.409000	11.570000
392	-157.385899	0.409000	11.480000
393	-157.375899	0.411000	11.500000
394	-157.345899	0.411000	11.460000
395	-157.325899	0.413000	11.380000
396	-157.275899	0.415000	11.680000
397	-157.225899	0.415000	11.480000
398	-157.015899	0.415000	11.690000
399	-156.905899	0.416000	11.700000
400	-156.905899	0.418000	11.440000
401	-156.825899	0.418000	11.530000
402	-156.695899	0.420000	11.540000
403	-156.655899	0.420000	11.460000
404	-156.325899	0.420000	11.610000
405	-156.285899	0.422000	11.640000
406	-156.255899	0.422000	11.480000
407	-156.235899	0.424000	11.660000
408	-156.055899	0.426000	11.560000
409	-156.005899	0.426000	11.460000
410	-155.965899	0.426000	11.520000
411	-155.665899	0.428000	11.560000
412	-155.635899	0.430000	11.560000
413	-155.575899	0.430000	11.920000
414	-155.545899	0.430000	11.450000
415	-155.525899	0.436000	11.830000
416	-155.515899	0.434000	11.590000
417	-155.515899	0.436000	11.450000
418	-155.355899	0.438000	11.650000
419	-155.125899	0.438000	11.580000
420	-155.085899	0.440000	11.600000
421	-155.025899	0.440000	11.860000
422	-154.775899	0.442000	11.650000
423	-154.655899	0.444000	11.600000
424	-154.655899	0.446000	11.560000
425	-154.545899	0.446000	11.760000
426	-154.535899	0.446000	11.680000
427	-154.435899	0.448000	11.880000
428	-154.345899	0.448000	11.600000
429	-154.345899	0.452000	11.950000
430	-154.325899	0.452000	11.890000
431	-154.235899	0.452000	11.760000
432	-154.225899	0.452000	11.780000
433	-154.215899	0.454000	11.690000
434	-154.135899	0.456000	11.850000
435	-154.035899	0.457000	11.720000
436	-154.025899	0.457000	11.770000
437	-153.925899	0.459000	11.830000
438	-153.865899	0.459000	11.610000
439	-153.855899	0.459000	11.880000
440	-153.815899	0.461000	11.940000
441	-153.785899	0.463000	11.750000
442	-153.675899	0.463000	11.910000
443	-153.655899	0.467000	11.780000
444	-153.535899	0.467000	11.830000
445	-153.535899	0.467000	11.930000
446	-153.455899	0.467000	11.680000
447	-153.445899	0.469000	12.040000
448	-153.275899	0.469000	12.090000
449	-153.125899	0.471000	11.890000
450	-152.985899	0.471000	12.060000
451	-152.915899	0.471000	11.830000
452	-152.715899	0.473000	11.930000
453	-152.665899	0.477000	11.790000
454	-152.665899	0.477000	11.850000
455	-152.585899	0.477000	12.070000
456	-152.515899	0.479000	12.050000
457	-152.395899	0.481000	11.970000
458	-152.345899	0.481000	11.790000
459	-152.105899	0.483000	11.940000
460	-152.085899	0.483000	11.750000
461	-152.065899	0.483000	11.920000
462	-152.015899	0.485000	11.930000
463	-151.965899	0.487000	11.930000
464	-151.735899	0.489000	12.210000
465	-151.635899	0.489000	11.780000
466	-151.565899	0.491000	11.890000
467	-151.545899	0.491000	12.020000
468	-151.535899	0.493000	12.050000
469	-151.425899	0.493000	12.120000
470	-151.305899	0.493000	12.000000
471	-151.135899	0.495000	12.000000
472	-151.065899	0.495000	11.950000
473	-151.055899	0.497000	11.930000
474	-150.985899	0.498000	11.910000
475	-150.915899	0.498000	11.960000
476	-150.775899	0.498000	11.840000
477	-150.675899	0.500000	12.150000
478	-150.535899	0.500000	12.110000
479	-150.435899	0.502000	11.860000
480	-150.395899	0.504000	12.000000
481	-150.385899	0.504000	11.800000
482	-150.225899	0.506000	11.830000
483	-150.195899	0.506000	12.220000
484	-150.125899	0.508000	12.150000
485	-150.075899	0.508000	11.960000
486	-150.015899	0.510000	12.050000
487	-149.915899	0.510000	12.090000
488	-149.865899	0.514000	12.030000
489	-149.855899	0.514000	11.900000
490	-149.835899	0.514000	11.960000
491	-149.825899	0.514000	11.970000
492	-149.735899	0.518000	11.910000
493	-149.695899	0.520000	11.990000
494	-149.675899	0.520000	12.360000
495	-149.665899	0.522000	11.990000
496	-149.665899	0.524000	12.110000
497	-149.655899	0.524000	12.020000
498	-149.645899	0.524000	11.810000
499	-149.615899	0.526000	12.270000
500	-149.615899	0.528000	12.010000
501	-149.465899	0.530000	11.930000
502	-149.385899	0.530000	11.950000
503	-149.315899	0.530000	12.080000
504	-149.135899	0.532000	11.990000
505	-149.115899	0.532000	11.990000
506	-148.725899	0.534000	12.270000
507	-148.565899	0.534000	12.160000
508	-148.355899	0.534000	12.140000
509	-148.095899	0.538000	12.070000
510	-147.975899	0.538000	12.480000
511	-147.915899	0.538000	12.300000
512	-147.905899	0.539000	12.320000
513	-147.855899	0.539000	12.220000
514	-147.755899	0.541000	12.090000
515	-147.705899	0.543000	12.230000
516	-147.605899	0.543000	12.120000
517	-147.495899	0.545000	12.290000
518	-147.435899	0.545000	12.280000
519	-147.395899	0.547000	12.050000
520	-147.385899	0.547000	12.050000
521	-147.345899	0.549000	12.210000
522	-147.335899	0.551000	12.330000
523	-147.305899	0.549000	12.230000
524	-147.245899	0.553000	12.330000
525	-147.215899	0.553000	12.050000
526	-147.155899	0.555000	12.360000
527	-147.135899	0.555000	12.140000
528	-146.915899	0.555000	12.200000
529	-146.785899	0.557000	12.310000
530	-146.775899	0.557000	12.690000
531	-146.735899	0.559000	12.260000
532	-146.415899	0.559000	12.280000
533	-146.415899	0.561000	12.160000
534	-146.315899	0.561000	12.340000
535	-146.295899	0.563000	12.250000
536	-146.065899	0.563000	12.320000
537	-145.995899	0.565000	12.390000
538	-145.955899	0.567000	12.330000
539	-145.935899	0.567000	12.430000
540	-145.855899	0.565000	12.370000
541	-145.675899	0.571000	12.450000
542	-145.625899	0.571000	12.280000
543	-145.575899	0.571000	12.230000
544	-145.485899	0.573000	12.370000
545	-145.305899	0.575000	12.340000
546	-145.255899	0.575000	12.210000
547	-145.245899	0.577000	12.440000
548	-145.235899	0.577000	12.290000
549	-145.075899	0.577000	12.510000
550	-144.995899	0.579000	12.070000
551	-144.965899	0.579000	12.370000
552	-144.885899	0.581000	12.350000
553	-144.835899	0.582000	12.180000
554	-144.805899	0.582000	12.420000
555	-144.785899	0.582000	12.290000
556	-144.725899	0.584000	12.410000
557	-144.605899	0.586000	12.410000
558	-144.565899	0.586000	12.420000
559	-144.545899	0.586000	12.380000
560	-144.395899	0.588000	12.590000
561	-144.365899	0.590000	12.630000
562	-144.315899	0.592000	12.420000
563	-144.315899	0.592000	12.450000
564	-144.225899	0.594000	12.440000
565	-144.125899	0.594000	12.460000
566	-144.115899	0.594000	12.480000
567	-144.105899	0.596000	12.490000
568	-143.985899	0.596000	12.440000
569	-143.915899	0.596000	12.410000
570	-143.805899	0.598000	12.580000
571	-143.795899	0.600000	12.370000
572	-143.735899	0.602000	12.360000
573	-143.695899	0.604000	12.590000
574	-143.665899	0.606000	12.560000
575	-143.665899	0.606000	12.680000
576	-143.575899	0.608000	12.620000
577	-143.545899	0.608000	12.340000
578	-143.445899	0.608000	12.620000
579	-143.295899	0.610000	12.350000
580	-143.265899	0.610000	12.420000
581	-143.155899	0.612000	12.920000
582	-143.135899	0.614000	12.370000
583	-143.125899	0.614000	12.390000
584	-143.015899	0.616000	12.580000
585	-142.835899	0.616000	12.330000
586	-142.515899	0.616000	12.690000
587	-142.205899	0.618000	12.560000
588	-142.105899	0.618000	12.530000
589	-142.055899	0.620000	12.590000
590	-141.965899	0.620000	12.480000
591	-141.775899	0.622000	12.480000
592	-141.745899	0.622000	12.580000
593	-141.705899	0.623000	12.540000
594	-141.655899	0.623000	12.540000
595	-141.605899	0.625000	12.650000
596	-141.575899	0.625000	12.530000
597	-141.525899	0.627000	12.990000
598	-141.485899	0.629000	12.660000
599	-141.445899	0.629000	12.610000
600	-141.385899	0.631000	12.670000
601	-141.345899	0.631000	12.560000
602	-141.315899	0.633000	12.600000
603	-141.195899	0.633000	12.450000
604	-141.055899	0.633000	12.620000
605	-140.915899	0.635000	12.560000
606	-140.885899	0.637000	12.600000
607	-140.885899	0.637000	12.550000
608	-140.685899	0.639000	12.670000
609	-140.645899	0.639000	12.590000
610	-140.525899	0.641000	12.600000
611	-140.485899	0.641000	12.580000
612	-140.405899	0.641000	12.460000
613	-140.255899	0.643000	12.510000
614	-140.175899	0.645000	12.640000
615	-140.115899	0.645000	12.650000
616	-139.895899	0.647000	12.650000
617	-139.875899	0.647000	12.670000
618	-139.845899	0.647000	12.810000
619	-139.825899	0.649000	12.680000
620	-139.765899	0.649000	12.600000
621	-139.695899	0.651000	12.690000
622	-139.685899	0.651000	12.720000
623	-139.655899	0.655000	12.800000
624	-139.435899	0.655000	12.900000
625	-139.405899	0.655000	13.040000
626	-139.395899	0.657000	12.740000
627	-139.385899	0.657000	12.690000
628	-139.355899	0.659000	12.630000
629	-139.345899	0.661000	12.740000
630	-139.325899	0.661000	12.900000
631	-139.315899	0.663000	12.710000
632	-139.235899	0.663000	12.650000
633	-139.195899	0.665000	12.710000
634	-138.995899	0.665000	12.830000
635	-138.995899	0.666000	12.740000
636	-138.825899	0.668000	13.010000
637	-138.755899	0.668000	12.790000
638	-138.705899	0.670000	12.710000
639	-138.525899	0.670000	12.630000
640	-138.505899	0.670000	12.930000
641	-138.475899	0.672000	12.760000
642	-138.385899	0.674000	12.820000
643	-138.295899	0.676000	12.580000
644	-138.275899	0.676000	12.920000
645	-138.135899	0.678000	12.760000
646	-137.865899	0.678000	12.740000
647	-137.805899	0.680000	12.750000
648	-137.785899	0.680000	12.700000
649	-137.725899	0.682000	12.610000
650	-137.715899	0.682000	12.730000
651	-137.685899	0.682000	12.810000
652	-137.685899	0.684000	12.850000
653	-137.645899	0.686000	12.870000
654	-137.505899	0.688000	12.880000
655	-137.395899	0.688000	12.880000
656	-137.305899	0.690000	12.890000
657	-137.275899	0.692000	12.760000
658	-137.225899	0.692000	12.790000
659	-137.125899	0.692000	12.790000
660	-137.085899	0.694000	12.780000
661	-136.915899	0.694000	13.110000
662	-136.815899	0.696000	12.880000
663	-136.685899	0.696000	13.080000
664	-136.685899	0.698000	13.000000
665	-136.675899	0.700000	12.790000
666	-136.655899	0.700000	12.930000
667	-136.585899	0.702000	12.890000
668	-136.555899	0.702000	13.090000
669	-136.515899	0.702000	12.790000
670	-136.305899	0.704000	12.910000
671	-136.245899	0.704000	12.990000
672	-136.195899	0.706000	12.940000
673	-136.175899	0.707000	12.830000
674	-136.055899	0.707000	12.830000
675	-136.015899	0.707000	12.940000
676	-135.995899	0.709000	12.940000
677	-135.745899	0.711000	12.970000
678	-135.735899	0.711000	13.160000
679	-135.645899	0.711000	13.040000
680	-135.625899	0.713000	12.980000
681	-135.595899	0.717000	13.030000
682	-135.555899	0.715000	12.940000
683	-135.455899	0.717000	13.060000
684	-135.365899	0.717000	13.020000
685	-135.265899	0.719000	13.150000
686	-135.185899	0.719000	13.390000
687	-135.155899	0.721000	13.020000
688	-135.095899	0.723000	13.150000
689	-134.975899	0.723000	13.010000
690	-134.945899	0.723000	12.950000
691	-134.835899	0.725000	13.280000
692	-134.835899	0.725000	13.150000
693	-134.815899	0.727000	13.100000
694	-134.765899	0.727000	13.300000
695	-134.755899	0.729000	13.110000
696	-134.685899	0.731000	13.000000
697	-134.595899	0.731000	13.070000
698	-134.585899	0.733000	13.150000
699	-134.155899	0.733000	12.980000
700	-134.045899	0.733000	13.060000
701	-134.005899	0.735000	13.260000
702	-133.885899	0.735000	13.180000
703	-133.785899	0.737000	13.240000
704	-133.725899	0.739000	13.150000
705	-133.455899	0.739000	13.160000
706	-133.435899	0.739000	13.220000
707	-133.435899	0.741000	13.150000
708	-133.425899	0.743000	13.250000
709	-133.385899	0.743000	13.310000
710	-133.355899	0.743000	13.140000
711	-133.325899	0.745000	13.150000
712	-133.315899	0.747000	13.320000
713	-133.215899	0.747000	13.170000
714	-133.165899	0.748000	13.250000
715	-133.085899	0.748000	13.090000
716	-133.065899	0.750000	13.210000
717	-132.885899	0.750000	13.270000
718	-132.885899	0.752000	13.420000
719	-132.875899	0.754000	13.250000
720	-132.635899	0.754000	13.320000
721	-132.575899	0.754000	13.190000
722	-132.445899	0.756000	13.190000
723	-132.335899	0.756000	13.200000
724	-132.255899	0.758000	13.170000
725	-132.215899	0.758000	13.230000
726	-132.175899	0.760000	13.430000
727	-131.995899	0.762000	13.120000
728	-131.655899	0.762000	13.480000
729	-131.605899	0.764000	13.310000
730	-131.595899	0.764000	13.620000
731	-131.585899	0.764000	13.320000
732	-131.575899	0.766000	13.350000
733	-131.515899	0.766000	13.310000
734	-131.445899	0.770000	13.470000
735	-131.335899	0.772000	13.400000
736	-131.305899	0.772000	13.580000
737	-131.275899	0.772000	13.470000
738	-131.245899	0.774000	13.570000
739	-131.245899	0.774000	13.450000
740	-131.195899	0.776000	13.290000
741	-131.135899	0.778000	13.110000
742	-130.925899	0.778000	13.530000
743	-130.905899	0.780000	13.420000
744	-130.815899	0.780000	13.510000
745	-130.775899	0.782000	13.360000
746	-130.735899	0.782000	13.570000
747	-130.675899	0.782000	13.530000
748	-130.575899	0.784000	13.630000
749	-130.555899	0.786000	13.400000
750	-130.525899	0.786000	13.620000
751	-130.425899	0.788000	13.500000
752	-130.195899	0.788000	13.560000
753	-130.125899	0.788000	13.700000
754	-130.085899	0.789000	13.480000
755	-129.885899	0.789000	13.530000
756	-129.825899	0.791000	13.560000
757	-129.645899	0.793000	13.300000
758	-129.535899	0.793000	13.690000
759	-129.335899	0.795000	13.590000
760	-129.325899	0.795000	13.510000
761	-129.315899	0.795000	13.430000
762	-129.285899	0.797000	13.460000
763	-129.275899	0.797000	13.680000
764	-129.185899	0.799000	13.440000
765	-129.175899	0.801000	13.520000
766	-129.165899	0.803000	13.570000
767	-129.065899	0.803000	13.350000
768	-129.035899	0.805000	13.570000
769	-128.895899	0.805000	13.380000
770	-128.875899	0.805000	13.360000
771	-128.835899	0.807000	13.740000
772	-128.805899	0.809000	13.330000
773	-128.765899	0.811000	13.530000
774	-128.205899	0.809000	13.520000
775	-127.905899	0.811000	13.510000
776	-127.885899	0.813000	13.580000
777	-127.855899	0.813000	13.520000
778	-127.815899	0.813000	13.670000
779	-127.695899	0.815000	13.490000
780	-127.625899	0.817000	13.600000
781	-127.595899	0.817000	13.710000
782	-127.595899	0.819000	13.590000
783	-127.455899	0.819000	13.570000
784	-127.445899	0.819000	13.670000
785	-127.425899	0.821000	13.520000
786	-127.415899	0.823000	13.720000
787	-127.285899	0.825000	13.660000
788	-127.055899	0.825000	13.700000
789	-127.005899	0.827000	13.650000
790	-126.885899	0.827000	13.780000
791	-126.885899	0.827000	13.590000
792	-126.885899	0.829000	13.790000
793	-126.755899	0.829000	13.690000
794	-126.735899	0.831000	13.650000
795	-126.645899	0.832000	13.680000
796	-126.645899	0.832000	13.860000
797	-126.625899	0.834000	13.850000
798	-126.605899	0.834000	13.700000
799	-126.575899	0.834000	13.700000
800	-126.525899	0.836000	13.720000
801	-126.515899	0.836000	13.920000
802	-126.475899	0.838000	13.730000
803	-126.455899	0.840000	13.610000
804	-126.445899	0.842000	13.610000
805	-126.415899	0.842000	13.540000
806	-126.345899	0.842000	13.810000
807	-126.275899	0.844000	13.880000
808	-126.265899	0.844000	13.790000
809	-126.105899	0.846000	13.590000
810	-126.085899	0.848000	13.810000
811	-125.995899	0.848000	13.830000
812	-125.965899	0.850000	13.620000
813	-125.945899	0.850000	13.790000
814	-125.585899	0.850000	13.690000
815	-125.555899	0.858000	14.000000
816	-125.495899	0.856000	14.060000
817	-125.465899	0.858000	13.750000
818	-125.435899	0.858000	13.770000
819	-125.125899	0.858000	13.860000
820	-124.775899	0.860000	14.020000
821	-124.715899	0.860000	13.670000
822	-124.675899	0.862000	14.030000
823	-124.675899	0.864000	14.040000
824	-124.665899	0.866000	13.870000
825	-124.645899	0.866000	13.890000
826	-124.495899	0.868000	13.830000
827	-124.315899	0.868000	13.960000
828	-124.305899	0.868000	13.790000
829	-124.265899	0.870000	13.910000
830	-124.235899	0.873000	13.980000
831	-124.225899	0.872000	13.790000
832	-124.105899	0.873000	13.970000
833	-123.805899	0.873000	14.030000
834	-123.705899	0.873000	13.910000
835	-123.605899	0.875000	13.960000
836	-123.605899	0.875000	13.880000
837	-123.515899	0.877000	13.960000
838	-123.415899	0.879000	13.940000
839	-123.385899	0.879000	14.020000
840	-123.355899	0.879000	13.970000
841	-123.235899	0.881000	14.030000
842	-123.095899	0.883000	13.830000
843	-123.095899	0.883000	13.900000
844	-122.985899	0.885000	13.860000
845	-122.975899	0.887000	14.060000
846	-122.965899	0.887000	13.840000
847	-122.965899	0.889000	13.890000
848	-122.935899	0.889000	14.010000
849	-122.905899	0.889000	14.230000
850	-122.875899	0.891000	13.880000
851	-122.725899	0.893000	14.080000
852	-122.725899	0.893000	13.960000
853	-122.665899	0.893000	14.100000
854	-122.565899	0.895000	13.910000
855	-122.535899	0.895000	14.110000
856	-122.345899	0.897000	13.920000
857	-122.145899	0.899000	13.900000
858	-122.075899	0.899000	13.910000
859	-121.965899	0.899000	14.010000
860	-121.895899	0.901000	13.930000
861	-121.705899	0.903000	13.930000
862	-121.645899	0.903000	13.920000
863	-121.475899	0.905000	14.250000
864	-121.465899	0.905000	14.070000
865	-121.455899	0.907000	14.060000
866	-121.325899	0.907000	14.270000
867	-121.325899	0.907000	14.220000
868	-121.245899	0.909000	14.120000
869	-121.235899	0.911000	14.000000
870	-121.185899	0.911000	14.240000
871	-121.105899	0.911000	14.210000
872	-121.085899	0.913000	14.100000
873	-121.025899	0.915000	14.280000
874	-120.795899	0.915000	14.080000
875	-120.755899	0.916000	14.240000
876	-120.665899	0.918000	14.130000
877	-120.665899	0.918000	14.110000
878	-120.625899	0.920000	14.340000
879	-120.535899	0.920000	14.260000
880	-120.535899	0.920000	14.190000
881	-120.395899	0.922000	14.060000
882	-120.285899	0.922000	14.080000
883	-120.275899	0.924000	14.180000
884	-120.245899	0.924000	14.100000
885	-120.205899	0.926000	14.280000
886	-120.195899	0.926000	14.080000
887	-120.085899	0.928000	14.130000
888	-120.065899	0.930000	14.190000
889	-120.045899	0.930000	14.320000
890	-119.935899	0.930000	14.180000
891	-119.825899	0.932000	14.390000
892	-119.795899	0.934000	14.110000
893	-119.785899	0.934000	14.110000
894	-119.765899	0.936000	14.110000
895	-119.655899	0.938000	14.150000
896	-119.575899	0.938000	14.200000
897	-119.405899	0.940000	14.320000
898	-119.205899	0.942000	14.280000
899	-119.075899	0.942000	14.290000
900	-118.985899	0.944000	14.140000
901	-118.865899	0.944000	14.320000
902	-118.695899	0.944000	14.410000
903	-118.685899	0.946000	14.250000
904	-118.595899	0.946000	14.090000
905	-118.385899	0.948000	14.260000
906	-118.285899	0.950000	14.280000
907	-118.235899	0.952000	14.190000
908	-118.015899	0.952000	14.240000
909	-117.965899	0.952000	14.290000
910	-117.945899	0.954000	14.230000
911	-117.755899	0.954000	14.230000
912	-117.725899	0.956000	14.410000
913	-117.695899	0.957000	14.360000
914	-117.555899	0.959000	14.440000
915	-117.495899	0.959000	14.230000
916	-117.345899	0.961000	14.230000
917	-117.335899	0.961000	14.450000
918	-117.245899	0.961000	14.500000
919	-117.245899	0.963000	14.140000
920	-117.135899	0.965000	14.310000
921	-117.055899	0.967000	14.350000
922	-117.045899	0.967000	14.320000
923	-117.005899	0.967000	14.480000
924	-116.945899	0.969000	14.560000
925	-116.745899	0.969000	14.330000
926	-116.695899	0.971000	14.360000
927	-116.665899	0.973000	14.340000
928	-116.615899	0.973000	14.520000
929	-116.555899	0.975000	14.520000
930	-116.495899	0.975000	14.660000
931	-116.485899	0.977000	14.300000
932	-116.445899	0.977000	14.430000
933	-116.415899	0.979000	14.180000
934	-116.325899	0.981000	14.350000
935	-116.145899	0.981000	14.140000
936	-116.115899	0.983000	14.590000
937	-116.015899	0.983000	14.530000
938	-115.915899	0.983000	14.390000
939	-115.835899	0.985000	14.490000
940	-115.825899	0.987000	14.430000
941	-115.765899	0.987000	14.530000
942	-115.755899	0.987000	14.400000
943	-115.705899	0.989000	14.490000
944	-115.685899	0.991000	14.560000
945	-115.585899	0.991000	14.450000
946	-115.515899	0.991000	14.550000
947	-115.485899	0.993000	14.490000
948	-115.445899	0.993000	14.480000
949	-115.435899	0.995000	14.270000
950	-115.245899	0.997000	14.510000
951	-115.175899	0.997000	14.650000
952	-115.085899	0.998000	14.520000
953	-115.015899	1.000000	14.600000
954	-114.975899	1.000000	14.480000
955	-114.875899	1.000000	14.580000
956	-114.725899	1.002000	14.620000
957	-114.665899	1.002000	14.630000
958	-114.655899	1.002000	14.560000
959	-114.595899	1.006000	14.500000
960	-114.545899	1.006000	14.590000
961	-114.415899	1.008000	14.490000
962	-114.305899	1.008000	14.490000
963	-114.265899	1.010000	14.670000
964	-114.155899	1.012000	14.460000
965	-114.145899	1.012000	14.570000
966	-114.055899	1.014000	14.470000
967	-113.895899	1.014000	14.570000
968	-113.845899	1.014000	14.660000
969	-113.795899	1.016000	14.520000
970	-113.715899	1.018000	14.550000
971	-113.695899	1.018000	14.570000
972	-113.595899	1.020000	14.480000
973	-113.565899	1.022000	14.650000
974	-113.555899	1.024000	14.700000
975	-113.555899	1.024000	14.700000
976	-113.535899	1.024000	14.610000
977	-113.525899	1.026000	14.570000
978	-113.445899	1.028000	14.780000
979	-113.395899	1.028000	14.630000
980	-113.055899	1.030000	14.710000
981	-112.885899	1.030000	14.710000
982	-112.725899	1.032000	14.740000
983	-112.695899	1.032000	14.660000
984	-112.655899	1.032000	14.690000
985	-112.395899	1.034000	14.500000
986	-112.395899	1.036000	14.690000
987	-112.395899	1.036000	14.670000
988	-112.345899	1.036000	14.710000
989	-112.335899	1.038000	14.860000
990	-112.315899	1.039000	14.670000
991	-112.275899	1.039000	14.620000
992	-112.265899	1.039000	14.610000
993	-112.075899	1.045000	14.540000
994	-112.005899	1.043000	14.840000
995	-111.915899	1.045000	14.890000
996	-111.825899	1.045000	14.560000
997	-111.755899	1.045000	14.730000
998	-111.755899	1.047000	14.690000
999	-111.655899	1.047000	14.610000
1000	-111.655899	1.049000	14.630000
1001	-111.495899	1.051000	14.810000
1002	-111.415899	1.053000	14.850000
1003	-111.245899	1.053000	14.800000
1004	-111.115899	1.055000	15.070000
1005	-111.105899	1.055000	15.020000
1006	-111.105899	1.055000	14.900000
1007	-111.005899	1.057000	15.100000
1008	-110.935899	1.061000	14.940000
1009	-110.885899	1.059000	15.100000
1010	-110.845899	1.061000	14.760000
1011	-110.525899	1.061000	14.880000
1012	-110.235899	1.063000	14.950000
1013	-110.205899	1.063000	14.940000
1014	-110.005899	1.065000	15.080000
1015	-110.005899	1.067000	15.040000
1016	-110.005899	1.067000	15.060000
1017	-109.945899	1.067000	14.970000
1018	-109.875899	1.069000	14.950000
1019	-109.745899	1.071000	15.020000
1020	-109.585899	1.071000	15.010000
1021	-109.555899	1.071000	14.910000
1022	-109.455899	1.073000	14.930000
1023	-109.355899	1.075000	15.020000
1024	-109.295899	1.075000	14.940000
1025	-109.225899	1.077000	14.920000
1026	-109.225899	1.077000	15.100000
1027	-109.225899	1.077000	14.960000
1028	-109.195899	1.079000	14.910000
1029	-109.135899	1.079000	15.060000
1030	-108.845899	1.081000	14.790000
1031	-108.715899	1.081000	15.130000
1032	-108.585899	1.082000	15.070000
1033	-108.555899	1.084000	15.020000
1034	-108.455899	1.086000	15.050000
1035	-108.425899	1.086000	15.110000
1036	-108.415899	1.086000	15.110000
1037	-108.385899	1.088000	15.210000
1038	-108.355899	1.090000	15.010000
1039	-108.355899	1.090000	15.120000
1040	-108.355899	1.092000	15.050000
1041	-108.295899	1.092000	15.230000
1042	-108.255899	1.094000	14.960000
1043	-108.195899	1.094000	15.160000
1044	-108.165899	1.094000	14.900000
1045	-108.165899	1.096000	14.970000
1046	-108.065899	1.098000	15.230000
1047	-108.065899	1.098000	15.040000
1048	-107.905899	1.098000	15.190000
1049	-107.905899	1.100000	15.020000
1050	-107.715899	1.102000	15.060000
1051	-107.705899	1.104000	15.010000
1052	-107.615899	1.108000	15.060000
1053	-107.515899	1.108000	14.910000
1054	-107.485899	1.108000	15.220000
1055	-107.455899	1.108000	15.000000
1056	-107.425899	1.110000	14.980000
1057	-107.365899	1.110000	15.060000
1058	-107.315899	1.112000	15.150000
1059	-106.965899	1.114000	14.980000
1060	-106.925899	1.114000	15.060000
1061	-106.865899	1.114000	15.070000
1062	-106.835899	1.116000	15.070000
1063	-106.775899	1.116000	15.340000
1064	-106.445899	1.118000	15.240000
1065	-106.375899	1.118000	15.150000
1066	-106.295899	1.120000	15.280000
1067	-106.065899	1.122000	15.370000
1068	-106.025899	1.122000	14.900000
1069	-105.785899	1.123000	14.980000
1070	-105.725899	1.123000	15.330000
1071	-105.475899	1.123000	15.210000
1072	-105.455899	1.127000	15.210000
1073	-105.355899	1.127000	15.240000
1074	-105.345899	1.129000	15.230000
1075	-105.275899	1.129000	15.420000
1076	-105.225899	1.131000	15.410000
1077	-105.155899	1.131000	15.220000
1078	-105.155899	1.131000	15.140000
1079	-105.135899	1.133000	15.260000
1080	-105.135899	1.133000	15.340000
1081	-105.125899	1.135000	15.230000
1082	-105.105899	1.137000	15.230000
1083	-105.005899	1.137000	15.210000
1084	-104.955899	1.139000	14.060000
1085	-104.855899	1.139000	15.250000
1086	-104.845899	1.139000	15.610000
1087	-104.765899	1.141000	15.380000
1088	-104.755899	1.141000	15.130000
1089	-104.495899	1.143000	14.980000
1090	-104.455899	1.145000	15.260000
1091	-104.435899	1.145000	14.030000
1092	-104.435899	1.145000	15.060000
1093	-104.315899	1.147000	15.290000
1094	-104.305899	1.147000	14.100000
1095	-104.285899	1.149000	15.280000
1096	-104.185899	1.149000	15.330000
1097	-104.095899	1.151000	15.290000
1098	-104.085899	1.153000	14.570000
1099	-104.035899	1.153000	14.190000
1100	-103.995899	1.155000	15.410000
1101	-103.975899	1.155000	15.310000
1102	-103.865899	1.157000	14.170000
1103	-103.785899	1.157000	14.010000
1104	-103.475899	1.159000	13.960000
1105	-103.385899	1.161000	14.120000
1106	-103.385899	1.161000	14.070000
1107	-103.265899	1.163000	14.050000
1108	-103.235899	1.163000	14.190000
1109	-103.095899	1.165000	14.090000
1110	-103.045899	1.165000	13.940000
1111	-103.025899	1.165000	14.110000
1112	-102.935899	1.166000	14.000000
1113	-102.735899	1.168000	14.150000
1114	-102.555899	1.168000	14.090000
1115	-102.505899	1.170000	14.190000
1116	-102.425899	1.170000	14.260000
1117	-102.355899	1.170000	14.180000
1118	-102.315899	1.172000	13.890000
1119	-102.095899	1.174000	14.090000
1120	-102.085899	1.174000	14.020000
1121	-102.025899	1.174000	14.280000
1122	-101.865899	1.176000	14.290000
1123	-101.795899	1.178000	14.140000
1124	-101.655899	1.178000	13.900000
1125	-101.585899	1.178000	13.920000
1126	-101.545899	1.180000	14.200000
1127	-101.245899	1.180000	14.230000
1128	-101.245899	1.182000	14.090000
1129	-101.155899	1.184000	14.310000
1130	-101.005899	1.184000	14.380000
1131	-100.925899	1.186000	14.250000
1132	-100.885899	1.188000	14.190000
1133	-100.865899	1.190000	14.220000
1134	-100.845899	1.192000	14.200000
1135	-100.835899	1.192000	14.430000
1136	-100.805899	1.192000	14.130000
1137	-100.675899	1.194000	14.170000
1138	-100.655899	1.196000	14.180000
1139	-100.605899	1.196000	14.300000
1140	-100.585899	1.196000	14.190000
1141	-100.515899	1.198000	14.260000
1142	-100.505899	1.202000	14.300000
1143	-100.485899	1.202000	14.280000
1144	-100.475899	1.202000	14.250000
1145	-100.395899	1.202000	14.300000
1146	-100.355899	1.204000	14.330000
1147	-100.175899	1.204000	14.190000
1148	-100.115899	1.206000	14.190000
1149	-100.035899	1.207000	14.470000
1150	-99.995899	1.207000	14.320000
1151	-99.865899	1.207000	14.160000
1152	-99.835899	1.209000	14.220000
1153	-99.825899	1.211000	14.300000
1154	-99.735899	1.211000	14.450000
1155	-99.705899	1.211000	14.290000
1156	-99.575899	1.213000	14.390000
1157	-99.405899	1.215000	14.270000
1158	-99.285899	1.215000	14.340000
1159	-99.215899	1.217000	14.240000
1160	-99.015899	1.217000	14.220000
1161	-98.985899	1.219000	14.470000
1162	-98.965899	1.219000	14.420000
1163	-98.935899	1.219000	14.360000
1164	-98.875899	1.221000	14.560000
1165	-98.745899	1.223000	14.460000
1166	-98.625899	1.223000	14.360000
1167	-98.595899	1.223000	14.490000
1168	-98.545899	1.225000	14.250000
1169	-98.435899	1.227000	14.430000
1170	-98.215899	1.227000	14.380000
1171	-98.075899	1.227000	14.420000
1172	-98.055899	1.233000	14.450000
1173	-97.925899	1.231000	14.650000
1174	-97.885899	1.233000	14.420000
1175	-97.655899	1.233000	14.550000
1176	-97.615899	1.233000	14.400000
1177	-97.435899	1.235000	14.180000
1178	-97.365899	1.235000	14.610000
1179	-97.275899	1.237000	14.490000
1180	-97.245899	1.239000	14.480000
1181	-97.235899	1.239000	14.510000
1182	-97.165899	1.241000	14.650000
1183	-97.145899	1.241000	14.390000
1184	-97.045899	1.243000	14.520000
1185	-96.995899	1.243000	14.610000
1186	-96.885899	1.243000	14.610000
1187	-96.885899	1.245000	14.460000
1188	-96.855899	1.247000	14.440000
1189	-96.655899	1.247000	14.570000
1190	-96.635899	1.248000	14.730000
1191	-96.625899	1.250000	14.500000
1192	-96.535899	1.250000	14.490000
1193	-96.435899	1.250000	14.440000
1194	-96.315899	1.252000	14.600000
1195	-96.115899	1.252000	14.650000
1196	-96.005899	1.252000	14.540000
1197	-95.985899	1.256000	14.570000
1198	-95.985899	1.256000	14.770000
1199	-95.865899	1.258000	14.730000
1200	-95.845899	1.258000	14.440000
1201	-95.835899	1.260000	14.530000
1202	-95.765899	1.262000	14.650000
1203	-95.755899	1.262000	14.710000
1204	-95.725899	1.264000	14.580000
1205	-95.725899	1.264000	14.540000
1206	-95.695899	1.264000	14.530000
1207	-95.555899	1.266000	14.620000
1208	-95.355899	1.268000	14.670000
1209	-95.345899	1.268000	14.430000
1210	-95.215899	1.270000	14.650000
1211	-95.215899	1.272000	14.650000
1212	-95.185899	1.272000	14.430000
1213	-95.175899	1.274000	14.690000
1214	-95.075899	1.274000	14.640000
1215	-95.055899	1.276000	14.540000
1216	-95.005899	1.278000	14.780000
1217	-94.935899	1.278000	14.500000
1218	-94.895899	1.280000	14.520000
1219	-94.815899	1.280000	14.710000
1220	-94.785899	1.280000	14.640000
1221	-94.765899	1.282000	14.630000
1222	-94.645899	1.284000	14.610000
1223	-94.645899	1.284000	14.800000
1224	-94.565899	1.286000	14.730000
1225	-94.525899	1.286000	14.610000
1226	-94.495899	1.288000	14.630000
1227	-94.385899	1.288000	14.660000
1228	-94.355899	1.288000	14.760000
1229	-94.265899	1.289000	14.600000
1230	-94.045899	1.289000	14.790000
1231	-94.005899	1.291000	14.770000
1232	-93.945899	1.293000	14.840000
1233	-93.715899	1.293000	14.680000
1234	-93.665899	1.295000	14.690000
1235	-93.625899	1.295000	14.810000
1236	-93.485899	1.295000	15.060000
1237	-93.475899	1.297000	14.820000
1238	-93.435899	1.297000	14.830000
1239	-93.415899	1.299000	14.810000
1240	-93.395899	1.299000	14.780000
1241	-93.235899	1.301000	14.800000
1242	-93.095899	1.301000	14.810000
1243	-93.095899	1.303000	14.950000
1244	-92.925899	1.303000	15.000000
1245	-92.825899	1.305000	14.820000
1246	-92.695899	1.305000	15.000000
1247	-92.685899	1.307000	15.180000
1248	-92.435899	1.309000	14.970000
1249	-92.325899	1.309000	14.890000
1250	-92.245899	1.311000	14.810000
1251	-92.125899	1.311000	14.730000
1252	-92.045899	1.313000	14.840000
1253	-92.005899	1.313000	14.860000
1254	-91.985899	1.313000	14.990000
1255	-91.845899	1.315000	14.910000
1256	-91.835899	1.317000	15.030000
1257	-91.805899	1.317000	15.070000
1258	-91.645899	1.319000	14.760000
1259	-91.625899	1.319000	14.910000
1260	-91.475899	1.321000	14.860000
1261	-91.475899	1.321000	14.820000
1262	-91.235899	1.321000	14.870000
1263	-91.195899	1.323000	14.930000
1264	-91.195899	1.325000	14.860000
1265	-91.145899	1.325000	14.720000
1266	-90.985899	1.327000	14.860000
1267	-90.975899	1.327000	15.030000
1268	-90.865899	1.327000	14.940000
1269	-90.845899	1.329000	14.800000
1270	-90.835899	1.329000	14.980000
1271	-90.795899	1.331000	14.980000
1272	-90.775899	1.332000	14.910000
1273	-90.755899	1.332000	14.830000
1274	-90.675899	1.334000	14.980000
1275	-90.525899	1.334000	14.990000
1276	-90.475899	1.334000	14.980000
1277	-90.265899	1.336000	15.030000
1278	-90.075899	1.336000	15.070000
1279	-89.945899	1.338000	14.950000
1280	-89.835899	1.340000	15.160000
1281	-89.805899	1.340000	15.150000
1282	-89.785899	1.342000	15.020000
1283	-89.765899	1.342000	14.920000
1284	-89.575899	1.344000	15.190000
1285	-89.555899	1.344000	15.080000
1286	-89.535899	1.346000	15.040000
1287	-89.535899	1.348000	15.080000
1288	-89.465899	1.348000	15.080000
1289	-89.385899	1.350000	14.950000
1290	-89.375899	1.350000	14.960000
1291	-89.205899	1.350000	15.070000
1292	-89.145899	1.354000	15.100000
1293	-89.105899	1.354000	15.130000
1294	-89.085899	1.356000	15.030000
1295	-89.065899	1.358000	15.040000
1296	-89.065899	1.358000	14.980000
1297	-88.945899	1.358000	15.110000
1298	-88.935899	1.360000	14.830000
1299	-88.845899	1.360000	14.930000
1300	-88.845899	1.362000	15.090000
1301	-88.815899	1.364000	15.050000
1302	-88.795899	1.364000	15.110000
1303	-88.795899	1.366000	15.140000
1304	-88.745899	1.368000	15.260000
1305	-88.735899	1.368000	14.960000
1306	-88.425899	1.368000	15.160000
1307	-88.425899	1.370000	15.240000
1308	-88.245899	1.373000	15.270000
1309	-88.195899	1.373000	15.050000
1310	-87.975899	1.373000	15.080000
1311	-87.925899	1.373000	15.210000
1312	-87.885899	1.375000	15.240000
1313	-87.855899	1.375000	15.350000
1314	-87.755899	1.377000	15.100000
1315	-87.665899	1.377000	15.020000
1316	-87.605899	1.379000	15.230000
1317	-87.595899	1.379000	15.300000
1318	-87.455899	1.379000	15.160000
1319	-87.315899	1.381000	15.140000
1320	-87.215899	1.383000	15.080000
1321	-87.205899	1.383000	15.360000
1322	-87.195899	1.383000	15.110000
1323	-86.995899	1.387000	15.090000
1324	-86.965899	1.387000	15.120000
1325	-86.955899	1.389000	15.170000
1326	-86.915899	1.389000	15.300000
1327	-86.915899	1.389000	15.360000
1328	-86.815899	1.391000	15.170000
1329	-86.685899	1.391000	15.250000
1330	-86.545899	1.393000	15.260000
1331	-86.485899	1.393000	15.390000
1332	-86.415899	1.395000	15.080000
1333	-86.335899	1.397000	15.280000
1334	-86.275899	1.399000	15.240000
1335	-86.085899	1.399000	15.250000
1336	-86.015899	1.399000	15.260000
1337	-85.985899	1.401000	15.370000
1338	-85.745899	1.403000	15.420000
1339	-85.695899	1.403000	15.340000
1340	-85.615899	1.403000	15.350000
1341	-85.595899	1.405000	15.430000
1342	-85.575899	1.405000	15.440000
1343	-85.525899	1.407000	15.310000
1344	-85.505899	1.407000	15.440000
1345	-85.315899	1.409000	15.390000
1346	-85.145899	1.411000	15.320000
1347	-84.965899	1.411000	15.490000
1348	-84.925899	1.411000	15.280000
1349	-84.885899	1.413000	15.250000
1350	-84.805899	1.415000	15.390000
1351	-84.555899	1.415000	15.520000
1352	-84.515899	1.415000	15.460000
1353	-84.495899	1.416000	15.580000
1354	-84.485899	1.418000	15.370000
1355	-84.375899	1.418000	15.480000
1356	-84.275899	1.420000	15.440000
1357	-84.265899	1.420000	15.520000
1358	-84.215899	1.420000	15.410000
1359	-84.135899	1.422000	15.570000
1360	-83.885899	1.422000	15.450000
1361	-83.665899	1.424000	15.410000
1362	-83.565899	1.426000	15.280000
1363	-83.565899	1.426000	15.530000
1364	-83.545899	1.426000	15.520000
1365	-83.465899	1.428000	15.390000
1366	-83.235899	1.430000	15.300000
1367	-83.185899	1.430000	15.480000
1368	-83.045899	1.430000	15.440000
1369	-83.005899	1.432000	15.480000
1370	-82.975899	1.434000	15.520000
1371	-82.945899	1.434000	15.450000
1372	-82.875899	1.436000	15.350000
1373	-82.785899	1.438000	15.280000
1374	-82.775899	1.438000	15.500000
1375	-82.685899	1.440000	15.660000
1376	-82.595899	1.442000	15.480000
1377	-82.555899	1.442000	15.510000
1378	-82.555899	1.444000	15.520000
1379	-82.535899	1.444000	15.490000
1380	-82.455899	1.444000	15.520000
1381	-82.205899	1.446000	15.630000
1382	-82.105899	1.448000	15.570000
1383	-82.095899	1.448000	15.500000
1384	-82.035899	1.450000	15.520000
1385	-81.995899	1.450000	15.510000
1386	-81.975899	1.452000	15.670000
1387	-81.975899	1.452000	15.550000
1388	-81.965899	1.452000	15.610000
1389	-81.955899	1.454000	15.620000
1390	-81.895899	1.454000	15.670000
1391	-81.755899	1.456000	15.610000
1392	-81.455899	1.457000	15.610000
1393	-81.445899	1.457000	15.640000
1394	-81.425899	1.457000	15.510000
1395	-81.415899	1.461000	15.670000
1396	-81.385899	1.461000	15.640000
1397	-81.015899	1.461000	15.760000
1398	-81.005899	1.463000	15.620000
1399	-80.855899	1.465000	15.560000
1400	-80.805899	1.465000	15.630000
1401	-80.745899	1.467000	15.670000
1402	-80.735899	1.467000	15.620000
1403	-80.735899	1.467000	15.730000
1404	-80.665899	1.469000	15.780000
1405	-80.535899	1.471000	15.720000
1406	-80.255899	1.471000	15.660000
1407	-80.145899	1.473000	15.800000
1408	-80.095899	1.473000	15.660000
1409	-80.085899	1.475000	15.600000
1410	-80.015899	1.475000	15.610000
1411	-80.015899	1.475000	15.910000
1412	-79.945899	1.477000	15.820000
1413	-79.945899	1.477000	15.760000
1414	-79.915899	1.479000	15.670000
1415	-79.865899	1.481000	15.630000
1416	-79.795899	1.481000	15.800000
1417	-79.785899	1.483000	15.680000
1418	-79.665899	1.483000	15.800000
1419	-79.615899	1.483000	15.590000
1420	-79.475899	1.485000	15.720000
1421	-79.465899	1.485000	15.850000
1422	-79.345899	1.487000	15.760000
1423	-79.345899	1.489000	15.790000
1424	-78.995899	1.489000	15.720000
1425	-78.375899	1.489000	15.800000
1426	-78.205899	1.491000	15.850000
1427	-78.135899	1.491000	15.930000
1428	-77.685899	1.493000	15.860000
1429	-77.625899	1.493000	15.880000
1430	-77.585899	1.495000	15.690000
1431	-77.495899	1.497000	15.980000
1432	-77.235899	1.497000	15.880000
1433	-77.185899	1.498000	16.060000
1434	-77.175899	1.498000	16.070000
1435	-77.135899	1.498000	16.000000
1436	-77.115899	1.500000	15.860000
1437	-77.095899	1.502000	15.760000
1438	-77.015899	1.502000	16.090000
1439	-77.005899	1.504000	15.990000
1440	-77.005899	1.504000	15.910000
1441	-77.005899	1.506000	16.120000
1442	-76.985899	1.506000	15.900000
1443	-76.875899	1.506000	16.030000
1444	-76.865899	1.508000	15.960000
1445	-76.835899	1.508000	15.720000
1446	-76.825899	1.510000	15.860000
1447	-76.785899	1.512000	15.900000
1448	-76.745899	1.512000	16.170000
1449	-76.685899	1.514000	16.010000
1450	-76.585899	1.514000	15.900000
1451	-76.575899	1.514000	16.030000
1452	-76.555899	1.516000	15.820000
1453	-76.515899	1.520000	15.890000
1454	-76.505899	1.520000	16.000000
1455	-76.495899	1.520000	15.890000
1456	-76.495899	1.522000	16.030000
1457	-76.445899	1.524000	15.750000
1458	-76.435899	1.524000	15.910000
1459	-76.395899	1.526000	15.890000
1460	-76.325899	1.528000	15.950000
1461	-76.225899	1.528000	15.840000
1462	-76.205899	1.530000	16.000000
1463	-76.075899	1.530000	16.080000
1464	-76.005899	1.532000	16.090000
1465	-75.905899	1.532000	16.190000
1466	-75.865899	1.532000	15.840000
1467	-75.825899	1.534000	16.100000
1468	-75.715899	1.536000	16.000000
1469	-75.685899	1.536000	16.090000
1470	-75.635899	1.536000	15.920000
1471	-75.545899	1.538000	15.850000
1472	-75.535899	1.539000	15.920000
1473	-75.395899	1.539000	15.980000
1474	-75.275899	1.539000	16.050000
1475	-75.165899	1.541000	15.980000
1476	-75.005899	1.541000	16.340000
1477	-75.005899	1.543000	16.020000
1478	-74.775899	1.545000	16.260000
1479	-74.775899	1.545000	16.280000
1480	-74.775899	1.547000	16.160000
1481	-74.725899	1.547000	15.970000
1482	-74.595899	1.549000	16.060000
1483	-74.405899	1.551000	15.940000
1484	-74.295899	1.551000	16.070000
1485	-74.295899	1.551000	16.070000
1486	-74.195899	1.553000	16.100000
1487	-74.125899	1.555000	16.000000
1488	-73.955899	1.555000	16.070000
1489	-73.845899	1.555000	16.200000
1490	-73.815899	1.557000	16.140000
1491	-73.765899	1.559000	16.090000
1492	-73.735899	1.559000	16.110000
1493	-73.735899	1.561000	16.310000
1494	-73.685899	1.561000	16.020000
1495	-73.665899	1.561000	16.150000
1496	-73.545899	1.563000	16.060000
1497	-73.525899	1.563000	16.240000
1498	-73.525899	1.565000	16.110000
1499	-73.415899	1.567000	16.140000
1500	-73.355899	1.567000	16.150000
1501	-73.225899	1.567000	16.300000
1502	-73.085899	1.569000	16.220000
1503	-72.905899	1.571000	16.200000
1504	-72.895899	1.571000	16.180000
1505	-72.765899	1.571000	16.250000
1506	-72.605899	1.573000	16.080000
1507	-72.555899	1.575000	16.200000
1508	-72.535899	1.575000	16.270000
1509	-72.495899	1.577000	16.100000
1510	-72.425899	1.577000	16.120000
1511	-72.335899	1.577000	16.140000
1512	-72.255899	1.579000	16.220000
1513	-72.255899	1.579000	16.310000
1514	-72.205899	1.581000	16.050000
1515	-72.165899	1.582000	16.190000
1516	-72.155899	1.582000	16.240000
1517	-72.135899	1.582000	16.270000
1518	-72.125899	1.586000	16.260000
1519	-72.115899	1.586000	16.300000
1520	-72.025899	1.586000	16.270000
1521	-71.995899	1.588000	16.260000
1522	-71.865899	1.590000	16.040000
1523	-71.685899	1.590000	16.250000
1524	-71.675899	1.592000	16.230000
1525	-71.435899	1.592000	16.440000
1526	-71.385899	1.592000	16.290000
1527	-71.295899	1.594000	16.400000
1528	-71.145899	1.594000	16.320000
1529	-70.955899	1.596000	16.340000
1530	-70.815899	1.598000	16.490000
1531	-70.725899	1.598000	16.550000
1532	-70.695899	1.598000	16.390000
1533	-70.515899	1.600000	16.310000
1534	-70.375899	1.602000	16.340000
1535	-70.055899	1.604000	16.280000
1536	-70.045899	1.606000	16.370000
1537	-69.965899	1.606000	16.470000
1538	-69.965899	1.606000	16.430000
1539	-69.875899	1.608000	16.640000
1540	-69.785899	1.608000	16.390000
1541	-69.725899	1.610000	16.500000
1542	-69.705899	1.610000	16.300000
1543	-69.675899	1.612000	16.390000
1544	-69.565899	1.612000	16.690000
1545	-69.535899	1.612000	16.340000
1546	-69.525899	1.616000	16.600000
1547	-69.465899	1.616000	16.500000
1548	-69.425899	1.616000	16.420000
1549	-69.385899	1.618000	16.310000
1550	-69.345899	1.618000	16.350000
1551	-69.095899	1.620000	16.520000
1552	-69.095899	1.622000	16.420000
1553	-68.985899	1.622000	16.580000
1554	-68.885899	1.623000	16.490000
1555	-68.835899	1.623000	16.440000
1556	-68.635899	1.623000	16.630000
1557	-68.575899	1.625000	16.580000
1558	-68.475899	1.625000	16.580000
1559	-68.415899	1.629000	16.640000
1560	-68.355899	1.629000	16.690000
1561	-68.335899	1.631000	16.500000
1562	-68.245899	1.631000	16.490000
1563	-68.225899	1.631000	16.600000
1564	-68.175899	1.633000	16.570000
1565	-68.035899	1.633000	16.580000
1566	-68.025899	1.635000	16.620000
1567	-67.935899	1.635000	16.750000
1568	-67.875899	1.637000	16.690000
1569	-67.865899	1.639000	16.550000
1570	-67.845899	1.639000	16.630000
1571	-67.825899	1.639000	16.540000
1572	-67.795899	1.641000	16.630000
1573	-67.585899	1.641000	16.460000
1574	-67.565899	1.643000	16.750000
1575	-67.545899	1.645000	16.440000
1576	-67.545899	1.645000	16.630000
1577	-67.355899	1.647000	16.540000
1578	-67.335899	1.647000	16.570000
1579	-67.235899	1.649000	16.510000
1580	-67.145899	1.649000	16.740000
1581	-67.085899	1.651000	16.620000
1582	-67.075899	1.653000	16.790000
1583	-67.065899	1.653000	16.710000
1584	-67.065899	1.655000	16.720000
1585	-67.015899	1.655000	16.690000
1586	-66.835899	1.657000	16.850000
1587	-66.795899	1.657000	16.580000
1588	-66.785899	1.657000	16.650000
1589	-66.665899	1.659000	16.630000
1590	-66.565899	1.661000	16.620000
1591	-66.395899	1.661000	16.590000
1592	-66.375899	1.663000	16.630000
1593	-66.345899	1.663000	16.560000
1594	-66.255899	1.663000	16.590000
1595	-66.125899	1.665000	16.680000
1596	-66.105899	1.665000	16.710000
1597	-66.085899	1.666000	16.800000
1598	-66.035899	1.666000	16.710000
1599	-65.945899	1.668000	16.650000
1600	-65.825899	1.670000	16.740000
1601	-65.805899	1.670000	16.720000
1602	-65.745899	1.672000	16.800000
1603	-65.575899	1.672000	16.820000
1604	-65.505899	1.674000	16.630000
1605	-65.295899	1.676000	16.870000
1606	-65.265899	1.676000	16.800000
1607	-65.235899	1.678000	16.730000
1608	-65.055899	1.678000	16.870000
1609	-64.985899	1.680000	16.840000
1610	-64.965899	1.680000	16.870000
1611	-64.905899	1.680000	17.030000
1612	-64.605899	1.682000	16.880000
1613	-64.575899	1.684000	16.930000
1614	-64.515899	1.684000	16.860000
1615	-64.355899	1.686000	16.970000
1616	-64.315899	1.688000	16.920000
1617	-64.265899	1.688000	17.010000
1618	-64.255899	1.690000	17.050000
1619	-64.185899	1.692000	16.640000
1620	-64.155899	1.692000	16.820000
1621	-64.145899	1.692000	16.890000
1622	-64.065899	1.694000	16.940000
1623	-63.915899	1.696000	16.840000
1624	-63.845899	1.696000	16.720000
1625	-63.805899	1.696000	16.720000
1626	-63.745899	1.698000	16.890000
1627	-63.655899	1.700000	16.760000
1628	-63.555899	1.700000	16.820000
1629	-63.535899	1.700000	17.060000
1630	-63.495899	1.702000	16.850000
1631	-63.435899	1.702000	16.790000
1632	-63.305899	1.704000	16.970000
1633	-63.235899	1.704000	16.840000
1634	-62.685899	1.706000	16.940000
1635	-62.685899	1.707000	17.000000
1636	-62.685899	1.707000	17.100000
1637	-62.645899	1.707000	17.140000
1638	-62.515899	1.709000	16.940000
1639	-62.405899	1.709000	16.990000
1640	-62.395899	1.711000	16.930000
1641	-62.285899	1.713000	17.170000
1642	-62.275899	1.715000	17.020000
1643	-62.245899	1.715000	17.030000
1644	-62.175899	1.717000	17.020000
1645	-62.155899	1.717000	17.090000
1646	-62.145899	1.717000	17.100000
1647	-62.135899	1.719000	16.970000
1648	-62.135899	1.719000	16.980000
1649	-62.035899	1.721000	17.070000
1650	-62.035899	1.723000	16.920000
1651	-61.995899	1.723000	17.050000
1652	-61.885899	1.723000	16.940000
1653	-61.855899	1.725000	17.140000
1654	-61.855899	1.727000	17.030000
1655	-61.545899	1.727000	17.220000
1656	-61.425899	1.727000	17.040000
1657	-61.265899	1.729000	17.020000
1658	-61.205899	1.731000	17.070000
1659	-61.195899	1.731000	17.090000
1660	-61.125899	1.731000	17.090000
1661	-60.975899	1.733000	17.340000
1662	-60.845899	1.733000	17.090000
1663	-60.655899	1.735000	17.150000
1664	-60.205899	1.735000	17.230000
1665	-60.175899	1.737000	17.310000
1666	-60.035899	1.739000	17.210000
1667	-59.985899	1.739000	17.150000
1668	-59.905899	1.739000	17.040000
1669	-59.795899	1.741000	17.030000
1670	-59.785899	1.743000	17.120000
1671	-59.605899	1.743000	17.080000
1672	-59.585899	1.743000	17.080000
1673	-59.535899	1.745000	17.160000
1674	-59.405899	1.747000	17.550000
1675	-59.315899	1.747000	17.080000
1676	-59.275899	1.748000	17.230000
1677	-59.265899	1.748000	17.100000
1678	-59.105899	1.748000	17.160000
1679	-59.075899	1.750000	17.110000
1680	-58.805899	1.750000	17.240000
1681	-58.785899	1.752000	17.170000
1682	-58.745899	1.754000	17.280000
1683	-58.665899	1.754000	17.320000
1684	-58.635899	1.754000	17.270000
1685	-58.595899	1.756000	17.110000
1686	-58.515899	1.758000	17.130000
1687	-58.425899	1.758000	17.260000
1688	-58.405899	1.758000	17.250000
1689	-58.335899	1.760000	17.310000
1690	-58.255899	1.762000	17.300000
1691	-58.115899	1.762000	17.320000
1692	-58.085899	1.764000	17.200000
1693	-58.055899	1.764000	17.350000
1694	-57.985899	1.766000	17.340000
1695	-57.945899	1.766000	17.280000
1696	-57.875899	1.770000	17.210000
1697	-57.835899	1.772000	17.200000
1698	-57.795899	1.772000	17.270000
1699	-57.705899	1.772000	17.220000
1700	-57.685899	1.774000	17.240000
1701	-57.675899	1.774000	17.150000
1702	-57.665899	1.776000	17.420000
1703	-57.665899	1.778000	17.470000
1704	-57.645899	1.778000	17.280000
1705	-57.565899	1.780000	17.190000
1706	-57.545899	1.780000	17.210000
1707	-57.465899	1.780000	17.410000
1708	-57.445899	1.782000	17.400000
1709	-57.375899	1.782000	17.260000
1710	-57.355899	1.784000	17.300000
1711	-57.255899	1.784000	17.420000
1712	-57.065899	1.786000	17.540000
1713	-56.935899	1.788000	17.390000
1714	-56.875899	1.788000	17.280000
1715	-56.855899	1.788000	17.430000
1716	-56.825899	1.789000	17.390000
1717	-56.745899	1.789000	17.430000
1718	-56.655899	1.791000	17.460000
1719	-56.395899	1.793000	17.410000
1720	-56.365899	1.793000	17.330000
1721	-56.345899	1.793000	17.410000
1722	-56.335899	1.795000	17.330000
1723	-56.305899	1.795000	17.260000
1724	-56.245899	1.797000	17.330000
1725	-56.105899	1.797000	17.400000
1726	-55.955899	1.799000	17.490000
1727	-55.825899	1.801000	17.410000
1728	-55.785899	1.801000	17.430000
1729	-55.775899	1.803000	17.320000
1730	-55.675899	1.803000	17.480000
1731	-55.675899	1.803000	17.360000
1732	-55.655899	1.805000	17.590000
1733	-55.615899	1.807000	17.410000
1734	-55.595899	1.809000	17.600000
1735	-55.595899	1.809000	17.430000
1736	-55.565899	1.811000	17.670000
1737	-55.215899	1.811000	17.470000
1738	-55.155899	1.811000	17.550000
1739	-54.825899	1.813000	17.580000
1740	-54.705899	1.813000	17.620000
1741	-54.515899	1.815000	17.440000
1742	-54.485899	1.817000	17.460000
1743	-54.245899	1.817000	17.630000
1744	-54.165899	1.819000	17.460000
1745	-53.975899	1.819000	17.520000
1746	-53.965899	1.819000	17.510000
1747	-53.755899	1.821000	17.710000
1748	-53.645899	1.821000	17.600000
1749	-53.645899	1.823000	17.350000
1750	-53.535899	1.825000	17.500000
1751	-53.495899	1.825000	17.580000
1752	-53.415899	1.825000	17.460000
1753	-53.375899	1.827000	17.520000
1754	-53.245899	1.827000	17.830000
1755	-53.215899	1.829000	17.390000
1756	-53.215899	1.829000	17.690000
1757	-53.205899	1.831000	17.490000
1758	-53.135899	1.832000	17.680000
1759	-53.105899	1.832000	17.580000
1760	-53.075899	1.834000	17.790000
1761	-53.035899	1.834000	17.720000
1762	-52.975899	1.834000	17.440000
1763	-52.955899	1.836000	17.780000
1764	-52.915899	1.836000	17.500000
1765	-52.775899	1.838000	17.500000
1766	-52.735899	1.840000	17.720000
1767	-52.705899	1.840000	17.660000
1768	-52.595899	1.842000	17.730000
1769	-52.505899	1.842000	17.630000
1770	-52.435899	1.842000	17.780000
1771	-52.425899	1.844000	17.620000
1772	-52.395899	1.844000	17.740000
1773	-52.265899	1.846000	17.720000
1774	-52.155899	1.848000	17.850000
1775	-52.065899	1.848000	17.780000
1776	-52.025899	1.850000	17.760000
1777	-51.835899	1.850000	17.720000
1778	-51.785899	1.850000	17.820000
1779	-51.765899	1.854000	17.700000
1780	-51.705899	1.856000	17.720000
1781	-51.665899	1.856000	17.730000
1782	-51.655899	1.858000	17.760000
1783	-51.445899	1.858000	17.810000
1784	-51.425899	1.860000	17.960000
1785	-51.285899	1.860000	17.770000
1786	-51.285899	1.860000	17.790000
1787	-51.085899	1.862000	17.730000
1788	-50.915899	1.864000	17.710000
1789	-50.705899	1.864000	17.820000
1790	-50.605899	1.864000	17.730000
1791	-50.515899	1.866000	17.810000
1792	-50.425899	1.868000	17.750000
1793	-50.405899	1.868000	17.880000
1794	-50.395899	1.870000	17.800000
1795	-50.365899	1.872000	17.730000
1796	-50.345899	1.872000	17.980000
1797	-50.235899	1.873000	17.930000
1798	-50.115899	1.873000	17.840000
1799	-50.085899	1.873000	17.910000
1800	-50.035899	1.875000	17.800000
1801	-49.925899	1.875000	17.950000
1802	-49.865899	1.877000	17.760000
1803	-49.835899	1.879000	17.780000
1804	-49.785899	1.879000	17.860000
1805	-49.745899	1.879000	17.780000
1806	-49.715899	1.881000	17.770000
1807	-49.675899	1.883000	17.900000
1808	-49.665899	1.883000	17.830000
1809	-49.645899	1.883000	17.970000
1810	-49.635899	1.885000	17.890000
1811	-49.555899	1.887000	18.050000
1812	-49.435899	1.887000	18.010000
1813	-49.435899	1.887000	17.940000
1814	-49.185899	1.889000	17.860000
1815	-49.125899	1.889000	17.940000
1816	-49.105899	1.891000	17.970000
1817	-48.875899	1.891000	17.950000
1818	-48.845899	1.893000	17.820000
1819	-48.795899	1.895000	17.960000
1820	-48.745899	1.895000	17.810000
1821	-48.695899	1.895000	17.910000
1822	-48.625899	1.897000	17.870000
1823	-48.505899	1.899000	18.150000
1824	-48.505899	1.899000	18.010000
1825	-48.225899	1.899000	17.920000
1826	-48.225899	1.901000	18.000000
1827	-48.125899	1.903000	18.150000
1828	-47.955899	1.903000	17.690000
1829	-47.815899	1.905000	17.920000
1830	-47.805899	1.905000	18.030000
1831	-47.585899	1.905000	18.110000
1832	-47.575899	1.907000	18.180000
1833	-47.375899	1.907000	18.030000
1834	-47.355899	1.909000	18.050000
1835	-47.265899	1.911000	18.040000
1836	-47.205899	1.911000	18.090000
1837	-47.205899	1.911000	17.990000
1838	-47.185899	1.913000	18.140000
1839	-47.175899	1.915000	17.980000
1840	-47.145899	1.915000	18.400000
1841	-47.125899	1.915000	17.860000
1842	-47.115899	1.916000	18.070000
1843	-47.065899	1.918000	18.150000
1844	-47.035899	1.918000	18.050000
1845	-47.035899	1.918000	18.010000
1846	-46.995899	1.920000	18.080000
1847	-46.635899	1.920000	17.880000
1848	-46.585899	1.922000	18.080000
1849	-46.515899	1.922000	18.200000
1850	-46.445899	1.924000	18.140000
1851	-46.325899	1.926000	18.060000
1852	-46.315899	1.926000	17.900000
1853	-46.195899	1.926000	18.020000
1854	-46.075899	1.928000	18.000000
1855	-46.065899	1.930000	17.900000
1856	-45.885899	1.930000	18.280000
1857	-45.805899	1.930000	18.250000
1858	-45.555899	1.932000	18.210000
1859	-45.475899	1.934000	18.290000
1860	-45.445899	1.934000	18.140000
1861	-45.415899	1.936000	17.950000
1862	-45.275899	1.938000	18.410000
1863	-45.255899	1.940000	18.170000
1864	-45.215899	1.940000	18.250000
1865	-45.075899	1.942000	18.310000
1866	-45.075899	1.942000	18.280000
1867	-45.065899	1.944000	18.250000
1868	-44.935899	1.944000	18.400000
1869	-44.815899	1.944000	18.220000
1870	-44.815899	1.946000	18.200000
1871	-44.725899	1.946000	18.290000
1872	-44.645899	1.948000	18.200000
1873	-44.635899	1.950000	18.270000
1874	-44.565899	1.950000	18.180000
1875	-44.545899	1.952000	18.310000
1876	-44.535899	1.952000	18.170000
1877	-44.425899	1.954000	18.480000
1878	-44.395899	1.954000	18.270000
1879	-44.245899	1.954000	18.100000
1880	-44.225899	1.956000	18.270000
1881	-44.225899	1.957000	18.060000
1882	-44.155899	1.957000	18.280000
1883	-44.035899	1.959000	18.180000
1884	-43.985899	1.959000	18.190000
1885	-43.435899	1.959000	18.340000
1886	-43.405899	1.961000	18.420000
1887	-43.345899	1.961000	18.370000
1888	-43.315899	1.963000	18.300000
1889	-43.225899	1.965000	18.590000
1890	-43.215899	1.965000	18.440000
1891	-43.205899	1.967000	18.410000
1892	-43.105899	1.967000	18.500000
1893	-43.065899	1.967000	18.490000
1894	-43.065899	1.969000	18.430000
1895	-42.945899	1.969000	18.410000
1896	-42.855899	1.971000	18.430000
1897	-42.645899	1.971000	18.310000
1898	-42.505899	1.973000	18.380000
1899	-42.395899	1.975000	18.540000
1900	-42.385899	1.975000	18.390000
1901	-42.375899	1.975000	18.570000
1902	-42.365899	1.977000	18.300000
1903	-42.295899	1.977000	18.330000
1904	-42.255899	1.979000	18.490000
1905	-42.105899	1.981000	18.250000
1906	-42.095899	1.983000	18.360000
1907	-42.025899	1.981000	18.540000
1908	-41.955899	1.983000	18.490000
1909	-41.785899	1.983000	18.450000
1910	-41.715899	1.985000	18.430000
1911	-41.705899	1.985000	18.420000
1912	-41.615899	1.987000	18.370000
1913	-41.595899	1.989000	18.360000
1914	-41.555899	1.989000	18.360000
1915	-41.545899	1.991000	18.470000
1916	-41.515899	1.991000	18.530000
1917	-41.405899	1.991000	18.410000
1918	-41.355899	1.993000	18.570000
1919	-41.355899	1.993000	18.560000
1920	-41.325899	1.995000	18.370000
1921	-41.325899	1.997000	18.550000
1922	-41.175899	1.997000	18.550000
1923	-40.925899	1.998000	18.460000
1924	-40.895899	1.998000	18.460000
1925	-40.855899	1.998000	18.470000
1926	-40.845899	2.000000	18.540000
1927	-40.655899	2.000000	18.510000
1928	-40.655899	2.002000	18.360000
1929	-40.615899	2.004000	18.680000
1930	-40.575899	2.004000	18.550000
1931	-40.535899	2.006000	18.600000
1932	-40.495899	2.006000	18.630000
1933	-40.325899	2.006000	18.540000
1934	-40.235899	2.008000	18.630000
1935	-40.185899	2.008000	18.690000
1936	-40.105899	2.010000	18.610000
1937	-39.895899	2.012000	18.570000
1938	-39.805899	2.012000	18.740000
1939	-39.675899	2.012000	18.640000
1940	-39.505899	2.014000	18.750000
1941	-39.335899	2.014000	18.510000
1942	-39.305899	2.016000	18.610000
1943	-39.245899	2.020000	18.650000
1944	-39.225899	2.020000	18.790000
1945	-39.155899	2.020000	18.610000
1946	-39.025899	2.022000	18.660000
1947	-38.905899	2.024000	18.760000
1948	-38.885899	2.024000	18.650000
1949	-38.835899	2.024000	18.660000
1950	-38.825899	2.026000	18.800000
1951	-38.765899	2.028000	18.790000
1952	-38.725899	2.028000	18.640000
1953	-38.695899	2.030000	18.650000
1954	-38.615899	2.030000	18.610000
1955	-38.595899	2.030000	18.720000
1956	-38.525899	2.032000	18.690000
1957	-38.475899	2.034000	18.640000
1958	-38.335899	2.034000	18.780000
1959	-38.035899	2.034000	18.790000
1960	-37.955899	2.036000	18.610000
1961	-37.825899	2.036000	18.710000
1962	-37.775899	2.038000	18.770000
1963	-37.715899	2.039000	18.680000
1964	-37.595899	2.039000	18.740000
1965	-37.565899	2.039000	19.000000
1966	-37.565899	2.041000	18.710000
1967	-37.465899	2.043000	18.870000
1968	-37.445899	2.043000	18.820000
1969	-37.445899	2.045000	18.780000
1970	-37.385899	2.045000	18.790000
1971	-37.355899	2.047000	18.660000
1972	-37.305899	2.047000	18.810000
1973	-37.285899	2.047000	18.730000
1974	-37.285899	2.049000	18.680000
1975	-37.195899	2.051000	18.790000
1976	-37.115899	2.051000	18.870000
1977	-37.105899	2.051000	18.660000
1978	-37.075899	2.053000	18.710000
1979	-36.915899	2.055000	18.800000
1980	-36.805899	2.055000	18.740000
1981	-36.735899	2.055000	18.820000
1982	-36.405899	2.057000	18.810000
1983	-36.365899	2.059000	18.810000
1984	-36.295899	2.059000	18.840000
1985	-36.265899	2.061000	18.920000
1986	-36.215899	2.061000	18.850000
1987	-36.205899	2.061000	18.900000
1988	-36.175899	2.063000	18.730000
1989	-36.105899	2.063000	18.880000
1990	-35.905899	2.065000	18.770000
1991	-35.835899	2.065000	18.850000
1992	-35.735899	2.067000	18.810000
1993	-35.665899	2.067000	18.910000
1994	-35.505899	2.069000	18.810000
1995	-35.205899	2.071000	18.970000
1996	-35.185899	2.071000	19.120000
1997	-34.935899	2.071000	18.860000
1998	-34.865899	2.073000	19.130000
1999	-34.775899	2.075000	18.910000
2000	-34.715899	2.075000	18.920000
2001	-34.595899	2.077000	18.800000
2002	-34.555899	2.077000	19.280000
2003	-34.515899	2.079000	19.010000
2004	-34.485899	2.079000	18.980000
2005	-34.475899	2.081000	18.990000
2006	-34.465899	2.082000	18.950000
2007	-34.385899	2.082000	18.990000
2008	-34.125899	2.084000	18.970000
2009	-34.105899	2.084000	18.970000
2010	-33.865899	2.086000	19.080000
2011	-33.835899	2.086000	19.060000
2012	-33.715899	2.088000	19.020000
2013	-33.695899	2.090000	19.190000
2014	-33.665899	2.090000	19.170000
2015	-33.535899	2.092000	19.220000
2016	-33.445899	2.092000	19.130000
2017	-33.445899	2.092000	19.070000
2018	-33.345899	2.094000	19.050000
2019	-33.305899	2.094000	19.120000
2020	-33.285899	2.096000	18.980000
2021	-33.275899	2.098000	19.070000
2022	-33.255899	2.098000	18.960000
2023	-33.195899	2.098000	19.180000
2024	-33.055899	2.100000	19.070000
2025	-33.055899	2.102000	19.070000
2026	-33.005899	2.104000	19.080000
2027	-33.005899	2.106000	19.090000
2028	-32.975899	2.106000	19.080000
2029	-32.955899	2.108000	19.170000
2030	-32.915899	2.108000	19.170000
2031	-32.905899	2.110000	19.030000
2032	-32.845899	2.110000	19.250000
2033	-32.685899	2.110000	19.140000
2034	-32.645899	2.112000	19.110000
2035	-32.615899	2.114000	19.110000
2036	-32.535899	2.114000	19.230000
2037	-32.245899	2.116000	19.250000
2038	-32.245899	2.116000	19.240000
2039	-31.905899	2.116000	19.170000
2040	-31.835899	2.118000	19.360000
2041	-31.705899	2.120000	19.340000
2042	-31.565899	2.120000	19.140000
2043	-31.515899	2.122000	19.280000
2044	-31.505899	2.122000	19.270000
2045	-31.405899	2.123000	19.240000
2046	-31.275899	2.123000	19.170000
2047	-31.105899	2.123000	19.150000
2048	-30.985899	2.125000	19.160000
2049	-30.905899	2.125000	19.240000
2050	-30.675899	2.127000	19.130000
2051	-30.655899	2.127000	19.340000
2052	-30.625899	2.129000	19.410000
2053	-30.575899	2.131000	19.220000
2054	-30.555899	2.131000	19.250000
2055	-30.505899	2.131000	19.190000
2056	-30.335899	2.133000	19.290000
2057	-30.305899	2.133000	19.220000
2058	-30.275899	2.135000	19.110000
2059	-30.175899	2.137000	19.350000
2060	-30.105899	2.137000	19.240000
2061	-30.055899	2.137000	19.170000
2062	-30.045899	2.139000	19.190000
2063	-29.995899	2.139000	19.160000
2064	-29.955899	2.141000	19.270000
2065	-29.945899	2.141000	19.270000
2066	-29.925899	2.143000	19.200000
2067	-29.915899	2.145000	19.420000
2068	-29.865899	2.145000	19.460000
2069	-29.785899	2.147000	19.350000
2070	-29.675899	2.147000	19.420000
2071	-29.575899	2.147000	19.320000
2072	-29.555899	2.149000	19.410000
2073	-29.535899	2.151000	19.240000
2074	-29.505899	2.151000	19.480000
2075	-29.395899	2.153000	19.340000
2076	-29.195899	2.153000	19.390000
2077	-29.115899	2.155000	19.330000
2078	-29.065899	2.155000	19.310000
2079	-29.005899	2.155000	19.310000
2080	-28.915899	2.157000	19.350000
2081	-28.855899	2.157000	19.330000
2082	-28.765899	2.159000	19.350000
2083	-28.715899	2.161000	19.430000
2084	-28.655899	2.161000	19.350000
2085	-28.595899	2.163000	19.410000
2086	-28.355899	2.163000	19.450000
2087	-28.225899	2.163000	19.350000
2088	-28.145899	2.165000	19.470000
2089	-28.055899	2.165000	19.310000
2090	-28.045899	2.166000	19.450000
2091	-28.025899	2.168000	19.430000
2092	-27.825899	2.168000	19.360000
2093	-27.735899	2.170000	19.440000
2094	-27.555899	2.170000	19.480000
2095	-27.425899	2.170000	19.520000
2096	-27.335899	2.172000	19.610000
2097	-27.205899	2.172000	19.520000
2098	-27.165899	2.174000	19.480000
2099	-27.125899	2.176000	19.520000
2100	-26.785899	2.176000	19.490000
2101	-26.755899	2.178000	19.620000
2102	-26.735899	2.178000	19.440000
2103	-26.735899	2.178000	19.530000
2104	-26.715899	2.180000	19.590000
2105	-26.665899	2.180000	19.610000
2106	-26.595899	2.182000	19.480000
2107	-26.575899	2.184000	19.510000
2108	-26.575899	2.184000	19.540000
2109	-26.475899	2.186000	19.460000
2110	-26.465899	2.188000	19.520000
2111	-26.235899	2.188000	19.470000
2112	-26.185899	2.190000	19.720000
2113	-26.185899	2.192000	19.620000
2114	-25.735899	2.192000	19.750000
2115	-25.655899	2.192000	19.700000
2116	-25.565899	2.194000	19.580000
2117	-25.505899	2.196000	19.680000
2118	-25.505899	2.196000	19.530000
2119	-25.365899	2.196000	19.550000
2120	-25.275899	2.198000	19.600000
2121	-25.065899	2.200000	19.680000
2122	-24.995899	2.200000	19.610000
2123	-24.935899	2.200000	19.620000
2124	-24.935899	2.202000	19.490000
2125	-24.915899	2.204000	19.700000
2126	-24.875899	2.204000	19.670000
2127	-24.835899	2.204000	19.540000
2128	-24.805899	2.206000	19.680000
2129	-24.785899	2.207000	19.560000
2130	-24.785899	2.207000	19.540000
2131	-24.765899	2.207000	19.680000
2132	-24.635899	2.209000	19.700000
2133	-24.605899	2.211000	19.660000
2134	-24.595899	2.211000	19.590000
2135	-24.575899	2.211000	19.670000
2136	-24.385899	2.213000	19.650000
2137	-24.385899	2.215000	19.670000
2138	-24.365899	2.215000	19.690000
2139	-24.325899	2.217000	19.590000
2140	-24.295899	2.217000	19.620000
2141	-24.115899	2.217000	19.550000
2142	-24.105899	2.219000	19.590000
2143	-23.985899	2.219000	19.760000
2144	-23.905899	2.221000	19.730000
2145	-23.855899	2.223000	19.690000
2146	-23.765899	2.223000	19.590000
2147	-23.745899	2.223000	19.630000
2148	-23.645899	2.225000	19.850000
2149	-23.635899	2.227000	19.760000
2150	-23.505899	2.227000	19.680000
2151	-23.445899	2.227000	19.780000
2152	-23.125899	2.229000	19.840000
2153	-23.025899	2.231000	19.880000
2154	-22.985899	2.233000	19.750000
2155	-22.915899	2.231000	19.780000
2156	-22.905899	2.233000	19.790000
2157	-22.885899	2.233000	19.860000
2158	-22.805899	2.235000	19.700000
2159	-22.695899	2.235000	19.810000
2160	-22.685899	2.237000	19.780000
2161	-22.645899	2.239000	19.870000
2162	-22.525899	2.239000	19.830000
2163	-22.465899	2.241000	19.740000
2164	-22.395899	2.241000	19.680000
2165	-22.385899	2.243000	19.680000
2166	-22.375899	2.243000	20.000000
2167	-22.335899	2.243000	19.740000
2168	-22.195899	2.245000	19.750000
2169	-22.065899	2.247000	19.810000
2170	-22.055899	2.247000	19.820000
2171	-22.035899	2.248000	19.760000
2172	-21.875899	2.248000	19.910000
2173	-21.615899	2.248000	20.090000
2174	-21.615899	2.250000	19.970000
2175	-21.465899	2.250000	19.820000
2176	-21.455899	2.252000	20.050000
2177	-21.395899	2.254000	19.920000
2178	-21.385899	2.254000	19.960000
2179	-21.255899	2.254000	19.980000
2180	-21.155899	2.256000	19.980000
2181	-21.045899	2.258000	20.200000
2182	-21.005899	2.258000	19.920000
2183	-20.985899	2.258000	19.870000
2184	-20.985899	2.260000	20.000000
2185	-20.955899	2.260000	19.990000
2186	-20.925899	2.262000	20.060000
2187	-20.805899	2.262000	20.090000
2188	-20.785899	2.264000	20.030000
2189	-20.765899	2.264000	19.910000
2190	-20.645899	2.266000	19.860000
2191	-20.455899	2.266000	19.990000
2192	-20.365899	2.270000	20.010000
2193	-20.285899	2.272000	19.950000
2194	-20.255899	2.272000	19.900000
2195	-20.195899	2.272000	20.070000
2196	-20.175899	2.274000	19.940000
2197	-20.115899	2.274000	19.830000
2198	-20.065899	2.276000	19.940000
2199	-19.975899	2.278000	20.160000
2200	-19.825899	2.278000	20.160000
2201	-19.715899	2.280000	19.990000
2202	-19.675899	2.280000	20.220000
2203	-19.435899	2.280000	20.100000
2204	-19.245899	2.282000	20.150000
2205	-19.245899	2.282000	20.070000
2206	-19.165899	2.284000	20.200000
2207	-19.165899	2.284000	20.140000
2208	-19.055899	2.286000	20.170000
2209	-19.045899	2.288000	20.020000
2210	-19.015899	2.288000	20.050000
2211	-18.885899	2.288000	20.150000
2212	-18.845899	2.289000	20.050000
2213	-18.795899	2.289000	20.210000
2214	-18.725899	2.291000	20.080000
2215	-18.715899	2.293000	20.270000
2216	-18.705899	2.293000	20.090000
2217	-18.555899	2.295000	20.210000
2218	-18.355899	2.295000	20.010000
2219	-18.285899	2.297000	20.220000
2220	-18.225899	2.297000	20.220000
2221	-18.215899	2.297000	20.080000
2222	-18.095899	2.299000	20.020000
2223	-18.015899	2.301000	20.100000
2224	-17.995899	2.301000	20.050000
2225	-17.945899	2.303000	20.090000
2226	-17.925899	2.303000	20.050000
2227	-17.705899	2.303000	20.140000
2228	-17.605899	2.305000	20.080000
2229	-17.445899	2.307000	20.260000
2230	-17.305899	2.307000	20.180000
2231	-17.265899	2.309000	20.170000
2232	-17.175899	2.309000	20.220000
2233	-17.095899	2.311000	20.250000
2234	-17.055899	2.311000	20.330000
2235	-17.005899	2.311000	20.150000
2236	-17.005899	2.313000	20.150000
2237	-16.935899	2.313000	20.160000
2238	-16.905899	2.315000	20.230000
2239	-16.905899	2.317000	20.070000
2240	-16.815899	2.317000	20.130000
2241	-16.805899	2.319000	20.180000
2242	-16.775899	2.319000	20.500000
2243	-16.665899	2.319000	20.250000
2244	-16.665899	2.321000	20.100000
2245	-16.645899	2.321000	20.100000
2246	-16.645899	2.323000	20.080000
2247	-16.615899	2.325000	20.140000
2248	-16.555899	2.325000	20.100000
2249	-16.275899	2.325000	20.390000
2250	-16.235899	2.327000	20.250000
2251	-16.145899	2.327000	20.310000
2252	-16.105899	2.329000	20.420000
2253	-16.105899	2.329000	20.280000
2254	-16.025899	2.331000	20.360000
2255	-15.825899	2.332000	20.260000
2256	-15.755899	2.332000	20.150000
2257	-15.635899	2.334000	20.300000
2258	-15.565899	2.334000	20.280000
2259	-15.545899	2.334000	20.190000
2260	-15.455899	2.336000	20.330000
2261	-15.455899	2.336000	20.220000
2262	-15.375899	2.338000	20.360000
2263	-15.305899	2.340000	20.360000
2264	-15.295899	2.340000	20.150000
2265	-15.255899	2.342000	20.310000
2266	-15.145899	2.342000	20.250000
2267	-15.125899	2.342000	20.270000
2268	-14.965899	2.344000	20.240000
2269	-14.945899	2.344000	20.360000
2270	-14.935899	2.346000	20.420000
2271	-14.885899	2.348000	20.350000
2272	-14.815899	2.348000	20.270000
2273	-14.645899	2.350000	20.250000
2274	-14.465899	2.350000	20.410000
2275	-14.455899	2.350000	20.370000
2276	-14.445899	2.354000	20.270000
2277	-14.425899	2.356000	20.380000
2278	-14.405899	2.356000	20.350000
2279	-14.405899	2.358000	20.280000
2280	-13.985899	2.358000	20.360000
2281	-13.755899	2.360000	20.320000
2282	-13.735899	2.360000	20.460000
2283	-13.605899	2.360000	20.380000
2284	-13.415899	2.362000	20.440000
2285	-13.375899	2.364000	20.520000
2286	-13.285899	2.364000	20.470000
2287	-13.255899	2.364000	20.460000
2288	-13.225899	2.366000	20.500000
2289	-13.125899	2.368000	20.490000
2290	-13.115899	2.368000	20.490000
2291	-13.085899	2.368000	20.530000
2292	-12.885899	2.370000	20.470000
2293	-12.865899	2.372000	20.490000
2294	-12.825899	2.372000	20.570000
2295	-12.635899	2.373000	20.420000
2296	-12.585899	2.373000	20.430000
2297	-12.505899	2.373000	20.530000
2298	-12.455899	2.375000	20.570000
2299	-12.395899	2.375000	20.460000
2300	-12.385899	2.377000	20.520000
2301	-12.285899	2.377000	20.760000
2302	-12.285899	2.379000	20.450000
2303	-12.115899	2.379000	20.560000
2304	-12.075899	2.381000	20.460000
2305	-11.985899	2.383000	20.650000
2306	-11.925899	2.383000	20.440000
2307	-11.865899	2.383000	20.470000
2308	-11.855899	2.385000	20.460000
2309	-11.755899	2.387000	20.570000
2310	-11.435899	2.387000	20.480000
2311	-11.415899	2.389000	20.670000
2312	-11.415899	2.389000	20.560000
2313	-11.385899	2.391000	20.520000
2314	-11.355899	2.391000	20.530000
2315	-11.235899	2.391000	20.700000
2316	-11.195899	2.393000	20.530000
2317	-11.185899	2.395000	20.520000
2318	-11.165899	2.395000	20.480000
2319	-11.105899	2.395000	20.540000
2320	-11.055899	2.397000	20.760000
2321	-10.865899	2.399000	20.510000
2322	-10.685899	2.399000	20.610000
2323	-10.625899	2.401000	20.560000
2324	-10.535899	2.403000	20.640000
2325	-10.475899	2.403000	20.560000
2326	-10.435899	2.405000	20.640000
2327	-10.295899	2.405000	20.640000
2328	-10.115899	2.405000	20.570000
2329	-9.985899	2.407000	20.480000
2330	-9.825899	2.407000	20.660000
2331	-9.815899	2.409000	20.520000
2332	-9.605899	2.409000	20.630000
2333	-9.585899	2.411000	20.570000
2334	-9.545899	2.411000	20.740000
2335	-9.485899	2.413000	20.550000
2336	-9.395899	2.415000	20.690000
2337	-9.265899	2.415000	20.780000
2338	-9.185899	2.415000	20.570000
2339	-9.165899	2.416000	20.610000
2340	-9.155899	2.418000	20.760000
2341	-9.125899	2.418000	20.560000
2342	-9.095899	2.418000	20.580000
2343	-9.085899	2.420000	20.710000
2344	-9.085899	2.422000	20.610000
2345	-9.035899	2.422000	20.750000
2346	-8.985899	2.422000	20.600000
2347	-8.935899	2.424000	20.730000
2348	-8.895899	2.426000	20.750000
2349	-8.895899	2.426000	20.680000
2350	-8.775899	2.426000	20.630000
2351	-8.745899	2.428000	20.680000
2352	-8.705899	2.430000	20.740000
2353	-8.605899	2.430000	20.640000
2354	-8.605899	2.432000	20.640000
2355	-8.505899	2.432000	20.780000
2356	-8.495899	2.434000	20.780000
2357	-8.465899	2.434000	20.720000
2358	-8.425899	2.436000	20.690000
2359	-8.385899	2.438000	20.850000
2360	-8.375899	2.438000	20.790000
2361	-8.155899	2.440000	20.790000
2362	-8.135899	2.442000	20.700000
2363	-8.085899	2.440000	20.770000
2364	-7.615899	2.442000	20.870000
2365	-7.535899	2.444000	20.760000
2366	-7.515899	2.444000	20.930000
2367	-7.425899	2.446000	20.850000
2368	-7.315899	2.446000	20.790000
2369	-7.185899	2.448000	20.770000
2370	-7.115899	2.450000	20.810000
2371	-7.035899	2.450000	20.910000
2372	-6.955899	2.450000	20.780000
2373	-6.915899	2.452000	20.830000
2374	-6.875899	2.452000	20.750000
2375	-6.765899	2.454000	20.900000
2376	-6.655899	2.454000	20.810000
2377	-6.635899	2.456000	20.800000
2378	-6.615899	2.457000	20.990000
2379	-6.585899	2.457000	20.730000
2380	-6.575899	2.459000	20.900000
2381	-6.525899	2.459000	20.830000
2382	-6.515899	2.461000	20.730000
2383	-6.505899	2.461000	20.830000
2384	-6.485899	2.461000	20.950000
2385	-6.475899	2.463000	20.820000
2386	-6.435899	2.465000	20.900000
2387	-6.275899	2.465000	20.990000
2388	-6.075899	2.467000	21.020000
2389	-6.045899	2.467000	20.880000
2390	-6.045899	2.467000	21.010000
2391	-6.015899	2.469000	20.760000
2392	-5.735899	2.469000	20.910000
2393	-5.665899	2.471000	20.770000
2394	-5.535899	2.473000	20.840000
2395	-5.525899	2.473000	20.980000
2396	-5.445899	2.473000	20.990000
2397	-5.415899	2.475000	20.890000
2398	-5.415899	2.475000	20.820000
2399	-5.395899	2.477000	20.890000
2400	-4.965899	2.477000	21.010000
2401	-4.875899	2.479000	20.940000
2402	-4.605899	2.481000	21.030000
2403	-4.605899	2.481000	21.030000
2404	-4.475899	2.483000	20.930000
2405	-4.465899	2.483000	20.850000
2406	-4.335899	2.483000	20.950000
2407	-4.305899	2.485000	20.950000
2408	-4.175899	2.485000	20.920000
2409	-3.965899	2.487000	20.950000
2410	-3.925899	2.489000	20.970000
2411	-3.915899	2.489000	20.910000
2412	-3.835899	2.491000	20.940000
2413	-3.735899	2.491000	20.980000
2414	-3.655899	2.493000	20.900000
2415	-3.615899	2.493000	20.930000
2416	-3.615899	2.493000	20.970000
2417	-3.605899	2.495000	21.020000
2418	-3.495899	2.495000	20.970000
2419	-3.495899	2.497000	21.000000
2420	-3.435899	2.498000	21.120000
2421	-3.395899	2.498000	21.000000
2422	-3.255899	2.498000	20.940000
2423	-3.225899	2.500000	20.940000
2424	-3.215899	2.500000	21.140000
2425	-3.005899	2.502000	21.160000
2426	-2.985899	2.502000	21.070000
2427	-2.985899	2.504000	21.030000
2428	-2.965899	2.506000	21.070000
2429	-2.845899	2.506000	21.060000
2430	-2.845899	2.508000	21.180000
2431	-2.635899	2.508000	21.020000
2432	-2.605899	2.510000	21.120000
2433	-2.465899	2.512000	21.160000
2434	-2.455899	2.512000	21.060000
2435	-2.455899	2.514000	21.220000
2436	-2.435899	2.514000	21.010000
2437	-2.315899	2.516000	21.180000
2438	-2.315899	2.516000	20.960000
2439	-2.215899	2.520000	21.160000
2440	-2.205899	2.520000	21.040000
2441	-2.155899	2.520000	21.030000
2442	-2.065899	2.522000	21.010000
2443	-1.965899	2.524000	21.180000
2444	-1.915899	2.524000	21.070000
2445	-1.745899	2.524000	21.020000
2446	-1.705899	2.528000	21.080000
2447	-1.685899	2.528000	21.170000
2448	-1.685899	2.530000	20.810000
2449	-1.615899	2.530000	21.060000
2450	-1.525899	2.530000	21.070000
2451	-1.475899	2.532000	21.170000
2452	-1.445899	2.532000	21.180000
2453	-1.445899	2.534000	21.100000
2454	-1.445899	2.534000	21.240000
2455	-1.425899	2.534000	21.270000
2456	-1.415899	2.536000	21.080000
2457	-1.395899	2.538000	21.170000
2458	-1.285899	2.539000	21.220000
2459	-1.145899	2.539000	21.190000
2460	-1.045899	2.539000	21.040000
2461	-1.005899	2.541000	21.120000
2462	-0.925899	2.543000	21.140000
2463	-0.895899	2.543000	21.180000
2464	-0.755899	2.545000	21.210000
2465	-0.735899	2.545000	21.190000
2466	-0.595899	2.547000	21.180000
2467	-0.585899	2.547000	21.020000
2468	-0.565899	2.547000	21.110000
2469	-0.475899	2.549000	21.070000
2470	-0.455899	2.551000	21.140000
2471	-0.435899	2.551000	21.310000
2472	-0.435899	2.551000	21.170000
2473	-0.345899	2.553000	21.110000
2474	-0.205899	2.555000	21.100000
2475	-0.185899	2.555000	21.130000
2476	-0.165899	2.555000	21.230000
2477	-0.105899	2.557000	21.190000
2478	-0.065899	2.559000	21.240000
2479	0.154101	2.559000	21.130000
2480	0.274101	2.561000	21.140000
2481	0.304101	2.561000	21.270000
2482	0.354101	2.561000	21.160000
2483	0.514101	2.563000	21.290000
2484	0.544101	2.563000	21.220000
2485	0.574101	2.565000	21.510000
2486	0.714101	2.565000	21.260000
2487	0.734101	2.567000	21.260000
2488	0.794101	2.569000	21.210000
2489	0.844101	2.569000	21.190000
2490	0.884101	2.571000	21.170000
2491	0.934101	2.571000	21.190000
2492	1.034101	2.571000	21.300000
2493	1.104101	2.573000	21.230000
2494	1.114101	2.575000	21.170000
2495	1.214101	2.575000	21.170000
2496	1.334101	2.577000	21.310000
2497	1.404101	2.577000	21.250000
2498	1.434101	2.577000	21.270000
2499	1.474101	2.579000	21.250000
2500	1.524101	2.579000	21.000000
2501	1.554101	2.581000	21.140000
2502	1.604101	2.582000	21.130000
2503	1.814101	2.582000	21.280000
2504	1.914101	2.582000	21.180000
2505	1.934101	2.584000	21.300000
2506	2.234101	2.586000	21.350000
2507	2.244101	2.586000	21.460000
2508	2.424101	2.586000	21.340000
2509	2.514101	2.588000	21.340000
2510	2.544101	2.590000	21.560000
2511	2.544101	2.590000	21.320000
2512	2.564101	2.592000	21.280000
2513	2.564101	2.592000	21.430000
2514	2.624101	2.592000	21.400000
2515	2.674101	2.594000	21.480000
2516	2.714101	2.594000	21.260000
2517	2.804101	2.596000	21.300000
2518	2.814101	2.596000	21.230000
2519	2.844101	2.598000	21.410000
2520	2.864101	2.600000	21.410000
2521	2.894101	2.600000	21.420000
2522	2.944101	2.602000	21.370000
2523	2.954101	2.604000	21.410000
2524	2.984101	2.606000	21.330000
2525	3.064101	2.606000	21.350000
2526	3.184101	2.608000	21.250000
2527	3.254101	2.608000	21.340000
2528	3.484101	2.608000	21.450000
2529	3.894101	2.610000	21.360000
2530	3.924101	2.610000	21.510000
2531	3.984101	2.612000	21.560000
2532	4.084101	2.614000	21.480000
2533	4.254101	2.614000	21.600000
2534	4.344101	2.616000	21.390000
2535	4.404101	2.616000	21.480000
2536	4.434101	2.616000	21.290000
2537	4.464101	2.618000	21.550000
2538	4.464101	2.618000	21.680000
2539	4.494101	2.620000	21.550000
2540	4.494101	2.622000	21.660000
2541	4.644101	2.623000	21.480000
2542	4.674101	2.623000	21.520000
2543	4.794101	2.623000	21.500000
2544	4.934101	2.625000	21.480000
2545	5.084101	2.625000	21.400000
2546	5.114101	2.627000	21.430000
2547	5.204101	2.629000	21.480000
