1	-184.484445	0.000000	9.410000
2	-184.474445	0.002000	9.530000
3	-184.314445	0.004000	9.630000
4	-184.274445	0.005000	9.420000
5	-184.264445	0.005000	9.540000
6	-184.204445	0.007000	9.740000
7	-184.194445	0.007000	9.820000
8	-184.184445	0.007000	9.860000
9	-184.164445	0.009000	9.510000
10	-184.054445	0.009000	9.690000
11	-183.994445	0.011000	9.780000
12	-183.824445	0.011000	9.500000
13	-183.794445	0.013000	10.070000
14	-183.754445	0.015000	9.440000
15	-183.624445	0.015000	9.650000
16	-183.554445	0.015000	9.700000
17	-183.364445	0.017000	9.630000
18	-183.354445	0.017000	9.660000
19	-183.074445	0.019000	9.830000
20	-182.844445	0.021000	9.730000
21	-182.824445	0.021000	9.910000
22	-182.724445	0.023000	10.010000
23	-182.634445	0.023000	9.840000
24	-182.624445	0.025000	9.790000
25	-182.604445	0.027000	10.070000
26	-182.554445	0.029000	9.810000
27	-182.534445	0.029000	9.920000
28	-182.534445	0.031000	9.590000
29	-182.464445	0.031000	9.910000
30	-182.434445	0.031000	9.570000
31	-182.414445	0.033000	9.770000
32	-182.204445	0.033000	9.910000
33	-182.174445	0.035000	9.970000
34	-182.154445	0.037000	9.770000
35	-182.134445	0.037000	9.890000
36	-182.094445	0.037000	9.880000
37	-182.054445	0.039000	9.760000
38	-182.044445	0.041000	9.940000
39	-181.854445	0.041000	9.830000
40	-181.794445	0.041000	9.810000
41	-181.584445	0.043000	9.880000
42	-181.544445	0.045000	10.150000
43	-181.504445	0.046000	9.820000
44	-181.494445	0.045000	10.070000
45	-181.094445	0.046000	9.990000
46	-180.784445	0.046000	9.920000
47	-180.554445	0.048000	10.000000
48	-180.544445	0.048000	10.340000
49	-180.464445	0.050000	10.080000
50	-180.274445	0.052000	10.360000
51	-180.234445	0.052000	10.090000
52	-180.224445	0.052000	9.840000
53	-180.084445	0.054000	10.100000
54	-179.974445	0.056000	9.930000
55	-179.864445	0.056000	10.480000
56	-179.584445	0.056000	9.810000
57	-179.524445	0.058000	10.010000
58	-179.504445	0.060000	10.080000
59	-179.424445	0.060000	9.980000
60	-179.414445	0.062000	9.760000
61	-179.404445	0.062000	10.200000
62	-179.244445	0.062000	10.220000
63	-179.214445	0.064000	9.830000
64	-179.124445	0.064000	9.940000
65	-179.064445	0.068000	10.000000
66	-179.054445	0.068000	10.500000
67	-179.044445	0.068000	10.190000
68	-179.044445	0.070000	9.980000
69	-179.034445	0.072000	10.310000
70	-178.994445	0.072000	10.330000
71	-178.924445	0.072000	10.570000
72	-178.794445	0.074000	9.800000
73	-178.724445	0.076000	10.040000
74	-178.434445	0.076000	10.410000
75	-178.374445	0.078000	10.370000
76	-178.254445	0.078000	10.250000
77	-178.234445	0.078000	9.970000
78	-178.154445	0.080000	10.030000
79	-178.144445	0.080000	10.300000
80	-177.854445	0.082000	10.040000
81	-177.544445	0.084000	9.950000
82	-177.504445	0.084000	10.320000
83	-177.474445	0.084000	10.200000
84	-177.474445	0.086000	10.040000
85	-177.434445	0.088000	10.220000
86	-177.384445	0.088000	9.970000
87	-177.374445	0.088000	10.140000
88	-177.354445	0.089000	10.100000
89	-177.354445	0.091000	10.080000
90	-177.174445	0.091000	10.060000
91	-177.164445	0.093000	10.200000
92	-177.114445	0.093000	10.110000
93	-177.074445	0.095000	10.250000
94	-177.044445	0.095000	10.030000
95	-177.034445	0.095000	10.090000
96	-176.924445	0.097000	10.110000
97	-176.824445	0.099000	10.160000
98	-176.704445	0.099000	10.140000
99	-176.664445	0.099000	10.160000
100	-176.644445	0.101000	10.100000
101	-176.464445	0.103000	10.120000
102	-176.394445	0.103000	10.180000
103	-176.184445	0.105000	10.160000
104	-176.124445	0.105000	10.140000
105	-176.054445	0.107000	10.310000
106	-175.994445	0.107000	10.040000
107	-175.754445	0.109000	10.160000
108	-175.524445	0.111000	10.210000
109	-175.344445	0.111000	10.180000
110	-175.314445	0.113000	10.240000
111	-175.114445	0.115000	10.320000
112	-175.074445	0.115000	10.330000
113	-175.064445	0.117000	10.310000
114	-175.054445	0.117000	10.540000
115	-175.024445	0.117000	10.530000
116	-174.954445	0.119000	10.220000
117	-174.914445	0.121000	10.440000
118	-174.884445	0.123000	10.150000
119	-174.674445	0.123000	10.190000
120	-174.664445	0.125000	10.080000
121	-174.544445	0.125000	10.360000
122	-174.534445	0.125000	10.140000
123	-174.524445	0.127000	10.270000
124	-174.294445	0.127000	10.290000
125	-174.104445	0.129000	10.290000
126	-173.974445	0.130000	10.360000
127	-173.964445	0.130000	10.290000
128	-173.904445	0.132000	10.270000
129	-173.874445	0.132000	10.380000
130	-173.814445	0.132000	10.230000
131	-173.764445	0.134000	10.490000
132	-173.754445	0.134000	10.430000
133	-173.734445	0.136000	10.500000
134	-173.574445	0.138000	10.360000
135	-173.524445	0.140000	10.420000
136	-173.294445	0.138000	10.400000
137	-173.224445	0.140000	10.370000
138	-173.074445	0.140000	10.290000
139	-173.044445	0.142000	10.550000
140	-172.924445	0.142000	10.370000
141	-172.834445	0.144000	10.370000
142	-172.824445	0.146000	10.670000
143	-172.784445	0.146000	10.370000
144	-172.764445	0.148000	10.380000
145	-172.684445	0.148000	10.450000
146	-172.534445	0.148000	10.540000
147	-172.374445	0.150000	10.490000
148	-172.314445	0.150000	10.340000
149	-172.294445	0.152000	10.160000
150	-172.224445	0.154000	10.740000
151	-172.054445	0.154000	10.470000
152	-172.024445	0.156000	10.360000
153	-172.004445	0.156000	10.440000
154	-171.994445	0.156000	10.410000
155	-171.904445	0.158000	10.640000
156	-171.734445	0.158000	10.680000
157	-171.734445	0.162000	10.660000
158	-171.724445	0.162000	10.430000
159	-171.494445	0.164000	10.400000
160	-171.484445	0.164000	10.630000
161	-171.484445	0.164000	10.570000
162	-171.314445	0.166000	10.550000
163	-171.174445	0.166000	10.470000
164	-171.174445	0.168000	10.690000
165	-171.144445	0.170000	10.700000
166	-171.104445	0.170000	10.820000
167	-170.974445	0.170000	10.780000
168	-170.924445	0.171000	10.650000
169	-170.884445	0.171000	10.710000
170	-170.874445	0.173000	10.630000
171	-170.784445	0.173000	10.490000
172	-170.714445	0.175000	10.850000
173	-170.534445	0.175000	10.610000
174	-170.364445	0.175000	10.820000
175	-170.094445	0.179000	10.640000
176	-170.074445	0.179000	10.650000
177	-170.024445	0.181000	10.740000
178	-169.984445	0.181000	10.530000
179	-169.954445	0.183000	10.540000
180	-169.884445	0.185000	10.650000
181	-169.814445	0.185000	10.620000
182	-169.704445	0.187000	10.590000
183	-169.694445	0.187000	10.730000
184	-169.644445	0.189000	10.560000
185	-169.614445	0.189000	10.620000
186	-169.614445	0.191000	10.620000
187	-169.474445	0.193000	10.890000
188	-169.424445	0.193000	10.570000
189	-169.374445	0.195000	10.580000
190	-169.324445	0.197000	10.720000
191	-169.314445	0.197000	10.660000
192	-168.994445	0.197000	10.820000
193	-168.984445	0.199000	10.800000
194	-168.814445	0.201000	10.670000
195	-168.814445	0.201000	10.730000
196	-168.774445	0.203000	10.910000
197	-168.764445	0.203000	10.740000
198	-168.604445	0.205000	10.670000
199	-168.504445	0.205000	10.830000
200	-168.454445	0.207000	10.660000
201	-168.394445	0.209000	10.750000
202	-168.244445	0.209000	10.690000
203	-167.874445	0.209000	10.730000
204	-167.784445	0.211000	10.920000
205	-167.594445	0.212000	10.830000
206	-167.584445	0.212000	10.630000
207	-167.534445	0.214000	10.960000
208	-167.464445	0.214000	10.760000
209	-167.324445	0.216000	10.740000
210	-167.294445	0.216000	10.650000
211	-167.274445	0.218000	10.800000
212	-167.204445	0.218000	10.900000
213	-167.184445	0.218000	10.680000
214	-167.144445	0.220000	10.840000
215	-167.134445	0.220000	10.630000
216	-167.124445	0.222000	10.950000
217	-167.094445	0.222000	10.790000
218	-167.014445	0.224000	10.870000
219	-166.944445	0.224000	10.890000
220	-166.714445	0.226000	10.840000
221	-166.614445	0.228000	10.720000
222	-166.534445	0.228000	11.010000
223	-166.394445	0.228000	10.700000
224	-166.384445	0.230000	10.970000
225	-166.364445	0.232000	10.870000
226	-166.274445	0.232000	10.860000
227	-166.194445	0.232000	11.000000
228	-165.934445	0.234000	11.180000
229	-165.884445	0.234000	10.970000
230	-165.804445	0.236000	11.000000
231	-165.644445	0.236000	10.810000
232	-165.614445	0.238000	11.080000
233	-165.514445	0.240000	10.830000
234	-165.474445	0.240000	10.960000
235	-165.184445	0.240000	10.770000
236	-165.104445	0.242000	10.900000
237	-164.934445	0.244000	11.110000
238	-164.904445	0.244000	11.330000
239	-164.804445	0.244000	10.960000
240	-164.764445	0.246000	11.010000
241	-164.714445	0.248000	10.880000
242	-164.664445	0.248000	10.900000
243	-164.544445	0.250000	10.800000
244	-164.524445	0.250000	10.760000
245	-164.404445	0.250000	10.800000
246	-164.394445	0.252000	10.940000
247	-164.334445	0.252000	10.890000
248	-164.324445	0.254000	10.800000
249	-164.284445	0.255000	10.940000
250	-164.174445	0.255000	11.090000
251	-164.144445	0.255000	10.950000
252	-164.044445	0.257000	10.790000
253	-164.014445	0.259000	11.000000
254	-163.944445	0.259000	11.080000
255	-163.834445	0.259000	11.050000
256	-163.654445	0.261000	11.240000
257	-163.524445	0.263000	11.230000
258	-163.504445	0.263000	10.890000
259	-163.484445	0.263000	11.070000
260	-163.484445	0.265000	10.940000
261	-163.444445	0.265000	11.150000
262	-163.364445	0.267000	11.570000
263	-163.334445	0.267000	10.910000
264	-163.324445	0.269000	11.000000
265	-163.224445	0.271000	11.030000
266	-163.174445	0.271000	11.100000
267	-163.134445	0.271000	11.050000
268	-163.104445	0.273000	11.210000
269	-163.054445	0.275000	11.070000
270	-162.974445	0.277000	11.110000
271	-162.704445	0.279000	11.600000
272	-162.674445	0.279000	11.110000
273	-162.644445	0.281000	11.230000
274	-162.624445	0.281000	11.090000
275	-162.464445	0.281000	11.110000
276	-162.354445	0.283000	11.250000
277	-162.234445	0.285000	11.170000
278	-162.134445	0.285000	11.040000
279	-162.124445	0.287000	11.050000
280	-161.904445	0.287000	11.210000
281	-161.864445	0.289000	11.260000
282	-161.844445	0.289000	11.220000
283	-161.774445	0.289000	11.640000
284	-161.554445	0.291000	11.210000
285	-161.414445	0.291000	11.260000
286	-161.414445	0.293000	11.270000
287	-160.984445	0.295000	11.300000
288	-160.934445	0.295000	11.480000
289	-160.714445	0.296000	11.350000
290	-160.694445	0.298000	11.170000
291	-160.624445	0.298000	11.180000
292	-160.584445	0.298000	11.310000
293	-160.464445	0.300000	11.400000
294	-160.384445	0.302000	11.330000
295	-160.324445	0.302000	11.310000
296	-160.294445	0.304000	11.120000
297	-160.264445	0.304000	11.310000
298	-160.174445	0.304000	11.200000
299	-160.074445	0.306000	11.100000
300	-159.964445	0.306000	11.640000
301	-159.894445	0.308000	11.320000
302	-159.854445	0.310000	11.310000
303	-159.844445	0.310000	11.460000
304	-159.784445	0.312000	11.260000
305	-159.644445	0.312000	11.050000
306	-159.604445	0.312000	11.270000
307	-159.484445	0.314000	11.170000
308	-159.384445	0.314000	11.420000
309	-159.354445	0.316000	11.160000
310	-159.334445	0.318000	11.470000
311	-159.284445	0.320000	11.370000
312	-158.994445	0.320000	11.500000
313	-158.904445	0.320000	11.420000
314	-158.874445	0.322000	11.550000
315	-158.834445	0.322000	11.070000
316	-158.734445	0.324000	11.420000
317	-158.634445	0.326000	11.440000
318	-158.614445	0.326000	11.400000
319	-158.574445	0.326000	11.380000
320	-158.404445	0.328000	11.420000
321	-158.364445	0.328000	11.400000
322	-158.354445	0.330000	11.690000
323	-158.294445	0.330000	11.360000
324	-158.194445	0.332000	11.380000
325	-158.184445	0.334000	11.610000
326	-158.164445	0.334000	11.470000
327	-158.094445	0.336000	11.360000
328	-158.014445	0.336000	11.380000
329	-157.964445	0.336000	11.330000
330	-157.884445	0.338000	11.460000
331	-157.854445	0.339000	11.430000
332	-157.844445	0.341000	11.470000
333	-157.814445	0.341000	11.390000
334	-157.554445	0.343000	11.390000
335	-157.534445	0.343000	11.390000
336	-157.474445	0.343000	11.300000
337	-157.434445	0.345000	11.700000
338	-157.384445	0.345000	11.260000
339	-157.374445	0.347000	11.440000
340	-156.914445	0.349000	11.430000
341	-156.684445	0.349000	11.650000
342	-156.664445	0.351000	11.230000
343	-156.614445	0.351000	11.650000
344	-156.544445	0.351000	11.550000
345	-156.384445	0.353000	11.410000
346	-156.364445	0.353000	11.590000
347	-156.294445	0.355000	11.620000
348	-156.264445	0.357000	11.720000
349	-156.214445	0.359000	11.420000
350	-156.174445	0.361000	11.530000
351	-156.114445	0.361000	11.760000
352	-156.104445	0.363000	11.650000
353	-155.994445	0.365000	11.570000
354	-155.854445	0.365000	11.450000
355	-155.744445	0.365000	11.330000
356	-155.734445	0.367000	11.640000
357	-155.584445	0.369000	11.770000
358	-155.424445	0.369000	11.850000
359	-155.404445	0.369000	11.620000
360	-155.394445	0.371000	11.750000
361	-155.254445	0.373000	11.600000
362	-155.234445	0.373000	11.650000
363	-155.174445	0.375000	11.880000
364	-155.084445	0.375000	11.670000
365	-155.064445	0.377000	11.670000
366	-155.014445	0.377000	11.580000
367	-154.984445	0.377000	11.690000
368	-154.934445	0.379000	11.670000
369	-154.914445	0.380000	11.660000
370	-154.904445	0.380000	11.630000
371	-154.854445	0.380000	11.720000
372	-154.844445	0.382000	11.850000
373	-154.794445	0.384000	11.630000
374	-154.734445	0.384000	11.870000
375	-154.664445	0.384000	11.720000
376	-154.644445	0.386000	11.900000
377	-154.574445	0.388000	11.920000
378	-154.564445	0.388000	11.760000
379	-154.554445	0.390000	11.600000
380	-154.484445	0.390000	11.720000
381	-154.474445	0.392000	11.650000
382	-154.154445	0.392000	11.710000
383	-153.934445	0.392000	11.800000
384	-153.904445	0.394000	11.560000
385	-153.834445	0.396000	12.100000
386	-153.734445	0.396000	11.830000
387	-153.594445	0.396000	11.810000
388	-153.354445	0.398000	11.870000
389	-153.234445	0.400000	11.790000
390	-153.064445	0.400000	11.960000
391	-152.964445	0.402000	12.140000
392	-152.934445	0.406000	11.830000
393	-152.934445	0.404000	11.640000
394	-152.754445	0.406000	12.070000
395	-152.744445	0.406000	11.870000
396	-152.704445	0.406000	11.900000
397	-152.504445	0.408000	12.040000
398	-152.484445	0.408000	11.850000
399	-152.304445	0.410000	12.190000
400	-152.234445	0.410000	11.960000
401	-152.224445	0.412000	12.030000
402	-152.204445	0.412000	11.800000
403	-152.194445	0.414000	12.000000
404	-152.164445	0.416000	11.820000
405	-151.994445	0.416000	12.060000
406	-151.904445	0.416000	12.120000
407	-151.854445	0.418000	12.030000
408	-151.734445	0.420000	11.830000
409	-151.724445	0.420000	12.000000
410	-151.704445	0.421000	12.070000
411	-151.544445	0.421000	11.960000
412	-151.534445	0.423000	11.900000
413	-151.504445	0.423000	11.880000
414	-151.484445	0.423000	12.050000
415	-151.424445	0.425000	11.910000
416	-151.394445	0.427000	12.080000
417	-151.384445	0.427000	11.860000
418	-151.264445	0.427000	11.920000
419	-151.184445	0.429000	12.180000
420	-150.974445	0.431000	12.070000
421	-150.924445	0.431000	11.970000
422	-150.734445	0.431000	11.980000
423	-150.714445	0.435000	12.060000
424	-150.614445	0.435000	12.180000
425	-150.594445	0.437000	11.930000
426	-150.454445	0.437000	12.000000
427	-150.384445	0.437000	12.160000
428	-150.374445	0.439000	11.880000
429	-150.264445	0.439000	12.090000
430	-150.144445	0.443000	12.010000
431	-150.094445	0.443000	11.910000
432	-149.954445	0.445000	12.000000
433	-149.934445	0.445000	11.910000
434	-149.774445	0.447000	12.140000
435	-149.744445	0.447000	12.010000
436	-149.734445	0.449000	12.090000
437	-149.514445	0.451000	12.000000
438	-149.354445	0.451000	12.050000
439	-149.294445	0.453000	12.020000
440	-149.204445	0.453000	12.000000
441	-149.114445	0.453000	11.970000
442	-148.984445	0.455000	12.000000
443	-148.914445	0.455000	12.120000
444	-148.914445	0.457000	12.240000
445	-148.804445	0.459000	12.210000
446	-148.774445	0.459000	12.160000
447	-148.654445	0.461000	12.040000
448	-148.564445	0.461000	12.210000
449	-148.484445	0.461000	11.980000
450	-148.424445	0.462000	12.140000
451	-148.374445	0.462000	12.200000
452	-148.244445	0.466000	12.450000
453	-148.224445	0.466000	12.150000
454	-148.144445	0.468000	11.950000
455	-148.124445	0.468000	12.110000
456	-148.064445	0.468000	12.330000
457	-148.064445	0.470000	12.040000
458	-147.994445	0.470000	12.100000
459	-147.774445	0.472000	12.310000
460	-147.574445	0.474000	12.310000
461	-147.504445	0.472000	12.180000
462	-147.334445	0.474000	12.090000
463	-147.224445	0.476000	12.290000
464	-147.174445	0.476000	12.140000
465	-147.024445	0.478000	12.140000
466	-146.954445	0.478000	12.220000
467	-146.794445	0.480000	12.330000
468	-146.774445	0.482000	12.280000
469	-146.754445	0.482000	12.290000
470	-146.714445	0.484000	12.310000
471	-146.704445	0.484000	12.260000
472	-146.504445	0.484000	12.300000
473	-146.444445	0.486000	12.310000
474	-146.424445	0.486000	12.300000
475	-146.414445	0.488000	12.200000
476	-146.294445	0.490000	12.230000
477	-146.234445	0.488000	12.340000
478	-146.224445	0.492000	12.150000
479	-146.154445	0.492000	12.200000
480	-146.144445	0.494000	12.490000
481	-146.104445	0.494000	12.240000
482	-146.004445	0.494000	12.190000
483	-145.974445	0.496000	12.240000
484	-145.894445	0.498000	12.260000
485	-145.854445	0.500000	12.180000
486	-145.744445	0.500000	12.310000
487	-145.724445	0.500000	12.260000
488	-145.704445	0.502000	12.400000
489	-145.664445	0.502000	12.100000
490	-145.614445	0.504000	12.350000
491	-145.614445	0.505000	12.340000
492	-145.574445	0.505000	12.400000
493	-145.524445	0.507000	12.470000
494	-145.184445	0.507000	12.280000
495	-145.144445	0.507000	12.280000
496	-145.124445	0.509000	12.590000
497	-145.114445	0.509000	12.470000
498	-145.014445	0.511000	12.400000
499	-145.014445	0.513000	12.540000
500	-144.964445	0.513000	12.360000
501	-144.754445	0.515000	12.580000
502	-144.524445	0.515000	12.420000
503	-144.444445	0.515000	12.410000
504	-144.214445	0.517000	12.270000
505	-143.934445	0.517000	12.480000
506	-143.934445	0.519000	12.590000
507	-143.784445	0.521000	12.280000
508	-143.744445	0.521000	12.400000
509	-143.724445	0.523000	12.510000
510	-143.334445	0.523000	12.500000
511	-143.304445	0.523000	12.640000
512	-143.254445	0.527000	12.550000
513	-143.134445	0.529000	12.550000
514	-143.064445	0.531000	12.790000
515	-143.024445	0.531000	12.560000
516	-143.004445	0.531000	12.470000
517	-142.994445	0.533000	12.650000
518	-142.934445	0.533000	12.480000
519	-142.924445	0.535000	12.510000
520	-142.774445	0.537000	12.490000
521	-142.774445	0.535000	12.540000
522	-142.764445	0.535000	12.450000
523	-142.744445	0.539000	12.500000
524	-142.734445	0.541000	12.440000
525	-142.634445	0.541000	12.620000
526	-142.354445	0.541000	12.510000
527	-142.194445	0.543000	12.420000
528	-142.124445	0.545000	12.620000
529	-142.074445	0.545000	12.700000
530	-141.934445	0.546000	12.500000
531	-141.884445	0.546000	12.520000
532	-141.874445	0.546000	12.610000
533	-141.844445	0.548000	12.590000
534	-141.814445	0.550000	12.670000
535	-141.804445	0.552000	12.750000
536	-141.794445	0.552000	12.700000
537	-141.754445	0.552000	12.700000
538	-141.644445	0.554000	12.670000
539	-141.594445	0.556000	12.460000
540	-141.464445	0.556000	12.820000
541	-141.244445	0.556000	12.630000
542	-141.094445	0.558000	12.730000
543	-141.054445	0.560000	12.690000
544	-141.004445	0.560000	12.860000
545	-140.964445	0.562000	12.620000
546	-140.894445	0.562000	12.880000
547	-140.894445	0.562000	12.530000
548	-140.814445	0.564000	12.940000
549	-140.774445	0.564000	12.570000
550	-140.634445	0.566000	12.470000
551	-140.554445	0.568000	12.780000
552	-140.434445	0.568000	12.820000
553	-140.344445	0.568000	12.860000
554	-140.344445	0.570000	12.630000
555	-140.294445	0.572000	12.730000
556	-140.284445	0.572000	12.730000
557	-140.074445	0.572000	12.710000
558	-139.854445	0.574000	12.790000
559	-139.784445	0.576000	12.870000
560	-139.784445	0.576000	12.730000
561	-139.694445	0.578000	12.820000
562	-139.664445	0.578000	12.690000
563	-139.654445	0.580000	12.830000
564	-139.584445	0.580000	12.730000
565	-139.544445	0.582000	12.830000
566	-139.514445	0.584000	12.850000
567	-139.404445	0.584000	12.800000
568	-139.224445	0.584000	12.820000
569	-139.114445	0.586000	12.820000
570	-139.104445	0.588000	12.790000
571	-139.034445	0.588000	12.870000
572	-138.904445	0.588000	12.600000
573	-138.594445	0.589000	12.760000
574	-138.564445	0.591000	12.780000
575	-138.544445	0.591000	12.820000
576	-138.464445	0.593000	12.880000
577	-138.434445	0.593000	12.910000
578	-138.334445	0.593000	12.730000
579	-138.114445	0.595000	12.930000
580	-138.084445	0.595000	13.000000
581	-137.944445	0.597000	12.920000
582	-137.894445	0.597000	12.850000
583	-137.774445	0.597000	12.990000
584	-137.674445	0.599000	13.060000
585	-137.634445	0.603000	12.900000
586	-137.624445	0.603000	12.930000
587	-137.574445	0.603000	12.890000
588	-137.554445	0.605000	12.730000
589	-137.514445	0.607000	12.900000
590	-137.494445	0.607000	13.040000
591	-137.404445	0.609000	12.810000
592	-137.314445	0.611000	13.000000
593	-137.314445	0.611000	12.840000
594	-137.284445	0.613000	12.900000
595	-137.234445	0.615000	12.900000
596	-137.224445	0.615000	12.980000
597	-137.064445	0.617000	12.960000
598	-136.994445	0.617000	13.050000
599	-136.904445	0.617000	13.090000
600	-136.834445	0.619000	12.870000
601	-136.724445	0.619000	12.860000
602	-136.714445	0.621000	12.840000
603	-136.664445	0.621000	12.890000
604	-136.614445	0.623000	12.800000
605	-136.504445	0.623000	12.920000
606	-136.424445	0.625000	12.880000
607	-136.404445	0.625000	13.020000
608	-136.214445	0.627000	12.840000
609	-136.064445	0.627000	12.970000
610	-136.054445	0.629000	12.990000
611	-135.974445	0.630000	13.000000
612	-135.804445	0.630000	13.060000
613	-135.664445	0.632000	13.150000
614	-135.654445	0.632000	13.050000
615	-135.554445	0.634000	13.140000
616	-135.484445	0.634000	12.980000
617	-135.314445	0.634000	12.970000
618	-135.204445	0.636000	12.920000
619	-135.134445	0.638000	12.980000
620	-135.124445	0.638000	13.080000
621	-135.054445	0.640000	13.070000
622	-134.824445	0.640000	13.160000
623	-134.764445	0.640000	13.040000
624	-134.744445	0.642000	13.190000
625	-134.734445	0.644000	12.990000
626	-134.614445	0.646000	13.020000
627	-134.604445	0.646000	13.160000
628	-134.594445	0.648000	13.040000
629	-134.524445	0.648000	12.970000
630	-134.504445	0.650000	13.140000
631	-134.494445	0.650000	13.180000
632	-134.484445	0.650000	12.950000
633	-134.474445	0.652000	12.910000
634	-134.234445	0.652000	13.120000
635	-134.054445	0.654000	13.150000
636	-134.044445	0.656000	13.250000
637	-134.024445	0.656000	13.180000
638	-133.954445	0.656000	12.940000
639	-133.864445	0.658000	13.430000
640	-133.734445	0.658000	13.190000
641	-133.614445	0.660000	13.190000
642	-133.554445	0.660000	13.210000
643	-133.324445	0.660000	13.220000
644	-133.214445	0.662000	13.200000
645	-132.854445	0.664000	13.250000
646	-132.744445	0.666000	13.290000
647	-132.704445	0.666000	13.110000
648	-132.624445	0.668000	13.180000
649	-132.624445	0.670000	13.170000
650	-132.604445	0.670000	13.330000
651	-132.574445	0.671000	13.220000
652	-132.574445	0.671000	13.220000
653	-132.564445	0.671000	13.120000
654	-132.554445	0.673000	13.280000
655	-132.534445	0.673000	13.080000
656	-132.484445	0.675000	13.280000
657	-132.474445	0.677000	13.230000
658	-132.154445	0.677000	13.260000
659	-132.134445	0.679000	13.170000
660	-131.874445	0.679000	13.260000
661	-131.634445	0.679000	13.430000
662	-131.624445	0.681000	13.200000
663	-131.594445	0.681000	13.530000
664	-131.544445	0.683000	13.200000
665	-131.194445	0.685000	13.450000
666	-131.164445	0.687000	13.510000
667	-131.104445	0.687000	13.460000
668	-131.084445	0.687000	13.400000
669	-131.014445	0.689000	13.480000
670	-130.934445	0.693000	13.590000
671	-130.924445	0.693000	13.490000
672	-130.884445	0.695000	13.440000
673	-130.874445	0.695000	13.470000
674	-130.824445	0.695000	13.490000
675	-130.714445	0.697000	13.320000
676	-130.614445	0.697000	13.540000
677	-130.584445	0.699000	13.260000
678	-130.544445	0.701000	13.420000
679	-130.454445	0.701000	13.460000
680	-130.434445	0.703000	13.330000
681	-130.384445	0.703000	13.600000
682	-130.344445	0.703000	13.290000
683	-130.284445	0.705000	13.370000
684	-130.204445	0.705000	13.540000
685	-130.144445	0.709000	13.460000
686	-130.134445	0.709000	13.480000
687	-130.094445	0.709000	13.440000
688	-130.054445	0.711000	13.620000
689	-130.034445	0.712000	13.570000
690	-130.004445	0.712000	13.660000
691	-129.764445	0.712000	13.410000
692	-129.724445	0.714000	13.460000
693	-129.714445	0.716000	13.600000
694	-129.684445	0.716000	13.510000
695	-129.644445	0.716000	13.790000
696	-129.634445	0.718000	13.450000
697	-129.624445	0.718000	13.500000
698	-129.484445	0.720000	13.370000
699	-129.354445	0.720000	13.570000
700	-129.314445	0.722000	13.540000
701	-129.204445	0.724000	13.310000
702	-129.184445	0.724000	13.550000
703	-128.984445	0.724000	13.600000
704	-128.944445	0.726000	13.540000
705	-128.874445	0.728000	13.610000
706	-128.644445	0.728000	13.780000
707	-128.644445	0.730000	13.790000
708	-128.434445	0.732000	13.670000
709	-128.404445	0.732000	13.530000
710	-128.384445	0.734000	13.490000
711	-128.224445	0.734000	13.600000
712	-128.184445	0.736000	13.670000
713	-128.144445	0.736000	13.610000
714	-127.944445	0.736000	13.770000
715	-127.914445	0.738000	13.750000
716	-127.774445	0.740000	13.450000
717	-127.734445	0.740000	13.690000
718	-127.654445	0.740000	13.540000
719	-127.634445	0.742000	13.650000
720	-127.624445	0.744000	13.670000
721	-127.574445	0.744000	13.640000
722	-127.504445	0.744000	13.540000
723	-127.404445	0.746000	13.620000
724	-127.274445	0.746000	13.730000
725	-127.264445	0.748000	13.640000
726	-127.244445	0.750000	13.540000
727	-127.044445	0.750000	13.660000
728	-126.804445	0.752000	13.540000
729	-126.704445	0.752000	13.680000
730	-126.684445	0.754000	13.700000
731	-126.684445	0.755000	13.820000
732	-126.674445	0.755000	13.780000
733	-126.544445	0.755000	13.830000
734	-126.514445	0.757000	13.780000
735	-126.484445	0.759000	13.810000
736	-126.414445	0.759000	13.710000
737	-126.274445	0.759000	13.480000
738	-126.174445	0.761000	13.790000
739	-126.134445	0.765000	13.640000
740	-126.104445	0.765000	13.810000
741	-126.064445	0.765000	13.640000
742	-126.034445	0.765000	13.780000
743	-126.034445	0.767000	13.910000
744	-125.994445	0.767000	13.830000
745	-125.954445	0.767000	13.560000
746	-125.844445	0.769000	13.790000
747	-125.534445	0.771000	13.640000
748	-125.474445	0.771000	13.640000
749	-125.384445	0.771000	13.690000
750	-125.324445	0.773000	13.890000
751	-125.254445	0.775000	13.760000
752	-125.164445	0.777000	13.760000
753	-125.094445	0.779000	13.870000
754	-124.854445	0.779000	13.770000
755	-124.724445	0.781000	14.070000
756	-124.704445	0.781000	13.820000
757	-124.664445	0.783000	13.840000
758	-124.564445	0.783000	13.930000
759	-124.344445	0.785000	13.710000
760	-124.324445	0.787000	13.810000
761	-124.314445	0.787000	13.820000
762	-124.274445	0.789000	13.650000
763	-124.044445	0.789000	13.830000
764	-123.974445	0.789000	13.920000
765	-123.964445	0.791000	13.810000
766	-123.884445	0.793000	13.780000
767	-123.864445	0.795000	13.790000
768	-123.804445	0.795000	13.890000
769	-123.804445	0.796000	13.800000
770	-123.594445	0.796000	13.790000
771	-123.584445	0.796000	13.970000
772	-123.584445	0.798000	13.880000
773	-123.554445	0.798000	13.770000
774	-123.374445	0.800000	13.830000
775	-123.344445	0.802000	13.880000
776	-123.114445	0.802000	14.080000
777	-122.844445	0.804000	14.040000
778	-122.734445	0.804000	13.970000
779	-122.614445	0.804000	13.920000
780	-122.524445	0.806000	14.120000
781	-122.374445	0.806000	14.040000
782	-122.364445	0.808000	13.870000
783	-122.204445	0.810000	13.990000
784	-122.184445	0.812000	13.850000
785	-122.174445	0.812000	14.070000
786	-122.104445	0.812000	13.880000
787	-122.074445	0.814000	13.850000
788	-121.994445	0.814000	14.030000
789	-121.924445	0.816000	13.840000
790	-121.904445	0.818000	14.070000
791	-121.864445	0.818000	13.830000
792	-121.494445	0.820000	14.110000
793	-121.474445	0.820000	14.210000
794	-121.424445	0.822000	14.280000
795	-121.364445	0.822000	14.260000
796	-121.254445	0.822000	14.000000
797	-121.204445	0.824000	14.060000
798	-121.194445	0.826000	14.160000
799	-121.104445	0.826000	14.070000
800	-120.924445	0.828000	14.090000
801	-120.914445	0.828000	14.290000
802	-120.904445	0.828000	14.120000
803	-120.874445	0.830000	14.200000
804	-120.854445	0.830000	14.050000
805	-120.834445	0.832000	14.350000
806	-120.784445	0.832000	14.270000
807	-120.754445	0.834000	14.170000
808	-120.714445	0.836000	14.210000
809	-120.484445	0.836000	14.270000
810	-120.484445	0.836000	14.100000
811	-120.424445	0.838000	14.140000
812	-120.384445	0.838000	14.060000
813	-120.304445	0.839000	14.240000
814	-120.294445	0.841000	14.290000
815	-120.294445	0.841000	14.200000
816	-120.294445	0.843000	14.150000
817	-120.274445	0.843000	14.250000
818	-120.274445	0.845000	14.150000
819	-120.254445	0.845000	14.160000
820	-120.154445	0.847000	14.110000
821	-119.864445	0.849000	14.110000
822	-119.814445	0.849000	14.130000
823	-119.804445	0.851000	14.300000
824	-119.754445	0.851000	14.060000
825	-119.714445	0.851000	14.290000
826	-119.714445	0.853000	14.150000
827	-119.684445	0.853000	14.090000
828	-119.564445	0.855000	14.200000
829	-119.544445	0.857000	14.300000
830	-119.514445	0.857000	14.220000
831	-119.374445	0.859000	14.270000
832	-119.294445	0.861000	14.320000
833	-119.294445	0.863000	14.300000
834	-119.034445	0.863000	14.130000
835	-118.884445	0.865000	14.220000
836	-118.834445	0.865000	14.340000
837	-118.754445	0.867000	14.350000
838	-118.374445	0.869000	14.340000
839	-118.274445	0.869000	14.440000
840	-118.184445	0.869000	14.420000
841	-118.154445	0.871000	14.480000
842	-118.154445	0.873000	14.320000
843	-118.124445	0.873000	14.410000
844	-118.064445	0.875000	14.450000
845	-118.024445	0.877000	14.370000
846	-117.854445	0.877000	14.260000
847	-117.824445	0.877000	14.150000
848	-117.764445	0.879000	14.480000
849	-117.584445	0.880000	14.390000
850	-117.504445	0.880000	14.170000
851	-117.444445	0.880000	14.410000
852	-117.404445	0.882000	14.290000
853	-117.394445	0.884000	14.360000
854	-117.384445	0.884000	14.170000
855	-117.254445	0.884000	14.400000
856	-117.194445	0.886000	14.420000
857	-117.134445	0.888000	14.660000
858	-116.854445	0.888000	14.380000
859	-116.694445	0.890000	14.330000
860	-116.694445	0.890000	14.270000
861	-116.654445	0.890000	14.240000
862	-116.614445	0.892000	13.160000
863	-116.544445	0.892000	13.060000
864	-116.504445	0.894000	13.180000
865	-116.464445	0.896000	14.440000
866	-116.444445	0.896000	14.260000
867	-116.394445	0.898000	13.200000
868	-116.334445	0.900000	13.290000
869	-116.244445	0.900000	13.250000
870	-116.184445	0.900000	13.150000
871	-116.184445	0.902000	14.490000
872	-116.174445	0.904000	13.110000
873	-115.884445	0.904000	14.280000
874	-115.874445	0.904000	14.390000
875	-115.734445	0.906000	13.070000
876	-115.564445	0.906000	13.190000
877	-115.474445	0.908000	13.110000
878	-115.374445	0.908000	13.310000
879	-115.214445	0.910000	13.090000
880	-115.204445	0.912000	13.370000
881	-115.204445	0.912000	14.170000
882	-115.154445	0.912000	13.300000
883	-115.144445	0.914000	14.560000
884	-115.104445	0.916000	13.320000
885	-115.104445	0.916000	13.140000
886	-114.974445	0.916000	13.310000
887	-114.864445	0.918000	13.210000
888	-114.854445	0.920000	13.300000
889	-114.804445	0.920000	13.210000
890	-114.784445	0.921000	13.180000
891	-114.774445	0.921000	13.290000
892	-114.454445	0.921000	13.240000
893	-114.394445	0.923000	13.060000
894	-114.294445	0.923000	13.180000
895	-114.234445	0.927000	13.390000
896	-114.034445	0.927000	13.160000
897	-113.984445	0.927000	13.230000
898	-113.914445	0.929000	13.360000
899	-113.884445	0.931000	13.300000
900	-113.794445	0.931000	13.250000
901	-113.674445	0.931000	13.270000
902	-113.594445	0.933000	13.160000
903	-113.554445	0.935000	13.200000
904	-113.554445	0.937000	13.400000
905	-113.544445	0.937000	13.260000
906	-113.334445	0.937000	13.360000
907	-113.324445	0.939000	13.220000
908	-113.184445	0.939000	13.290000
909	-113.134445	0.943000	13.310000
910	-113.074445	0.945000	13.390000
911	-113.034445	0.945000	13.370000
912	-112.914445	0.945000	13.390000
913	-112.714445	0.947000	13.400000
914	-112.634445	0.947000	13.430000
915	-112.614445	0.951000	13.320000
916	-112.154445	0.951000	13.220000
917	-112.104445	0.953000	13.300000
918	-112.064445	0.953000	13.360000
919	-111.864445	0.953000	13.500000
920	-111.844445	0.955000	13.250000
921	-111.434445	0.955000	13.610000
922	-111.394445	0.957000	13.450000
923	-111.354445	0.957000	13.620000
924	-111.344445	0.959000	13.390000
925	-111.244445	0.961000	13.460000
926	-111.194445	0.961000	13.590000
927	-111.184445	0.961000	13.410000
928	-111.044445	0.962000	13.600000
929	-110.944445	0.962000	13.440000
930	-110.854445	0.964000	13.640000
931	-110.804445	0.966000	13.510000
932	-110.724445	0.968000	13.550000
933	-110.694445	0.968000	13.540000
934	-110.694445	0.968000	13.520000
935	-110.694445	0.968000	13.790000
936	-110.684445	0.970000	13.650000
937	-110.624445	0.970000	13.380000
938	-110.554445	0.972000	13.570000
939	-110.494445	0.974000	13.550000
940	-110.464445	0.974000	13.670000
941	-110.414445	0.976000	13.480000
942	-110.384445	0.976000	13.430000
943	-110.334445	0.976000	13.510000
944	-110.304445	0.978000	13.610000
945	-110.254445	0.980000	13.890000
946	-110.184445	0.982000	13.580000
947	-110.174445	0.982000	13.580000
948	-110.164445	0.984000	13.540000
949	-110.124445	0.984000	13.530000
950	-110.104445	0.984000	13.580000
951	-109.884445	0.986000	13.530000
952	-109.784445	0.986000	13.600000
953	-109.694445	0.988000	13.720000
954	-109.594445	0.988000	13.820000
955	-109.534445	0.990000	13.610000
956	-109.534445	0.992000	13.560000
957	-109.494445	0.992000	13.640000
958	-109.484445	0.992000	13.780000
959	-109.454445	0.994000	13.610000
960	-109.414445	0.994000	13.720000
961	-109.254445	0.996000	13.540000
962	-109.074445	0.998000	13.630000
963	-109.074445	0.998000	13.430000
964	-109.034445	0.998000	13.530000
965	-108.804445	1.000000	13.560000
966	-108.734445	1.000000	13.670000
967	-108.674445	1.002000	13.740000
968	-108.634445	1.002000	13.560000
969	-108.614445	1.004000	13.750000
970	-108.604445	1.005000	13.660000
971	-108.604445	1.005000	13.670000
972	-108.514445	1.007000	13.550000
973	-108.514445	1.007000	13.620000
974	-108.394445	1.007000	13.700000
975	-108.314445	1.009000	13.820000
976	-108.264445	1.009000	13.790000
977	-108.184445	1.011000	13.960000
978	-108.164445	1.013000	13.820000
979	-108.084445	1.013000	13.850000
980	-108.064445	1.015000	13.720000
981	-107.834445	1.015000	13.770000
982	-107.634445	1.015000	13.820000
983	-107.614445	1.017000	13.750000
984	-107.574445	1.017000	13.790000
985	-107.514445	1.019000	13.680000
986	-107.514445	1.019000	13.780000
987	-107.504445	1.021000	13.770000
988	-107.184445	1.023000	13.760000
989	-107.184445	1.023000	13.690000
990	-107.054445	1.023000	13.870000
991	-106.924445	1.027000	13.740000
992	-106.824445	1.029000	13.950000
993	-106.634445	1.029000	13.800000
994	-106.604445	1.031000	13.770000
995	-106.604445	1.031000	13.770000
996	-106.184445	1.033000	13.930000
997	-106.154445	1.033000	13.760000
998	-106.144445	1.033000	13.820000
999	-106.114445	1.035000	13.710000
1000	-106.024445	1.037000	13.910000
1001	-105.974445	1.037000	13.830000
1002	-105.954445	1.037000	14.060000
1003	-105.954445	1.039000	13.780000
1004	-105.854445	1.041000	13.910000
1005	-105.764445	1.041000	13.700000
1006	-105.694445	1.043000	13.880000
1007	-105.664445	1.045000	13.920000
1008	-105.634445	1.045000	13.960000
1009	-105.594445	1.046000	13.960000
1010	-105.594445	1.046000	13.850000
1011	-105.564445	1.046000	14.010000
1012	-105.504445	1.048000	14.030000
1013	-105.474445	1.048000	13.920000
1014	-105.464445	1.050000	14.010000
1015	-105.404445	1.050000	14.030000
1016	-105.374445	1.052000	13.920000
1017	-105.154445	1.052000	13.880000
1018	-105.044445	1.054000	14.030000
1019	-104.784445	1.056000	14.040000
1020	-104.724445	1.056000	13.890000
1021	-104.394445	1.056000	13.980000
1022	-104.304445	1.058000	13.910000
1023	-104.104445	1.060000	13.810000
1024	-104.074445	1.060000	14.120000
1025	-103.974445	1.062000	13.910000
1026	-103.944445	1.064000	14.000000
1027	-103.814445	1.064000	14.060000
1028	-103.754445	1.064000	14.200000
1029	-103.754445	1.066000	13.990000
1030	-103.724445	1.068000	14.170000
1031	-103.654445	1.068000	13.990000
1032	-103.554445	1.068000	14.060000
1033	-103.394445	1.070000	14.060000
1034	-103.294445	1.072000	13.960000
1035	-103.134445	1.072000	14.080000
1036	-102.974445	1.072000	14.150000
1037	-102.974445	1.074000	13.990000
1038	-102.974445	1.076000	14.150000
1039	-102.934445	1.076000	13.970000
1040	-102.914445	1.078000	14.110000
1041	-102.884445	1.078000	14.060000
1042	-102.714445	1.078000	14.180000
1043	-102.684445	1.080000	13.960000
1044	-102.644445	1.082000	14.100000
1045	-102.584445	1.082000	14.260000
1046	-102.544445	1.084000	13.980000
1047	-102.514445	1.084000	14.050000
1048	-102.454445	1.086000	13.870000
1049	-102.334445	1.088000	14.130000
1050	-102.164445	1.088000	14.250000
1051	-102.044445	1.088000	14.120000
1052	-102.004445	1.089000	14.140000
1053	-102.004445	1.091000	13.830000
1054	-101.994445	1.091000	14.270000
1055	-101.944445	1.093000	14.120000
1056	-101.804445	1.093000	14.170000
1057	-101.684445	1.095000	14.310000
1058	-101.674445	1.095000	14.290000
1059	-101.634445	1.095000	14.310000
1060	-101.584445	1.097000	14.160000
1061	-101.294445	1.099000	14.210000
1062	-101.264445	1.099000	14.300000
1063	-101.234445	1.099000	14.290000
1064	-101.174445	1.101000	14.190000
1065	-100.964445	1.103000	14.140000
1066	-100.964445	1.103000	14.280000
1067	-100.904445	1.105000	14.260000
1068	-100.874445	1.107000	14.390000
1069	-100.644445	1.107000	14.200000
1070	-100.584445	1.109000	13.880000
1071	-100.504445	1.111000	14.130000
1072	-100.414445	1.111000	14.150000
1073	-100.134445	1.113000	14.450000
1074	-99.914445	1.113000	14.330000
1075	-99.804445	1.113000	14.340000
1076	-99.414445	1.117000	14.530000
1077	-99.284445	1.117000	14.320000
1078	-99.264445	1.119000	14.540000
1079	-99.264445	1.119000	14.470000
1080	-99.224445	1.121000	14.380000
1081	-99.204445	1.123000	14.210000
1082	-99.204445	1.123000	14.380000
1083	-99.154445	1.125000	14.530000
1084	-99.094445	1.125000	14.170000
1085	-99.074445	1.125000	14.430000
1086	-99.074445	1.127000	14.250000
1087	-99.024445	1.129000	14.470000
1088	-99.024445	1.130000	14.460000
1089	-98.774445	1.130000	14.660000
1090	-98.744445	1.132000	14.400000
1091	-98.684445	1.132000	14.480000
1092	-98.374445	1.132000	14.460000
1093	-98.364445	1.134000	14.490000
1094	-98.264445	1.134000	14.470000
1095	-98.224445	1.138000	14.390000
1096	-98.204445	1.138000	14.470000
1097	-98.194445	1.140000	14.430000
1098	-98.154445	1.140000	14.430000
1099	-98.124445	1.140000	14.490000
1100	-98.114445	1.142000	14.550000
1101	-98.044445	1.142000	14.640000
1102	-98.034445	1.144000	14.620000
1103	-98.004445	1.146000	14.500000
1104	-97.974445	1.146000	14.240000
1105	-97.864445	1.148000	14.370000
1106	-97.834445	1.148000	14.700000
1107	-97.834445	1.150000	14.120000
1108	-97.804445	1.150000	14.660000
1109	-97.714445	1.152000	14.600000
1110	-97.714445	1.154000	14.600000
1111	-97.634445	1.154000	14.670000
1112	-97.524445	1.156000	14.500000
1113	-97.354445	1.156000	14.440000
1114	-97.344445	1.158000	14.580000
1115	-97.324445	1.158000	14.460000
1116	-97.304445	1.158000	14.430000
1117	-97.224445	1.160000	14.740000
1118	-97.214445	1.162000	14.500000
1119	-97.194445	1.162000	14.690000
1120	-97.094445	1.164000	14.470000
1121	-97.064445	1.164000	14.400000
1122	-96.864445	1.166000	14.500000
1123	-96.764445	1.166000	14.600000
1124	-96.744445	1.166000	14.580000
1125	-96.484445	1.170000	14.500000
1126	-96.304445	1.170000	14.520000
1127	-96.134445	1.171000	14.550000
1128	-96.084445	1.171000	14.740000
1129	-95.924445	1.171000	14.950000
1130	-95.764445	1.173000	14.730000
1131	-95.744445	1.175000	14.800000
1132	-95.734445	1.175000	14.640000
1133	-95.604445	1.175000	14.590000
1134	-95.564445	1.177000	14.620000
1135	-95.564445	1.179000	14.840000
1136	-95.534445	1.179000	14.670000
1137	-95.514445	1.179000	14.620000
1138	-95.464445	1.181000	14.570000
1139	-95.404445	1.181000	14.630000
1140	-95.304445	1.183000	14.640000
1141	-95.274445	1.185000	14.460000
1142	-95.214445	1.185000	14.460000
1143	-95.164445	1.187000	14.510000
1144	-95.114445	1.189000	14.690000
1145	-95.084445	1.189000	14.510000
1146	-95.074445	1.193000	14.590000
1147	-94.984445	1.193000	14.630000
1148	-94.884445	1.193000	14.660000
1149	-94.874445	1.195000	14.730000
1150	-94.824445	1.197000	14.710000
1151	-94.764445	1.197000	14.640000
1152	-94.684445	1.197000	14.620000
1153	-94.254445	1.199000	14.540000
1154	-94.214445	1.201000	14.620000
1155	-94.014445	1.201000	14.750000
1156	-93.854445	1.203000	14.650000
1157	-93.824445	1.203000	14.770000
1158	-93.614445	1.203000	14.880000
1159	-93.334445	1.205000	14.900000
1160	-93.264445	1.205000	14.850000
1161	-93.174445	1.207000	14.870000
1162	-93.164445	1.209000	14.890000
1163	-92.974445	1.207000	14.810000
1164	-92.944445	1.211000	15.030000
1165	-92.864445	1.211000	14.910000
1166	-92.814445	1.212000	15.010000
1167	-92.784445	1.212000	14.780000
1168	-92.544445	1.212000	14.800000
1169	-92.464445	1.214000	15.030000
1170	-92.434445	1.216000	14.800000
1171	-92.344445	1.216000	15.020000
1172	-92.324445	1.216000	14.820000
1173	-92.304445	1.218000	14.900000
1174	-92.174445	1.218000	14.910000
1175	-92.144445	1.220000	14.860000
1176	-92.034445	1.220000	14.710000
1177	-92.014445	1.222000	15.040000
1178	-91.704445	1.224000	14.950000
1179	-91.644445	1.224000	14.990000
1180	-91.624445	1.224000	15.000000
1181	-91.614445	1.226000	14.820000
1182	-91.584445	1.228000	14.990000
1183	-91.564445	1.228000	15.030000
1184	-91.484445	1.230000	15.090000
1185	-91.464445	1.230000	14.930000
1186	-91.354445	1.232000	15.110000
1187	-91.314445	1.232000	15.120000
1188	-91.284445	1.234000	15.020000
1189	-91.284445	1.234000	15.020000
1190	-91.264445	1.234000	15.040000
1191	-91.204445	1.236000	14.840000
1192	-91.204445	1.236000	15.040000
1193	-91.014445	1.238000	15.050000
1194	-90.894445	1.238000	14.910000
1195	-90.864445	1.240000	14.880000
1196	-90.744445	1.240000	14.910000
1197	-90.714445	1.242000	15.120000
1198	-90.654445	1.244000	15.090000
1199	-90.614445	1.244000	14.780000
1200	-90.584445	1.244000	14.840000
1201	-90.564445	1.246000	15.050000
1202	-90.544445	1.248000	14.950000
1203	-90.514445	1.248000	15.070000
1204	-90.504445	1.250000	14.950000
1205	-90.474445	1.252000	14.880000
1206	-90.444445	1.252000	15.000000
1207	-90.424445	1.252000	15.140000
1208	-90.394445	1.254000	14.960000
1209	-90.264445	1.255000	15.060000
1210	-90.244445	1.255000	15.000000
1211	-90.004445	1.255000	15.090000
1212	-89.884445	1.257000	15.140000
1213	-89.804445	1.259000	15.090000
1214	-89.764445	1.259000	15.190000
1215	-89.584445	1.261000	14.840000
1216	-89.424445	1.263000	15.080000
1217	-89.174445	1.263000	15.010000
1218	-89.174445	1.265000	14.880000
1219	-89.154445	1.265000	15.150000
1220	-89.114445	1.265000	15.190000
1221	-89.014445	1.267000	15.150000
1222	-88.864445	1.267000	15.140000
1223	-88.824445	1.269000	15.130000
1224	-88.814445	1.271000	15.310000
1225	-88.554445	1.271000	15.090000
1226	-88.554445	1.273000	15.000000
1227	-88.524445	1.275000	15.160000
1228	-88.484445	1.277000	15.100000
1229	-88.444445	1.279000	15.020000
1230	-88.424445	1.279000	15.140000
1231	-88.394445	1.281000	15.150000
1232	-88.184445	1.281000	15.300000
1233	-88.154445	1.281000	15.150000
1234	-88.124445	1.283000	15.280000
1235	-88.014445	1.283000	15.250000
1236	-87.954445	1.285000	15.340000
1237	-87.924445	1.287000	15.510000
1238	-87.744445	1.287000	15.290000
1239	-87.694445	1.289000	15.220000
1240	-87.604445	1.289000	15.090000
1241	-87.584445	1.291000	15.380000
1242	-87.504445	1.291000	15.020000
1243	-87.474445	1.291000	15.430000
1244	-87.464445	1.295000	15.350000
1245	-87.224445	1.295000	15.260000
1246	-87.194445	1.296000	15.270000
1247	-87.174445	1.296000	15.220000
1248	-87.014445	1.296000	15.320000
1249	-87.004445	1.298000	15.280000
1250	-86.994445	1.298000	15.260000
1251	-86.924445	1.300000	15.230000
1252	-86.834445	1.302000	15.290000
1253	-86.784445	1.302000	15.580000
1254	-86.764445	1.302000	15.320000
1255	-86.734445	1.304000	15.370000
1256	-86.664445	1.304000	15.270000
1257	-86.644445	1.306000	15.420000
1258	-86.614445	1.306000	15.220000
1259	-86.594445	1.308000	15.320000
1260	-86.354445	1.310000	15.440000
1261	-86.354445	1.310000	15.250000
1262	-86.314445	1.312000	15.210000
1263	-86.214445	1.312000	15.250000
1264	-85.974445	1.314000	15.310000
1265	-85.804445	1.314000	15.370000
1266	-85.524445	1.316000	15.670000
1267	-85.484445	1.318000	15.480000
1268	-85.464445	1.318000	15.580000
1269	-85.324445	1.320000	15.400000
1270	-85.254445	1.320000	15.360000
1271	-85.234445	1.320000	15.440000
1272	-85.184445	1.322000	15.380000
1273	-85.154445	1.322000	15.390000
1274	-85.134445	1.324000	15.380000
1275	-85.044445	1.326000	15.600000
1276	-85.004445	1.326000	15.620000
1277	-84.974445	1.328000	15.340000
1278	-84.934445	1.328000	15.390000
1279	-84.934445	1.328000	15.390000
1280	-84.894445	1.330000	15.540000
1281	-84.884445	1.330000	15.460000
1282	-84.854445	1.332000	15.490000
1283	-84.684445	1.332000	15.420000
1284	-84.664445	1.334000	15.390000
1285	-84.594445	1.334000	15.420000
1286	-84.444445	1.336000	15.400000
1287	-84.314445	1.336000	15.360000
1288	-84.254445	1.338000	15.430000
1289	-84.244445	1.338000	15.480000
1290	-84.054445	1.339000	15.490000
1291	-83.984445	1.341000	15.470000
1292	-83.854445	1.341000	15.370000
1293	-83.854445	1.343000	15.390000
1294	-83.744445	1.343000	15.550000
1295	-83.494445	1.345000	15.510000
1296	-83.434445	1.345000	15.370000
1297	-83.384445	1.345000	15.440000
1298	-83.334445	1.347000	15.680000
1299	-83.324445	1.349000	15.420000
1300	-83.104445	1.349000	15.560000
1301	-83.094445	1.351000	15.470000
1302	-83.044445	1.351000	15.590000
1303	-83.004445	1.351000	15.730000
1304	-82.824445	1.353000	15.380000
1305	-82.574445	1.355000	15.440000
1306	-81.944445	1.357000	15.480000
1307	-81.624445	1.357000	15.690000
1308	-81.564445	1.359000	15.630000
1309	-81.554445	1.361000	15.800000
1310	-81.554445	1.361000	15.520000
1311	-81.374445	1.363000	15.770000
1312	-81.324445	1.365000	15.710000
1313	-81.244445	1.365000	15.610000
1314	-81.224445	1.365000	15.760000
1315	-81.124445	1.367000	15.750000
1316	-81.074445	1.369000	15.650000
1317	-81.054445	1.369000	15.610000
1318	-81.054445	1.369000	15.620000
1319	-81.034445	1.371000	15.660000
1320	-81.024445	1.373000	15.670000
1321	-80.894445	1.373000	15.700000
1322	-80.854445	1.375000	15.680000
1323	-80.774445	1.375000	15.710000
1324	-80.724445	1.375000	15.710000
1325	-80.714445	1.377000	15.900000
1326	-80.704445	1.377000	15.810000
1327	-80.704445	1.379000	15.630000
1328	-80.674445	1.380000	15.690000
1329	-80.634445	1.380000	15.540000
1330	-80.594445	1.380000	15.540000
1331	-80.554445	1.382000	15.650000
1332	-80.534445	1.384000	15.630000
1333	-80.514445	1.384000	15.650000
1334	-80.464445	1.384000	15.540000
1335	-80.424445	1.386000	15.590000
1336	-80.334445	1.388000	15.680000
1337	-80.314445	1.390000	15.700000
1338	-80.304445	1.390000	15.750000
1339	-80.274445	1.390000	15.690000
1340	-80.214445	1.392000	15.770000
1341	-80.194445	1.392000	15.660000
1342	-80.134445	1.394000	15.820000
1343	-80.044445	1.394000	15.730000
1344	-79.924445	1.394000	15.700000
1345	-79.864445	1.398000	15.690000
1346	-79.864445	1.400000	15.780000
1347	-79.724445	1.400000	15.720000
1348	-79.614445	1.400000	15.680000
1349	-79.584445	1.402000	15.720000
1350	-79.394445	1.404000	15.800000
1351	-79.234445	1.404000	15.910000
1352	-79.214445	1.406000	15.780000
1353	-79.194445	1.406000	15.790000
1354	-79.104445	1.406000	15.690000
1355	-78.874445	1.408000	15.780000
1356	-78.614445	1.408000	15.980000
1357	-78.584445	1.410000	15.860000
1358	-78.584445	1.412000	15.810000
1359	-78.504445	1.412000	15.720000
1360	-78.464445	1.412000	15.760000
1361	-78.314445	1.414000	15.920000
1362	-78.204445	1.416000	15.860000
1363	-78.194445	1.416000	15.790000
1364	-78.184445	1.416000	15.870000
1365	-77.934445	1.418000	15.820000
1366	-77.844445	1.421000	15.830000
1367	-77.734445	1.421000	15.840000
1368	-77.724445	1.421000	15.900000
1369	-77.714445	1.421000	15.760000
1370	-77.664445	1.423000	15.740000
1371	-77.544445	1.423000	15.880000
1372	-77.484445	1.425000	15.840000
1373	-77.444445	1.425000	15.820000
1374	-77.424445	1.427000	15.900000
1375	-77.324445	1.427000	15.900000
1376	-77.174445	1.429000	15.800000
1377	-76.914445	1.431000	15.730000
1378	-76.794445	1.431000	15.910000
1379	-76.654445	1.431000	15.900000
1380	-76.594445	1.433000	15.930000
1381	-76.554445	1.435000	15.840000
1382	-76.484445	1.435000	15.820000
1383	-76.444445	1.437000	15.880000
1384	-76.414445	1.437000	16.080000
1385	-76.394445	1.439000	15.980000
1386	-76.384445	1.439000	15.930000
1387	-76.294445	1.439000	15.920000
1388	-76.204445	1.443000	15.850000
1389	-76.184445	1.445000	15.770000
1390	-76.164445	1.445000	15.890000
1391	-76.054445	1.445000	15.760000
1392	-75.974445	1.447000	15.950000
1393	-75.804445	1.449000	15.820000
1394	-75.624445	1.449000	15.960000
1395	-75.604445	1.449000	15.960000
1396	-75.584445	1.451000	16.080000
1397	-75.574445	1.453000	15.910000
1398	-75.504445	1.453000	16.030000
1399	-75.484445	1.453000	15.980000
1400	-75.454445	1.455000	15.900000
1401	-75.394445	1.455000	16.090000
1402	-75.384445	1.457000	16.110000
1403	-75.124445	1.459000	16.000000
1404	-75.104445	1.459000	15.910000
1405	-74.944445	1.461000	16.010000
1406	-74.944445	1.461000	15.910000
1407	-74.834445	1.461000	15.980000
1408	-74.824445	1.462000	16.020000
1409	-74.824445	1.462000	15.910000
1410	-74.684445	1.464000	16.080000
1411	-74.644445	1.466000	16.030000
1412	-74.484445	1.466000	15.980000
1413	-74.434445	1.468000	16.080000
1414	-74.254445	1.468000	16.010000
1415	-74.194445	1.468000	16.290000
1416	-74.194445	1.470000	15.890000
1417	-74.104445	1.470000	15.840000
1418	-74.054445	1.472000	16.220000
1419	-73.984445	1.474000	16.180000
1420	-73.934445	1.474000	16.000000
1421	-73.854445	1.476000	16.070000
1422	-73.744445	1.476000	16.120000
1423	-73.684445	1.476000	16.050000
1424	-73.634445	1.478000	16.230000
1425	-73.614445	1.478000	16.120000
1426	-73.524445	1.480000	16.210000
1427	-73.494445	1.480000	16.140000
1428	-73.424445	1.484000	16.110000
1429	-73.314445	1.484000	16.220000
1430	-73.304445	1.484000	16.200000
1431	-73.204445	1.486000	16.350000
1432	-73.104445	1.486000	16.110000
1433	-73.044445	1.488000	16.110000
1434	-72.974445	1.490000	16.230000
1435	-72.964445	1.490000	16.280000
1436	-72.714445	1.490000	16.220000
1437	-72.704445	1.492000	16.170000
1438	-72.204445	1.492000	16.180000
1439	-72.174445	1.494000	16.280000
1440	-72.054445	1.494000	16.280000
1441	-72.004445	1.496000	16.280000
1442	-71.964445	1.498000	16.380000
1443	-71.954445	1.498000	16.250000
1444	-71.704445	1.500000	16.320000
1445	-71.514445	1.500000	16.240000
1446	-71.424445	1.500000	16.220000
1447	-71.414445	1.502000	16.370000
1448	-71.344445	1.502000	16.280000
1449	-71.254445	1.504000	16.220000
1450	-71.124445	1.505000	16.420000
1451	-71.004445	1.505000	16.210000
1452	-70.844445	1.507000	16.310000
1453	-70.834445	1.507000	16.350000
1454	-70.594445	1.507000	16.370000
1455	-70.554445	1.509000	16.520000
1456	-70.434445	1.509000	16.320000
1457	-70.414445	1.513000	16.400000
1458	-70.324445	1.513000	16.340000
1459	-70.204445	1.515000	16.410000
1460	-70.094445	1.515000	16.250000
1461	-70.054445	1.515000	16.380000
1462	-70.044445	1.517000	16.400000
1463	-69.984445	1.517000	16.310000
1464	-69.974445	1.519000	16.280000
1465	-69.964445	1.521000	16.330000
1466	-69.934445	1.519000	16.330000
1467	-69.924445	1.523000	16.300000
1468	-69.864445	1.523000	16.310000
1469	-69.734445	1.527000	16.480000
1470	-69.644445	1.529000	16.340000
1471	-69.644445	1.529000	16.420000
1472	-69.574445	1.531000	16.420000
1473	-69.524445	1.531000	16.390000
1474	-69.474445	1.533000	16.560000
1475	-69.474445	1.533000	16.280000
1476	-69.254445	1.533000	16.390000
1477	-69.124445	1.535000	16.300000
1478	-69.084445	1.537000	16.320000
1479	-68.964445	1.537000	16.510000
1480	-68.954445	1.537000	16.400000
1481	-68.824445	1.539000	16.430000
1482	-68.664445	1.541000	16.490000
1483	-68.534445	1.541000	16.520000
1484	-68.484445	1.543000	16.630000
1485	-68.424445	1.543000	16.480000
1486	-68.424445	1.545000	16.470000
1487	-68.344445	1.545000	16.440000
1488	-68.284445	1.546000	16.570000
1489	-68.244445	1.546000	16.330000
1490	-67.984445	1.548000	16.560000
1491	-67.974445	1.548000	16.420000
1492	-67.914445	1.550000	16.470000
1493	-67.904445	1.552000	16.500000
1494	-67.904445	1.552000	16.390000
1495	-67.734445	1.552000	16.520000
1496	-67.714445	1.554000	16.560000
1497	-67.704445	1.556000	16.440000
1498	-67.594445	1.556000	16.690000
1499	-67.574445	1.556000	16.770000
1500	-67.504445	1.558000	16.630000
1501	-67.394445	1.560000	16.570000
1502	-67.374445	1.560000	16.630000
1503	-67.364445	1.562000	16.520000
1504	-67.254445	1.562000	16.620000
1505	-67.234445	1.562000	16.790000
1506	-67.114445	1.564000	16.520000
1507	-66.994445	1.564000	16.560000
1508	-66.914445	1.566000	16.720000
1509	-66.794445	1.568000	16.510000
1510	-66.784445	1.568000	16.650000
1511	-66.514445	1.568000	16.730000
1512	-66.464445	1.570000	16.680000
1513	-66.444445	1.572000	16.690000
1514	-66.424445	1.572000	16.680000
1515	-66.324445	1.574000	16.800000
1516	-66.114445	1.574000	16.740000
1517	-66.094445	1.576000	16.620000
1518	-66.074445	1.578000	16.780000
1519	-66.064445	1.578000	16.580000
1520	-66.054445	1.578000	16.710000
1521	-66.054445	1.580000	16.640000
1522	-66.014445	1.580000	16.650000
1523	-65.944445	1.582000	16.640000
1524	-65.794445	1.584000	16.600000
1525	-65.784445	1.584000	16.840000
1526	-65.714445	1.582000	16.770000
1527	-65.494445	1.586000	16.800000
1528	-65.434445	1.588000	16.850000
1529	-65.404445	1.588000	16.640000
1530	-65.304445	1.588000	16.760000
1531	-65.294445	1.589000	16.810000
1532	-65.234445	1.591000	16.760000
1533	-65.054445	1.591000	16.910000
1534	-64.974445	1.593000	16.870000
1535	-64.974445	1.593000	16.870000
1536	-64.824445	1.593000	16.680000
1537	-64.774445	1.595000	16.910000
1538	-64.744445	1.595000	16.810000
1539	-64.694445	1.597000	16.970000
1540	-64.654445	1.599000	16.940000
1541	-64.604445	1.599000	16.720000
1542	-64.524445	1.599000	16.710000
1543	-64.504445	1.601000	16.820000
1544	-64.394445	1.603000	16.850000
1545	-64.374445	1.603000	16.850000
1546	-64.314445	1.603000	16.830000
1547	-64.274445	1.605000	16.930000
1548	-64.264445	1.607000	16.710000
1549	-64.244445	1.607000	16.960000
1550	-64.224445	1.609000	16.940000
1551	-64.174445	1.611000	16.930000
1552	-64.114445	1.611000	16.940000
1553	-64.034445	1.613000	16.740000
1554	-63.854445	1.615000	16.840000
1555	-63.804445	1.615000	16.850000
1556	-63.594445	1.617000	16.600000
1557	-63.404445	1.617000	16.960000
1558	-63.404445	1.619000	16.880000
1559	-63.304445	1.619000	17.010000
1560	-63.294445	1.619000	16.880000
1561	-63.244445	1.621000	16.830000
1562	-63.144445	1.623000	16.980000
1563	-63.044445	1.623000	16.720000
1564	-63.014445	1.625000	17.120000
1565	-62.884445	1.625000	17.060000
1566	-62.844445	1.625000	16.820000
1567	-62.704445	1.627000	17.060000
1568	-62.554445	1.627000	16.950000
1569	-62.454445	1.630000	16.960000
1570	-62.364445	1.630000	17.090000
1571	-62.254445	1.632000	17.080000
1572	-62.254445	1.632000	16.980000
1573	-62.244445	1.632000	17.060000
1574	-62.204445	1.634000	16.930000
1575	-62.164445	1.634000	17.060000
1576	-62.074445	1.636000	17.130000
1577	-62.034445	1.638000	17.000000
1578	-61.974445	1.638000	17.110000
1579	-61.974445	1.640000	17.170000
1580	-61.914445	1.640000	16.820000
1581	-61.504445	1.642000	17.170000
1582	-61.494445	1.642000	17.070000
1583	-61.494445	1.644000	17.050000
1584	-61.464445	1.646000	17.070000
1585	-61.354445	1.646000	17.010000
1586	-61.304445	1.648000	17.210000
1587	-61.254445	1.648000	17.200000
1588	-61.144445	1.650000	17.020000
1589	-61.104445	1.650000	17.100000
1590	-60.994445	1.652000	17.030000
1591	-60.974445	1.654000	17.090000
1592	-60.934445	1.654000	17.050000
1593	-60.844445	1.656000	17.190000
1594	-60.814445	1.656000	17.160000
1595	-60.804445	1.656000	17.120000
1596	-60.744445	1.658000	17.180000
1597	-60.654445	1.660000	17.280000
1598	-60.614445	1.660000	17.150000
1599	-60.584445	1.662000	17.000000
1600	-60.564445	1.662000	17.080000
1601	-60.224445	1.664000	17.250000
1602	-60.164445	1.664000	17.210000
1603	-60.134445	1.664000	17.270000
1604	-59.984445	1.666000	17.180000
1605	-59.944445	1.666000	17.160000
1606	-59.784445	1.668000	17.130000
1607	-59.614445	1.668000	17.040000
1608	-59.604445	1.671000	17.230000
1609	-59.574445	1.671000	17.200000
1610	-59.444445	1.671000	17.340000
1611	-59.434445	1.673000	17.390000
1612	-59.344445	1.673000	17.160000
1613	-59.164445	1.675000	17.260000
1614	-59.064445	1.677000	17.210000
1615	-59.054445	1.675000	17.030000
1616	-59.004445	1.679000	17.360000
1617	-58.994445	1.679000	17.270000
1618	-58.924445	1.679000	17.270000
1619	-58.824445	1.681000	17.270000
1620	-58.604445	1.681000	17.280000
1621	-58.564445	1.683000	17.280000
1622	-58.514445	1.685000	17.300000
1623	-58.424445	1.685000	17.440000
1624	-58.334445	1.687000	17.450000
1625	-58.324445	1.687000	17.280000
1626	-57.914445	1.687000	17.300000
1627	-57.884445	1.691000	17.320000
1628	-57.884445	1.693000	17.280000
1629	-57.884445	1.693000	17.190000
1630	-57.874445	1.695000	17.270000
1631	-57.834445	1.697000	17.360000
1632	-57.724445	1.697000	17.390000
1633	-57.714445	1.697000	17.310000
1634	-57.574445	1.699000	17.450000
1635	-57.554445	1.701000	17.460000
1636	-57.554445	1.703000	17.380000
1637	-57.514445	1.701000	17.480000
1638	-57.504445	1.703000	17.360000
1639	-57.434445	1.703000	17.100000
1640	-57.394445	1.705000	17.220000
1641	-57.184445	1.705000	17.320000
1642	-57.154445	1.707000	17.480000
1643	-56.894445	1.709000	17.510000
1644	-56.774445	1.709000	17.390000
1645	-56.484445	1.711000	17.360000
1646	-56.194445	1.711000	17.510000
1647	-56.124445	1.712000	17.440000
1648	-56.124445	1.712000	17.360000
1649	-56.104445	1.714000	17.510000
1650	-56.084445	1.716000	17.500000
1651	-55.894445	1.716000	17.370000
1652	-55.894445	1.718000	17.460000
1653	-55.754445	1.718000	17.510000
1654	-55.744445	1.718000	17.600000
1655	-55.734445	1.720000	17.610000
1656	-55.724445	1.720000	17.650000
1657	-55.604445	1.724000	17.450000
1658	-55.464445	1.724000	17.490000
1659	-55.454445	1.724000	17.470000
1660	-55.454445	1.726000	17.490000
1661	-55.354445	1.728000	17.630000
1662	-55.314445	1.728000	17.510000
1663	-55.284445	1.728000	17.460000
1664	-55.174445	1.730000	17.430000
1665	-55.004445	1.732000	17.570000
1666	-54.984445	1.732000	17.490000
1667	-54.944445	1.732000	17.400000
1668	-54.934445	1.734000	17.750000
1669	-54.904445	1.734000	17.540000
1670	-54.904445	1.736000	17.770000
1671	-54.814445	1.736000	17.460000
1672	-54.534445	1.738000	17.500000
1673	-54.464445	1.740000	17.590000
1674	-54.294445	1.740000	17.650000
1675	-54.244445	1.740000	17.760000
1676	-54.234445	1.742000	17.740000
1677	-54.224445	1.744000	17.590000
1678	-54.214445	1.744000	17.580000
1679	-54.114445	1.744000	17.600000
1680	-54.024445	1.746000	17.800000
1681	-53.614445	1.748000	17.540000
1682	-53.584445	1.748000	17.590000
1683	-53.584445	1.750000	17.490000
1684	-53.554445	1.750000	17.670000
1685	-53.444445	1.750000	17.640000
1686	-53.354445	1.752000	17.630000
1687	-53.244445	1.752000	17.710000
1688	-53.084445	1.754000	17.670000
1689	-53.034445	1.755000	17.540000
1690	-52.984445	1.755000	17.740000
1691	-52.924445	1.755000	17.760000
1692	-52.894445	1.757000	17.630000
1693	-52.854445	1.759000	17.670000
1694	-52.854445	1.759000	17.740000
1695	-52.764445	1.759000	17.670000
1696	-52.724445	1.761000	17.790000
1697	-52.584445	1.763000	17.610000
1698	-52.454445	1.765000	17.710000
1699	-52.454445	1.765000	17.630000
1700	-52.414445	1.765000	17.650000
1701	-52.374445	1.767000	17.670000
1702	-52.314445	1.767000	17.660000
1703	-52.274445	1.769000	17.650000
1704	-52.254445	1.771000	17.780000
1705	-52.164445	1.771000	17.730000
1706	-52.114445	1.771000	17.740000
1707	-51.994445	1.775000	17.660000
1708	-51.944445	1.777000	17.700000
1709	-51.924445	1.779000	17.540000
1710	-51.914445	1.779000	17.530000
1711	-51.834445	1.781000	17.830000
1712	-51.774445	1.781000	17.820000
1713	-51.734445	1.781000	17.760000
1714	-51.724445	1.783000	17.850000
1715	-51.694445	1.783000	17.820000
1716	-51.634445	1.785000	17.820000
1717	-51.554445	1.785000	17.830000
1718	-51.554445	1.787000	17.560000
1719	-51.494445	1.789000	17.730000
1720	-51.244445	1.789000	17.780000
1721	-51.234445	1.789000	17.580000
1722	-51.194445	1.791000	17.800000
1723	-51.004445	1.791000	17.630000
1724	-50.964445	1.793000	17.700000
1725	-50.944445	1.795000	17.820000
1726	-50.694445	1.796000	17.840000
1727	-50.634445	1.796000	17.840000
1728	-50.154445	1.796000	17.800000
1729	-50.074445	1.796000	17.910000
1730	-50.024445	1.798000	17.770000
1731	-50.014445	1.798000	17.920000
1732	-49.994445	1.800000	17.710000
1733	-49.864445	1.802000	17.940000
1734	-49.824445	1.802000	17.840000
1735	-49.704445	1.804000	17.870000
1736	-49.664445	1.804000	17.950000
1737	-49.434445	1.806000	17.830000
1738	-49.284445	1.806000	17.950000
1739	-49.244445	1.808000	17.880000
1740	-49.204445	1.810000	17.980000
1741	-49.174445	1.810000	17.930000
1742	-49.054445	1.812000	17.870000
1743	-48.994445	1.812000	17.970000
1744	-48.904445	1.812000	17.930000
1745	-48.834445	1.814000	17.950000
1746	-48.824445	1.814000	17.990000
1747	-48.784445	1.816000	17.970000
1748	-48.694445	1.816000	17.910000
1749	-48.644445	1.818000	17.800000
1750	-48.534445	1.820000	18.090000
1751	-48.454445	1.820000	17.930000
1752	-48.414445	1.820000	17.940000
1753	-48.404445	1.822000	18.060000
1754	-48.374445	1.822000	18.030000
1755	-48.284445	1.824000	17.930000
1756	-48.154445	1.826000	17.990000
1757	-47.924445	1.826000	17.890000
1758	-47.894445	1.828000	18.020000
1759	-47.854445	1.828000	17.950000
1760	-47.764445	1.830000	18.080000
1761	-47.524445	1.830000	17.960000
1762	-47.474445	1.832000	17.920000
1763	-47.464445	1.834000	17.950000
1764	-47.234445	1.834000	18.120000
1765	-47.194445	1.836000	17.980000
1766	-47.134445	1.836000	18.020000
1767	-47.094445	1.836000	18.100000
1768	-47.084445	1.838000	17.930000
1769	-47.084445	1.838000	18.050000
1770	-47.054445	1.839000	18.030000
1771	-47.024445	1.841000	18.140000
1772	-46.834445	1.841000	18.060000
1773	-46.604445	1.843000	18.350000
1774	-46.584445	1.843000	18.120000
1775	-46.564445	1.845000	17.930000
1776	-46.544445	1.845000	18.110000
1777	-46.434445	1.847000	18.090000
1778	-46.404445	1.849000	18.160000
1779	-46.254445	1.849000	17.940000
1780	-46.204445	1.851000	18.000000
1781	-46.134445	1.851000	18.070000
1782	-46.094445	1.851000	18.080000
1783	-46.044445	1.853000	18.120000
1784	-45.944445	1.853000	18.100000
1785	-45.864445	1.855000	18.080000
1786	-45.814445	1.855000	18.130000
1787	-45.804445	1.857000	18.150000
1788	-45.784445	1.859000	18.100000
1789	-45.764445	1.861000	18.120000
1790	-45.724445	1.861000	18.370000
1791	-45.694445	1.863000	17.990000
1792	-45.664445	1.865000	18.090000
1793	-45.614445	1.865000	18.170000
1794	-45.474445	1.865000	17.960000
1795	-45.414445	1.867000	18.380000
1796	-45.334445	1.869000	18.220000
1797	-45.254445	1.869000	17.920000
1798	-45.104445	1.869000	18.090000
1799	-45.084445	1.871000	18.060000
1800	-45.044445	1.873000	18.060000
1801	-45.024445	1.873000	18.160000
1802	-44.914445	1.875000	18.250000
1803	-44.764445	1.875000	18.030000
1804	-44.734445	1.875000	18.260000
1805	-44.714445	1.877000	18.230000
1806	-44.684445	1.877000	18.250000
1807	-44.664445	1.879000	18.170000
1808	-44.604445	1.880000	18.030000
1809	-44.564445	1.880000	18.150000
1810	-44.514445	1.880000	18.180000
1811	-44.054445	1.882000	18.250000
1812	-43.984445	1.884000	18.120000
1813	-43.914445	1.884000	18.240000
1814	-43.854445	1.884000	18.280000
1815	-43.854445	1.886000	18.080000
1816	-43.604445	1.888000	18.140000
1817	-43.474445	1.888000	18.360000
1818	-43.214445	1.888000	18.210000
1819	-43.164445	1.890000	18.360000
1820	-43.084445	1.892000	18.380000
1821	-42.814445	1.892000	18.190000
1822	-42.654445	1.894000	18.380000
1823	-42.584445	1.896000	18.380000
1824	-42.484445	1.896000	18.290000
1825	-42.374445	1.896000	18.510000
1826	-42.344445	1.898000	18.330000
1827	-42.244445	1.898000	18.310000
1828	-42.204445	1.900000	18.290000
1829	-42.164445	1.902000	18.550000
1830	-42.154445	1.904000	18.280000
1831	-42.064445	1.904000	18.390000
1832	-42.044445	1.906000	18.320000
1833	-42.014445	1.906000	18.430000
1834	-41.984445	1.906000	18.310000
1835	-41.914445	1.908000	18.400000
1836	-41.884445	1.908000	18.300000
1837	-41.694445	1.910000	18.470000
1838	-41.664445	1.912000	18.400000
1839	-41.614445	1.912000	18.500000
1840	-41.604445	1.912000	18.230000
1841	-41.574445	1.914000	18.490000
1842	-41.504445	1.916000	18.340000
1843	-41.484445	1.916000	18.460000
1844	-41.384445	1.916000	18.460000
1845	-41.344445	1.918000	18.470000
1846	-41.234445	1.921000	18.590000
1847	-41.234445	1.920000	18.390000
1848	-41.104445	1.920000	18.450000
1849	-40.924445	1.921000	18.370000
1850	-40.904445	1.921000	18.520000
1851	-40.894445	1.923000	18.560000
1852	-40.804445	1.923000	18.440000
1853	-40.694445	1.925000	18.490000
1854	-40.684445	1.927000	18.450000
1855	-40.654445	1.927000	18.500000
1856	-40.564445	1.929000	18.560000
1857	-40.414445	1.929000	18.490000
1858	-40.404445	1.931000	18.560000
1859	-40.244445	1.931000	18.350000
1860	-40.114445	1.933000	18.400000
1861	-40.074445	1.935000	18.450000
1862	-40.064445	1.935000	18.400000
1863	-40.024445	1.937000	18.600000
1864	-39.924445	1.937000	18.520000
1865	-39.894445	1.937000	18.450000
1866	-39.764445	1.939000	18.610000
1867	-39.724445	1.939000	18.500000
1868	-39.674445	1.943000	18.470000
1869	-39.644445	1.943000	18.430000
1870	-39.584445	1.945000	18.540000
1871	-39.444445	1.945000	18.670000
1872	-39.444445	1.947000	18.570000
1873	-39.424445	1.947000	18.540000
1874	-39.394445	1.949000	18.650000
1875	-39.194445	1.951000	18.410000
1876	-39.164445	1.951000	18.490000
1877	-39.074445	1.953000	18.550000
1878	-39.054445	1.953000	18.590000
1879	-38.974445	1.955000	18.720000
1880	-38.944445	1.955000	18.600000
1881	-38.694445	1.957000	18.590000
1882	-38.664445	1.959000	18.620000
1883	-38.654445	1.959000	18.550000
1884	-38.594445	1.961000	18.440000
1885	-38.484445	1.961000	18.640000
1886	-38.384445	1.962000	18.430000
1887	-38.304445	1.962000	18.640000
1888	-38.254445	1.964000	18.700000
1889	-38.234445	1.964000	18.680000
1890	-38.154445	1.966000	18.630000
1891	-38.124445	1.966000	18.780000
1892	-38.074445	1.968000	18.710000
1893	-38.054445	1.968000	18.470000
1894	-37.924445	1.968000	18.620000
1895	-37.814445	1.970000	18.610000
1896	-37.674445	1.972000	18.710000
1897	-37.534445	1.972000	18.750000
1898	-37.384445	1.974000	18.740000
1899	-37.384445	1.974000	18.620000
1900	-37.214445	1.976000	18.760000
1901	-37.194445	1.976000	18.820000
1902	-37.094445	1.976000	18.740000
1903	-37.024445	1.978000	18.750000
1904	-36.844445	1.978000	18.710000
1905	-36.684445	1.980000	18.840000
1906	-36.674445	1.982000	18.610000
1907	-36.584445	1.984000	18.730000
1908	-36.514445	1.984000	18.780000
1909	-36.474445	1.984000	18.930000
1910	-36.334445	1.986000	18.700000
1911	-36.284445	1.986000	18.720000
1912	-36.184445	1.988000	18.720000
1913	-36.094445	1.990000	18.760000
1914	-36.074445	1.990000	18.760000
1915	-36.074445	1.992000	18.720000
1916	-36.054445	1.992000	18.790000
1917	-35.994445	1.992000	18.890000
1918	-35.904445	1.994000	18.910000
1919	-35.874445	1.996000	18.830000
1920	-35.874445	1.996000	18.700000
1921	-35.864445	1.998000	18.980000
1922	-35.844445	1.998000	18.780000
1923	-35.774445	2.000000	19.040000
1924	-35.754445	2.000000	18.920000
1925	-35.624445	2.000000	18.830000
1926	-35.514445	2.002000	18.800000
1927	-35.474445	2.002000	18.940000
1928	-35.424445	2.004000	18.860000
1929	-35.234445	2.004000	18.790000
1930	-35.114445	2.005000	19.020000
1931	-35.104445	2.007000	18.990000
1932	-35.024445	2.007000	18.790000
1933	-34.874445	2.007000	18.820000
1934	-34.854445	2.009000	18.760000
1935	-34.764445	2.009000	19.010000
1936	-34.614445	2.011000	18.990000
1937	-34.594445	2.013000	19.060000
1938	-34.584445	2.013000	18.920000
1939	-34.584445	2.015000	18.850000
1940	-34.574445	2.015000	18.910000
1941	-34.524445	2.015000	18.940000
1942	-34.464445	2.017000	19.030000
1943	-34.344445	2.017000	18.930000
1944	-34.334445	2.019000	18.960000
1945	-33.994445	2.021000	18.860000
1946	-33.794445	2.019000	18.950000
1947	-33.734445	2.023000	18.960000
1948	-33.664445	2.023000	18.920000
1949	-33.434445	2.023000	18.900000
1950	-33.404445	2.029000	18.780000
1951	-33.394445	2.029000	19.030000
1952	-33.344445	2.031000	19.050000
1953	-33.154445	2.031000	19.180000
1954	-33.034445	2.031000	19.390000
1955	-32.944445	2.033000	19.040000
1956	-32.794445	2.033000	18.930000
1957	-32.764445	2.035000	19.070000
1958	-32.734445	2.037000	19.000000
1959	-32.674445	2.037000	19.060000
1960	-32.674445	2.039000	19.130000
1961	-32.664445	2.041000	18.910000
1962	-32.634445	2.041000	19.060000
1963	-32.614445	2.041000	19.110000
1964	-32.534445	2.043000	19.170000
1965	-32.394445	2.045000	19.000000
1966	-32.354445	2.045000	19.070000
1967	-32.334445	2.046000	19.160000
1968	-32.164445	2.046000	18.960000
1969	-31.914445	2.048000	19.010000
1970	-31.774445	2.048000	19.290000
1971	-31.604445	2.050000	19.030000
1972	-31.454445	2.052000	19.200000
1973	-31.334445	2.052000	19.090000
1974	-31.334445	2.052000	19.310000
1975	-31.334445	2.054000	19.180000
1976	-31.294445	2.056000	19.250000
1977	-31.284445	2.056000	19.180000
1978	-31.224445	2.056000	19.150000
1979	-31.164445	2.058000	19.120000
1980	-31.154445	2.060000	19.100000
1981	-31.154445	2.060000	19.140000
1982	-31.124445	2.062000	19.170000
1983	-31.094445	2.062000	19.180000
1984	-30.894445	2.064000	19.100000
1985	-30.784445	2.064000	19.210000
1986	-30.714445	2.064000	19.300000
1987	-30.704445	2.066000	19.100000
1988	-30.674445	2.068000	19.200000
1989	-30.624445	2.068000	19.320000
1990	-30.554445	2.070000	19.150000
1991	-30.484445	2.072000	19.170000
1992	-30.284445	2.072000	19.220000
1993	-30.064445	2.072000	19.180000
1994	-29.994445	2.074000	19.260000
1995	-29.964445	2.076000	19.150000
1996	-29.954445	2.076000	19.310000
1997	-29.934445	2.078000	19.370000
1998	-29.904445	2.078000	19.220000
1999	-29.854445	2.080000	19.340000
2000	-29.844445	2.080000	19.260000
2001	-29.794445	2.080000	19.190000
2002	-29.644445	2.082000	19.220000
2003	-29.614445	2.082000	19.230000
2004	-29.594445	2.082000	19.320000
2005	-29.454445	2.086000	19.380000
2006	-29.344445	2.086000	19.400000
2007	-29.224445	2.088000	19.520000
2008	-29.204445	2.088000	19.320000
2009	-29.084445	2.088000	19.180000
2010	-28.974445	2.091000	19.280000
2011	-28.944445	2.091000	19.270000
2012	-28.924445	2.093000	19.220000
2013	-28.904445	2.093000	19.400000
2014	-28.884445	2.093000	19.300000
2015	-28.854445	2.095000	19.310000
2016	-28.784445	2.097000	19.400000
2017	-28.774445	2.097000	19.410000
2018	-28.744445	2.097000	19.390000
2019	-28.694445	2.099000	19.360000
2020	-28.504445	2.099000	19.380000
2021	-28.404445	2.101000	19.450000
2022	-28.404445	2.103000	19.340000
2023	-28.394445	2.103000	19.260000
2024	-28.224445	2.103000	19.480000
2025	-28.214445	2.105000	19.380000
2026	-28.024445	2.107000	19.480000
2027	-27.904445	2.109000	19.330000
2028	-27.854445	2.107000	19.490000
2029	-27.734445	2.111000	19.380000
2030	-27.624445	2.111000	19.420000
2031	-27.364445	2.113000	19.600000
2032	-27.264445	2.115000	19.520000
2033	-27.054445	2.115000	19.610000
2034	-26.924445	2.117000	19.620000
2035	-26.914445	2.117000	19.450000
2036	-26.794445	2.117000	19.560000
2037	-26.724445	2.119000	19.480000
2038	-26.714445	2.119000	19.550000
2039	-26.524445	2.123000	19.530000
2040	-26.464445	2.123000	19.490000
2041	-26.434445	2.125000	19.500000
2042	-26.414445	2.125000	19.480000
2043	-26.404445	2.125000	19.420000
2044	-26.384445	2.127000	19.540000
2045	-26.314445	2.127000	19.510000
2046	-26.314445	2.129000	19.580000
2047	-26.254445	2.130000	19.540000
2048	-26.144445	2.129000	19.530000
2049	-26.124445	2.132000	19.550000
2050	-25.984445	2.132000	19.590000
2051	-25.794445	2.132000	19.470000
2052	-25.724445	2.134000	19.540000
2053	-25.674445	2.134000	19.590000
2054	-25.634445	2.136000	19.400000
2055	-25.544445	2.138000	19.520000
2056	-25.504445	2.138000	19.590000
2057	-25.504445	2.140000	19.590000
2058	-25.374445	2.140000	19.560000
2059	-25.374445	2.142000	19.510000
2060	-25.144445	2.142000	19.620000
2061	-25.094445	2.144000	19.520000
2062	-25.004445	2.146000	19.570000
2063	-24.864445	2.146000	19.570000
2064	-24.714445	2.148000	19.660000
2065	-24.704445	2.148000	19.560000
2066	-24.694445	2.148000	19.660000
2067	-24.684445	2.150000	19.630000
2068	-24.534445	2.150000	19.590000
2069	-24.464445	2.152000	19.540000
2070	-24.414445	2.152000	19.600000
2071	-24.404445	2.154000	19.670000
2072	-24.154445	2.156000	19.690000
2073	-24.124445	2.156000	19.780000
2074	-24.004445	2.156000	19.830000
2075	-23.984445	2.158000	19.720000
2076	-23.944445	2.158000	19.540000
2077	-23.934445	2.160000	19.550000
2078	-23.914445	2.162000	19.530000
2079	-23.884445	2.162000	19.630000
2080	-23.824445	2.164000	19.650000
2081	-23.764445	2.164000	19.760000
2082	-23.754445	2.166000	19.520000
2083	-23.724445	2.166000	19.560000
2084	-23.584445	2.168000	19.590000
2085	-23.574445	2.170000	19.720000
2086	-23.534445	2.170000	19.660000
2087	-23.374445	2.171000	19.590000
2088	-23.344445	2.171000	19.820000
2089	-23.194445	2.173000	19.870000
2090	-23.134445	2.173000	19.810000
2091	-22.994445	2.175000	19.680000
2092	-22.934445	2.177000	19.780000
2093	-22.824445	2.177000	19.810000
2094	-22.814445	2.179000	19.730000
2095	-22.754445	2.179000	19.800000
2096	-22.654445	2.179000	19.650000
2097	-22.374445	2.181000	19.750000
2098	-22.364445	2.181000	19.780000
2099	-22.354445	2.183000	19.690000
2100	-22.304445	2.185000	19.870000
2101	-22.284445	2.185000	19.760000
2102	-22.204445	2.187000	19.680000
2103	-22.154445	2.187000	19.710000
2104	-22.124445	2.187000	20.010000
2105	-22.014445	2.189000	19.760000
2106	-22.004445	2.193000	19.860000
2107	-21.864445	2.193000	19.760000
2108	-21.834445	2.191000	19.800000
2109	-21.664445	2.195000	19.880000
2110	-21.484445	2.197000	19.880000
2111	-21.424445	2.197000	19.730000
2112	-21.284445	2.197000	19.880000
2113	-21.084445	2.199000	19.940000
2114	-21.084445	2.201000	19.890000
2115	-21.084445	2.201000	19.860000
2116	-21.064445	2.203000	20.150000
2117	-21.004445	2.203000	20.070000
2118	-20.794445	2.203000	19.900000
2119	-20.784445	2.205000	19.970000
2120	-20.714445	2.207000	19.980000
2121	-20.584445	2.209000	20.140000
2122	-20.404445	2.209000	19.850000
2123	-20.364445	2.209000	20.060000
2124	-20.314445	2.211000	19.980000
2125	-20.314445	2.212000	20.130000
2126	-20.244445	2.212000	19.990000
2127	-20.234445	2.212000	19.990000
2128	-20.194445	2.214000	19.900000
2129	-20.054445	2.216000	19.920000
2130	-19.994445	2.216000	19.990000
2131	-19.944445	2.218000	20.240000
2132	-19.894445	2.218000	20.080000
2133	-19.814445	2.218000	20.110000
2134	-19.754445	2.220000	19.960000
2135	-19.754445	2.220000	20.010000
2136	-19.704445	2.222000	19.910000
2137	-19.604445	2.224000	20.070000
2138	-19.594445	2.224000	19.950000
2139	-19.524445	2.226000	20.110000
2140	-19.284445	2.228000	20.060000
2141	-19.284445	2.228000	20.140000
2142	-19.214445	2.228000	20.030000
2143	-19.184445	2.230000	20.110000
2144	-19.164445	2.232000	20.240000
2145	-19.054445	2.234000	20.110000
2146	-19.044445	2.234000	20.270000
2147	-19.014445	2.234000	20.120000
2148	-18.964445	2.234000	20.060000
2149	-18.954445	2.236000	20.180000
2150	-18.924445	2.236000	20.320000
2151	-18.884445	2.238000	20.280000
2152	-18.774445	2.240000	20.220000
2153	-18.764445	2.240000	20.210000
2154	-18.634445	2.240000	20.090000
2155	-18.614445	2.242000	20.100000
2156	-18.564445	2.244000	20.120000
2157	-18.334445	2.244000	20.140000
2158	-18.324445	2.244000	20.110000
2159	-18.224445	2.246000	20.170000
2160	-18.144445	2.248000	20.090000
2161	-18.074445	2.248000	20.210000
2162	-17.994445	2.250000	20.130000
2163	-17.914445	2.250000	20.250000
2164	-17.884445	2.250000	20.140000
2165	-17.634445	2.252000	20.180000
2166	-17.634445	2.252000	20.070000
2167	-17.574445	2.254000	20.180000
2168	-17.384445	2.254000	20.190000
2169	-17.364445	2.254000	20.210000
2170	-17.244445	2.255000	20.160000
2171	-17.244445	2.259000	20.220000
2172	-17.134445	2.259000	20.160000
2173	-16.994445	2.259000	20.370000
2174	-16.904445	2.261000	20.240000
2175	-16.904445	2.263000	20.090000
2176	-16.854445	2.263000	20.190000
2177	-16.854445	2.265000	20.210000
2178	-16.844445	2.265000	20.300000
2179	-16.704445	2.265000	20.300000
2180	-16.674445	2.267000	20.210000
2181	-16.524445	2.267000	20.130000
2182	-16.494445	2.269000	20.230000
2183	-16.444445	2.271000	20.100000
2184	-16.324445	2.271000	20.190000
2185	-16.284445	2.271000	20.390000
2186	-16.274445	2.273000	20.230000
2187	-16.224445	2.277000	20.230000
2188	-16.154445	2.277000	20.270000
2189	-16.144445	2.277000	20.280000
2190	-15.934445	2.281000	20.220000
2191	-15.694445	2.281000	20.300000
2192	-15.644445	2.281000	20.370000
2193	-15.644445	2.283000	20.220000
2194	-15.604445	2.283000	20.580000
2195	-15.594445	2.285000	20.230000
2196	-15.374445	2.287000	20.210000
2197	-15.324445	2.287000	20.360000
2198	-15.194445	2.289000	20.270000
2199	-15.154445	2.291000	20.290000
2200	-15.134445	2.291000	20.440000
2201	-15.104445	2.291000	20.340000
2202	-15.074445	2.293000	20.260000
2203	-15.044445	2.295000	20.130000
2204	-14.934445	2.295000	20.150000
2205	-14.924445	2.296000	20.380000
2206	-14.864445	2.296000	20.190000
2207	-14.864445	2.296000	20.260000
2208	-14.844445	2.298000	20.260000
2209	-14.824445	2.300000	20.150000
2210	-14.774445	2.302000	20.230000
2211	-14.754445	2.302000	20.310000
2212	-14.754445	2.304000	20.240000
2213	-14.654445	2.304000	20.420000
2214	-14.544445	2.304000	20.350000
2215	-14.434445	2.306000	20.300000
2216	-14.244445	2.308000	20.410000
2217	-14.224445	2.308000	20.420000
2218	-14.214445	2.308000	20.280000
2219	-13.994445	2.310000	20.310000
2220	-13.974445	2.312000	20.290000
2221	-13.944445	2.312000	20.400000
2222	-13.874445	2.312000	20.410000
2223	-13.864445	2.314000	20.400000
2224	-13.804445	2.314000	20.390000
2225	-13.384445	2.316000	20.290000
2226	-13.344445	2.316000	20.340000
2227	-12.904445	2.316000	20.350000
2228	-12.874445	2.318000	20.350000
2229	-12.794445	2.322000	20.220000
2230	-12.784445	2.322000	20.440000
2231	-12.764445	2.322000	20.500000
2232	-12.764445	2.324000	20.350000
2233	-12.474445	2.326000	20.370000
2234	-12.414445	2.326000	20.450000
2235	-12.374445	2.328000	20.480000
2236	-12.254445	2.328000	20.430000
2237	-12.204445	2.328000	20.430000
2238	-12.054445	2.330000	20.540000
2239	-11.964445	2.330000	20.530000
2240	-11.954445	2.332000	20.440000
2241	-11.854445	2.334000	20.490000
2242	-11.824445	2.334000	20.410000
2243	-11.814445	2.336000	20.610000
2244	-11.654445	2.336000	20.490000
2245	-11.644445	2.336000	20.490000
2246	-11.384445	2.338000	20.490000
2247	-11.354445	2.338000	20.570000
2248	-11.334445	2.339000	20.480000
2249	-11.314445	2.341000	20.530000
2250	-11.274445	2.343000	20.440000
2251	-11.244445	2.343000	20.530000
2252	-11.214445	2.343000	20.460000
2253	-10.964445	2.345000	20.770000
2254	-10.924445	2.345000	20.550000
2255	-10.864445	2.347000	20.470000
2256	-10.844445	2.349000	20.500000
2257	-10.824445	2.349000	20.600000
2258	-10.814445	2.349000	20.590000
2259	-10.794445	2.351000	20.590000
2260	-10.714445	2.353000	20.620000
2261	-10.644445	2.353000	20.600000
2262	-10.584445	2.355000	20.540000
2263	-10.554445	2.357000	20.590000
2264	-10.434445	2.357000	20.380000
2265	-10.354445	2.359000	20.670000
2266	-10.274445	2.361000	20.610000
2267	-10.174445	2.361000	20.610000
2268	-10.134445	2.365000	20.590000
2269	-10.094445	2.365000	20.450000
2270	-10.064445	2.365000	20.500000
2271	-10.034445	2.367000	20.580000
2272	-10.024445	2.369000	20.470000
2273	-10.014445	2.369000	20.540000
2274	-10.014445	2.369000	20.470000
2275	-9.934445	2.371000	20.670000
2276	-9.924445	2.373000	20.540000
2277	-9.724445	2.373000	20.690000
2278	-9.634445	2.375000	20.500000
2279	-9.514445	2.375000	20.580000
2280	-9.414445	2.377000	20.640000
2281	-9.244445	2.377000	20.440000
2282	-9.214445	2.379000	20.540000
2283	-9.144445	2.380000	20.650000
2284	-9.054445	2.380000	20.640000
2285	-8.954445	2.380000	20.770000
2286	-8.924445	2.382000	20.720000
2287	-8.884445	2.384000	20.580000
2288	-8.864445	2.384000	20.780000
2289	-8.814445	2.384000	20.750000
2290	-8.664445	2.386000	20.780000
2291	-8.624445	2.388000	20.650000
2292	-8.624445	2.388000	20.670000
2293	-8.454445	2.390000	20.700000
2294	-8.374445	2.390000	20.590000
2295	-8.354445	2.392000	20.730000
2296	-8.214445	2.392000	20.900000
2297	-8.214445	2.392000	20.620000
2298	-8.194445	2.394000	20.600000
2299	-8.114445	2.396000	20.710000
2300	-8.024445	2.396000	20.610000
2301	-7.944445	2.396000	20.770000
2302	-7.694445	2.398000	20.740000
2303	-7.654445	2.400000	20.720000
2304	-7.634445	2.400000	20.700000
2305	-7.584445	2.400000	20.850000
2306	-7.364445	2.402000	20.730000
2307	-7.314445	2.404000	20.590000
2308	-7.184445	2.406000	20.780000
2309	-7.144445	2.406000	20.800000
2310	-7.144445	2.406000	20.670000
2311	-7.114445	2.408000	20.780000
2312	-7.094445	2.408000	20.700000
2313	-7.064445	2.410000	20.680000
2314	-7.054445	2.412000	20.670000
2315	-7.034445	2.410000	20.830000
2316	-6.984445	2.410000	20.820000
2317	-6.854445	2.416000	20.820000
2318	-6.774445	2.416000	20.550000
2319	-6.764445	2.416000	20.710000
2320	-6.744445	2.418000	20.780000
2321	-6.584445	2.420000	20.700000
2322	-6.564445	2.420000	20.830000
2323	-6.554445	2.421000	20.830000
2324	-6.514445	2.421000	20.780000
2325	-6.504445	2.421000	20.790000
2326	-6.504445	2.423000	20.890000
2327	-6.474445	2.425000	20.860000
2328	-6.334445	2.427000	20.780000
2329	-6.274445	2.427000	20.730000
2330	-5.994445	2.427000	20.890000
2331	-5.874445	2.429000	20.770000
2332	-5.654445	2.431000	20.910000
2333	-5.614445	2.431000	20.700000
2334	-5.564445	2.431000	20.860000
2335	-5.564445	2.433000	20.820000
2336	-5.494445	2.435000	21.120000
2337	-5.484445	2.435000	20.980000
2338	-5.454445	2.437000	21.070000
2339	-5.434445	2.437000	20.940000
2340	-5.294445	2.437000	20.710000
2341	-5.274445	2.439000	20.840000
2342	-5.264445	2.439000	20.940000
2343	-5.204445	2.443000	20.920000
2344	-5.124445	2.445000	20.840000
2345	-5.064445	2.445000	20.850000
2346	-4.984445	2.447000	20.970000
2347	-4.974445	2.447000	20.940000
2348	-4.934445	2.449000	20.970000
2349	-4.844445	2.451000	20.800000
2350	-4.684445	2.451000	20.920000
2351	-4.604445	2.453000	20.870000
2352	-4.604445	2.453000	20.880000
2353	-4.544445	2.453000	20.980000
2354	-4.514445	2.455000	21.050000
2355	-4.384445	2.455000	20.970000
2356	-4.254445	2.457000	21.000000
2357	-4.214445	2.459000	21.010000
2358	-4.054445	2.459000	20.940000
2359	-3.974445	2.461000	20.980000
2360	-3.874445	2.461000	21.000000
2361	-3.684445	2.461000	20.970000
2362	-3.684445	2.462000	20.840000
2363	-3.604445	2.462000	20.870000
2364	-3.384445	2.464000	21.030000
2365	-3.124445	2.464000	20.990000
2366	-3.094445	2.468000	21.070000
2367	-3.084445	2.468000	21.080000
2368	-2.954445	2.468000	21.110000
2369	-2.734445	2.470000	21.010000
2370	-2.714445	2.470000	20.960000
2371	-2.664445	2.472000	21.080000
2372	-2.544445	2.474000	21.080000
2373	-2.514445	2.474000	21.060000
2374	-2.494445	2.476000	21.120000
2375	-2.494445	2.476000	21.020000
2376	-2.364445	2.476000	21.070000
2377	-2.224445	2.478000	21.100000
2378	-2.174445	2.478000	21.210000
2379	-2.174445	2.480000	21.010000
2380	-2.134445	2.482000	20.990000
2381	-1.974445	2.482000	21.250000
2382	-1.974445	2.484000	21.080000
2383	-1.914445	2.484000	21.190000
2384	-1.794445	2.484000	21.160000
2385	-1.704445	2.486000	20.880000
2386	-1.674445	2.488000	21.080000
2387	-1.634445	2.490000	21.220000
2388	-1.574445	2.490000	21.090000
2389	-1.554445	2.492000	21.110000
2390	-1.434445	2.492000	21.150000
2391	-1.394445	2.492000	21.170000
2392	-1.294445	2.494000	21.110000
2393	-1.264445	2.496000	21.050000
2394	-1.254445	2.496000	21.060000
2395	-1.244445	2.496000	21.370000
2396	-1.244445	2.498000	21.160000
2397	-1.124445	2.500000	21.240000
2398	-1.024445	2.500000	21.210000
2399	-0.974445	2.500000	21.100000
2400	-0.924445	2.502000	21.110000
2401	-0.904445	2.502000	21.260000
2402	-0.834445	2.504000	21.150000
2403	-0.824445	2.505000	21.190000
2404	-0.794445	2.505000	21.120000
2405	-0.724445	2.507000	21.260000
2406	-0.654445	2.509000	21.110000
2407	-0.644445	2.509000	21.120000
2408	-0.594445	2.509000	21.120000
2409	-0.584445	2.511000	21.160000
2410	-0.534445	2.513000	21.090000
2411	-0.524445	2.513000	21.360000
2412	-0.164445	2.515000	21.190000
2413	0.035555	2.515000	21.340000
2414	0.115555	2.515000	21.240000
2415	0.145555	2.517000	21.180000
2416	0.235555	2.519000	21.170000
2417	0.275555	2.521000	21.210000
2418	0.435555	2.521000	21.320000
2419	0.475555	2.523000	21.340000
2420	0.525555	2.523000	21.360000
2421	0.575555	2.523000	21.310000
2422	0.765555	2.527000	21.390000
2423	0.775555	2.529000	21.300000
2424	0.815555	2.529000	21.250000
2425	0.895555	2.531000	21.310000
2426	0.955555	2.531000	21.360000
2427	0.995555	2.531000	21.360000
2428	1.035555	2.533000	21.240000
2429	1.105555	2.533000	21.230000
2430	1.105555	2.535000	21.350000
2431	1.115555	2.535000	21.270000
2432	1.155555	2.535000	21.340000
2433	1.165555	2.539000	21.380000
2434	1.255555	2.539000	21.360000
2435	1.285555	2.541000	21.320000
2436	1.455555	2.541000	21.440000
2437	1.585555	2.543000	21.350000
2438	1.595555	2.545000	21.370000
2439	1.815555	2.545000	21.340000
2440	1.875555	2.546000	21.370000
2441	1.985555	2.546000	21.320000
2442	1.995555	2.546000	21.390000
2443	2.025555	2.548000	21.470000
2444	2.035555	2.548000	21.320000
2445	2.055555	2.552000	21.510000
2446	2.255555	2.552000	21.460000
2447	2.295555	2.552000	21.470000
2448	2.315555	2.554000	21.260000
2449	2.435555	2.556000	21.440000
2450	2.445555	2.556000	21.420000
2451	2.595555	2.556000	21.520000
2452	2.745555	2.558000	21.350000
2453	2.915555	2.558000	21.310000
2454	2.995555	2.560000	21.420000
2455	3.055555	2.562000	21.360000
2456	3.065555	2.562000	21.360000
2457	3.125555	2.564000	21.580000
2458	3.145555	2.564000	21.250000
2459	3.145555	2.566000	21.270000
2460	3.175555	2.568000	21.420000
2461	3.215555	2.568000	21.300000
2462	3.215555	2.568000	21.360000
2463	3.245555	2.570000	21.470000
2464	3.275555	2.572000	21.400000
2465	3.295555	2.572000	21.530000
2466	3.305555	2.574000	21.360000
2467	3.325555	2.576000	21.520000
2468	3.365555	2.576000	21.520000
2469	3.425555	2.578000	21.410000
2470	3.445555	2.578000	21.310000
2471	3.505555	2.578000	21.410000
2472	3.595555	2.580000	21.540000
2473	3.605555	2.580000	21.410000
2474	3.615555	2.582000	21.420000
2475	3.825555	2.584000	21.460000
2476	3.845555	2.584000	21.370000
2477	3.935555	2.584000	21.490000
2478	3.935555	2.586000	21.430000
2479	3.955555	2.588000	21.330000
2480	4.005555	2.588000	21.490000
2481	4.455555	2.588000	21.500000
