1	-185.527346	0.000000	9.560000
2	-185.327346	0.000000	10.060000
3	-185.167346	0.004000	9.430000
4	-185.167346	0.004000	9.600000
5	-184.997346	0.006000	9.540000
6	-184.977346	0.006000	9.380000
7	-184.887346	0.008000	9.580000
8	-184.847346	0.008000	9.440000
9	-184.827346	0.008000	9.560000
10	-184.687346	0.010000	9.880000
11	-184.487346	0.012000	9.710000
12	-184.437346	0.012000	9.440000
13	-184.427346	0.012000	9.570000
14	-184.237346	0.014000	9.950000
15	-183.867346	0.016000	10.330000
16	-183.767346	0.016000	9.780000
17	-183.697346	0.016000	9.560000
18	-183.677346	0.018000	9.630000
19	-183.667346	0.020000	9.570000
20	-183.647346	0.020000	9.660000
21	-183.517346	0.022000	9.550000
22	-183.307346	0.022000	9.680000
23	-183.307346	0.023000	10.130000
24	-183.287346	0.025000	9.640000
25	-183.007346	0.025000	9.780000
26	-182.937346	0.027000	9.880000
27	-182.897346	0.027000	9.640000
28	-182.877346	0.029000	9.760000
29	-182.737346	0.029000	9.670000
30	-182.637346	0.031000	9.770000
31	-182.617346	0.031000	9.750000
32	-182.577346	0.031000	9.550000
33	-182.537346	0.033000	9.650000
34	-182.247346	0.035000	9.720000
35	-182.197346	0.035000	9.850000
36	-182.157346	0.037000	9.430000
37	-182.057346	0.037000	9.740000
38	-181.997346	0.039000	9.480000
39	-181.837346	0.039000	9.710000
40	-181.657346	0.039000	9.950000
41	-181.537346	0.041000	9.730000
42	-181.477346	0.045000	9.650000
43	-181.387346	0.045000	9.810000
44	-181.357346	0.045000	9.940000
45	-181.317346	0.045000	9.800000
46	-181.207346	0.047000	9.650000
47	-181.207346	0.047000	9.810000
48	-181.167346	0.047000	9.960000
49	-181.147346	0.049000	9.820000
50	-181.067346	0.049000	9.940000
51	-180.657346	0.049000	9.750000
52	-180.587346	0.053000	9.950000
53	-180.487346	0.053000	9.640000
54	-180.487346	0.055000	9.750000
55	-180.407346	0.055000	10.150000
56	-180.387346	0.055000	9.750000
57	-180.367346	0.057000	9.900000
58	-180.297346	0.059000	9.940000
59	-180.257346	0.059000	9.880000
60	-180.217346	0.061000	9.830000
61	-180.167346	0.061000	10.070000
62	-180.097346	0.063000	9.790000
63	-180.077346	0.063000	10.010000
64	-179.937346	0.063000	9.620000
65	-179.857346	0.065000	9.890000
66	-179.827346	0.066000	10.020000
67	-179.657346	0.066000	10.030000
68	-179.617346	0.068000	10.030000
69	-179.607346	0.068000	10.040000
70	-179.607346	0.070000	9.980000
71	-179.587346	0.070000	9.700000
72	-179.517346	0.070000	9.950000
73	-179.517346	0.072000	9.800000
74	-179.257346	0.074000	9.980000
75	-179.137346	0.074000	9.790000
76	-178.937346	0.076000	9.670000
77	-178.377346	0.076000	10.100000
78	-178.337346	0.078000	10.000000
79	-178.327346	0.078000	10.110000
80	-178.237346	0.078000	9.930000
81	-178.217346	0.080000	10.150000
82	-178.067346	0.080000	10.050000
83	-178.027346	0.080000	10.040000
84	-177.937346	0.084000	9.980000
85	-177.827346	0.084000	10.220000
86	-177.747346	0.088000	10.250000
87	-177.607346	0.090000	10.210000
88	-177.407346	0.090000	10.200000
89	-177.387346	0.092000	10.080000
90	-177.357346	0.092000	10.070000
91	-177.227346	0.094000	10.290000
92	-177.227346	0.094000	9.970000
93	-177.187346	0.096000	10.130000
94	-177.127346	0.096000	10.100000
95	-176.957346	0.098000	10.090000
96	-176.957346	0.100000	10.100000
97	-176.847346	0.100000	9.890000
98	-176.827346	0.102000	10.080000
99	-176.787346	0.102000	10.220000
100	-176.767346	0.104000	10.160000
101	-176.727346	0.104000	10.070000
102	-176.707346	0.106000	9.890000
103	-176.607346	0.107000	10.110000
104	-176.607346	0.107000	10.060000
105	-176.517346	0.107000	10.140000
106	-176.507346	0.109000	10.080000
107	-176.497346	0.109000	9.980000
108	-176.427346	0.111000	10.150000
109	-176.307346	0.111000	9.980000
110	-176.287346	0.113000	10.030000
111	-176.067346	0.113000	10.220000
112	-176.057346	0.115000	10.030000
113	-175.957346	0.115000	10.080000
114	-175.907346	0.117000	9.930000
115	-175.897346	0.117000	10.030000
116	-175.837346	0.119000	10.310000
117	-175.657346	0.121000	10.060000
118	-175.597346	0.121000	10.140000
119	-175.347346	0.123000	10.480000
120	-175.227346	0.123000	10.280000
121	-175.147346	0.125000	10.230000
122	-175.147346	0.125000	10.010000
123	-175.117346	0.127000	10.070000
124	-175.097346	0.127000	9.920000
125	-175.047346	0.129000	10.040000
126	-175.037346	0.129000	10.320000
127	-174.807346	0.131000	10.200000
128	-174.737346	0.131000	10.350000
129	-174.737346	0.133000	10.070000
130	-174.597346	0.133000	10.180000
131	-174.537346	0.135000	10.280000
132	-174.437346	0.135000	10.150000
133	-174.297346	0.137000	10.430000
134	-174.217346	0.137000	10.300000
135	-174.107346	0.139000	10.380000
136	-173.547346	0.139000	10.290000
137	-173.537346	0.141000	10.540000
138	-173.467346	0.141000	10.070000
139	-173.417346	0.143000	10.200000
140	-173.357346	0.143000	10.240000
141	-173.257346	0.145000	10.150000
142	-173.257346	0.145000	10.220000
143	-173.237346	0.147000	10.280000
144	-173.217346	0.147000	10.130000
145	-173.197346	0.149000	10.390000
146	-173.147346	0.149000	10.240000
147	-173.027346	0.150000	10.260000
148	-172.937346	0.150000	10.570000
149	-172.917346	0.152000	10.190000
150	-172.807346	0.152000	10.310000
151	-172.787346	0.154000	10.460000
152	-172.677346	0.154000	10.320000
153	-172.597346	0.156000	10.530000
154	-172.487346	0.156000	10.400000
155	-172.407346	0.158000	10.390000
156	-172.197346	0.158000	10.420000
157	-172.187346	0.160000	10.470000
158	-172.187346	0.160000	10.480000
159	-172.157346	0.162000	10.590000
160	-172.037346	0.162000	10.380000
161	-172.007346	0.164000	10.310000
162	-171.937346	0.164000	10.540000
163	-171.827346	0.166000	10.340000
164	-171.827346	0.166000	10.590000
165	-171.737346	0.168000	10.670000
166	-171.627346	0.168000	10.750000
167	-171.597346	0.172000	10.600000
168	-171.587346	0.172000	10.340000
169	-171.577346	0.174000	10.390000
170	-171.577346	0.176000	10.260000
171	-171.497346	0.176000	10.590000
172	-171.457346	0.178000	10.590000
173	-171.037346	0.178000	10.390000
174	-171.007346	0.180000	10.530000
175	-170.967346	0.180000	10.310000
176	-170.807346	0.182000	10.530000
177	-170.777346	0.184000	10.470000
178	-170.567346	0.184000	10.540000
179	-170.407346	0.186000	10.500000
180	-170.397346	0.186000	10.680000
181	-170.247346	0.188000	10.730000
182	-170.247346	0.188000	10.550000
183	-170.217346	0.190000	10.740000
184	-170.157346	0.190000	10.590000
185	-170.057346	0.191000	10.720000
186	-170.007346	0.193000	10.580000
187	-169.897346	0.193000	10.690000
188	-169.847346	0.195000	10.700000
189	-169.697346	0.195000	10.710000
190	-169.627346	0.195000	10.670000
191	-169.537346	0.197000	10.520000
192	-169.517346	0.199000	10.770000
193	-169.507346	0.199000	10.940000
194	-169.437346	0.199000	10.630000
195	-169.367346	0.201000	10.810000
196	-169.247346	0.203000	10.680000
197	-169.147346	0.203000	10.580000
198	-169.027346	0.203000	10.700000
199	-169.017346	0.205000	10.630000
200	-169.007346	0.207000	10.570000
201	-169.007346	0.207000	10.720000
202	-168.987346	0.209000	10.570000
203	-168.917346	0.209000	10.690000
204	-168.917346	0.211000	10.590000
205	-168.857346	0.213000	10.570000
206	-168.837346	0.213000	10.560000
207	-168.837346	0.215000	10.810000
208	-168.677346	0.215000	10.460000
209	-168.547346	0.217000	10.700000
210	-168.277346	0.217000	10.880000
211	-168.087346	0.219000	10.790000
212	-168.077346	0.219000	10.690000
213	-167.927346	0.219000	10.810000
214	-167.907346	0.221000	10.860000
215	-167.617346	0.223000	10.860000
216	-167.517346	0.225000	10.790000
217	-167.447346	0.225000	10.640000
218	-167.417346	0.227000	10.660000
219	-167.407346	0.227000	11.140000
220	-167.337346	0.227000	11.040000
221	-167.257346	0.229000	10.740000
222	-167.237346	0.232000	10.910000
223	-167.237346	0.231000	10.920000
224	-167.197346	0.232000	10.800000
225	-167.157346	0.232000	10.700000
226	-167.147346	0.234000	10.810000
227	-167.077346	0.234000	10.800000
228	-167.077346	0.234000	10.910000
229	-166.917346	0.236000	10.940000
230	-166.807346	0.238000	10.980000
231	-166.667346	0.238000	10.720000
232	-166.597346	0.240000	10.870000
233	-166.477346	0.240000	10.940000
234	-166.147346	0.242000	10.910000
235	-166.067346	0.242000	10.760000
236	-166.067346	0.242000	10.900000
237	-166.027346	0.244000	10.900000
238	-165.927346	0.246000	10.820000
239	-165.857346	0.246000	10.670000
240	-165.847346	0.248000	10.780000
241	-165.847346	0.248000	10.980000
242	-165.807346	0.250000	10.940000
243	-165.787346	0.250000	11.240000
244	-165.777346	0.252000	10.980000
245	-165.747346	0.254000	10.760000
246	-165.707346	0.256000	10.930000
247	-165.657346	0.256000	10.960000
248	-165.567346	0.258000	11.150000
249	-165.317346	0.258000	11.010000
250	-165.297346	0.260000	11.310000
251	-165.107346	0.260000	10.790000
252	-165.077346	0.262000	10.720000
253	-165.057346	0.262000	10.730000
254	-164.997346	0.264000	11.140000
255	-164.967346	0.264000	11.220000
256	-164.697346	0.266000	10.930000
257	-164.697346	0.266000	10.980000
258	-164.647346	0.268000	11.020000
259	-164.507346	0.268000	11.360000
260	-164.477346	0.270000	11.030000
261	-164.387346	0.270000	11.150000
262	-164.367346	0.272000	11.110000
263	-164.317346	0.272000	11.140000
264	-164.307346	0.273000	10.770000
265	-164.207346	0.273000	11.010000
266	-164.137346	0.275000	11.140000
267	-164.057346	0.277000	11.000000
268	-163.727346	0.277000	11.170000
269	-163.567346	0.279000	11.090000
270	-163.477346	0.279000	11.210000
271	-163.467346	0.281000	11.150000
272	-163.317346	0.281000	10.930000
273	-163.167346	0.283000	11.110000
274	-163.027346	0.283000	11.200000
275	-163.017346	0.285000	11.100000
276	-162.947346	0.287000	11.150000
277	-162.927346	0.287000	11.280000
278	-162.887346	0.289000	11.020000
279	-162.817346	0.289000	11.080000
280	-162.757346	0.291000	11.030000
281	-162.667346	0.291000	11.360000
282	-162.597346	0.293000	11.020000
283	-162.577346	0.293000	11.060000
284	-162.517346	0.295000	11.160000
285	-162.367346	0.295000	11.070000
286	-162.357346	0.297000	11.140000
287	-162.267346	0.297000	11.050000
288	-162.197346	0.299000	11.090000
289	-162.157346	0.299000	11.100000
290	-162.087346	0.301000	11.170000
291	-162.017346	0.301000	11.370000
292	-161.977346	0.303000	10.900000
293	-161.907346	0.303000	11.210000
294	-161.687346	0.305000	11.230000
295	-161.567346	0.305000	11.210000
296	-161.557346	0.307000	11.110000
297	-161.377346	0.307000	11.240000
298	-161.367346	0.309000	11.150000
299	-161.317346	0.309000	11.180000
300	-161.267346	0.311000	11.190000
301	-161.117346	0.311000	11.320000
302	-161.107346	0.313000	11.140000
303	-160.997346	0.313000	11.280000
304	-160.997346	0.315000	11.270000
305	-160.857346	0.315000	11.310000
306	-160.827346	0.316000	11.440000
307	-160.827346	0.316000	11.040000
308	-160.727346	0.318000	11.540000
309	-160.727346	0.318000	11.240000
310	-160.717346	0.320000	11.610000
311	-160.707346	0.320000	11.190000
312	-160.607346	0.322000	11.210000
313	-160.537346	0.322000	11.080000
314	-160.357346	0.326000	11.130000
315	-159.967346	0.326000	11.450000
316	-159.927346	0.326000	11.360000
317	-159.717346	0.326000	11.370000
318	-159.667346	0.328000	11.430000
319	-159.637346	0.328000	11.260000
320	-159.537346	0.330000	11.330000
321	-159.537346	0.330000	11.450000
322	-159.427346	0.332000	11.330000
323	-159.337346	0.332000	11.420000
324	-159.247346	0.334000	11.430000
325	-159.237346	0.334000	11.360000
326	-159.157346	0.336000	11.330000
327	-159.067346	0.340000	11.560000
328	-159.027346	0.340000	11.520000
329	-158.987346	0.342000	11.350000
330	-158.917346	0.342000	11.280000
331	-158.907346	0.344000	11.410000
332	-158.857346	0.344000	11.340000
333	-158.717346	0.344000	11.510000
334	-158.717346	0.346000	11.100000
335	-158.657346	0.348000	11.390000
336	-158.477346	0.348000	11.280000
337	-158.317346	0.350000	11.540000
338	-158.197346	0.350000	11.500000
339	-158.027346	0.352000	11.440000
340	-157.897346	0.352000	11.380000
341	-157.667346	0.352000	11.510000
342	-157.517346	0.354000	11.460000
343	-157.517346	0.356000	11.640000
344	-157.477346	0.356000	11.620000
345	-157.477346	0.357000	11.530000
346	-157.377346	0.357000	11.770000
347	-157.357346	0.359000	11.590000
348	-157.297346	0.359000	11.430000
349	-157.197346	0.361000	11.440000
350	-157.157346	0.363000	11.640000
351	-157.077346	0.363000	11.520000
352	-157.057346	0.365000	11.500000
353	-157.047346	0.365000	11.560000
354	-156.997346	0.367000	11.530000
355	-156.877346	0.367000	11.500000
356	-156.877346	0.367000	11.550000
357	-156.877346	0.369000	11.410000
358	-156.737346	0.371000	11.700000
359	-156.597346	0.371000	11.600000
360	-156.527346	0.373000	11.620000
361	-156.527346	0.373000	11.550000
362	-156.287346	0.375000	11.640000
363	-156.227346	0.375000	11.660000
364	-156.227346	0.377000	11.660000
365	-156.137346	0.377000	11.450000
366	-155.907346	0.379000	11.630000
367	-155.537346	0.379000	11.630000
368	-155.467346	0.381000	11.680000
369	-155.447346	0.381000	11.600000
370	-155.427346	0.383000	11.480000
371	-155.357346	0.383000	11.680000
372	-155.327346	0.383000	11.790000
373	-155.307346	0.385000	11.720000
374	-155.277346	0.387000	11.630000
375	-155.227346	0.387000	11.640000
376	-155.217346	0.387000	11.630000
377	-155.147346	0.391000	11.830000
378	-155.067346	0.391000	11.570000
379	-154.997346	0.391000	11.730000
380	-154.777346	0.393000	11.880000
381	-154.677346	0.395000	11.850000
382	-154.637346	0.395000	11.630000
383	-154.617346	0.397000	11.750000
384	-154.537346	0.397000	11.890000
385	-154.497346	0.399000	11.860000
386	-154.457346	0.399000	11.560000
387	-154.437346	0.400000	11.580000
388	-154.417346	0.400000	11.830000
389	-154.377346	0.402000	11.880000
390	-154.337346	0.402000	11.790000
391	-154.337346	0.404000	11.750000
392	-154.337346	0.404000	11.580000
393	-154.137346	0.406000	11.770000
394	-154.017346	0.406000	11.790000
395	-153.907346	0.406000	11.640000
396	-153.867346	0.408000	11.750000
397	-153.817346	0.410000	11.770000
398	-153.727346	0.410000	11.770000
399	-153.687346	0.412000	11.840000
400	-153.607346	0.412000	11.780000
401	-153.537346	0.414000	11.860000
402	-153.397346	0.414000	11.840000
403	-153.137346	0.414000	11.660000
404	-152.897346	0.416000	11.740000
405	-152.757346	0.420000	11.690000
406	-152.667346	0.420000	11.740000
407	-152.557346	0.422000	11.760000
408	-152.557346	0.424000	11.790000
409	-152.457346	0.424000	11.990000
410	-152.447346	0.426000	11.860000
411	-152.407346	0.426000	11.750000
412	-152.387346	0.428000	11.860000
413	-152.307346	0.428000	11.740000
414	-152.217346	0.430000	11.930000
415	-152.177346	0.430000	11.850000
416	-152.097346	0.432000	11.850000
417	-152.087346	0.432000	12.020000
418	-152.047346	0.434000	11.720000
419	-151.977346	0.434000	12.020000
420	-151.837346	0.436000	11.970000
421	-151.807346	0.436000	11.990000
422	-151.777346	0.438000	11.840000
423	-151.667346	0.438000	11.860000
424	-151.587346	0.440000	11.770000
425	-151.337346	0.440000	12.010000
426	-151.327346	0.440000	11.990000
427	-151.327346	0.443000	11.850000
428	-151.307346	0.443000	11.740000
429	-151.267346	0.445000	12.160000
430	-151.267346	0.445000	11.890000
431	-151.127346	0.447000	12.010000
432	-151.047346	0.447000	12.050000
433	-151.037346	0.449000	12.060000
434	-150.967346	0.449000	12.070000
435	-150.927346	0.451000	11.990000
436	-150.847346	0.451000	11.930000
437	-150.837346	0.453000	11.980000
438	-150.837346	0.455000	11.860000
439	-150.747346	0.455000	12.030000
440	-150.617346	0.457000	12.000000
441	-150.497346	0.457000	12.020000
442	-150.487346	0.459000	12.050000
443	-150.267346	0.459000	12.000000
444	-150.127346	0.461000	11.850000
445	-150.097346	0.461000	12.020000
446	-149.977346	0.463000	12.100000
447	-149.947346	0.465000	12.020000
448	-149.747346	0.465000	12.130000
449	-149.727346	0.467000	11.930000
450	-149.707346	0.467000	11.900000
451	-149.677346	0.469000	11.940000
452	-149.627346	0.469000	12.090000
453	-149.277346	0.471000	12.240000
454	-149.217346	0.471000	12.160000
455	-149.207346	0.473000	12.000000
456	-149.157346	0.473000	12.210000
457	-149.137346	0.475000	11.980000
458	-149.007346	0.475000	12.240000
459	-148.997346	0.477000	12.290000
460	-148.947346	0.477000	12.140000
461	-148.887346	0.479000	12.010000
462	-148.887346	0.479000	12.020000
463	-148.847346	0.481000	12.380000
464	-148.487346	0.481000	12.190000
465	-148.477346	0.482000	12.230000
466	-148.137346	0.484000	12.070000
467	-148.087346	0.484000	12.290000
468	-148.057346	0.486000	12.270000
469	-148.057346	0.486000	12.180000
470	-147.957346	0.488000	12.300000
471	-147.877346	0.488000	12.140000
472	-147.757346	0.490000	12.240000
473	-147.647346	0.490000	12.190000
474	-147.627346	0.492000	12.150000
475	-147.517346	0.492000	12.210000
476	-147.417346	0.494000	12.270000
477	-147.397346	0.494000	12.140000
478	-147.337346	0.496000	12.130000
479	-147.317346	0.496000	12.170000
480	-147.197346	0.498000	12.280000
481	-147.147346	0.498000	12.370000
482	-147.067346	0.500000	12.390000
483	-146.917346	0.500000	12.520000
484	-146.587346	0.504000	12.220000
485	-146.557346	0.502000	12.140000
486	-146.427346	0.506000	12.440000
487	-146.397346	0.508000	12.200000
488	-146.347346	0.508000	12.450000
489	-146.337346	0.508000	12.450000
490	-146.327346	0.510000	12.300000
491	-146.287346	0.512000	12.300000
492	-146.237346	0.512000	12.330000
493	-146.217346	0.514000	12.430000
494	-146.147346	0.514000	12.090000
495	-146.097346	0.516000	12.410000
496	-146.037346	0.516000	12.190000
497	-145.957346	0.516000	12.140000
498	-145.927346	0.518000	12.390000
499	-145.887346	0.520000	12.220000
500	-145.807346	0.520000	12.370000
501	-145.467346	0.522000	12.310000
502	-144.897346	0.522000	12.430000
503	-144.897346	0.523000	12.390000
504	-144.807346	0.523000	12.360000
505	-144.787346	0.523000	12.250000
506	-144.787346	0.525000	12.320000
507	-144.777346	0.527000	12.450000
508	-144.637346	0.529000	12.300000
509	-144.587346	0.529000	12.320000
510	-144.567346	0.531000	12.300000
511	-144.397346	0.531000	12.440000
512	-144.227346	0.531000	12.330000
513	-144.127346	0.533000	12.450000
514	-144.117346	0.535000	12.210000
515	-144.107346	0.535000	12.450000
516	-144.107346	0.535000	12.370000
517	-144.087346	0.537000	12.430000
518	-143.937346	0.539000	12.240000
519	-143.877346	0.539000	12.370000
520	-143.797346	0.539000	12.330000
521	-143.787346	0.541000	12.510000
522	-143.757346	0.543000	12.530000
523	-143.467346	0.543000	12.490000
524	-143.457346	0.545000	12.130000
525	-143.447346	0.545000	12.510000
526	-143.427346	0.547000	12.600000
527	-143.407346	0.547000	12.450000
528	-143.387346	0.549000	12.420000
529	-143.357346	0.551000	12.660000
530	-143.227346	0.551000	12.430000
531	-143.037346	0.553000	12.590000
532	-142.897346	0.553000	12.500000
533	-142.877346	0.555000	12.580000
534	-142.867346	0.555000	12.790000
535	-142.847346	0.555000	12.410000
536	-142.697346	0.559000	12.670000
537	-142.627346	0.559000	12.680000
538	-142.517346	0.561000	12.590000
539	-142.517346	0.561000	12.710000
540	-142.487346	0.563000	12.690000
541	-142.467346	0.563000	12.250000
542	-142.437346	0.563000	12.530000
543	-142.417346	0.565000	12.730000
544	-142.367346	0.566000	12.640000
545	-142.297346	0.568000	12.560000
546	-142.287346	0.568000	12.750000
547	-142.137346	0.570000	12.640000
548	-142.127346	0.570000	12.730000
549	-142.117346	0.570000	12.590000
550	-141.967346	0.572000	12.530000
551	-141.927346	0.574000	12.660000
552	-141.887346	0.574000	12.780000
553	-141.847346	0.576000	12.550000
554	-141.807346	0.576000	12.540000
555	-141.767346	0.578000	12.440000
556	-141.487346	0.578000	12.600000
557	-141.437346	0.580000	12.740000
558	-141.117346	0.582000	12.810000
559	-141.097346	0.582000	12.530000
560	-141.037346	0.584000	12.540000
561	-141.037346	0.584000	12.570000
562	-140.917346	0.588000	12.640000
563	-140.767346	0.588000	12.860000
564	-140.667346	0.590000	12.790000
565	-140.657346	0.592000	12.670000
566	-140.477346	0.592000	12.510000
567	-140.397346	0.594000	12.710000
568	-140.357346	0.594000	12.810000
569	-140.167346	0.596000	12.660000
570	-140.157346	0.596000	12.780000
571	-139.987346	0.598000	12.780000
572	-139.967346	0.598000	12.850000
573	-139.907346	0.600000	12.870000
574	-139.847346	0.600000	12.770000
575	-139.807346	0.602000	12.740000
576	-139.787346	0.602000	12.740000
577	-139.727346	0.604000	12.780000
578	-139.627346	0.604000	12.800000
579	-139.577346	0.606000	12.860000
580	-139.477346	0.606000	12.590000
581	-139.337346	0.607000	12.680000
582	-139.227346	0.607000	12.770000
583	-139.197346	0.609000	13.050000
584	-139.147346	0.609000	12.870000
585	-139.107346	0.611000	12.860000
586	-139.067346	0.611000	12.830000
587	-138.987346	0.613000	12.760000
588	-138.927346	0.613000	12.660000
589	-138.847346	0.615000	12.930000
590	-138.727346	0.615000	12.780000
591	-138.707346	0.617000	12.850000
592	-138.567346	0.617000	12.950000
593	-138.347346	0.619000	12.670000
594	-138.337346	0.619000	12.790000
595	-138.197346	0.621000	12.950000
596	-138.187346	0.621000	12.930000
597	-138.157346	0.623000	12.790000
598	-138.137346	0.623000	12.920000
599	-138.117346	0.625000	12.920000
600	-138.017346	0.625000	12.850000
601	-137.917346	0.627000	13.040000
602	-137.877346	0.627000	12.970000
603	-137.847346	0.627000	13.040000
604	-137.807346	0.629000	12.870000
605	-137.797346	0.631000	12.820000
606	-137.557346	0.631000	12.930000
607	-137.487346	0.633000	12.840000
608	-137.447346	0.633000	12.820000
609	-137.437346	0.635000	12.790000
610	-137.217346	0.635000	13.040000
611	-137.167346	0.637000	13.000000
612	-136.977346	0.637000	12.860000
613	-136.867346	0.639000	12.830000
614	-136.867346	0.639000	13.000000
615	-136.817346	0.641000	13.030000
616	-136.767346	0.643000	13.060000
617	-136.637346	0.643000	12.920000
618	-136.517346	0.645000	12.900000
619	-136.467346	0.645000	13.020000
620	-136.437346	0.647000	12.900000
621	-136.417346	0.647000	13.060000
622	-136.297346	0.649000	12.910000
623	-136.267346	0.649000	13.190000
624	-136.057346	0.650000	13.010000
625	-135.977346	0.652000	13.110000
626	-135.977346	0.652000	13.160000
627	-135.967346	0.654000	13.050000
628	-135.927346	0.654000	13.000000
629	-135.907346	0.656000	13.190000
630	-135.837346	0.656000	13.030000
631	-135.717346	0.658000	13.020000
632	-135.697346	0.658000	12.970000
633	-135.677346	0.660000	13.160000
634	-135.577346	0.660000	13.130000
635	-135.567346	0.662000	13.150000
636	-135.307346	0.662000	13.250000
637	-135.257346	0.664000	13.000000
638	-135.097346	0.664000	12.920000
639	-134.777346	0.666000	13.040000
640	-134.777346	0.666000	13.100000
641	-134.707346	0.668000	13.200000
642	-134.457346	0.670000	13.080000
643	-134.457346	0.672000	13.190000
644	-134.347346	0.674000	13.340000
645	-134.327346	0.674000	13.090000
646	-134.317346	0.676000	13.190000
647	-134.187346	0.676000	13.210000
648	-133.967346	0.678000	13.190000
649	-133.927346	0.678000	13.170000
650	-133.837346	0.680000	13.250000
651	-133.797346	0.680000	13.130000
652	-133.767346	0.680000	13.250000
653	-133.697346	0.682000	13.300000
654	-133.637346	0.684000	13.270000
655	-133.557346	0.684000	13.250000
656	-133.457346	0.686000	13.290000
657	-133.397346	0.686000	13.360000
658	-133.357346	0.688000	13.180000
659	-133.297346	0.688000	13.320000
660	-133.217346	0.688000	13.380000
661	-132.987346	0.690000	13.280000
662	-132.937346	0.690000	13.430000
663	-132.887346	0.690000	13.250000
664	-132.767346	0.693000	13.270000
665	-132.667346	0.695000	13.260000
666	-132.657346	0.695000	13.280000
667	-132.577346	0.695000	13.250000
668	-132.547346	0.697000	13.220000
669	-132.317346	0.699000	13.440000
670	-132.287346	0.699000	13.360000
671	-132.127346	0.701000	13.340000
672	-132.007346	0.701000	13.330000
673	-131.907346	0.703000	13.330000
674	-131.897346	0.703000	13.340000
675	-131.807346	0.705000	13.330000
676	-131.607346	0.707000	13.400000
677	-131.477346	0.707000	13.350000
678	-131.467346	0.709000	13.340000
679	-131.447346	0.709000	13.440000
680	-131.347346	0.711000	13.370000
681	-131.307346	0.711000	13.410000
682	-131.277346	0.711000	13.350000
683	-131.157346	0.715000	13.250000
684	-131.097346	0.715000	13.300000
685	-131.067346	0.717000	13.200000
686	-131.047346	0.717000	13.510000
687	-130.967346	0.719000	13.170000
688	-130.917346	0.719000	13.170000
689	-130.837346	0.719000	13.310000
690	-130.747346	0.721000	13.170000
691	-130.717346	0.723000	13.180000
692	-130.687346	0.723000	13.400000
693	-130.487346	0.725000	13.460000
694	-130.347346	0.727000	13.480000
695	-130.207346	0.727000	13.340000
696	-130.117346	0.727000	13.390000
697	-130.077346	0.729000	13.340000
698	-129.997346	0.731000	13.290000
699	-129.837346	0.731000	13.470000
700	-129.797346	0.732000	13.480000
701	-129.737346	0.732000	13.540000
702	-129.667346	0.734000	13.380000
703	-129.627346	0.734000	13.420000
704	-129.587346	0.736000	13.420000
705	-129.577346	0.738000	13.440000
706	-129.567346	0.738000	13.460000
707	-129.527346	0.740000	13.320000
708	-129.487346	0.740000	13.440000
709	-129.297346	0.742000	13.520000
710	-129.297346	0.742000	13.420000
711	-129.287346	0.742000	13.280000
712	-129.217346	0.744000	13.480000
713	-129.127346	0.746000	13.460000
714	-129.087346	0.746000	13.470000
715	-128.997346	0.748000	13.410000
716	-128.727346	0.748000	13.500000
717	-128.637346	0.750000	13.450000
718	-128.627346	0.750000	13.460000
719	-128.627346	0.752000	13.400000
720	-128.587346	0.752000	13.540000
721	-128.537346	0.756000	13.550000
722	-128.517346	0.756000	13.670000
723	-128.517346	0.758000	13.420000
724	-128.467346	0.760000	13.670000
725	-128.347346	0.760000	13.390000
726	-128.317346	0.762000	13.600000
727	-128.317346	0.762000	13.660000
728	-128.237346	0.764000	13.550000
729	-127.897346	0.764000	13.590000
730	-127.857346	0.766000	13.520000
731	-127.817346	0.766000	13.540000
732	-127.557346	0.768000	13.480000
733	-127.287346	0.768000	13.690000
734	-127.277346	0.770000	13.670000
735	-127.187346	0.770000	13.720000
736	-127.147346	0.772000	13.750000
737	-127.027346	0.772000	13.670000
738	-126.997346	0.773000	13.660000
739	-126.947346	0.773000	13.760000
740	-126.907346	0.775000	13.750000
741	-126.807346	0.775000	13.750000
742	-126.797346	0.777000	13.580000
743	-126.757346	0.777000	13.690000
744	-126.667346	0.779000	13.800000
745	-126.647346	0.779000	13.640000
746	-126.597346	0.781000	13.760000
747	-126.597346	0.781000	13.810000
748	-126.317346	0.783000	13.600000
749	-126.237346	0.783000	13.680000
750	-126.077346	0.785000	13.890000
751	-126.077346	0.785000	13.860000
752	-126.007346	0.787000	13.990000
753	-125.787346	0.789000	13.730000
754	-125.767346	0.789000	14.000000
755	-125.767346	0.791000	13.680000
756	-125.637346	0.791000	13.780000
757	-125.477346	0.793000	13.760000
758	-125.437346	0.793000	13.980000
759	-125.437346	0.795000	13.900000
760	-125.417346	0.795000	13.790000
761	-125.367346	0.797000	13.960000
762	-125.317346	0.797000	13.740000
763	-125.197346	0.799000	13.940000
764	-125.157346	0.799000	13.970000
765	-125.147346	0.799000	13.980000
766	-125.137346	0.799000	13.840000
767	-125.117346	0.803000	13.950000
768	-125.017346	0.803000	13.900000
769	-124.977346	0.805000	13.900000
770	-124.867346	0.805000	13.820000
771	-124.827346	0.807000	13.720000
772	-124.817346	0.809000	13.850000
773	-124.657346	0.809000	13.900000
774	-124.537346	0.811000	13.850000
775	-124.427346	0.811000	13.930000
776	-124.397346	0.813000	13.900000
777	-124.367346	0.813000	13.990000
778	-124.237346	0.815000	13.940000
779	-124.107346	0.815000	13.800000
780	-123.947346	0.816000	14.040000
781	-123.867346	0.816000	13.980000
782	-123.787346	0.818000	13.920000
783	-123.657346	0.820000	13.830000
784	-123.607346	0.820000	13.910000
785	-123.247346	0.822000	14.060000
786	-123.237346	0.822000	13.990000
787	-123.147346	0.824000	13.940000
788	-122.957346	0.824000	14.070000
789	-122.867346	0.826000	13.930000
790	-122.797346	0.826000	14.120000
791	-122.657346	0.828000	13.930000
792	-122.637346	0.828000	14.080000
793	-122.477346	0.830000	14.010000
794	-122.397346	0.830000	13.930000
795	-122.367346	0.832000	13.990000
796	-122.277346	0.832000	14.040000
797	-122.217346	0.834000	14.020000
798	-122.217346	0.834000	13.930000
799	-121.987346	0.836000	13.930000
800	-121.907346	0.838000	14.010000
801	-121.877346	0.840000	13.950000
802	-121.867346	0.840000	14.110000
803	-121.767346	0.842000	13.990000
804	-121.697346	0.842000	14.000000
805	-121.677346	0.844000	14.160000
806	-121.457346	0.844000	13.970000
807	-121.397346	0.844000	14.000000
808	-121.337346	0.846000	14.130000
809	-121.327346	0.846000	14.020000
810	-121.197346	0.846000	14.240000
811	-121.177346	0.850000	14.150000
812	-121.157346	0.850000	14.210000
813	-121.147346	0.852000	14.070000
814	-121.147346	0.852000	13.990000
815	-121.137346	0.852000	14.060000
816	-120.987346	0.854000	14.100000
817	-120.857346	0.856000	14.090000
818	-120.847346	0.856000	14.150000
819	-120.667346	0.857000	14.190000
820	-120.607346	0.857000	14.040000
821	-120.487346	0.859000	14.210000
822	-120.407346	0.859000	14.350000
823	-120.407346	0.861000	14.240000
824	-120.357346	0.861000	14.060000
825	-120.287346	0.863000	14.200000
826	-120.237346	0.863000	14.330000
827	-120.237346	0.865000	14.240000
828	-120.217346	0.865000	14.150000
829	-120.167346	0.867000	14.270000
830	-120.147346	0.867000	14.190000
831	-119.987346	0.867000	14.240000
832	-119.967346	0.869000	14.150000
833	-119.867346	0.871000	14.340000
834	-119.847346	0.871000	14.380000
835	-119.697346	0.873000	14.160000
836	-119.477346	0.873000	14.240000
837	-119.477346	0.875000	14.240000
838	-119.387346	0.875000	14.200000
839	-119.357346	0.875000	14.070000
840	-119.327346	0.877000	14.390000
841	-119.327346	0.879000	14.370000
842	-119.307346	0.879000	14.110000
843	-119.277346	0.881000	14.430000
844	-119.247346	0.881000	14.220000
845	-119.197346	0.883000	14.150000
846	-119.117346	0.883000	14.280000
847	-118.937346	0.883000	14.250000
848	-118.937346	0.885000	14.380000
849	-118.777346	0.887000	14.360000
850	-118.607346	0.887000	14.100000
851	-118.517346	0.889000	14.350000
852	-118.507346	0.889000	14.180000
853	-118.337346	0.891000	14.340000
854	-118.117346	0.891000	14.280000
855	-118.087346	0.893000	14.290000
856	-118.037346	0.895000	14.220000
857	-118.027346	0.895000	14.300000
858	-118.017346	0.897000	14.110000
859	-117.997346	0.897000	14.280000
860	-117.927346	0.899000	14.250000
861	-117.767346	0.899000	14.390000
862	-117.697346	0.899000	14.280000
863	-117.547346	0.900000	14.330000
864	-117.517346	0.902000	14.340000
865	-117.507346	0.902000	14.400000
866	-117.277346	0.904000	14.270000
867	-117.207346	0.904000	14.370000
868	-117.187346	0.906000	14.380000
869	-117.157346	0.906000	14.360000
870	-117.027346	0.906000	14.340000
871	-116.987346	0.908000	14.400000
872	-116.897346	0.908000	14.400000
873	-116.867346	0.910000	14.370000
874	-116.737346	0.912000	14.310000
875	-116.697346	0.912000	14.440000
876	-116.687346	0.914000	14.420000
877	-116.667346	0.914000	14.320000
878	-116.477346	0.914000	14.520000
879	-116.417346	0.916000	14.400000
880	-116.417346	0.918000	14.420000
881	-116.377346	0.918000	14.390000
882	-116.377346	0.922000	14.330000
883	-116.217346	0.922000	14.390000
884	-116.127346	0.924000	14.350000
885	-116.087346	0.926000	14.600000
886	-116.047346	0.926000	14.360000
887	-115.997346	0.928000	14.430000
888	-115.707346	0.928000	14.490000
889	-115.477346	0.930000	14.410000
890	-115.117346	0.930000	14.550000
891	-115.087346	0.932000	14.510000
892	-114.967346	0.932000	14.610000
893	-114.927346	0.934000	14.760000
894	-114.927346	0.934000	14.500000
895	-114.927346	0.936000	14.630000
896	-114.857346	0.936000	14.380000
897	-114.637346	0.938000	14.560000
898	-114.537346	0.938000	14.410000
899	-114.437346	0.940000	14.700000
900	-114.277346	0.940000	14.890000
901	-114.277346	0.941000	14.570000
902	-114.277346	0.940000	14.480000
903	-114.277346	0.943000	14.660000
904	-114.277346	0.945000	14.600000
905	-114.247346	0.945000	14.760000
906	-114.217346	0.947000	14.570000
907	-114.197346	0.947000	14.540000
908	-114.147346	0.949000	14.570000
909	-114.117346	0.949000	14.680000
910	-114.087346	0.951000	14.640000
911	-113.987346	0.951000	14.560000
912	-113.957346	0.953000	14.780000
913	-113.767346	0.953000	14.490000
914	-113.727346	0.955000	14.520000
915	-113.447346	0.957000	14.720000
916	-113.407346	0.957000	14.740000
917	-113.377346	0.959000	14.700000
918	-113.347346	0.959000	14.830000
919	-113.287346	0.961000	14.770000
920	-113.127346	0.961000	14.620000
921	-113.047346	0.963000	14.810000
922	-112.987346	0.963000	14.690000
923	-112.957346	0.965000	14.700000
924	-112.917346	0.967000	14.540000
925	-112.797346	0.967000	14.790000
926	-112.767346	0.969000	14.810000
927	-112.767346	0.969000	14.700000
928	-112.647346	0.971000	14.860000
929	-112.567346	0.971000	14.710000
930	-112.537346	0.973000	14.750000
931	-112.537346	0.973000	14.910000
932	-112.437346	0.975000	14.630000
933	-112.437346	0.975000	14.750000
934	-112.317346	0.977000	14.860000
935	-112.267346	0.977000	14.790000
936	-112.247346	0.979000	14.750000
937	-112.227346	0.979000	14.910000
938	-112.117346	0.981000	14.840000
939	-112.077346	0.981000	14.800000
940	-111.957346	0.982000	14.750000
941	-111.557346	0.982000	14.810000
942	-111.397346	0.984000	14.900000
943	-111.187346	0.984000	14.800000
944	-111.187346	0.986000	14.740000
945	-111.177346	0.988000	14.660000
946	-111.157346	0.988000	15.010000
947	-110.927346	0.990000	14.700000
948	-110.817346	0.990000	14.830000
949	-110.797346	0.992000	13.620000
950	-110.767346	0.992000	14.070000
951	-110.767346	0.994000	14.840000
952	-110.637346	0.994000	14.890000
953	-110.607346	0.996000	14.970000
954	-110.587346	0.996000	14.840000
955	-110.527346	0.998000	14.920000
956	-110.497346	0.998000	14.720000
957	-110.047346	1.000000	14.870000
958	-110.047346	1.000000	14.760000
959	-110.017346	1.004000	13.730000
960	-109.977346	1.004000	13.760000
961	-109.847346	1.006000	13.630000
962	-109.817346	1.006000	13.620000
963	-109.817346	1.008000	14.800000
964	-109.717346	1.008000	13.710000
965	-109.647346	1.010000	13.520000
966	-109.607346	1.012000	13.680000
967	-109.607346	1.012000	13.770000
968	-109.557346	1.014000	13.820000
969	-109.497346	1.014000	13.860000
970	-109.487346	1.016000	14.960000
971	-109.187346	1.016000	13.580000
972	-108.867346	1.016000	13.740000
973	-108.517346	1.018000	13.830000
974	-108.447346	1.020000	13.800000
975	-108.377346	1.020000	13.730000
976	-108.377346	1.022000	13.690000
977	-108.317346	1.022000	13.740000
978	-108.207346	1.023000	13.560000
979	-108.197346	1.023000	13.830000
980	-108.157346	1.023000	13.820000
981	-108.147346	1.025000	13.780000
982	-108.097346	1.027000	13.810000
983	-108.087346	1.027000	13.780000
984	-108.077346	1.029000	13.770000
985	-108.067346	1.029000	13.730000
986	-108.057346	1.031000	13.740000
987	-108.037346	1.031000	13.630000
988	-108.037346	1.031000	13.820000
989	-107.747346	1.033000	13.970000
990	-107.637346	1.035000	13.690000
991	-107.457346	1.033000	13.750000
992	-107.387346	1.037000	13.730000
993	-107.377346	1.037000	13.830000
994	-107.297346	1.039000	13.790000
995	-107.087346	1.039000	13.870000
996	-107.027346	1.041000	13.760000
997	-106.937346	1.043000	13.950000
998	-106.897346	1.043000	13.810000
999	-106.897346	1.045000	13.710000
1000	-106.847346	1.045000	13.880000
1001	-106.797346	1.047000	13.870000
1002	-106.637346	1.047000	13.890000
1003	-106.407346	1.049000	13.920000
1004	-106.347346	1.049000	13.880000
1005	-106.327346	1.049000	13.900000
1006	-106.247346	1.049000	13.800000
1007	-106.167346	1.053000	13.920000
1008	-106.147346	1.053000	13.780000
1009	-106.057346	1.055000	13.960000
1010	-106.017346	1.055000	13.840000
1011	-105.867346	1.055000	13.890000
1012	-105.867346	1.057000	13.850000
1013	-105.847346	1.059000	13.720000
1014	-105.837346	1.059000	13.950000
1015	-105.807346	1.061000	13.890000
1016	-105.767346	1.061000	13.710000
1017	-105.767346	1.063000	13.820000
1018	-105.447346	1.063000	13.840000
1019	-105.307346	1.063000	13.920000
1020	-105.297346	1.065000	13.810000
1021	-105.187346	1.066000	13.720000
1022	-104.937346	1.066000	13.970000
1023	-104.907346	1.068000	14.000000
1024	-104.577346	1.068000	14.150000
1025	-104.567346	1.070000	13.800000
1026	-104.517346	1.070000	14.020000
1027	-104.407346	1.070000	13.950000
1028	-104.347346	1.072000	14.220000
1029	-104.317346	1.074000	14.030000
1030	-104.137346	1.074000	14.060000
1031	-104.117346	1.076000	14.050000
1032	-104.087346	1.076000	14.140000
1033	-103.987346	1.078000	13.940000
1034	-103.927346	1.078000	13.920000
1035	-103.857346	1.078000	14.080000
1036	-103.837346	1.080000	14.080000
1037	-103.707346	1.082000	13.970000
1038	-103.707346	1.082000	14.070000
1039	-103.587346	1.084000	14.120000
1040	-103.567346	1.084000	13.980000
1041	-103.567346	1.088000	14.030000
1042	-103.487346	1.088000	14.000000
1043	-103.417346	1.090000	13.990000
1044	-103.317346	1.092000	14.050000
1045	-103.157346	1.092000	13.920000
1046	-103.087346	1.094000	14.100000
1047	-103.057346	1.094000	15.370000
1048	-103.047346	1.096000	14.240000
1049	-103.007346	1.096000	14.110000
1050	-102.997346	1.098000	13.990000
1051	-102.937346	1.098000	13.940000
1052	-102.887346	1.100000	15.420000
1053	-102.857346	1.100000	13.920000
1054	-102.737346	1.102000	15.440000
1055	-102.697346	1.104000	15.450000
1056	-102.677346	1.104000	14.100000
1057	-102.637346	1.106000	13.960000
1058	-102.407346	1.106000	14.260000
1059	-102.377346	1.107000	13.930000
1060	-102.337346	1.107000	15.570000
1061	-102.307346	1.109000	15.390000
1062	-102.287346	1.109000	15.470000
1063	-102.267346	1.111000	14.130000
1064	-102.237346	1.113000	15.480000
1065	-102.187346	1.113000	14.000000
1066	-101.997346	1.115000	15.380000
1067	-101.917346	1.115000	15.640000
1068	-101.747346	1.117000	14.180000
1069	-101.477346	1.117000	14.690000
1070	-101.287346	1.119000	15.600000
1071	-101.217346	1.119000	14.250000
1072	-101.197346	1.121000	15.430000
1073	-101.127346	1.123000	13.900000
1074	-101.027346	1.123000	15.300000
1075	-100.997346	1.125000	14.150000
1076	-100.927346	1.125000	15.010000
1077	-100.847346	1.127000	14.390000
1078	-100.587346	1.127000	15.460000
1079	-100.567346	1.129000	14.330000
1080	-100.487346	1.129000	15.550000
1081	-100.367346	1.131000	14.310000
1082	-100.357346	1.133000	14.220000
1083	-100.337346	1.133000	14.170000
1084	-100.317346	1.135000	15.560000
1085	-100.247346	1.135000	14.190000
1086	-100.217346	1.137000	14.260000
1087	-100.177346	1.137000	14.290000
1088	-100.087346	1.139000	14.270000
1089	-100.067346	1.139000	14.170000
1090	-100.057346	1.141000	14.320000
1091	-99.917346	1.141000	14.250000
1092	-99.867346	1.143000	14.400000
1093	-99.787346	1.143000	15.520000
1094	-99.567346	1.143000	14.200000
1095	-99.527346	1.143000	14.230000
1096	-99.417346	1.147000	14.230000
1097	-99.337346	1.147000	14.330000
1098	-99.217346	1.149000	14.300000
1099	-99.177346	1.149000	14.580000
1100	-99.157346	1.150000	14.310000
1101	-98.907346	1.150000	14.350000
1102	-98.887346	1.152000	14.310000
1103	-98.637346	1.152000	14.730000
1104	-98.517346	1.154000	14.430000
1105	-98.397346	1.154000	14.370000
1106	-98.357346	1.156000	14.320000
1107	-98.277346	1.156000	14.470000
1108	-98.197346	1.158000	14.450000
1109	-98.177346	1.158000	14.480000
1110	-98.057346	1.160000	14.290000
1111	-98.047346	1.158000	14.520000
1112	-97.987346	1.162000	14.420000
1113	-97.977346	1.162000	14.420000
1114	-97.957346	1.164000	14.490000
1115	-97.907346	1.164000	14.370000
1116	-97.767346	1.166000	14.310000
1117	-97.727346	1.166000	14.510000
1118	-97.697346	1.168000	14.560000
1119	-97.677346	1.168000	14.390000
1120	-97.667346	1.172000	14.420000
1121	-97.627346	1.172000	14.430000
1122	-97.567346	1.172000	14.310000
1123	-97.527346	1.176000	14.590000
1124	-97.397346	1.176000	14.470000
1125	-97.357346	1.178000	14.430000
1126	-97.317346	1.178000	14.450000
1127	-97.287346	1.180000	14.440000
1128	-97.277346	1.180000	14.530000
1129	-97.227346	1.182000	14.470000
1130	-97.177346	1.182000	14.340000
1131	-97.147346	1.184000	14.530000
1132	-97.117346	1.184000	14.610000
1133	-97.047346	1.186000	14.540000
1134	-96.927346	1.188000	14.670000
1135	-96.617346	1.188000	14.670000
1136	-96.317346	1.188000	14.700000
1137	-96.277346	1.190000	14.560000
1138	-96.177346	1.191000	14.620000
1139	-96.147346	1.191000	14.730000
1140	-96.037346	1.193000	14.690000
1141	-96.027346	1.193000	14.490000
1142	-95.897346	1.195000	14.550000
1143	-95.817346	1.195000	14.560000
1144	-95.787346	1.195000	14.650000
1145	-95.737346	1.197000	14.630000
1146	-95.627346	1.199000	14.480000
1147	-95.597346	1.199000	14.670000
1148	-95.517346	1.201000	14.750000
1149	-95.477346	1.201000	14.620000
1150	-95.427346	1.203000	14.700000
1151	-95.317346	1.203000	14.590000
1152	-95.247346	1.205000	14.550000
1153	-95.177346	1.205000	14.690000
1154	-95.107346	1.207000	14.780000
1155	-95.077346	1.207000	14.710000
1156	-94.877346	1.209000	14.880000
1157	-94.877346	1.209000	14.710000
1158	-94.847346	1.211000	14.730000
1159	-94.837346	1.211000	14.760000
1160	-94.657346	1.211000	14.550000
1161	-94.637346	1.213000	14.610000
1162	-94.627346	1.215000	14.640000
1163	-94.607346	1.217000	14.680000
1164	-94.477346	1.217000	14.500000
1165	-94.247346	1.219000	14.610000
1166	-94.237346	1.219000	14.690000
1167	-94.087346	1.219000	14.640000
1168	-93.927346	1.221000	14.820000
1169	-93.817346	1.223000	14.900000
1170	-93.777346	1.223000	14.610000
1171	-93.687346	1.225000	14.680000
1172	-93.677346	1.225000	14.650000
1173	-93.637346	1.227000	14.770000
1174	-93.577346	1.227000	14.860000
1175	-93.537346	1.227000	14.850000
1176	-93.457346	1.229000	14.800000
1177	-93.377346	1.231000	14.820000
1178	-93.347346	1.231000	14.710000
1179	-93.317346	1.232000	14.760000
1180	-93.287346	1.232000	14.650000
1181	-93.277346	1.234000	14.690000
1182	-93.127346	1.236000	14.840000
1183	-92.947346	1.236000	14.800000
1184	-92.917346	1.238000	14.730000
1185	-92.907346	1.238000	14.800000
1186	-92.897346	1.240000	14.790000
1187	-92.857346	1.240000	15.020000
1188	-92.837346	1.242000	14.870000
1189	-92.737346	1.242000	15.080000
1190	-92.667346	1.242000	14.940000
1191	-92.607346	1.244000	14.930000
1192	-92.547346	1.246000	14.950000
1193	-92.427346	1.246000	15.020000
1194	-92.377346	1.248000	15.270000
1195	-92.297346	1.248000	14.870000
1196	-92.207346	1.250000	15.010000
1197	-92.187346	1.250000	15.010000
1198	-92.137346	1.254000	14.720000
1199	-92.047346	1.254000	14.990000
1200	-91.677346	1.256000	14.850000
1201	-91.657346	1.256000	14.950000
1202	-91.267346	1.258000	14.850000
1203	-91.257346	1.258000	14.790000
1204	-91.217346	1.260000	14.980000
1205	-91.197346	1.260000	14.850000
1206	-91.057346	1.262000	15.090000
1207	-90.967346	1.262000	15.020000
1208	-90.767346	1.264000	15.070000
1209	-90.377346	1.264000	15.170000
1210	-90.267346	1.266000	15.050000
1211	-90.237346	1.266000	15.070000
1212	-90.157346	1.268000	15.080000
1213	-90.147346	1.268000	15.030000
1214	-90.117346	1.270000	15.030000
1215	-90.097346	1.270000	15.240000
1216	-90.037346	1.272000	15.240000
1217	-90.007346	1.272000	15.160000
1218	-89.927346	1.273000	15.030000
1219	-89.907346	1.273000	15.030000
1220	-89.657346	1.275000	15.010000
1221	-89.647346	1.275000	15.090000
1222	-89.587346	1.279000	15.050000
1223	-89.497346	1.277000	15.060000
1224	-89.487346	1.279000	15.110000
1225	-89.437346	1.279000	15.070000
1226	-89.417346	1.281000	15.220000
1227	-89.287346	1.281000	15.280000
1228	-89.277346	1.283000	15.040000
1229	-89.257346	1.283000	15.140000
1230	-89.257346	1.285000	15.070000
1231	-89.187346	1.285000	15.270000
1232	-89.187346	1.287000	15.170000
1233	-89.147346	1.287000	15.270000
1234	-89.107346	1.289000	15.060000
1235	-88.807346	1.289000	15.220000
1236	-88.577346	1.291000	15.210000
1237	-88.447346	1.291000	15.090000
1238	-88.207346	1.293000	15.160000
1239	-87.997346	1.293000	15.280000
1240	-87.987346	1.295000	15.120000
1241	-87.977346	1.295000	15.090000
1242	-87.967346	1.297000	15.300000
1243	-87.967346	1.297000	15.230000
1244	-87.887346	1.299000	15.360000
1245	-87.857346	1.301000	15.300000
1246	-87.837346	1.301000	15.150000
1247	-87.827346	1.303000	15.300000
1248	-87.827346	1.303000	15.020000
1249	-87.767346	1.305000	15.230000
1250	-87.647346	1.305000	15.390000
1251	-87.647346	1.307000	15.200000
1252	-87.627346	1.307000	15.320000
1253	-87.577346	1.309000	15.140000
1254	-87.527346	1.311000	15.150000
1255	-87.517346	1.311000	15.240000
1256	-87.517346	1.313000	15.120000
1257	-87.447346	1.313000	15.240000
1258	-87.437346	1.315000	15.070000
1259	-87.297346	1.315000	15.340000
1260	-87.187346	1.316000	15.200000
1261	-87.107346	1.316000	15.220000
1262	-87.097346	1.318000	15.220000
1263	-87.097346	1.318000	15.270000
1264	-87.087346	1.320000	15.290000
1265	-86.877346	1.320000	15.130000
1266	-86.847346	1.322000	15.220000
1267	-86.727346	1.322000	15.390000
1268	-86.697346	1.324000	15.340000
1269	-86.507346	1.324000	15.210000
1270	-86.447346	1.326000	15.300000
1271	-86.447346	1.326000	15.300000
1272	-86.437346	1.328000	15.340000
1273	-86.437346	1.328000	15.190000
1274	-86.317346	1.330000	15.190000
1275	-86.297346	1.330000	15.420000
1276	-86.197346	1.332000	15.330000
1277	-85.837346	1.332000	15.340000
1278	-85.737346	1.334000	15.440000
1279	-85.687346	1.334000	15.380000
1280	-85.607346	1.336000	15.310000
1281	-85.597346	1.338000	15.410000
1282	-85.457346	1.340000	15.280000
1283	-85.447346	1.340000	15.230000
1284	-85.407346	1.342000	15.360000
1285	-85.377346	1.342000	15.250000
1286	-85.327346	1.344000	15.310000
1287	-85.027346	1.344000	15.240000
1288	-84.967346	1.344000	15.220000
1289	-84.877346	1.346000	15.580000
1290	-84.857346	1.348000	15.260000
1291	-84.837346	1.348000	15.340000
1292	-84.827346	1.350000	15.350000
1293	-84.807346	1.350000	15.400000
1294	-84.747346	1.352000	15.420000
1295	-84.387346	1.352000	15.260000
1296	-84.297346	1.352000	15.310000
1297	-84.217346	1.354000	15.440000
1298	-84.137346	1.356000	15.470000
1299	-84.067346	1.356000	15.430000
1300	-84.027346	1.357000	15.390000
1301	-84.027346	1.357000	15.550000
1302	-83.957346	1.359000	15.370000
1303	-83.897346	1.359000	15.490000
1304	-83.857346	1.359000	15.480000
1305	-83.857346	1.361000	15.410000
1306	-83.817346	1.363000	15.390000
1307	-83.707346	1.363000	15.620000
1308	-83.497346	1.365000	15.420000
1309	-83.367346	1.365000	15.510000
1310	-83.357346	1.367000	15.410000
1311	-83.277346	1.367000	15.560000
1312	-83.217346	1.367000	15.560000
1313	-83.197346	1.369000	15.560000
1314	-83.197346	1.373000	15.480000
1315	-83.197346	1.371000	15.460000
1316	-83.077346	1.371000	15.480000
1317	-83.037346	1.373000	15.480000
1318	-83.037346	1.375000	15.430000
1319	-82.997346	1.375000	15.630000
1320	-82.987346	1.375000	15.400000
1321	-82.837346	1.377000	15.330000
1322	-82.817346	1.379000	15.550000
1323	-82.777346	1.379000	15.650000
1324	-82.767346	1.381000	15.540000
1325	-82.737346	1.381000	15.620000
1326	-82.717346	1.383000	15.690000
1327	-82.647346	1.383000	15.590000
1328	-82.617346	1.383000	15.400000
1329	-82.487346	1.385000	15.830000
1330	-82.377346	1.389000	15.610000
1331	-82.077346	1.389000	15.630000
1332	-81.987346	1.389000	15.580000
1333	-81.777346	1.389000	15.520000
1334	-81.567346	1.391000	15.630000
1335	-81.477346	1.391000	15.790000
1336	-81.417346	1.393000	15.670000
1337	-81.387346	1.393000	15.640000
1338	-81.307346	1.393000	15.500000
1339	-81.217346	1.395000	15.620000
1340	-81.057346	1.397000	15.680000
1341	-80.997346	1.397000	15.740000
1342	-80.987346	1.399000	15.790000
1343	-80.917346	1.399000	15.770000
1344	-80.587346	1.399000	15.730000
1345	-80.417346	1.400000	15.820000
1346	-80.297346	1.402000	15.780000
1347	-80.287346	1.402000	15.770000
1348	-80.187346	1.404000	15.800000
1349	-80.067346	1.404000	15.780000
1350	-80.047346	1.406000	15.700000
1351	-80.027346	1.406000	15.660000
1352	-79.967346	1.406000	15.680000
1353	-79.937346	1.408000	15.670000
1354	-79.927346	1.410000	15.670000
1355	-79.927346	1.410000	15.700000
1356	-79.927346	1.412000	15.850000
1357	-79.927346	1.412000	15.630000
1358	-79.917346	1.414000	15.710000
1359	-79.897346	1.414000	15.700000
1360	-79.837346	1.414000	15.750000
1361	-79.827346	1.416000	15.800000
1362	-79.667346	1.418000	15.680000
1363	-79.467346	1.418000	15.620000
1364	-79.237346	1.420000	15.680000
1365	-79.157346	1.422000	15.640000
1366	-79.087346	1.424000	15.730000
1367	-78.847346	1.424000	15.900000
1368	-78.807346	1.426000	15.910000
1369	-78.777346	1.426000	15.800000
1370	-78.347346	1.428000	15.700000
1371	-78.157346	1.428000	15.880000
1372	-77.957346	1.430000	15.910000
1373	-77.767346	1.430000	15.870000
1374	-77.687346	1.432000	15.870000
1375	-77.677346	1.432000	15.840000
1376	-77.677346	1.434000	16.010000
1377	-77.647346	1.434000	15.890000
1378	-77.647346	1.436000	15.980000
1379	-77.557346	1.438000	15.960000
1380	-77.467346	1.438000	16.050000
1381	-77.347346	1.440000	15.890000
1382	-77.347346	1.440000	16.020000
1383	-77.307346	1.441000	16.010000
1384	-77.307346	1.441000	16.070000
1385	-77.257346	1.443000	15.790000
1386	-77.147346	1.443000	15.910000
1387	-77.137346	1.445000	15.710000
1388	-77.137346	1.445000	15.880000
1389	-77.027346	1.447000	15.840000
1390	-76.957346	1.447000	15.890000
1391	-76.797346	1.449000	15.910000
1392	-76.737346	1.449000	15.910000
1393	-76.707346	1.451000	15.920000
1394	-76.667346	1.451000	15.810000
1395	-76.657346	1.453000	15.830000
1396	-76.647346	1.453000	15.950000
1397	-76.597346	1.455000	15.910000
1398	-76.587346	1.455000	15.820000
1399	-76.547346	1.455000	15.870000
1400	-76.497346	1.459000	15.900000
1401	-76.427346	1.459000	15.900000
1402	-76.377346	1.461000	15.930000
1403	-76.307346	1.461000	15.930000
1404	-76.257346	1.463000	15.950000
1405	-76.247346	1.463000	15.880000
1406	-75.927346	1.465000	15.930000
1407	-75.657346	1.465000	15.990000
1408	-75.467346	1.467000	16.050000
1409	-75.437346	1.469000	16.110000
1410	-75.317346	1.469000	16.100000
1411	-75.307346	1.471000	15.870000
1412	-75.027346	1.471000	15.970000
1413	-75.027346	1.471000	16.010000
1414	-74.967346	1.471000	16.090000
1415	-74.887346	1.475000	15.990000
1416	-74.887346	1.475000	16.050000
1417	-74.817346	1.477000	16.060000
1418	-74.757346	1.477000	16.110000
1419	-74.757346	1.479000	16.090000
1420	-74.727346	1.479000	16.070000
1421	-74.597346	1.481000	15.980000
1422	-74.537346	1.481000	16.030000
1423	-74.507346	1.482000	16.070000
1424	-74.327346	1.482000	16.130000
1425	-74.307346	1.484000	16.360000
1426	-74.087346	1.484000	16.080000
1427	-73.987346	1.486000	16.060000
1428	-73.907346	1.486000	16.100000
1429	-73.907346	1.488000	16.220000
1430	-73.867346	1.488000	16.070000
1431	-73.807346	1.490000	16.150000
1432	-73.727346	1.490000	16.140000
1433	-73.697346	1.492000	16.200000
1434	-73.557346	1.492000	16.190000
1435	-73.377346	1.494000	16.060000
1436	-73.297346	1.494000	16.210000
1437	-73.197346	1.496000	16.080000
1438	-73.137346	1.496000	16.170000
1439	-72.977346	1.498000	16.290000
1440	-72.967346	1.498000	16.290000
1441	-72.917346	1.500000	16.330000
1442	-72.817346	1.500000	16.230000
1443	-72.787346	1.504000	16.250000
1444	-72.757346	1.504000	16.340000
1445	-72.667346	1.506000	16.240000
1446	-72.587346	1.506000	16.280000
1447	-72.587346	1.508000	16.240000
1448	-72.567346	1.508000	16.240000
1449	-72.557346	1.510000	16.250000
1450	-72.547346	1.510000	16.260000
1451	-72.487346	1.512000	16.210000
1452	-72.357346	1.512000	16.230000
1453	-72.347346	1.514000	16.260000
1454	-72.347346	1.514000	16.270000
1455	-72.317346	1.516000	16.350000
1456	-72.097346	1.516000	16.370000
1457	-71.957346	1.518000	16.370000
1458	-71.957346	1.518000	16.220000
1459	-71.867346	1.520000	16.400000
1460	-71.717346	1.522000	16.320000
1461	-71.667346	1.522000	16.480000
1462	-71.657346	1.523000	16.330000
1463	-71.647346	1.523000	16.340000
1464	-71.527346	1.523000	16.260000
1465	-71.497346	1.525000	16.490000
1466	-71.497346	1.527000	16.200000
1467	-71.437346	1.527000	16.160000
1468	-71.367346	1.529000	16.170000
1469	-71.317346	1.531000	16.440000
1470	-71.227346	1.531000	16.410000
1471	-71.207346	1.531000	16.320000
1472	-71.137346	1.533000	16.260000
1473	-71.087346	1.535000	16.350000
1474	-71.087346	1.535000	16.480000
1475	-70.587346	1.537000	16.280000
1476	-70.547346	1.537000	16.670000
1477	-70.487346	1.539000	16.530000
1478	-70.477346	1.539000	16.250000
1479	-70.407346	1.541000	16.400000
1480	-70.377346	1.541000	16.500000
1481	-70.377346	1.543000	16.470000
1482	-70.327346	1.543000	16.560000
1483	-70.177346	1.545000	16.430000
1484	-70.147346	1.545000	16.530000
1485	-70.127346	1.547000	16.420000
1486	-70.117346	1.547000	16.440000
1487	-70.097346	1.547000	16.610000
1488	-70.077346	1.549000	16.510000
1489	-70.067346	1.551000	16.410000
1490	-69.937346	1.549000	16.360000
1491	-69.857346	1.553000	16.440000
1492	-69.687346	1.553000	16.490000
1493	-69.647346	1.555000	16.510000
1494	-69.597346	1.555000	16.320000
1495	-69.507346	1.555000	16.360000
1496	-69.297346	1.557000	16.420000
1497	-69.207346	1.559000	16.530000
1498	-69.087346	1.559000	16.470000
1499	-69.027346	1.561000	16.370000
1500	-68.987346	1.561000	16.660000
1501	-68.827346	1.563000	16.590000
1502	-68.717346	1.563000	16.430000
1503	-68.487346	1.563000	16.530000
1504	-68.327346	1.565000	16.440000
1505	-68.327346	1.566000	16.530000
1506	-68.207346	1.566000	16.440000
1507	-68.197346	1.568000	16.620000
1508	-68.147346	1.568000	16.540000
1509	-68.097346	1.570000	16.620000
1510	-67.807346	1.570000	16.660000
1511	-67.757346	1.572000	16.720000
1512	-67.697346	1.574000	16.520000
1513	-67.687346	1.574000	16.480000
1514	-67.677346	1.576000	16.500000
1515	-67.577346	1.576000	16.670000
1516	-67.567346	1.578000	16.570000
1517	-67.497346	1.578000	16.810000
1518	-67.477346	1.578000	16.510000
1519	-67.277346	1.582000	16.780000
1520	-67.267346	1.582000	16.580000
1521	-67.177346	1.584000	16.340000
1522	-67.087346	1.584000	16.720000
1523	-66.937346	1.588000	16.630000
1524	-66.937346	1.588000	16.800000
1525	-66.827346	1.590000	16.610000
1526	-66.827346	1.592000	16.530000
1527	-66.807346	1.592000	16.810000
1528	-66.727346	1.592000	16.660000
1529	-66.677346	1.594000	16.860000
1530	-66.537346	1.594000	16.880000
1531	-66.507346	1.596000	16.490000
1532	-66.457346	1.596000	16.710000
1533	-66.287346	1.598000	16.720000
1534	-66.267346	1.598000	16.570000
1535	-66.197346	1.600000	16.690000
1536	-66.187346	1.600000	16.850000
1537	-66.177346	1.602000	16.700000
1538	-66.177346	1.602000	16.610000
1539	-66.117346	1.604000	16.780000
1540	-65.847346	1.604000	16.820000
1541	-65.757346	1.606000	16.860000
1542	-65.607346	1.606000	16.810000
1543	-65.567346	1.607000	16.850000
1544	-65.567346	1.607000	16.770000
1545	-65.517346	1.609000	16.810000
1546	-65.417346	1.609000	16.860000
1547	-65.387346	1.611000	16.540000
1548	-65.207346	1.611000	16.650000
1549	-65.117346	1.613000	16.720000
1550	-65.067346	1.615000	16.780000
1551	-65.017346	1.615000	16.820000
1552	-64.957346	1.617000	16.780000
1553	-64.867346	1.617000	16.700000
1554	-64.827346	1.619000	16.750000
1555	-64.757346	1.619000	16.670000
1556	-64.667346	1.621000	16.760000
1557	-64.497346	1.621000	16.890000
1558	-64.457346	1.623000	16.710000
1559	-64.207346	1.623000	16.770000
1560	-64.077346	1.625000	16.910000
1561	-63.827346	1.625000	16.880000
1562	-63.817346	1.627000	16.790000
1563	-63.807346	1.627000	16.890000
1564	-63.787346	1.629000	16.710000
1565	-63.767346	1.629000	16.840000
1566	-63.747346	1.631000	16.880000
1567	-63.727346	1.631000	16.940000
1568	-63.717346	1.633000	16.820000
1569	-63.577346	1.635000	17.000000
1570	-63.567346	1.635000	16.830000
1571	-63.437346	1.637000	17.010000
1572	-63.277346	1.637000	16.820000
1573	-63.107346	1.639000	17.010000
1574	-63.057346	1.639000	16.930000
1575	-62.987346	1.641000	17.020000
1576	-62.947346	1.641000	16.750000
1577	-62.847346	1.643000	16.970000
1578	-62.847346	1.643000	16.800000
1579	-62.777346	1.645000	16.950000
1580	-62.717346	1.645000	17.020000
1581	-62.697346	1.647000	16.960000
1582	-62.627346	1.647000	17.230000
1583	-62.627346	1.649000	17.210000
1584	-62.627346	1.649000	17.030000
1585	-62.577346	1.650000	16.900000
1586	-62.397346	1.650000	17.020000
1587	-62.377346	1.654000	17.080000
1588	-62.307346	1.652000	17.100000
1589	-62.237346	1.654000	16.930000
1590	-62.217346	1.656000	16.930000
1591	-62.107346	1.656000	17.140000
1592	-62.027346	1.658000	17.070000
1593	-61.887346	1.658000	17.110000
1594	-61.857346	1.660000	16.950000
1595	-61.837346	1.660000	17.050000
1596	-61.687346	1.662000	16.860000
1597	-61.327346	1.662000	17.010000
1598	-61.307346	1.664000	17.020000
1599	-61.277346	1.666000	17.090000
1600	-61.117346	1.666000	17.260000
1601	-60.937346	1.668000	17.210000
1602	-60.867346	1.668000	17.170000
1603	-60.857346	1.672000	17.060000
1604	-60.837346	1.672000	17.310000
1605	-60.837346	1.672000	17.100000
1606	-60.807346	1.674000	17.290000
1607	-60.787346	1.674000	17.110000
1608	-60.687346	1.676000	17.170000
1609	-60.527346	1.678000	17.250000
1610	-60.527346	1.678000	17.140000
1611	-60.417346	1.680000	17.210000
1612	-60.337346	1.680000	17.160000
1613	-60.317346	1.680000	17.350000
1614	-60.297346	1.682000	17.210000
1615	-60.277346	1.684000	17.210000
1616	-60.107346	1.684000	17.060000
1617	-59.957346	1.686000	17.170000
1618	-59.957346	1.686000	17.140000
1619	-59.767346	1.688000	17.300000
1620	-59.617346	1.688000	17.280000
1621	-59.617346	1.690000	17.210000
1622	-59.237346	1.691000	17.300000
1623	-59.177346	1.691000	17.250000
1624	-59.117346	1.693000	17.270000
1625	-58.707346	1.693000	17.310000
1626	-58.697346	1.695000	17.340000
1627	-58.627346	1.695000	17.290000
1628	-58.597346	1.697000	17.300000
1629	-58.587346	1.697000	17.180000
1630	-58.577346	1.701000	17.250000
1631	-58.517346	1.699000	17.320000
1632	-58.487346	1.701000	17.270000
1633	-58.437346	1.701000	17.320000
1634	-58.397346	1.703000	17.310000
1635	-58.377346	1.703000	17.300000
1636	-58.217346	1.703000	17.380000
1637	-58.197346	1.705000	17.270000
1638	-58.167346	1.707000	17.380000
1639	-58.087346	1.707000	17.260000
1640	-58.027346	1.709000	17.320000
1641	-57.767346	1.709000	17.480000
1642	-57.587346	1.711000	17.260000
1643	-57.577346	1.711000	17.320000
1644	-57.547346	1.711000	17.400000
1645	-57.497346	1.713000	17.310000
1646	-57.447346	1.715000	17.410000
1647	-57.407346	1.717000	17.460000
1648	-57.317346	1.717000	17.350000
1649	-57.257346	1.717000	17.240000
1650	-57.127346	1.719000	17.230000
1651	-57.117346	1.719000	17.300000
1652	-57.027346	1.721000	17.410000
1653	-56.937346	1.723000	17.430000
1654	-56.717346	1.723000	17.490000
1655	-56.577346	1.725000	17.440000
1656	-56.527346	1.725000	17.460000
1657	-56.487346	1.727000	17.460000
1658	-56.447346	1.727000	17.470000
1659	-56.407346	1.729000	17.490000
1660	-56.337346	1.731000	17.500000
1661	-56.317346	1.732000	17.440000
1662	-56.267346	1.732000	17.430000
1663	-56.227346	1.732000	17.370000
1664	-56.167346	1.734000	17.590000
1665	-56.147346	1.734000	17.340000
1666	-55.957346	1.734000	17.460000
1667	-55.947346	1.736000	17.470000
1668	-55.877346	1.738000	17.450000
1669	-55.857346	1.738000	17.530000
1670	-55.637346	1.740000	17.490000
1671	-55.577346	1.740000	17.420000
1672	-55.567346	1.742000	17.410000
1673	-55.387346	1.742000	17.480000
1674	-55.357346	1.742000	17.750000
1675	-55.357346	1.744000	17.580000
1676	-55.327346	1.746000	17.680000
1677	-55.317346	1.746000	17.560000
1678	-55.297346	1.746000	17.440000
1679	-55.287346	1.748000	17.580000
1680	-55.277346	1.750000	17.590000
1681	-55.217346	1.750000	17.510000
1682	-55.007346	1.754000	17.520000
1683	-54.987346	1.754000	17.590000
1684	-54.927346	1.756000	17.540000
1685	-54.837346	1.756000	17.640000
1686	-54.807346	1.758000	17.810000
1687	-54.777346	1.758000	17.460000
1688	-54.717346	1.760000	17.610000
1689	-54.647346	1.762000	17.610000
1690	-54.607346	1.762000	17.690000
1691	-54.497346	1.764000	17.530000
1692	-54.497346	1.764000	17.710000
1693	-54.327346	1.766000	17.580000
1694	-54.307346	1.766000	17.600000
1695	-54.137346	1.768000	17.740000
1696	-54.097346	1.768000	17.530000
1697	-54.077346	1.770000	17.480000
1698	-54.067346	1.770000	17.560000
1699	-54.007346	1.772000	17.690000
1700	-53.937346	1.773000	17.530000
1701	-53.897346	1.773000	17.590000
1702	-53.817346	1.775000	17.760000
1703	-53.767346	1.775000	17.610000
1704	-53.707346	1.777000	17.610000
1705	-53.617346	1.777000	17.650000
1706	-53.597346	1.779000	17.690000
1707	-53.417346	1.779000	17.530000
1708	-53.337346	1.781000	17.710000
1709	-53.207346	1.781000	17.620000
1710	-53.097346	1.783000	17.560000
1711	-52.947346	1.783000	17.700000
1712	-52.597346	1.785000	17.850000
1713	-52.527346	1.785000	17.720000
1714	-52.517346	1.787000	17.980000
1715	-52.517346	1.787000	17.800000
1716	-52.497346	1.789000	17.760000
1717	-52.417346	1.789000	17.750000
1718	-52.327346	1.791000	17.810000
1719	-52.047346	1.791000	17.740000
1720	-51.937346	1.793000	17.790000
1721	-51.787346	1.793000	18.040000
1722	-51.757346	1.795000	17.790000
1723	-51.747346	1.795000	17.840000
1724	-51.707346	1.797000	17.740000
1725	-51.697346	1.797000	17.620000
1726	-51.587346	1.799000	17.760000
1727	-51.567346	1.799000	17.800000
1728	-51.547346	1.801000	17.720000
1729	-51.487346	1.803000	17.820000
1730	-51.437346	1.803000	17.870000
1731	-51.397346	1.805000	17.900000
1732	-51.267346	1.805000	17.810000
1733	-51.227346	1.807000	17.900000
1734	-51.007346	1.807000	17.870000
1735	-50.907346	1.809000	17.860000
1736	-50.907346	1.809000	17.830000
1737	-50.867346	1.811000	17.880000
1738	-50.857346	1.811000	17.830000
1739	-50.827346	1.813000	17.860000
1740	-50.807346	1.813000	17.900000
1741	-50.787346	1.815000	17.730000
1742	-50.697346	1.815000	17.810000
1743	-50.597346	1.816000	17.770000
1744	-50.547346	1.816000	17.980000
1745	-50.467346	1.818000	17.860000
1746	-50.407346	1.818000	17.920000
1747	-50.267346	1.820000	17.840000
1748	-50.267346	1.820000	17.940000
1749	-50.147346	1.822000	18.010000
1750	-50.097346	1.826000	17.960000
1751	-50.057346	1.824000	18.000000
1752	-50.037346	1.826000	17.890000
1753	-50.007346	1.826000	17.950000
1754	-49.797346	1.828000	18.140000
1755	-49.747346	1.828000	18.020000
1756	-49.567346	1.830000	17.930000
1757	-49.477346	1.830000	17.960000
1758	-49.447346	1.830000	18.120000
1759	-49.307346	1.834000	18.070000
1760	-49.157346	1.834000	18.000000
1761	-49.087346	1.836000	17.860000
1762	-49.067346	1.838000	18.020000
1763	-49.037346	1.840000	18.060000
1764	-49.037346	1.840000	17.910000
1765	-48.987346	1.842000	18.030000
1766	-48.967346	1.842000	18.030000
1767	-48.887346	1.844000	18.040000
1768	-48.807346	1.844000	17.970000
1769	-48.757346	1.846000	18.070000
1770	-48.757346	1.846000	18.010000
1771	-48.727346	1.848000	18.100000
1772	-48.637346	1.848000	17.970000
1773	-48.637346	1.850000	18.010000
1774	-48.487346	1.850000	18.160000
1775	-48.407346	1.852000	17.940000
1776	-48.387346	1.852000	18.050000
1777	-48.367346	1.852000	18.110000
1778	-48.267346	1.854000	18.040000
1779	-48.077346	1.856000	18.020000
1780	-48.067346	1.856000	18.160000
1781	-47.817346	1.857000	18.150000
1782	-47.697346	1.857000	18.080000
1783	-47.657346	1.859000	18.080000
1784	-47.587346	1.859000	18.020000
1785	-47.527346	1.859000	18.180000
1786	-47.507346	1.861000	18.020000
1787	-47.387346	1.863000	18.090000
1788	-47.307346	1.863000	18.160000
1789	-47.237346	1.865000	18.090000
1790	-46.907346	1.867000	18.110000
1791	-46.847346	1.867000	17.870000
1792	-46.607346	1.867000	18.050000
1793	-46.537346	1.869000	18.260000
1794	-46.527346	1.871000	18.120000
1795	-46.447346	1.871000	18.210000
1796	-46.447346	1.873000	18.030000
1797	-46.367346	1.873000	18.160000
1798	-46.297346	1.875000	18.160000
1799	-46.117346	1.875000	18.130000
1800	-46.087346	1.877000	18.180000
1801	-46.027346	1.877000	18.170000
1802	-45.967346	1.877000	18.330000
1803	-45.877346	1.881000	18.130000
1804	-45.847346	1.881000	18.170000
1805	-45.817346	1.883000	18.070000
1806	-45.677346	1.883000	18.120000
1807	-45.607346	1.883000	18.100000
1808	-45.577346	1.885000	18.290000
1809	-45.327346	1.887000	18.310000
1810	-45.197346	1.889000	18.320000
1811	-45.117346	1.889000	18.180000
1812	-45.047346	1.889000	18.250000
1813	-45.037346	1.891000	18.280000
1814	-44.997346	1.891000	18.190000
1815	-44.737346	1.891000	18.070000
1816	-44.707346	1.893000	18.250000
1817	-44.607346	1.895000	18.220000
1818	-44.457346	1.895000	18.210000
1819	-44.377346	1.895000	18.220000
1820	-44.357346	1.897000	18.290000
1821	-44.287346	1.899000	18.220000
1822	-44.207346	1.899000	18.180000
1823	-44.207346	1.899000	18.300000
1824	-44.187346	1.900000	18.100000
1825	-44.127346	1.902000	18.280000
1826	-43.837346	1.902000	18.370000
1827	-43.827346	1.904000	18.290000
1828	-43.747346	1.904000	18.280000
1829	-43.727346	1.906000	18.360000
1830	-43.717346	1.906000	18.320000
1831	-43.697346	1.908000	18.500000
1832	-43.687346	1.910000	18.200000
1833	-43.667346	1.910000	18.430000
1834	-43.657346	1.912000	18.410000
1835	-43.507346	1.912000	18.440000
1836	-43.457346	1.914000	18.340000
1837	-43.327346	1.914000	18.440000
1838	-43.277346	1.914000	18.530000
1839	-43.187346	1.918000	18.390000
1840	-43.177346	1.918000	18.330000
1841	-43.117346	1.920000	18.340000
1842	-43.037346	1.922000	18.450000
1843	-43.017346	1.924000	18.330000
1844	-43.007346	1.924000	18.500000
1845	-42.917346	1.926000	18.550000
1846	-42.817346	1.926000	18.460000
1847	-42.587346	1.928000	18.440000
1848	-42.457346	1.930000	18.480000
1849	-42.437346	1.930000	18.630000
1850	-42.327346	1.932000	18.470000
1851	-42.317346	1.932000	18.420000
1852	-42.287346	1.934000	18.500000
1853	-42.097346	1.934000	18.530000
1854	-41.907346	1.936000	18.460000
1855	-41.797346	1.936000	18.510000
1856	-41.757346	1.938000	18.440000
1857	-41.717346	1.938000	18.390000
1858	-41.707346	1.940000	18.470000
1859	-41.637346	1.940000	18.410000
1860	-41.507346	1.941000	18.390000
1861	-41.507346	1.941000	18.450000
1862	-41.397346	1.943000	18.620000
1863	-41.107346	1.943000	18.570000
1864	-40.957346	1.945000	18.480000
1865	-40.817346	1.945000	18.580000
1866	-40.767346	1.947000	18.490000
1867	-40.767346	1.947000	18.640000
1868	-40.767346	1.949000	18.510000
1869	-40.737346	1.949000	18.720000
1870	-40.697346	1.951000	18.630000
1871	-40.677346	1.951000	18.480000
1872	-40.517346	1.953000	18.620000
1873	-40.387346	1.953000	18.600000
1874	-40.257346	1.955000	18.470000
1875	-40.247346	1.955000	18.620000
1876	-40.247346	1.957000	18.560000
1877	-40.047346	1.957000	18.590000
1878	-39.757346	1.959000	18.700000
1879	-39.727346	1.959000	18.820000
1880	-39.437346	1.961000	18.760000
1881	-39.357346	1.961000	18.760000
1882	-39.297346	1.963000	18.730000
1883	-39.167346	1.963000	18.560000
1884	-39.117346	1.965000	18.530000
1885	-38.937346	1.965000	18.690000
1886	-38.927346	1.967000	18.550000
1887	-38.877346	1.967000	18.570000
1888	-38.857346	1.969000	18.550000
1889	-38.727346	1.969000	18.540000
1890	-38.707346	1.971000	18.680000
1891	-38.697346	1.971000	18.810000
1892	-38.667346	1.973000	18.570000
1893	-38.647346	1.973000	18.750000
1894	-38.567346	1.975000	18.790000
1895	-38.547346	1.975000	18.620000
1896	-38.487346	1.977000	18.750000
1897	-38.377346	1.977000	18.870000
1898	-38.297346	1.979000	18.710000
1899	-38.297346	1.979000	18.590000
1900	-38.297346	1.982000	18.750000
1901	-38.287346	1.982000	18.640000
1902	-38.277346	1.982000	18.830000
1903	-38.277346	1.984000	18.700000
1904	-38.257346	1.984000	18.630000
1905	-38.177346	1.986000	18.680000
1906	-38.067346	1.986000	18.660000
1907	-38.047346	1.988000	18.790000
1908	-38.017346	1.988000	18.720000
1909	-37.997346	1.990000	18.740000
1910	-37.777346	1.992000	18.830000
1911	-37.727346	1.992000	18.870000
1912	-37.707346	1.994000	18.710000
1913	-37.697346	1.994000	18.640000
1914	-37.617346	1.996000	18.700000
1915	-37.567346	1.996000	18.780000
1916	-37.557346	1.998000	18.690000
1917	-37.497346	1.998000	18.680000
1918	-37.217346	2.000000	18.820000
1919	-37.177346	2.004000	18.620000
1920	-37.127346	2.004000	18.710000
1921	-37.037346	2.006000	18.830000
1922	-36.927346	2.006000	18.540000
1923	-36.467346	2.008000	18.830000
1924	-36.387346	2.008000	18.820000
1925	-36.257346	2.008000	18.740000
1926	-36.097346	2.010000	18.920000
1927	-36.087346	2.012000	18.790000
1928	-35.987346	2.012000	19.010000
1929	-35.867346	2.014000	18.900000
1930	-35.857346	2.014000	19.040000
1931	-35.847346	2.016000	18.960000
1932	-35.807346	2.016000	18.980000
1933	-35.777346	2.016000	18.910000
1934	-35.757346	2.018000	18.890000
1935	-35.747346	2.020000	18.860000
1936	-35.697346	2.020000	18.910000
1937	-35.507346	2.022000	18.970000
1938	-35.337346	2.022000	18.880000
1939	-35.237346	2.023000	19.070000
1940	-35.137346	2.023000	19.050000
1941	-34.997346	2.023000	18.960000
1942	-34.907346	2.025000	18.920000
1943	-34.897346	2.027000	18.990000
1944	-34.717346	2.027000	18.920000
1945	-34.637346	2.029000	18.960000
1946	-34.547346	2.029000	19.020000
1947	-34.437346	2.031000	18.920000
1948	-34.337346	2.031000	18.890000
1949	-34.237346	2.033000	18.920000
1950	-34.197346	2.033000	19.000000
1951	-34.197346	2.033000	19.070000
1952	-34.177346	2.035000	18.970000
1953	-34.117346	2.037000	19.000000
1954	-33.967346	2.037000	19.030000
1955	-33.927346	2.039000	18.950000
1956	-33.897346	2.039000	19.110000
1957	-33.867346	2.039000	19.010000
1958	-33.847346	2.041000	19.290000
1959	-33.777346	2.043000	18.920000
1960	-33.737346	2.043000	18.970000
1961	-33.557346	2.045000	19.020000
1962	-33.507346	2.045000	18.990000
1963	-33.257346	2.047000	19.020000
1964	-33.247346	2.047000	19.040000
1965	-32.867346	2.047000	19.140000
1966	-32.687346	2.049000	19.280000
1967	-32.657346	2.051000	19.050000
1968	-32.547346	2.049000	19.170000
1969	-32.467346	2.053000	19.120000
1970	-32.427346	2.055000	18.890000
1971	-32.397346	2.055000	19.220000
1972	-32.367346	2.055000	19.230000
1973	-32.337346	2.057000	19.100000
1974	-32.207346	2.059000	19.170000
1975	-32.027346	2.059000	19.090000
1976	-31.987346	2.061000	19.090000
1977	-31.837346	2.061000	19.180000
1978	-31.767346	2.063000	19.090000
1979	-31.747346	2.063000	19.240000
1980	-31.737346	2.065000	19.220000
1981	-31.707346	2.066000	19.210000
1982	-31.687346	2.066000	19.300000
1983	-31.687346	2.068000	19.240000
1984	-31.637346	2.068000	19.090000
1985	-31.637346	2.070000	19.080000
1986	-31.537346	2.070000	19.150000
1987	-31.497346	2.072000	19.360000
1988	-31.407346	2.072000	19.110000
1989	-31.367346	2.074000	19.240000
1990	-31.357346	2.074000	19.080000
1991	-31.277346	2.076000	19.170000
1992	-31.077346	2.076000	19.180000
1993	-30.987346	2.078000	19.160000
1994	-30.957346	2.078000	19.230000
1995	-30.887346	2.078000	19.360000
1996	-30.817346	2.080000	19.390000
1997	-30.717346	2.082000	19.120000
1998	-30.457346	2.082000	19.450000
1999	-30.387346	2.084000	19.270000
2000	-30.337346	2.088000	19.080000
2001	-30.237346	2.088000	19.310000
2002	-30.217346	2.090000	19.370000
2003	-30.197346	2.090000	19.260000
2004	-30.187346	2.092000	19.240000
2005	-30.087346	2.092000	19.390000
2006	-30.007346	2.094000	19.390000
2007	-29.987346	2.094000	19.280000
2008	-29.977346	2.096000	19.190000
2009	-29.897346	2.098000	19.210000
2010	-29.877346	2.098000	19.270000
2011	-29.767346	2.100000	19.160000
2012	-29.707346	2.100000	19.290000
2013	-29.617346	2.102000	19.290000
2014	-29.147346	2.102000	19.380000
2015	-29.147346	2.104000	19.340000
2016	-28.987346	2.104000	19.380000
2017	-28.857346	2.107000	19.290000
2018	-28.847346	2.106000	19.410000
2019	-28.807346	2.107000	19.380000
2020	-28.777346	2.107000	19.260000
2021	-28.767346	2.109000	19.300000
2022	-28.547346	2.109000	19.360000
2023	-28.527346	2.111000	19.320000
2024	-28.467346	2.111000	19.320000
2025	-28.447346	2.113000	19.420000
2026	-28.437346	2.113000	19.260000
2027	-28.297346	2.115000	19.450000
2028	-28.227346	2.115000	19.470000
2029	-28.017346	2.117000	19.460000
2030	-28.017346	2.119000	19.340000
2031	-27.967346	2.119000	19.330000
2032	-27.927346	2.121000	19.420000
2033	-27.807346	2.121000	19.400000
2034	-27.777346	2.123000	19.460000
2035	-27.767346	2.123000	19.550000
2036	-27.707346	2.125000	19.420000
2037	-27.687346	2.125000	19.470000
2038	-27.657346	2.127000	19.550000
2039	-27.657346	2.127000	19.390000
2040	-27.597346	2.129000	19.460000
2041	-27.487346	2.131000	19.430000
2042	-27.477346	2.131000	19.490000
2043	-27.467346	2.133000	19.510000
2044	-27.447346	2.133000	19.300000
2045	-27.387346	2.135000	19.530000
2046	-27.357346	2.135000	19.610000
2047	-27.227346	2.137000	19.560000
2048	-27.217346	2.137000	19.480000
2049	-27.167346	2.139000	19.620000
2050	-27.127346	2.139000	19.670000
2051	-27.097346	2.141000	19.430000
2052	-27.057346	2.141000	19.470000
2053	-26.937346	2.143000	19.560000
2054	-26.777346	2.143000	19.600000
2055	-26.367346	2.145000	19.530000
2056	-26.337346	2.145000	19.570000
2057	-26.267346	2.147000	19.820000
2058	-26.167346	2.147000	19.470000
2059	-26.137346	2.149000	19.580000
2060	-26.087346	2.149000	19.670000
2061	-26.037346	2.150000	19.670000
2062	-25.947346	2.150000	19.770000
2063	-25.947346	2.152000	19.670000
2064	-25.837346	2.152000	19.610000
2065	-25.837346	2.154000	19.570000
2066	-25.757346	2.154000	19.640000
2067	-25.737346	2.156000	19.550000
2068	-25.697346	2.156000	19.700000
2069	-25.667346	2.158000	19.720000
2070	-25.637346	2.158000	19.560000
2071	-25.397346	2.158000	19.620000
2072	-25.267346	2.160000	19.820000
2073	-25.207346	2.162000	19.670000
2074	-24.927346	2.162000	19.550000
2075	-24.877346	2.164000	19.650000
2076	-24.677346	2.164000	19.850000
2077	-24.517346	2.166000	19.720000
2078	-24.507346	2.166000	19.590000
2079	-24.447346	2.166000	19.700000
2080	-24.407346	2.168000	19.680000
2081	-24.297346	2.172000	19.700000
2082	-24.227346	2.172000	19.780000
2083	-24.217346	2.172000	19.740000
2084	-24.217346	2.174000	19.670000
2085	-24.097346	2.176000	19.770000
2086	-24.087346	2.176000	19.890000
2087	-24.087346	2.178000	19.800000
2088	-24.057346	2.178000	19.660000
2089	-23.947346	2.180000	19.590000
2090	-23.867346	2.182000	19.650000
2091	-23.827346	2.182000	19.660000
2092	-23.787346	2.184000	19.690000
2093	-23.757346	2.184000	19.770000
2094	-23.587346	2.186000	19.680000
2095	-23.547346	2.186000	19.770000
2096	-23.517346	2.188000	19.800000
2097	-23.337346	2.188000	19.820000
2098	-23.267346	2.188000	19.840000
2099	-23.207346	2.190000	19.830000
2100	-23.157346	2.191000	19.670000
2101	-23.087346	2.190000	19.640000
2102	-23.057346	2.193000	19.740000
2103	-22.827346	2.193000	19.790000
2104	-22.767346	2.195000	19.780000
2105	-22.607346	2.195000	19.760000
2106	-22.597346	2.195000	19.740000
2107	-22.597346	2.197000	19.780000
2108	-22.287346	2.201000	19.720000
2109	-22.247346	2.199000	19.800000
2110	-22.087346	2.201000	19.870000
2111	-22.067346	2.203000	19.880000
2112	-22.017346	2.203000	19.840000
2113	-21.997346	2.203000	19.770000
2114	-21.967346	2.205000	19.980000
2115	-21.737346	2.207000	19.780000
2116	-21.687346	2.207000	19.770000
2117	-21.677346	2.209000	19.870000
2118	-21.577346	2.209000	19.880000
2119	-21.547346	2.211000	19.870000
2120	-21.437346	2.211000	19.830000
2121	-21.437346	2.211000	19.810000
2122	-21.387346	2.213000	19.840000
2123	-21.377346	2.215000	19.930000
2124	-21.367346	2.215000	19.850000
2125	-21.187346	2.217000	19.820000
2126	-21.137346	2.217000	19.830000
2127	-21.117346	2.219000	19.820000
2128	-20.937346	2.219000	19.900000
2129	-20.897346	2.219000	20.020000
2130	-20.847346	2.221000	19.820000
2131	-20.767346	2.223000	19.790000
2132	-20.687346	2.221000	19.850000
2133	-20.647346	2.225000	20.070000
2134	-20.537346	2.225000	20.080000
2135	-20.397346	2.227000	19.910000
2136	-20.397346	2.227000	19.790000
2137	-20.287346	2.227000	20.010000
2138	-20.197346	2.229000	20.080000
2139	-20.187346	2.231000	20.020000
2140	-20.127346	2.231000	20.000000
2141	-20.057346	2.232000	19.960000
2142	-19.807346	2.234000	20.020000
2143	-19.747346	2.234000	20.010000
2144	-19.697346	2.234000	19.920000
2145	-19.677346	2.236000	20.050000
2146	-19.517346	2.238000	20.110000
2147	-19.507346	2.238000	20.030000
2148	-19.497346	2.240000	20.120000
2149	-19.447346	2.240000	20.000000
2150	-19.427346	2.242000	19.970000
2151	-19.367346	2.244000	20.200000
2152	-19.367346	2.244000	20.120000
2153	-19.307346	2.246000	20.070000
2154	-19.007346	2.246000	19.970000
2155	-18.957346	2.248000	19.910000
2156	-18.937346	2.248000	20.020000
2157	-18.897346	2.250000	20.080000
2158	-18.877346	2.250000	20.040000
2159	-18.817346	2.252000	20.070000
2160	-18.817346	2.256000	20.050000
2161	-18.697346	2.256000	20.050000
2162	-18.657346	2.258000	20.130000
2163	-18.557346	2.258000	20.070000
2164	-18.477346	2.260000	20.250000
2165	-18.447346	2.260000	20.210000
2166	-18.207346	2.264000	20.130000
2167	-18.127346	2.264000	20.340000
2168	-17.947346	2.264000	20.140000
2169	-17.897346	2.266000	20.110000
2170	-17.887346	2.266000	20.100000
2171	-17.767346	2.268000	20.210000
2172	-17.727346	2.268000	20.020000
2173	-17.537346	2.270000	20.120000
2174	-17.537346	2.270000	20.150000
2175	-17.457346	2.272000	20.120000
2176	-17.377346	2.272000	20.180000
2177	-17.347346	2.273000	20.060000
2178	-17.307346	2.273000	20.320000
2179	-17.257346	2.275000	20.320000
2180	-17.227346	2.275000	20.000000
2181	-17.217346	2.277000	20.160000
2182	-17.137346	2.277000	20.260000
2183	-17.107346	2.279000	20.090000
2184	-17.087346	2.279000	20.160000
2185	-17.077346	2.281000	20.060000
2186	-16.647346	2.281000	20.350000
2187	-16.447346	2.283000	20.240000
2188	-16.447346	2.283000	20.170000
2189	-16.357346	2.285000	20.270000
2190	-16.357346	2.285000	20.200000
2191	-16.077346	2.287000	20.320000
2192	-16.057346	2.287000	20.210000
2193	-16.027346	2.289000	20.220000
2194	-16.017346	2.289000	20.360000
2195	-15.987346	2.291000	20.370000
2196	-15.947346	2.291000	20.270000
2197	-15.907346	2.293000	20.320000
2198	-15.887346	2.293000	20.280000
2199	-15.877346	2.295000	20.310000
2200	-15.827346	2.295000	20.170000
2201	-15.697346	2.297000	20.360000
2202	-15.627346	2.297000	20.310000
2203	-15.627346	2.299000	20.280000
2204	-15.587346	2.299000	20.350000
2205	-15.537346	2.301000	20.320000
2206	-15.417346	2.301000	20.210000
2207	-15.357346	2.303000	20.310000
2208	-15.337346	2.303000	20.160000
2209	-15.327346	2.305000	20.150000
2210	-15.287346	2.305000	20.200000
2211	-15.247346	2.307000	20.350000
2212	-15.217346	2.307000	20.210000
2213	-14.967346	2.309000	20.130000
2214	-14.927346	2.309000	20.310000
2215	-14.887346	2.311000	20.280000
2216	-14.827346	2.311000	20.420000
2217	-14.637346	2.313000	20.420000
2218	-14.487346	2.313000	20.450000
2219	-14.437346	2.315000	20.390000
2220	-14.237346	2.315000	20.240000
2221	-14.167346	2.315000	20.380000
2222	-14.107346	2.318000	20.460000
2223	-14.087346	2.318000	20.280000
2224	-14.017346	2.320000	20.360000
2225	-13.917346	2.320000	20.520000
2226	-13.917346	2.322000	20.370000
2227	-13.797346	2.322000	20.350000
2228	-13.667346	2.324000	20.430000
2229	-13.587346	2.324000	20.420000
2230	-13.527346	2.326000	20.580000
2231	-13.497346	2.328000	20.340000
2232	-13.457346	2.328000	20.430000
2233	-13.437346	2.330000	20.410000
2234	-13.427346	2.330000	20.400000
2235	-13.297346	2.332000	20.500000
2236	-13.287346	2.332000	20.400000
2237	-13.227346	2.334000	20.470000
2238	-13.147346	2.334000	20.440000
2239	-13.107346	2.336000	20.340000
2240	-13.077346	2.338000	20.420000
2241	-13.047346	2.340000	20.410000
2242	-12.957346	2.342000	20.400000
2243	-12.917346	2.342000	20.360000
2244	-12.737346	2.342000	20.620000
2245	-12.657346	2.344000	20.490000
2246	-12.617346	2.344000	20.490000
2247	-12.587346	2.344000	20.520000
2248	-12.397346	2.346000	20.560000
2249	-12.367346	2.346000	20.550000
2250	-12.257346	2.348000	20.570000
2251	-12.127346	2.350000	20.520000
2252	-12.077346	2.350000	20.600000
2253	-11.907346	2.352000	20.670000
2254	-11.897346	2.352000	20.530000
2255	-11.717346	2.352000	20.600000
2256	-11.597346	2.354000	20.610000
2257	-11.447346	2.356000	20.570000
2258	-11.437346	2.356000	20.600000
2259	-11.397346	2.357000	20.560000
2260	-11.367346	2.357000	20.630000
2261	-11.357346	2.359000	20.580000
2262	-11.277346	2.359000	20.640000
2263	-11.237346	2.359000	20.510000
2264	-11.237346	2.361000	20.620000
2265	-11.217346	2.363000	20.580000
2266	-11.097346	2.363000	20.610000
2267	-10.957346	2.365000	20.680000
2268	-10.817346	2.365000	20.600000
2269	-10.787346	2.367000	20.710000
2270	-10.677346	2.367000	20.520000
2271	-10.557346	2.369000	20.680000
2272	-10.467346	2.371000	20.640000
2273	-10.327346	2.371000	20.720000
2274	-10.307346	2.373000	20.580000
2275	-10.287346	2.373000	20.640000
2276	-10.097346	2.375000	20.460000
2277	-10.077346	2.375000	20.670000
2278	-9.977346	2.375000	20.680000
2279	-9.947346	2.377000	20.720000
2280	-9.947346	2.379000	20.730000
2281	-9.937346	2.379000	20.640000
2282	-9.917346	2.381000	20.630000
2283	-9.917346	2.381000	20.710000
2284	-9.897346	2.383000	20.720000
2285	-9.827346	2.383000	20.600000
2286	-9.817346	2.383000	20.640000
2287	-9.677346	2.385000	20.680000
2288	-9.647346	2.389000	20.560000
2289	-9.597346	2.389000	20.710000
2290	-9.587346	2.389000	20.550000
2291	-9.557346	2.389000	20.590000
2292	-9.527346	2.391000	20.570000
2293	-9.387346	2.391000	20.650000
2294	-8.957346	2.391000	20.860000
2295	-8.707346	2.393000	20.680000
2296	-8.677346	2.395000	20.710000
2297	-8.597346	2.395000	20.780000
2298	-8.557346	2.397000	20.790000
2299	-8.467346	2.397000	20.700000
2300	-8.387346	2.399000	20.850000
2301	-8.297346	2.399000	20.750000
2302	-8.287346	2.400000	20.750000
2303	-8.187346	2.402000	20.760000
2304	-8.187346	2.402000	20.740000
2305	-8.127346	2.404000	20.690000
2306	-8.047346	2.404000	20.730000
2307	-7.987346	2.406000	20.630000
2308	-7.947346	2.406000	20.670000
2309	-7.877346	2.406000	20.790000
2310	-7.787346	2.408000	20.810000
2311	-7.777346	2.410000	20.680000
2312	-7.727346	2.410000	20.760000
2313	-7.687346	2.412000	20.810000
2314	-7.437346	2.412000	20.840000
2315	-7.257346	2.414000	20.860000
2316	-7.227346	2.414000	20.770000
2317	-7.187346	2.414000	20.750000
2318	-7.107346	2.416000	20.730000
2319	-7.047346	2.418000	20.750000
2320	-6.987346	2.418000	20.710000
2321	-6.927346	2.418000	20.730000
2322	-6.857346	2.422000	20.940000
2323	-6.857346	2.424000	20.710000
2324	-6.607346	2.424000	20.920000
2325	-6.577346	2.426000	20.790000
2326	-6.567346	2.426000	20.820000
2327	-6.387346	2.428000	20.840000
2328	-6.157346	2.428000	20.950000
2329	-6.137346	2.430000	20.840000
2330	-6.067346	2.430000	20.860000
2331	-5.957346	2.432000	20.880000
2332	-5.947346	2.432000	20.870000
2333	-5.867346	2.436000	21.050000
2334	-5.807346	2.436000	20.890000
2335	-5.797346	2.436000	20.950000
2336	-5.717346	2.438000	20.820000
2337	-5.617346	2.438000	20.920000
2338	-5.597346	2.440000	20.840000
2339	-5.557346	2.440000	20.880000
2340	-5.477346	2.441000	20.830000
2341	-5.437346	2.441000	20.950000
2342	-5.417346	2.443000	20.980000
2343	-5.407346	2.443000	20.930000
2344	-5.167346	2.445000	21.190000
2345	-5.127346	2.445000	21.080000
2346	-5.097346	2.447000	21.000000
2347	-5.087346	2.447000	21.130000
2348	-5.057346	2.449000	21.040000
2349	-4.997346	2.449000	21.020000
2350	-4.907346	2.451000	20.860000
2351	-4.907346	2.451000	20.740000
2352	-4.827346	2.453000	21.030000
2353	-4.827346	2.453000	20.980000
2354	-4.797346	2.455000	21.050000
2355	-4.787346	2.455000	20.980000
2356	-4.787346	2.457000	21.000000
2357	-4.707346	2.457000	21.180000
2358	-4.607346	2.459000	21.000000
2359	-4.597346	2.459000	21.150000
2360	-4.557346	2.461000	21.070000
2361	-4.557346	2.461000	21.010000
2362	-4.547346	2.463000	21.010000
2363	-4.537346	2.463000	20.940000
2364	-4.507346	2.465000	21.030000
2365	-4.397346	2.465000	20.940000
2366	-4.187346	2.467000	20.980000
2367	-4.177346	2.467000	21.090000
2368	-4.057346	2.469000	20.980000
2369	-4.037346	2.469000	21.190000
2370	-3.987346	2.471000	21.060000
2371	-3.987346	2.471000	21.030000
2372	-3.837346	2.473000	21.060000
2373	-3.827346	2.475000	21.090000
2374	-3.747346	2.475000	21.130000
2375	-3.747346	2.477000	21.090000
2376	-3.597346	2.477000	21.150000
2377	-3.507346	2.479000	21.040000
2378	-3.337346	2.479000	21.110000
2379	-3.267346	2.481000	21.210000
2380	-3.157346	2.481000	20.950000
2381	-3.117346	2.482000	21.120000
2382	-3.067346	2.482000	21.070000
2383	-3.017346	2.484000	21.020000
2384	-2.957346	2.484000	21.110000
2385	-2.747346	2.486000	21.040000
2386	-2.647346	2.486000	21.080000
2387	-2.627346	2.488000	21.040000
2388	-2.577346	2.488000	21.190000
2389	-2.287346	2.490000	21.370000
2390	-2.187346	2.490000	21.200000
2391	-2.117346	2.492000	21.180000
2392	-2.097346	2.492000	21.130000
2393	-2.027346	2.494000	21.180000
2394	-1.967346	2.494000	21.090000
2395	-1.917346	2.498000	21.180000
2396	-1.767346	2.496000	21.260000
2397	-1.677346	2.498000	21.160000
2398	-1.617346	2.498000	21.140000
2399	-1.617346	2.500000	21.110000
2400	-1.347346	2.500000	21.190000
2401	-1.347346	2.504000	21.120000
2402	-1.347346	2.504000	21.150000
2403	-1.287346	2.506000	21.110000
2404	-1.287346	2.506000	21.120000
2405	-1.227346	2.508000	21.130000
2406	-1.117346	2.508000	21.410000
2407	-1.107346	2.508000	21.310000
2408	-1.077346	2.510000	21.130000
2409	-1.027346	2.512000	21.210000
2410	-1.017346	2.512000	21.200000
2411	-0.997346	2.514000	21.160000
2412	-0.997346	2.514000	21.150000
2413	-0.877346	2.516000	21.310000
2414	-0.837346	2.516000	21.180000
2415	-0.817346	2.518000	21.010000
2416	-0.787346	2.518000	21.100000
2417	-0.677346	2.520000	21.250000
2418	-0.667346	2.520000	21.090000
2419	-0.637346	2.522000	21.280000
2420	-0.527346	2.522000	21.240000
2421	-0.467346	2.523000	21.290000
2422	-0.437346	2.523000	21.190000
2423	-0.407346	2.523000	21.210000
2424	-0.407346	2.525000	21.370000
2425	-0.397346	2.529000	21.450000
2426	-0.337346	2.529000	21.240000
2427	-0.327346	2.529000	21.250000
2428	-0.197346	2.531000	21.280000
2429	-0.167346	2.531000	21.260000
2430	-0.107346	2.531000	21.140000
2431	-0.077346	2.533000	21.240000
2432	0.192654	2.535000	21.200000
2433	0.192654	2.533000	21.300000
2434	0.232654	2.537000	21.330000
2435	0.302654	2.539000	21.210000
2436	0.302654	2.539000	21.330000
2437	0.362654	2.539000	21.370000
2438	0.542654	2.541000	21.340000
2439	0.862654	2.543000	21.370000
2440	0.982654	2.543000	21.320000
2441	1.012654	2.545000	21.210000
2442	1.102654	2.545000	21.220000
2443	1.312654	2.547000	21.250000
2444	1.342654	2.549000	21.230000
2445	1.432654	2.549000	21.340000
2446	1.492654	2.551000	21.490000
2447	1.662654	2.551000	21.300000
2448	1.662654	2.553000	21.210000
2449	1.702654	2.553000	21.330000
2450	1.872654	2.555000	21.360000
2451	1.872654	2.555000	21.330000
2452	1.932654	2.555000	21.310000
2453	1.962654	2.557000	21.130000
2454	1.992654	2.559000	21.280000
2455	2.172654	2.559000	21.310000
2456	2.172654	2.561000	21.300000
2457	2.232654	2.561000	21.250000
2458	2.262654	2.563000	21.270000
2459	2.502654	2.563000	21.260000
2460	2.532654	2.565000	21.340000
2461	2.532654	2.565000	21.350000
2462	2.552654	2.565000	21.410000
2463	2.552654	2.566000	21.590000
2464	2.732654	2.568000	21.390000
2465	2.802654	2.568000	21.280000
2466	2.962654	2.570000	21.460000
2467	3.062654	2.570000	21.380000
2468	3.142654	2.570000	21.390000
2469	3.152654	2.572000	21.440000
2470	3.502654	2.576000	21.490000
2471	3.502654	2.576000	21.440000
2472	3.612654	2.576000	21.470000
2473	3.622654	2.576000	21.500000
2474	3.682654	2.578000	21.250000
2475	3.732654	2.578000	21.380000
2476	3.762654	2.580000	21.480000
2477	4.062654	2.582000	21.450000
2478	4.282654	2.582000	21.550000
2479	4.462654	2.584000	21.350000
2480	5.152654	2.584000	21.370000
2481	5.192654	2.588000	21.430000
