1	-186.999406	0.000000	9.900000
2	-186.399406	0.002000	9.890000
3	-186.299406	0.003000	9.600000
4	-185.939406	0.003000	9.390000
5	-185.599406	0.003000	9.540000
6	-185.579406	0.005000	9.780000
7	-185.549406	0.005000	9.920000
8	-185.539406	0.007000	9.630000
9	-185.509406	0.007000	10.270000
10	-185.379406	0.009000	9.770000
11	-185.319406	0.011000	9.770000
12	-185.309406	0.011000	9.490000
13	-185.299406	0.011000	9.780000
14	-185.259406	0.013000	9.530000
15	-185.189406	0.013000	9.760000
16	-185.069406	0.015000	9.790000
17	-185.049406	0.017000	9.550000
18	-185.019406	0.017000	9.720000
19	-184.979406	0.019000	9.850000
20	-184.899406	0.019000	9.810000
21	-184.869406	0.019000	9.500000
22	-184.839406	0.021000	9.590000
23	-184.759406	0.021000	9.580000
24	-184.759406	0.023000	9.470000
25	-184.439406	0.025000	9.620000
26	-184.429406	0.025000	10.030000
27	-184.329406	0.027000	9.500000
28	-184.319406	0.027000	9.670000
29	-184.279406	0.027000	9.880000
30	-184.049406	0.029000	9.590000
31	-183.989406	0.031000	9.730000
32	-183.849406	0.031000	9.780000
33	-183.809406	0.031000	9.590000
34	-183.769406	0.035000	9.940000
35	-183.719406	0.035000	9.420000
36	-183.599406	0.035000	9.700000
37	-183.519406	0.037000	10.440000
38	-183.109406	0.037000	9.880000
39	-182.919406	0.039000	9.910000
40	-182.839406	0.041000	10.050000
41	-182.549406	0.041000	9.790000
42	-182.519406	0.043000	9.600000
43	-182.449406	0.043000	9.830000
44	-182.439406	0.045000	9.690000
45	-182.369406	0.045000	9.810000
46	-182.359406	0.045000	10.140000
47	-182.309406	0.046000	10.220000
48	-182.269406	0.048000	9.910000
49	-181.999406	0.048000	9.760000
50	-181.959406	0.050000	10.430000
51	-181.949406	0.050000	9.730000
52	-181.939406	0.050000	10.070000
53	-181.939406	0.052000	9.870000
54	-181.849406	0.054000	9.900000
55	-181.809406	0.056000	10.080000
56	-181.749406	0.056000	10.100000
57	-181.729406	0.058000	10.450000
58	-181.709406	0.058000	9.940000
59	-181.649406	0.058000	10.490000
60	-181.639406	0.060000	10.580000
61	-181.599406	0.062000	10.480000
62	-181.589406	0.062000	9.850000
63	-181.579406	0.066000	9.900000
64	-181.519406	0.066000	9.840000
65	-181.429406	0.068000	9.630000
66	-181.389406	0.068000	10.100000
67	-180.909406	0.070000	9.780000
68	-180.849406	0.072000	10.030000
69	-180.769406	0.072000	9.920000
70	-180.639406	0.072000	9.750000
71	-180.619406	0.074000	9.930000
72	-180.319406	0.076000	10.180000
73	-180.289406	0.076000	9.970000
74	-180.149406	0.078000	9.840000
75	-180.059406	0.082000	9.950000
76	-180.049406	0.082000	9.920000
77	-179.999406	0.082000	10.160000
78	-179.979406	0.082000	9.950000
79	-179.969406	0.084000	9.660000
80	-179.879406	0.084000	9.890000
81	-179.879406	0.084000	9.880000
82	-179.819406	0.086000	9.960000
83	-179.699406	0.087000	9.890000
84	-179.509406	0.087000	9.970000
85	-179.419406	0.089000	10.060000
86	-179.369406	0.091000	10.040000
87	-179.149406	0.091000	9.890000
88	-179.149406	0.091000	10.000000
89	-179.139406	0.093000	10.030000
90	-179.129406	0.095000	9.860000
91	-179.049406	0.095000	10.300000
92	-178.999406	0.097000	10.020000
93	-178.839406	0.097000	10.040000
94	-178.719406	0.097000	9.980000
95	-178.709406	0.099000	10.000000
96	-178.599406	0.099000	9.870000
97	-178.509406	0.101000	10.010000
98	-178.399406	0.103000	9.980000
99	-178.349406	0.103000	10.160000
100	-178.159406	0.103000	10.120000
101	-178.139406	0.105000	9.950000
102	-178.129406	0.105000	10.180000
103	-178.119406	0.107000	10.080000
104	-178.039406	0.107000	9.920000
105	-178.009406	0.109000	9.930000
106	-177.949406	0.111000	10.290000
107	-177.909406	0.111000	9.990000
108	-177.899406	0.113000	10.030000
109	-177.809406	0.113000	9.950000
110	-177.769406	0.115000	10.580000
111	-177.669406	0.115000	10.170000
112	-177.639406	0.115000	10.120000
113	-177.489406	0.117000	10.300000
114	-177.299406	0.119000	9.970000
115	-177.289406	0.119000	10.110000
116	-177.109406	0.119000	10.330000
117	-176.999406	0.121000	9.950000
118	-176.909406	0.123000	10.090000
119	-176.759406	0.123000	10.170000
120	-176.699406	0.125000	10.190000
121	-176.549406	0.125000	10.150000
122	-176.469406	0.125000	9.870000
123	-176.459406	0.128000	10.130000
124	-176.399406	0.128000	10.280000
125	-176.309406	0.128000	10.380000
126	-176.239406	0.130000	10.510000
127	-176.169406	0.130000	10.340000
128	-176.159406	0.132000	10.290000
129	-176.079406	0.134000	10.250000
130	-176.059406	0.134000	10.670000
131	-176.009406	0.134000	10.410000
132	-175.939406	0.136000	10.160000
133	-175.879406	0.138000	10.180000
134	-175.849406	0.138000	10.790000
135	-175.839406	0.138000	10.290000
136	-175.829406	0.140000	10.490000
137	-175.699406	0.142000	10.370000
138	-175.559406	0.142000	10.340000
139	-175.539406	0.144000	10.410000
140	-175.499406	0.144000	10.310000
141	-175.379406	0.144000	10.140000
142	-175.329406	0.148000	10.260000
143	-175.209406	0.150000	10.830000
144	-175.159406	0.152000	10.340000
145	-175.119406	0.152000	10.410000
146	-174.969406	0.154000	10.060000
147	-174.829406	0.154000	10.390000
148	-174.479406	0.154000	10.500000
149	-174.429406	0.156000	10.670000
150	-174.369406	0.156000	10.300000
151	-174.159406	0.158000	10.610000
152	-173.979406	0.158000	10.160000
153	-173.969406	0.160000	10.230000
154	-173.899406	0.160000	10.450000
155	-173.729406	0.162000	10.420000
156	-173.679406	0.162000	10.460000
157	-173.629406	0.164000	10.370000
158	-173.529406	0.166000	10.350000
159	-173.489406	0.166000	10.270000
160	-173.379406	0.168000	10.190000
161	-173.369406	0.168000	10.390000
162	-173.339406	0.169000	10.350000
163	-173.209406	0.169000	10.470000
164	-173.159406	0.171000	10.270000
165	-173.159406	0.171000	10.320000
166	-173.089406	0.175000	10.480000
167	-173.069406	0.175000	10.590000
168	-173.059406	0.175000	10.310000
169	-173.039406	0.177000	10.360000
170	-173.019406	0.177000	10.310000
171	-172.649406	0.177000	10.370000
172	-172.459406	0.179000	10.260000
173	-172.219406	0.181000	10.440000
174	-172.129406	0.181000	10.620000
175	-172.039406	0.183000	10.570000
176	-171.969406	0.183000	10.630000
177	-171.919406	0.183000	10.270000
178	-171.809406	0.185000	10.290000
179	-171.789406	0.185000	10.470000
180	-171.649406	0.187000	10.730000
181	-171.619406	0.189000	10.570000
182	-171.559406	0.191000	10.420000
183	-171.559406	0.191000	10.320000
184	-171.449406	0.191000	10.470000
185	-171.369406	0.193000	10.600000
186	-171.269406	0.193000	10.700000
187	-170.989406	0.195000	10.690000
188	-170.889406	0.197000	10.600000
189	-170.819406	0.197000	10.530000
190	-170.809406	0.199000	10.690000
191	-170.789406	0.199000	10.370000
192	-170.679406	0.201000	10.570000
193	-170.619406	0.201000	10.490000
194	-170.589406	0.203000	10.750000
195	-170.359406	0.205000	10.580000
196	-170.349406	0.205000	10.570000
197	-170.309406	0.207000	10.660000
198	-170.289406	0.207000	11.010000
199	-170.289406	0.209000	10.520000
200	-170.159406	0.209000	10.650000
201	-170.059406	0.209000	10.590000
202	-169.949406	0.211000	10.790000
203	-169.879406	0.212000	10.470000
204	-169.739406	0.212000	10.730000
205	-169.739406	0.214000	10.640000
206	-169.609406	0.214000	10.680000
207	-169.559406	0.214000	10.720000
208	-169.539406	0.216000	10.530000
209	-169.499406	0.216000	10.690000
210	-169.459406	0.218000	10.660000
211	-169.419406	0.218000	10.610000
212	-169.399406	0.222000	10.730000
213	-169.319406	0.222000	10.800000
214	-169.289406	0.222000	10.670000
215	-169.229406	0.224000	10.820000
216	-169.229406	0.224000	10.840000
217	-169.179406	0.226000	10.610000
218	-169.109406	0.228000	10.710000
219	-169.089406	0.228000	10.750000
220	-169.029406	0.230000	10.780000
221	-169.029406	0.230000	10.650000
222	-168.999406	0.232000	10.680000
223	-168.999406	0.234000	10.650000
224	-168.709406	0.236000	10.640000
225	-168.689406	0.236000	10.650000
226	-168.669406	0.238000	10.800000
227	-168.659406	0.238000	10.640000
228	-168.449406	0.238000	10.950000
229	-168.419406	0.240000	10.830000
230	-168.319406	0.240000	10.780000
231	-168.269406	0.242000	10.600000
232	-168.149406	0.244000	11.230000
233	-168.099406	0.244000	10.830000
234	-168.039406	0.244000	10.620000
235	-167.769406	0.246000	10.710000
236	-167.429406	0.248000	10.690000
237	-167.269406	0.248000	11.110000
238	-167.259406	0.248000	10.790000
239	-167.259406	0.250000	10.850000
240	-167.209406	0.252000	10.830000
241	-167.199406	0.253000	10.870000
242	-167.179406	0.252000	10.900000
243	-167.019406	0.253000	10.630000
244	-167.009406	0.253000	10.730000
245	-166.959406	0.255000	11.200000
246	-166.759406	0.255000	10.660000
247	-166.719406	0.257000	10.790000
248	-166.699406	0.259000	10.920000
249	-166.669406	0.259000	11.040000
250	-166.509406	0.259000	10.840000
251	-166.499406	0.261000	11.020000
252	-166.439406	0.261000	10.920000
253	-166.359406	0.263000	11.120000
254	-166.339406	0.263000	10.900000
255	-166.219406	0.265000	11.110000
256	-166.189406	0.267000	11.230000
257	-166.069406	0.267000	11.260000
258	-166.069406	0.269000	11.030000
259	-165.789406	0.269000	10.910000
260	-165.729406	0.269000	11.070000
261	-165.689406	0.271000	10.970000
262	-165.569406	0.271000	10.930000
263	-165.489406	0.273000	10.910000
264	-165.429406	0.275000	10.930000
265	-165.399406	0.275000	11.050000
266	-165.209406	0.277000	11.290000
267	-165.179406	0.279000	11.030000
268	-165.169406	0.279000	11.030000
269	-165.119406	0.279000	11.090000
270	-165.109406	0.281000	10.930000
271	-165.089406	0.283000	11.170000
272	-165.059406	0.283000	11.020000
273	-165.059406	0.283000	11.070000
274	-164.959406	0.285000	10.950000
275	-164.929406	0.285000	11.090000
276	-164.899406	0.287000	11.040000
277	-164.859406	0.287000	11.180000
278	-164.719406	0.289000	10.910000
279	-164.429406	0.291000	10.950000
280	-164.429406	0.291000	10.900000
281	-164.179406	0.291000	11.190000
282	-164.139406	0.293000	10.970000
283	-164.119406	0.293000	10.930000
284	-164.099406	0.295000	11.210000
285	-164.009406	0.295000	11.020000
286	-163.649406	0.296000	11.040000
287	-163.469406	0.298000	11.260000
288	-163.429406	0.298000	10.920000
289	-163.399406	0.300000	10.990000
290	-163.359406	0.300000	11.030000
291	-163.359406	0.300000	10.920000
292	-163.299406	0.302000	11.440000
293	-162.899406	0.302000	11.130000
294	-162.579406	0.304000	11.090000
295	-162.499406	0.306000	11.190000
296	-162.399406	0.306000	11.150000
297	-162.389406	0.306000	11.210000
298	-162.349406	0.308000	11.310000
299	-162.309406	0.310000	11.100000
300	-162.299406	0.310000	11.350000
301	-162.289406	0.310000	11.310000
302	-162.219406	0.312000	11.310000
303	-162.199406	0.312000	11.120000
304	-162.169406	0.316000	11.210000
305	-162.069406	0.318000	11.000000
306	-162.049406	0.318000	11.120000
307	-161.989406	0.320000	11.470000
308	-161.919406	0.322000	11.180000
309	-161.879406	0.322000	11.120000
310	-161.839406	0.324000	11.230000
311	-161.719406	0.324000	11.300000
312	-161.689406	0.324000	11.030000
313	-161.659406	0.326000	11.220000
314	-161.569406	0.326000	11.070000
315	-161.539406	0.328000	11.250000
316	-161.389406	0.330000	11.400000
317	-161.389406	0.330000	11.250000
318	-161.259406	0.332000	11.140000
319	-161.059406	0.332000	11.170000
320	-160.999406	0.332000	11.100000
321	-160.629406	0.334000	11.310000
322	-160.619406	0.334000	11.350000
323	-160.579406	0.336000	11.530000
324	-160.569406	0.336000	11.150000
325	-160.149406	0.339000	11.150000
326	-160.039406	0.339000	11.330000
327	-160.029406	0.339000	11.170000
328	-160.009406	0.341000	11.300000
329	-159.869406	0.341000	11.400000
330	-159.809406	0.343000	11.300000
331	-159.799406	0.345000	11.330000
332	-159.719406	0.345000	11.360000
333	-159.699406	0.345000	11.430000
334	-159.599406	0.347000	11.300000
335	-159.519406	0.349000	11.400000
336	-159.459406	0.349000	11.390000
337	-159.429406	0.349000	11.460000
338	-159.299406	0.351000	11.350000
339	-159.199406	0.353000	11.430000
340	-159.189406	0.353000	11.310000
341	-159.179406	0.355000	11.580000
342	-159.019406	0.355000	11.420000
343	-159.019406	0.355000	11.480000
344	-158.979406	0.357000	11.400000
345	-158.939406	0.359000	11.330000
346	-158.929406	0.359000	11.520000
347	-158.789406	0.361000	11.430000
348	-158.729406	0.361000	11.390000
349	-158.659406	0.363000	11.400000
350	-158.609406	0.363000	11.350000
351	-158.569406	0.363000	11.450000
352	-158.549406	0.365000	11.420000
353	-158.499406	0.365000	11.460000
354	-158.489406	0.367000	11.440000
355	-158.459406	0.367000	11.450000
356	-158.439406	0.371000	11.250000
357	-158.269406	0.371000	11.390000
358	-158.159406	0.371000	11.530000
359	-158.159406	0.373000	11.490000
360	-158.139406	0.373000	11.380000
361	-158.099406	0.375000	11.540000
362	-158.039406	0.377000	11.350000
363	-157.999406	0.377000	11.420000
364	-157.979406	0.377000	11.430000
365	-157.979406	0.378000	11.440000
366	-157.909406	0.378000	11.540000
367	-157.639406	0.380000	11.380000
368	-157.639406	0.380000	11.670000
369	-157.579406	0.382000	11.740000
370	-157.409406	0.384000	11.370000
371	-157.399406	0.384000	11.620000
372	-157.089406	0.386000	11.470000
373	-156.979406	0.386000	11.440000
374	-156.799406	0.386000	11.510000
375	-156.609406	0.388000	11.520000
376	-156.309406	0.388000	11.570000
377	-156.129406	0.390000	11.660000
378	-156.129406	0.392000	11.810000
379	-156.079406	0.392000	11.560000
380	-155.999406	0.394000	11.580000
381	-155.889406	0.394000	11.570000
382	-155.869406	0.394000	11.510000
383	-155.729406	0.396000	11.470000
384	-155.719406	0.398000	11.490000
385	-155.699406	0.402000	11.650000
386	-155.659406	0.402000	11.900000
387	-155.409406	0.404000	11.620000
388	-155.399406	0.404000	11.670000
389	-155.399406	0.404000	11.570000
390	-155.369406	0.406000	11.530000
391	-155.159406	0.408000	11.650000
392	-155.119406	0.408000	11.770000
393	-155.089406	0.410000	11.790000
394	-155.049406	0.412000	11.790000
395	-155.049406	0.412000	11.780000
396	-154.969406	0.412000	11.730000
397	-154.949406	0.414000	11.830000
398	-154.809406	0.416000	11.580000
399	-154.789406	0.416000	11.880000
400	-154.699406	0.418000	11.560000
401	-154.629406	0.418000	11.590000
402	-154.619406	0.419000	11.470000
403	-154.609406	0.419000	11.180000
404	-154.559406	0.419000	11.620000
405	-154.489406	0.421000	11.650000
406	-154.449406	0.423000	11.650000
407	-154.449406	0.423000	11.470000
408	-154.439406	0.425000	11.690000
409	-154.249406	0.425000	11.590000
410	-154.169406	0.425000	11.750000
411	-154.099406	0.427000	11.870000
412	-154.089406	0.427000	11.760000
413	-154.079406	0.429000	11.800000
414	-154.079406	0.431000	11.610000
415	-153.989406	0.431000	11.660000
416	-153.979406	0.431000	11.630000
417	-153.969406	0.433000	11.900000
418	-153.939406	0.435000	11.700000
419	-153.919406	0.435000	11.870000
420	-153.889406	0.435000	11.930000
421	-153.849406	0.437000	11.740000
422	-153.359406	0.439000	12.010000
423	-153.049406	0.439000	11.950000
424	-153.029406	0.439000	11.830000
425	-152.859406	0.441000	11.440000
426	-152.799406	0.443000	11.770000
427	-152.729406	0.443000	11.750000
428	-152.589406	0.443000	11.700000
429	-152.579406	0.445000	11.870000
430	-152.539406	0.447000	11.990000
431	-152.519406	0.447000	11.740000
432	-152.499406	0.447000	12.020000
433	-152.489406	0.449000	11.810000
434	-152.339406	0.451000	11.860000
435	-152.289406	0.451000	11.700000
436	-152.169406	0.453000	11.610000
437	-152.169406	0.453000	11.660000
438	-152.039406	0.455000	11.840000
439	-151.979406	0.455000	11.980000
440	-151.909406	0.457000	11.870000
441	-151.779406	0.457000	11.900000
442	-151.759406	0.457000	11.780000
443	-151.749406	0.459000	11.720000
444	-151.489406	0.459000	11.860000
445	-151.489406	0.461000	12.040000
446	-151.329406	0.462000	11.840000
447	-151.139406	0.462000	12.060000
448	-151.079406	0.462000	11.980000
449	-150.999406	0.464000	11.840000
450	-150.899406	0.466000	11.810000
451	-150.869406	0.466000	11.990000
452	-150.839406	0.466000	11.930000
453	-150.839406	0.468000	11.880000
454	-150.819406	0.470000	11.840000
455	-150.709406	0.472000	11.780000
456	-150.699406	0.470000	11.900000
457	-150.629406	0.472000	12.120000
458	-150.579406	0.472000	12.100000
459	-150.549406	0.474000	11.930000
460	-150.529406	0.474000	11.940000
461	-150.319406	0.476000	12.190000
462	-150.299406	0.478000	12.070000
463	-150.289406	0.478000	11.920000
464	-150.079406	0.478000	12.100000
465	-150.079406	0.480000	11.860000
466	-150.039406	0.480000	11.840000
467	-149.859406	0.484000	12.170000
468	-149.789406	0.486000	12.060000
469	-149.779406	0.488000	12.030000
470	-149.759406	0.488000	12.110000
471	-149.519406	0.488000	12.150000
472	-149.479406	0.490000	12.190000
473	-149.449406	0.490000	12.100000
474	-149.369406	0.492000	12.000000
475	-149.349406	0.494000	12.120000
476	-149.319406	0.494000	12.040000
477	-148.949406	0.496000	12.180000
478	-148.909406	0.496000	12.020000
479	-148.849406	0.496000	12.050000
480	-148.839406	0.498000	11.980000
481	-148.809406	0.498000	12.000000
482	-148.749406	0.500000	11.940000
483	-148.699406	0.502000	12.000000
484	-148.609406	0.502000	11.910000
485	-148.579406	0.503000	12.210000
486	-148.379406	0.505000	11.950000
487	-148.119406	0.505000	12.230000
488	-148.039406	0.505000	12.120000
489	-148.009406	0.507000	12.200000
490	-147.969406	0.509000	12.100000
491	-147.939406	0.509000	12.170000
492	-147.909406	0.511000	12.440000
493	-147.759406	0.511000	12.120000
494	-147.739406	0.511000	12.180000
495	-147.699406	0.513000	12.300000
496	-147.599406	0.513000	12.170000
497	-147.569406	0.515000	12.310000
498	-147.449406	0.517000	12.300000
499	-147.439406	0.517000	12.270000
500	-147.429406	0.519000	12.140000
501	-147.369406	0.519000	12.120000
502	-147.339406	0.519000	12.250000
503	-147.239406	0.521000	12.440000
504	-147.199406	0.523000	12.110000
505	-147.179406	0.523000	12.420000
506	-147.149406	0.523000	12.260000
507	-147.039406	0.525000	12.530000
508	-146.999406	0.527000	12.630000
509	-146.999406	0.527000	12.320000
510	-146.819406	0.527000	12.250000
511	-146.729406	0.529000	12.370000
512	-146.659406	0.529000	12.210000
513	-146.619406	0.531000	12.310000
514	-146.609406	0.533000	12.350000
515	-146.509406	0.533000	12.350000
516	-146.419406	0.533000	12.280000
517	-146.309406	0.537000	12.310000
518	-146.299406	0.537000	12.440000
519	-146.299406	0.537000	12.450000
520	-146.219406	0.539000	12.410000
521	-146.209406	0.541000	12.380000
522	-146.169406	0.541000	12.510000
523	-146.099406	0.543000	12.790000
524	-145.809406	0.543000	12.410000
525	-145.679406	0.543000	12.390000
526	-145.629406	0.545000	12.310000
527	-145.539406	0.545000	12.390000
528	-145.429406	0.546000	12.130000
529	-145.409406	0.548000	12.470000
530	-145.329406	0.548000	12.210000
531	-145.299406	0.550000	12.480000
532	-145.279406	0.550000	12.350000
533	-145.219406	0.550000	12.570000
534	-145.139406	0.552000	12.340000
535	-145.079406	0.552000	12.320000
536	-145.049406	0.554000	12.530000
537	-145.019406	0.556000	12.210000
538	-144.649406	0.558000	12.360000
539	-144.549406	0.558000	12.530000
540	-144.549406	0.558000	12.340000
541	-144.289406	0.560000	12.440000
542	-144.099406	0.560000	12.530000
543	-144.079406	0.562000	12.460000
544	-143.969406	0.564000	12.530000
545	-143.959406	0.564000	12.560000
546	-143.929406	0.566000	12.330000
547	-143.899406	0.568000	12.430000
548	-143.879406	0.568000	12.500000
549	-143.769406	0.570000	12.420000
550	-143.759406	0.572000	12.300000
551	-143.749406	0.572000	12.460000
552	-143.579406	0.572000	12.530000
553	-143.489406	0.574000	12.470000
554	-143.439406	0.576000	12.340000
555	-143.399406	0.576000	12.430000
556	-143.339406	0.576000	12.620000
557	-143.229406	0.580000	12.620000
558	-143.129406	0.580000	12.610000
559	-143.129406	0.582000	12.550000
560	-143.069406	0.582000	12.660000
561	-142.889406	0.582000	12.600000
562	-142.719406	0.584000	12.510000
563	-142.689406	0.584000	12.490000
564	-142.599406	0.586000	12.510000
565	-142.589406	0.586000	12.510000
566	-142.579406	0.587000	12.670000
567	-142.449406	0.589000	12.560000
568	-142.149406	0.589000	12.640000
569	-142.119406	0.591000	12.470000
570	-142.039406	0.591000	12.670000
571	-141.909406	0.591000	12.660000
572	-141.879406	0.593000	12.530000
573	-141.689406	0.595000	12.400000
574	-141.439406	0.595000	12.680000
575	-141.429406	0.597000	12.600000
576	-141.409406	0.597000	12.860000
577	-141.329406	0.599000	12.480000
578	-141.239406	0.599000	12.410000
579	-141.199406	0.599000	12.640000
580	-141.149406	0.601000	12.780000
581	-141.119406	0.603000	12.840000
582	-141.049406	0.603000	12.570000
583	-141.049406	0.603000	12.680000
584	-141.009406	0.605000	12.820000
585	-141.009406	0.607000	12.680000
586	-140.969406	0.607000	12.690000
587	-140.869406	0.607000	12.810000
588	-140.829406	0.609000	12.650000
589	-140.779406	0.611000	12.690000
590	-140.769406	0.611000	12.710000
591	-140.479406	0.613000	12.710000
592	-140.429406	0.613000	12.660000
593	-140.369406	0.613000	12.650000
594	-140.349406	0.615000	12.630000
595	-140.309406	0.615000	12.650000
596	-140.279406	0.617000	12.800000
597	-140.189406	0.617000	12.890000
598	-140.099406	0.619000	12.780000
599	-139.949406	0.621000	12.730000
600	-139.869406	0.623000	12.870000
601	-139.789406	0.623000	12.710000
602	-139.539406	0.623000	12.680000
603	-139.509406	0.625000	12.650000
604	-139.449406	0.627000	12.670000
605	-139.269406	0.627000	12.820000
606	-139.089406	0.628000	12.730000
607	-139.079406	0.628000	12.760000
608	-138.969406	0.630000	12.790000
609	-138.839406	0.630000	12.780000
610	-138.779406	0.630000	12.920000
611	-138.669406	0.632000	13.050000
612	-138.619406	0.634000	12.860000
613	-138.599406	0.634000	12.810000
614	-138.559406	0.634000	12.610000
615	-138.469406	0.636000	12.830000
616	-138.419406	0.638000	12.750000
617	-138.389406	0.638000	12.990000
618	-138.329406	0.640000	12.800000
619	-138.319406	0.642000	12.990000
620	-138.259406	0.642000	12.770000
621	-138.239406	0.644000	12.660000
622	-138.109406	0.644000	12.840000
623	-137.999406	0.644000	13.050000
624	-137.979406	0.646000	12.720000
625	-137.889406	0.648000	12.700000
626	-137.629406	0.650000	13.170000
627	-137.599406	0.650000	12.960000
628	-137.599406	0.652000	13.050000
629	-137.419406	0.652000	12.880000
630	-137.299406	0.654000	12.840000
631	-137.279406	0.654000	13.060000
632	-137.219406	0.656000	12.950000
633	-137.189406	0.658000	13.030000
634	-137.149406	0.658000	13.130000
635	-137.099406	0.660000	13.090000
636	-137.049406	0.660000	12.850000
637	-136.989406	0.660000	13.080000
638	-136.939406	0.662000	13.010000
639	-136.719406	0.664000	12.870000
640	-136.679406	0.666000	12.910000
641	-136.539406	0.666000	13.110000
642	-136.479406	0.668000	12.930000
643	-136.459406	0.668000	13.150000
644	-136.409406	0.668000	12.830000
645	-136.409406	0.669000	13.000000
646	-136.069406	0.669000	13.090000
647	-136.009406	0.671000	13.100000
648	-136.009406	0.673000	13.060000
649	-135.979406	0.673000	13.090000
650	-135.919406	0.675000	13.070000
651	-135.879406	0.675000	12.950000
652	-135.829406	0.675000	13.010000
653	-135.829406	0.677000	13.170000
654	-135.829406	0.677000	13.170000
655	-135.559406	0.679000	12.880000
656	-135.449406	0.681000	13.100000
657	-135.389406	0.681000	13.010000
658	-135.329406	0.681000	13.030000
659	-135.269406	0.683000	13.130000
660	-135.189406	0.683000	13.040000
661	-135.189406	0.685000	13.200000
662	-135.059406	0.685000	13.240000
663	-134.929406	0.687000	13.190000
664	-134.869406	0.689000	13.050000
665	-134.839406	0.689000	13.210000
666	-134.769406	0.691000	13.320000
667	-134.749406	0.691000	13.080000
668	-134.749406	0.691000	13.000000
669	-134.689406	0.693000	13.190000
670	-134.509406	0.693000	13.270000
671	-134.459406	0.695000	13.340000
672	-134.209406	0.697000	13.110000
673	-134.099406	0.697000	13.250000
674	-133.769406	0.699000	13.190000
675	-133.699406	0.699000	13.410000
676	-133.699406	0.699000	13.060000
677	-133.669406	0.701000	13.370000
678	-133.629406	0.701000	13.200000
679	-133.539406	0.703000	13.230000
680	-133.459406	0.705000	13.150000
681	-133.459406	0.705000	13.200000
682	-133.449406	0.707000	13.270000
683	-133.419406	0.707000	13.180000
684	-133.389406	0.707000	13.250000
685	-133.349406	0.709000	13.230000
686	-133.329406	0.709000	13.130000
687	-133.229406	0.711000	13.210000
688	-133.169406	0.712000	13.120000
689	-133.149406	0.712000	13.240000
690	-133.129406	0.712000	13.250000
691	-133.109406	0.714000	13.050000
692	-133.029406	0.714000	13.220000
693	-132.969406	0.716000	13.310000
694	-132.969406	0.716000	13.230000
695	-132.929406	0.718000	12.960000
696	-132.869406	0.720000	13.420000
697	-132.809406	0.720000	13.540000
698	-132.759406	0.722000	13.320000
699	-132.579406	0.722000	13.310000
700	-132.549406	0.724000	13.340000
701	-132.519406	0.724000	13.220000
702	-132.429406	0.726000	13.210000
703	-132.259406	0.728000	13.400000
704	-132.249406	0.728000	13.350000
705	-132.239406	0.730000	13.340000
706	-132.149406	0.730000	13.290000
707	-132.149406	0.730000	13.330000
708	-132.109406	0.734000	13.390000
709	-131.829406	0.736000	13.530000
710	-131.799406	0.736000	13.440000
711	-131.609406	0.738000	13.300000
712	-131.549406	0.738000	13.460000
713	-131.539406	0.738000	13.450000
714	-131.479406	0.740000	13.170000
715	-131.179406	0.740000	13.440000
716	-131.139406	0.742000	13.490000
717	-131.009406	0.744000	13.540000
718	-130.969406	0.744000	13.490000
719	-130.939406	0.744000	13.360000
720	-130.919406	0.746000	13.580000
721	-130.909406	0.748000	13.490000
722	-130.859406	0.748000	13.440000
723	-130.839406	0.748000	13.500000
724	-130.799406	0.750000	13.400000
725	-130.789406	0.752000	13.290000
726	-130.769406	0.752000	13.370000
727	-130.749406	0.753000	13.400000
728	-130.679406	0.753000	13.400000
729	-130.649406	0.753000	13.380000
730	-130.409406	0.755000	13.380000
731	-130.329406	0.757000	13.300000
732	-130.099406	0.757000	13.480000
733	-129.879406	0.759000	13.330000
734	-129.849406	0.759000	13.340000
735	-129.709406	0.759000	13.440000
736	-129.599406	0.761000	13.550000
737	-129.579406	0.763000	13.470000
738	-129.529406	0.763000	13.650000
739	-129.279406	0.763000	13.540000
740	-129.159406	0.765000	13.470000
741	-128.969406	0.767000	13.450000
742	-128.869406	0.769000	13.600000
743	-128.849406	0.769000	13.510000
744	-128.729406	0.769000	13.510000
745	-128.709406	0.771000	13.410000
746	-128.699406	0.771000	13.550000
747	-128.679406	0.773000	13.530000
748	-128.579406	0.775000	13.620000
749	-128.559406	0.773000	13.590000
750	-128.389406	0.775000	13.690000
751	-128.329406	0.777000	13.500000
752	-128.319406	0.779000	13.530000
753	-128.299406	0.779000	13.570000
754	-128.169406	0.779000	13.610000
755	-127.939406	0.781000	13.660000
756	-127.859406	0.783000	13.720000
757	-127.589406	0.783000	13.490000
758	-127.579406	0.785000	13.500000
759	-127.569406	0.785000	13.610000
760	-127.549406	0.785000	13.650000
761	-127.509406	0.787000	13.740000
762	-127.399406	0.787000	13.650000
763	-127.379406	0.789000	13.600000
764	-127.289406	0.791000	13.560000
765	-127.209406	0.791000	13.580000
766	-127.209406	0.791000	13.530000
767	-127.169406	0.793000	13.780000
768	-127.149406	0.795000	13.570000
769	-127.149406	0.795000	13.680000
770	-127.069406	0.795000	13.670000
771	-126.969406	0.800000	13.870000
772	-126.859406	0.798000	13.670000
773	-126.719406	0.800000	13.810000
774	-126.669406	0.800000	13.720000
775	-126.639406	0.800000	13.600000
776	-126.609406	0.802000	13.600000
777	-126.569406	0.802000	13.850000
778	-126.559406	0.804000	13.670000
779	-126.539406	0.806000	13.670000
780	-126.479406	0.806000	13.640000
781	-126.469406	0.808000	13.670000
782	-126.379406	0.810000	13.740000
783	-126.299406	0.810000	13.830000
784	-126.279406	0.810000	13.720000
785	-126.109406	0.812000	13.680000
786	-125.829406	0.814000	13.720000
787	-125.819406	0.814000	13.710000
788	-125.729406	0.816000	13.760000
789	-125.679406	0.818000	13.610000
790	-125.449406	0.818000	13.790000
791	-125.439406	0.820000	13.600000
792	-125.419406	0.822000	14.020000
793	-125.389406	0.822000	13.800000
794	-125.189406	0.824000	13.960000
795	-125.179406	0.824000	13.950000
796	-125.159406	0.824000	13.840000
797	-125.149406	0.826000	13.870000
798	-125.059406	0.826000	13.810000
799	-125.029406	0.828000	13.720000
800	-124.859406	0.828000	13.950000
801	-124.819406	0.830000	13.820000
802	-124.769406	0.832000	14.030000
803	-124.679406	0.832000	13.790000
804	-124.619406	0.834000	13.890000
805	-124.609406	0.834000	13.920000
806	-124.549406	0.836000	13.780000
807	-124.539406	0.837000	13.940000
808	-124.499406	0.837000	13.960000
809	-124.489406	0.839000	13.730000
810	-124.459406	0.839000	13.820000
811	-124.099406	0.841000	13.650000
812	-124.059406	0.841000	13.960000
813	-123.969406	0.841000	13.760000
814	-123.829406	0.843000	14.020000
815	-123.719406	0.845000	14.390000
816	-123.679406	0.845000	13.820000
817	-123.659406	0.847000	14.220000
818	-123.509406	0.847000	14.120000
819	-123.259406	0.847000	14.040000
820	-123.179406	0.849000	14.160000
821	-123.159406	0.849000	14.020000
822	-123.059406	0.851000	13.980000
823	-122.999406	0.853000	13.930000
824	-122.789406	0.853000	14.120000
825	-122.749406	0.855000	13.990000
826	-122.659406	0.855000	14.060000
827	-122.629406	0.855000	13.950000
828	-122.609406	0.857000	14.100000
829	-122.609406	0.859000	14.060000
830	-122.609406	0.859000	14.130000
831	-122.439406	0.859000	13.950000
832	-122.409406	0.861000	14.250000
833	-122.339406	0.863000	14.110000
834	-122.339406	0.863000	14.230000
835	-122.339406	0.863000	13.930000
836	-122.279406	0.865000	14.220000
837	-122.009406	0.865000	14.100000
838	-121.989406	0.867000	14.070000
839	-121.969406	0.869000	14.090000
840	-121.929406	0.869000	14.000000
841	-121.819406	0.869000	14.120000
842	-121.809406	0.871000	13.910000
843	-121.789406	0.873000	14.080000
844	-121.659406	0.873000	14.000000
845	-121.249406	0.873000	14.190000
846	-121.239406	0.875000	14.090000
847	-120.879406	0.877000	14.160000
848	-120.859406	0.877000	14.180000
849	-120.849406	0.878000	14.090000
850	-120.749406	0.878000	14.100000
851	-120.579406	0.878000	14.220000
852	-120.559406	0.882000	14.310000
853	-120.549406	0.882000	14.110000
854	-120.379406	0.884000	14.210000
855	-120.359406	0.884000	14.230000
856	-120.299406	0.886000	14.110000
857	-120.179406	0.886000	14.220000
858	-120.139406	0.888000	14.150000
859	-120.119406	0.888000	14.300000
860	-120.099406	0.888000	14.330000
861	-120.089406	0.892000	14.170000
862	-120.079406	0.892000	14.160000
863	-120.009406	0.894000	14.220000
864	-119.939406	0.894000	14.170000
865	-119.799406	0.894000	14.150000
866	-119.699406	0.896000	14.200000
867	-119.699406	0.900000	14.170000
868	-119.639406	0.900000	14.350000
869	-119.579406	0.900000	14.160000
870	-119.389406	0.902000	14.390000
871	-119.319406	0.904000	14.410000
872	-119.319406	0.904000	14.320000
873	-119.219406	0.904000	14.190000
874	-119.189406	0.906000	14.220000
875	-119.099406	0.908000	14.290000
876	-119.039406	0.908000	14.310000
877	-118.919406	0.910000	14.330000
878	-118.899406	0.910000	14.250000
879	-118.839406	0.912000	14.230000
880	-118.799406	0.912000	14.320000
881	-118.749406	0.912000	14.370000
882	-118.739406	0.914000	14.390000
883	-118.739406	0.916000	14.260000
884	-118.739406	0.916000	14.180000
885	-118.709406	0.916000	14.170000
886	-118.679406	0.918000	14.240000
887	-118.599406	0.919000	14.620000
888	-118.519406	0.919000	14.260000
889	-118.509406	0.919000	14.400000
890	-118.249406	0.921000	14.390000
891	-118.219406	0.921000	14.430000
892	-118.049406	0.923000	14.260000
893	-117.999406	0.923000	14.200000
894	-117.969406	0.925000	14.480000
895	-117.949406	0.925000	14.410000
896	-117.869406	0.927000	14.480000
897	-117.679406	0.927000	14.350000
898	-117.359406	0.929000	14.300000
899	-117.349406	0.931000	14.510000
900	-117.329406	0.931000	14.350000
901	-117.269406	0.929000	14.560000
902	-117.219406	0.933000	14.410000
903	-116.889406	0.935000	14.390000
904	-116.799406	0.935000	14.500000
905	-116.709406	0.935000	14.600000
906	-116.689406	0.937000	14.500000
907	-116.629406	0.939000	14.430000
908	-116.629406	0.939000	14.510000
909	-116.589406	0.941000	14.420000
910	-116.499406	0.941000	14.270000
911	-116.299406	0.941000	14.440000
912	-116.249406	0.943000	14.500000
913	-116.239406	0.943000	14.470000
914	-116.219406	0.945000	14.520000
915	-116.209406	0.947000	14.520000
916	-116.149406	0.947000	14.440000
917	-116.119406	0.947000	14.590000
918	-115.919406	0.949000	14.600000
919	-115.659406	0.951000	14.490000
920	-115.529406	0.951000	14.720000
921	-115.529406	0.951000	14.570000
922	-115.499406	0.953000	14.440000
923	-115.479406	0.953000	14.500000
924	-115.099406	0.955000	14.540000
925	-114.919406	0.957000	14.650000
926	-114.879406	0.957000	14.630000
927	-114.869406	0.957000	14.420000
928	-114.809406	0.959000	14.510000
929	-114.699406	0.959000	14.660000
930	-114.609406	0.961000	14.610000
931	-114.499406	0.962000	14.630000
932	-114.399406	0.962000	14.430000
933	-114.299406	0.962000	14.520000
934	-114.139406	0.964000	14.610000
935	-114.109406	0.966000	14.700000
936	-114.109406	0.966000	14.580000
937	-114.109406	0.966000	14.490000
938	-113.969406	0.968000	14.660000
939	-113.899406	0.970000	14.630000
940	-113.839406	0.970000	14.720000
941	-113.839406	0.972000	14.640000
942	-113.839406	0.972000	14.500000
943	-113.809406	0.972000	14.600000
944	-113.799406	0.974000	14.790000
945	-113.739406	0.974000	14.600000
946	-113.719406	0.976000	14.620000
947	-113.709406	0.978000	14.610000
948	-113.579406	0.978000	14.700000
949	-113.579406	0.978000	14.590000
950	-113.509406	0.980000	14.620000
951	-113.359406	0.982000	14.760000
952	-113.299406	0.984000	14.670000
953	-113.269406	0.984000	14.670000
954	-113.189406	0.986000	14.580000
955	-113.099406	0.988000	14.630000
956	-113.069406	0.988000	14.760000
957	-112.999406	0.990000	14.680000
958	-112.989406	0.990000	14.660000
959	-112.939406	0.992000	14.860000
960	-112.929406	0.994000	14.700000
961	-112.899406	0.994000	14.690000
962	-112.889406	0.996000	14.620000
963	-112.859406	0.996000	14.710000
964	-112.839406	0.998000	14.770000
965	-112.809406	0.998000	14.750000
966	-112.699406	0.998000	14.670000
967	-112.369406	1.000000	14.770000
968	-112.279406	1.002000	14.690000
969	-112.279406	1.002000	14.640000
970	-112.279406	1.003000	14.740000
971	-112.219406	1.003000	14.870000
972	-112.149406	1.003000	14.500000
973	-112.149406	1.005000	14.740000
974	-112.099406	1.005000	14.640000
975	-111.679406	1.007000	14.730000
976	-111.569406	1.009000	14.790000
977	-111.339406	1.009000	14.640000
978	-111.309406	1.011000	14.700000
979	-111.109406	1.011000	14.760000
980	-111.089406	1.011000	14.870000
981	-111.029406	1.013000	14.870000
982	-111.019406	1.013000	14.700000
983	-110.959406	1.015000	14.800000
984	-110.929406	1.015000	14.700000
985	-110.899406	1.017000	14.870000
986	-110.819406	1.019000	15.090000
987	-110.709406	1.019000	14.740000
988	-110.699406	1.019000	14.650000
989	-110.599406	1.021000	14.850000
990	-110.589406	1.021000	15.020000
991	-110.429406	1.023000	14.770000
992	-110.369406	1.025000	14.840000
993	-110.339406	1.025000	14.940000
994	-110.339406	1.027000	14.820000
995	-110.329406	1.027000	14.800000
996	-110.279406	1.029000	14.940000
997	-110.239406	1.029000	15.080000
998	-110.109406	1.029000	14.990000
999	-109.999406	1.031000	14.970000
1000	-109.989406	1.033000	14.830000
1001	-109.809406	1.033000	14.840000
1002	-109.809406	1.035000	14.970000
1003	-109.649406	1.035000	15.020000
1004	-109.589406	1.035000	14.960000
1005	-109.549406	1.037000	14.780000
1006	-109.549406	1.037000	14.810000
1007	-109.509406	1.039000	15.080000
1008	-109.509406	1.041000	15.060000
1009	-109.469406	1.041000	15.070000
1010	-109.409406	1.043000	14.930000
1011	-109.309406	1.043000	14.900000
1012	-109.169406	1.043000	15.010000
1013	-108.979406	1.045000	15.050000
1014	-108.899406	1.045000	15.050000
1015	-108.869406	1.046000	15.190000
1016	-108.849406	1.046000	15.140000
1017	-108.839406	1.048000	14.930000
1018	-108.759406	1.048000	15.020000
1019	-108.549406	1.050000	15.090000
1020	-108.529406	1.050000	14.940000
1021	-108.509406	1.052000	14.920000
1022	-108.499406	1.052000	15.040000
1023	-108.489406	1.054000	14.970000
1024	-108.479406	1.056000	15.090000
1025	-108.379406	1.056000	14.960000
1026	-108.369406	1.058000	14.850000
1027	-108.369406	1.058000	15.020000
1028	-108.159406	1.060000	15.030000
1029	-108.139406	1.060000	15.060000
1030	-108.089406	1.060000	14.990000
1031	-108.069406	1.062000	14.790000
1032	-108.059406	1.064000	14.920000
1033	-107.979406	1.064000	14.920000
1034	-107.819406	1.066000	15.000000
1035	-107.769406	1.068000	14.960000
1036	-107.709406	1.068000	15.170000
1037	-107.699406	1.070000	14.930000
1038	-107.509406	1.070000	15.120000
1039	-107.339406	1.072000	15.170000
1040	-106.949406	1.072000	15.070000
1041	-106.949406	1.074000	14.850000
1042	-106.939406	1.076000	15.080000
1043	-106.739406	1.076000	15.320000
1044	-106.719406	1.076000	14.910000
1045	-106.689406	1.078000	15.040000
1046	-106.659406	1.080000	15.000000
1047	-106.389406	1.082000	15.330000
1048	-106.299406	1.080000	15.180000
1049	-106.169406	1.082000	15.200000
1050	-106.129406	1.082000	15.120000
1051	-105.969406	1.084000	15.160000
1052	-105.949406	1.084000	15.300000
1053	-105.919406	1.086000	15.160000
1054	-105.819406	1.087000	15.190000
1055	-105.809406	1.087000	15.230000
1056	-105.789406	1.087000	15.120000
1057	-105.739406	1.089000	15.110000
1058	-105.639406	1.089000	15.360000
1059	-105.519406	1.091000	15.130000
1060	-105.519406	1.093000	15.300000
1061	-105.449406	1.093000	15.590000
1062	-105.389406	1.095000	15.200000
1063	-105.269406	1.095000	15.280000
1064	-105.129406	1.097000	15.270000
1065	-105.009406	1.097000	15.300000
1066	-104.999406	1.097000	15.310000
1067	-104.969406	1.099000	15.310000
1068	-104.899406	1.099000	15.240000
1069	-104.809406	1.101000	15.310000
1070	-104.709406	1.103000	15.350000
1071	-104.679406	1.103000	15.230000
1072	-104.549406	1.103000	15.380000
1073	-104.519406	1.105000	15.300000
1074	-104.509406	1.107000	15.400000
1075	-104.389406	1.107000	15.440000
1076	-104.319406	1.107000	15.430000
1077	-104.319406	1.109000	15.400000
1078	-104.319406	1.111000	15.470000
1079	-104.219406	1.111000	15.440000
1080	-104.219406	1.111000	15.120000
1081	-104.159406	1.113000	15.350000
1082	-103.989406	1.113000	15.490000
1083	-103.899406	1.115000	15.370000
1084	-103.839406	1.115000	15.340000
1085	-103.839406	1.117000	15.120000
1086	-103.639406	1.119000	15.530000
1087	-103.579406	1.119000	15.410000
1088	-103.509406	1.121000	15.280000
1089	-103.509406	1.121000	15.480000
1090	-103.449406	1.121000	15.300000
1091	-103.409406	1.123000	15.360000
1092	-103.319406	1.082000	15.370000
1093	-103.319406	1.084000	15.150000
1094	-103.189406	1.084000	15.390000
1095	-103.019406	1.084000	15.290000
1096	-102.929406	1.086000	15.170000
1097	-102.799406	1.087000	15.260000
1098	-102.599406	1.087000	15.530000
1099	-102.509406	1.089000	15.380000
1100	-102.469406	1.089000	15.360000
1101	-102.309406	1.091000	15.450000
1102	-102.149406	1.091000	15.550000
1103	-102.149406	1.091000	15.450000
1104	-102.149406	1.093000	15.340000
1105	-102.089406	1.095000	15.360000
1106	-102.019406	1.095000	15.270000
1107	-102.019406	1.097000	15.390000
1108	-101.949406	1.097000	15.440000
1109	-101.919406	1.099000	15.590000
1110	-101.859406	1.099000	15.640000
1111	-101.799406	1.101000	15.000000
1112	-101.629406	1.101000	15.310000
1113	-101.629406	1.103000	15.480000
1114	-101.589406	1.103000	15.480000
1115	-101.559406	1.105000	15.590000
1116	-101.499406	1.105000	15.550000
1117	-101.269406	1.107000	15.390000
1118	-101.209406	1.107000	15.420000
1119	-101.109406	1.107000	15.570000
1120	-101.109406	1.109000	15.500000
1121	-100.979406	1.113000	15.640000
1122	-100.979406	1.113000	15.410000
1123	-100.849406	1.113000	15.520000
1124	-100.629406	1.115000	15.500000
1125	-100.459406	1.115000	15.550000
1126	-100.389406	1.115000	15.430000
1127	-100.269406	1.117000	15.620000
1128	-100.209406	1.119000	15.700000
1129	-100.169406	1.117000	15.480000
1130	-100.109406	1.121000	15.790000
1131	-100.109406	1.121000	15.530000
1132	-100.079406	1.123000	15.870000
1133	-100.079406	1.123000	15.410000
1134	-100.069406	1.123000	15.560000
1135	-100.029406	1.125000	15.700000
1136	-99.979406	1.127000	15.620000
1137	-99.969406	1.127000	15.720000
1138	-99.949406	1.128000	15.610000
1139	-99.849406	1.128000	15.450000
1140	-99.779406	1.130000	15.580000
1141	-99.679406	1.130000	15.880000
1142	-99.679406	1.132000	15.830000
1143	-99.629406	1.132000	15.720000
1144	-99.619406	1.134000	15.760000
1145	-99.589406	1.134000	15.690000
1146	-99.479406	1.136000	15.660000
1147	-99.429406	1.136000	15.580000
1148	-99.359406	1.138000	15.620000
1149	-99.329406	1.138000	15.670000
1150	-99.229406	1.138000	15.760000
1151	-99.219406	1.140000	15.650000
1152	-99.199406	1.142000	15.640000
1153	-99.059406	1.142000	15.670000
1154	-99.039406	1.144000	15.660000
1155	-98.909406	1.144000	15.730000
1156	-98.779406	1.146000	15.570000
1157	-98.619406	1.146000	15.620000
1158	-98.389406	1.150000	15.760000
1159	-98.159406	1.150000	15.900000
1160	-97.739406	1.152000	15.960000
1161	-97.639406	1.152000	15.830000
1162	-97.609406	1.154000	15.840000
1163	-97.359406	1.156000	15.750000
1164	-97.309406	1.156000	14.460000
1165	-97.299406	1.160000	15.860000
1166	-97.189406	1.160000	14.530000
1167	-97.159406	1.160000	15.890000
1168	-97.139406	1.160000	15.950000
1169	-97.139406	1.162000	15.870000
1170	-97.099406	1.162000	15.870000
1171	-97.029406	1.164000	14.550000
1172	-96.989406	1.166000	15.780000
1173	-96.969406	1.166000	14.660000
1174	-96.949406	1.168000	15.840000
1175	-96.919406	1.168000	15.860000
1176	-96.829406	1.169000	15.670000
1177	-96.819406	1.169000	14.500000
1178	-96.819406	1.171000	15.890000
1179	-96.779406	1.171000	14.550000
1180	-96.689406	1.175000	15.780000
1181	-96.649406	1.173000	14.600000
1182	-96.519406	1.175000	14.560000
1183	-96.479406	1.175000	14.580000
1184	-96.419406	1.177000	14.700000
1185	-96.419406	1.177000	15.630000
1186	-96.189406	1.179000	14.760000
1187	-96.109406	1.179000	14.540000
1188	-96.009406	1.181000	14.530000
1189	-95.909406	1.181000	14.630000
1190	-95.849406	1.183000	14.730000
1191	-95.799406	1.183000	14.730000
1192	-95.769406	1.185000	14.600000
1193	-95.739406	1.185000	14.630000
1194	-95.649406	1.187000	14.610000
1195	-95.509406	1.187000	14.590000
1196	-95.499406	1.189000	14.660000
1197	-95.409406	1.189000	14.760000
1198	-95.389406	1.191000	14.440000
1199	-95.329406	1.191000	14.740000
1200	-95.289406	1.193000	14.740000
1201	-95.209406	1.193000	14.710000
1202	-95.069406	1.195000	14.720000
1203	-94.969406	1.197000	14.670000
1204	-94.919406	1.197000	14.720000
1205	-94.809406	1.199000	14.560000
1206	-94.759406	1.199000	14.780000
1207	-94.739406	1.201000	14.830000
1208	-94.599406	1.201000	14.800000
1209	-94.499406	1.203000	14.820000
1210	-94.389406	1.203000	14.730000
1211	-94.249406	1.205000	14.780000
1212	-94.219406	1.205000	14.680000
1213	-94.149406	1.207000	14.580000
1214	-94.039406	1.207000	14.840000
1215	-93.969406	1.209000	14.830000
1216	-93.839406	1.209000	14.630000
1217	-93.599406	1.211000	14.840000
1218	-93.599406	1.211000	14.830000
1219	-93.579406	1.212000	14.810000
1220	-93.499406	1.212000	14.780000
1221	-93.499406	1.214000	14.740000
1222	-93.449406	1.214000	14.880000
1223	-93.409406	1.216000	14.760000
1224	-93.399406	1.216000	14.870000
1225	-93.369406	1.218000	14.930000
1226	-93.339406	1.218000	14.900000
1227	-93.319406	1.220000	15.090000
1228	-93.309406	1.220000	15.000000
1229	-93.279406	1.222000	14.870000
1230	-93.259406	1.222000	14.710000
1231	-93.039406	1.224000	14.900000
1232	-92.889406	1.224000	14.890000
1233	-92.849406	1.226000	14.680000
1234	-92.819406	1.226000	14.820000
1235	-92.819406	1.228000	14.860000
1236	-92.799406	1.228000	14.670000
1237	-92.789406	1.230000	14.740000
1238	-92.669406	1.230000	14.830000
1239	-92.569406	1.232000	14.760000
1240	-92.549406	1.234000	14.990000
1241	-92.519406	1.236000	14.690000
1242	-92.289406	1.236000	14.940000
1243	-91.999406	1.238000	14.800000
1244	-91.939406	1.238000	14.790000
1245	-91.759406	1.240000	15.010000
1246	-91.679406	1.240000	15.000000
1247	-91.639406	1.240000	15.120000
1248	-91.619406	1.242000	15.080000
1249	-91.399406	1.244000	15.090000
1250	-91.349406	1.244000	14.830000
1251	-91.329406	1.246000	14.920000
1252	-91.329406	1.246000	15.080000
1253	-91.329406	1.248000	14.960000
1254	-91.319406	1.248000	15.060000
1255	-91.229406	1.248000	14.850000
1256	-91.219406	1.250000	14.820000
1257	-91.069406	1.252000	14.840000
1258	-91.039406	1.252000	15.020000
1259	-90.959406	1.253000	15.180000
1260	-90.879406	1.253000	15.000000
1261	-90.759406	1.255000	14.850000
1262	-90.639406	1.255000	14.900000
1263	-90.589406	1.255000	15.050000
1264	-90.579406	1.257000	14.990000
1265	-90.419406	1.259000	14.960000
1266	-90.399406	1.259000	15.100000
1267	-90.339406	1.261000	15.150000
1268	-90.299406	1.261000	15.020000
1269	-90.189406	1.263000	14.970000
1270	-90.039406	1.263000	15.080000
1271	-89.969406	1.263000	15.010000
1272	-89.939406	1.265000	14.950000
1273	-89.939406	1.267000	15.090000
1274	-89.649406	1.267000	15.060000
1275	-89.459406	1.269000	15.100000
1276	-89.409406	1.269000	15.250000
1277	-89.409406	1.271000	15.050000
1278	-89.319406	1.271000	15.300000
1279	-89.269406	1.271000	15.130000
1280	-89.149406	1.273000	14.920000
1281	-89.019406	1.275000	15.200000
1282	-89.019406	1.275000	14.740000
1283	-88.909406	1.277000	15.230000
1284	-88.879406	1.277000	15.070000
1285	-88.849406	1.279000	15.360000
1286	-88.569406	1.279000	15.080000
1287	-88.569406	1.279000	15.280000
1288	-88.489406	1.281000	15.280000
1289	-88.459406	1.283000	15.180000
1290	-88.429406	1.283000	15.220000
1291	-88.359406	1.285000	15.350000
1292	-88.319406	1.285000	15.330000
1293	-88.319406	1.287000	15.450000
1294	-88.299406	1.287000	15.260000
1295	-88.279406	1.289000	15.180000
1296	-88.169406	1.289000	15.160000
1297	-88.149406	1.291000	15.070000
1298	-88.089406	1.291000	15.170000
1299	-87.919406	1.293000	15.280000
1300	-87.869406	1.293000	15.470000
1301	-87.849406	1.295000	15.080000
1302	-87.839406	1.295000	15.230000
1303	-87.689406	1.296000	15.360000
1304	-87.689406	1.296000	15.150000
1305	-87.669406	1.298000	15.260000
1306	-87.609406	1.298000	15.330000
1307	-87.609406	1.300000	15.340000
1308	-87.589406	1.300000	15.150000
1309	-87.509406	1.302000	15.210000
1310	-87.459406	1.302000	15.250000
1311	-87.239406	1.302000	15.140000
1312	-87.109406	1.304000	15.300000
1313	-87.099406	1.306000	15.280000
1314	-87.009406	1.306000	15.180000
1315	-86.949406	1.308000	15.280000
1316	-86.899406	1.308000	15.130000
1317	-86.759406	1.310000	15.470000
1318	-86.499406	1.310000	15.470000
1319	-86.419406	1.310000	15.170000
1320	-86.289406	1.312000	15.290000
1321	-86.169406	1.314000	15.380000
1322	-86.149406	1.314000	15.260000
1323	-86.009406	1.316000	15.330000
1324	-85.959406	1.318000	15.200000
1325	-85.799406	1.320000	15.540000
1326	-85.499406	1.320000	15.430000
1327	-85.329406	1.322000	15.340000
1328	-85.239406	1.322000	15.290000
1329	-85.229406	1.324000	15.350000
1330	-85.179406	1.324000	15.560000
1331	-85.149406	1.326000	15.440000
1332	-85.079406	1.326000	15.230000
1333	-85.049406	1.328000	15.430000
1334	-84.989406	1.328000	15.430000
1335	-84.939406	1.330000	15.410000
1336	-84.889406	1.330000	15.600000
1337	-84.809406	1.332000	15.410000
1338	-84.739406	1.332000	15.330000
1339	-84.729406	1.334000	15.400000
1340	-84.699406	1.334000	15.360000
1341	-84.669406	1.336000	15.420000
1342	-84.639406	1.336000	15.240000
1343	-84.609406	1.337000	15.500000
1344	-84.589406	1.337000	15.500000
1345	-84.559406	1.339000	15.450000
1346	-84.529406	1.339000	15.340000
1347	-84.499406	1.341000	15.580000
1348	-84.479406	1.341000	15.490000
1349	-84.359406	1.343000	15.330000
1350	-84.339406	1.343000	15.370000
1351	-84.299406	1.345000	15.390000
1352	-84.279406	1.345000	15.450000
1353	-84.159406	1.347000	15.820000
1354	-84.149406	1.347000	15.440000
1355	-84.119406	1.349000	15.420000
1356	-84.039406	1.349000	15.370000
1357	-83.879406	1.351000	15.450000
1358	-83.699406	1.351000	15.490000
1359	-83.689406	1.353000	15.300000
1360	-83.379406	1.353000	15.480000
1361	-83.199406	1.355000	15.620000
1362	-83.179406	1.355000	15.560000
1363	-83.169406	1.357000	15.540000
1364	-83.039406	1.357000	15.370000
1365	-82.999406	1.359000	15.720000
1366	-82.899406	1.359000	15.610000
1367	-82.759406	1.363000	15.700000
1368	-82.699406	1.361000	15.530000
1369	-82.559406	1.363000	15.460000
1370	-82.509406	1.363000	15.600000
1371	-82.459406	1.365000	15.500000
1372	-82.109406	1.365000	15.300000
1373	-82.099406	1.367000	15.550000
1374	-82.059406	1.367000	15.410000
1375	-82.039406	1.369000	15.480000
1376	-81.959406	1.369000	15.620000
1377	-81.919406	1.371000	15.680000
1378	-81.859406	1.371000	15.660000
1379	-81.779406	1.373000	15.600000
1380	-81.679406	1.373000	15.580000
1381	-81.609406	1.375000	15.680000
1382	-81.579406	1.375000	15.600000
1383	-81.559406	1.377000	15.600000
1384	-81.439406	1.377000	15.490000
1385	-81.309406	1.378000	15.600000
1386	-81.219406	1.378000	15.770000
1387	-81.179406	1.380000	15.570000
1388	-81.179406	1.380000	15.670000
1389	-80.949406	1.382000	15.620000
1390	-80.899406	1.382000	15.590000
1391	-80.879406	1.384000	15.670000
1392	-80.849406	1.384000	15.650000
1393	-80.829406	1.386000	15.620000
1394	-80.819406	1.386000	15.640000
1395	-80.779406	1.388000	15.430000
1396	-80.759406	1.388000	15.650000
1397	-80.719406	1.390000	15.760000
1398	-80.699406	1.390000	15.420000
1399	-80.679406	1.394000	15.670000
1400	-80.599406	1.394000	15.620000
1401	-80.549406	1.394000	16.010000
1402	-80.549406	1.396000	15.720000
1403	-80.299406	1.396000	15.840000
1404	-80.289406	1.400000	15.840000
1405	-80.179406	1.400000	15.740000
1406	-80.129406	1.402000	15.600000
1407	-79.949406	1.402000	15.850000
1408	-79.839406	1.404000	15.750000
1409	-79.799406	1.404000	15.780000
1410	-79.379406	1.406000	15.910000
1411	-79.299406	1.406000	15.510000
1412	-79.189406	1.408000	15.910000
1413	-79.069406	1.408000	15.860000
1414	-78.979406	1.410000	15.910000
1415	-78.839406	1.410000	15.850000
1416	-78.829406	1.412000	15.770000
1417	-78.769406	1.412000	15.820000
1418	-78.669406	1.412000	15.790000
1419	-78.659406	1.414000	15.850000
1420	-78.639406	1.416000	15.910000
1421	-78.629406	1.416000	15.890000
1422	-78.629406	1.418000	15.850000
1423	-78.509406	1.418000	15.930000
1424	-78.509406	1.419000	15.730000
1425	-78.499406	1.419000	15.810000
1426	-78.499406	1.419000	15.810000
1427	-78.479406	1.421000	16.000000
1428	-78.449406	1.423000	15.720000
1429	-78.309406	1.423000	15.860000
1430	-78.299406	1.425000	15.900000
1431	-78.289406	1.425000	15.950000
1432	-78.239406	1.427000	16.100000
1433	-78.229406	1.427000	15.620000
1434	-78.179406	1.427000	15.870000
1435	-78.129406	1.429000	15.880000
1436	-78.029406	1.431000	15.780000
1437	-77.989406	1.431000	15.750000
1438	-77.989406	1.433000	15.760000
1439	-77.979406	1.433000	16.060000
1440	-77.959406	1.435000	15.980000
1441	-77.939406	1.435000	15.760000
1442	-77.919406	1.437000	15.800000
1443	-77.869406	1.437000	16.060000
1444	-77.869406	1.439000	15.970000
1445	-77.869406	1.439000	15.750000
1446	-77.849406	1.441000	15.830000
1447	-77.829406	1.441000	16.000000
1448	-77.819406	1.443000	15.900000
1449	-77.809406	1.443000	15.970000
1450	-77.809406	1.443000	15.940000
1451	-77.779406	1.445000	15.960000
1452	-77.769406	1.447000	15.870000
1453	-77.689406	1.447000	15.910000
1454	-77.589406	1.449000	15.980000
1455	-77.499406	1.449000	15.980000
1456	-77.479406	1.451000	15.910000
1457	-77.479406	1.451000	16.010000
1458	-77.459406	1.451000	15.780000
1459	-77.409406	1.453000	15.720000
1460	-77.369406	1.457000	15.870000
1461	-77.349406	1.455000	15.820000
1462	-77.319406	1.457000	15.970000
1463	-77.279406	1.457000	15.910000
1464	-77.269406	1.459000	15.820000
1465	-77.239406	1.459000	16.000000
1466	-77.209406	1.459000	15.910000
1467	-77.199406	1.461000	15.960000
1468	-77.149406	1.462000	15.820000
1469	-77.009406	1.462000	15.800000
1470	-76.989406	1.464000	15.850000
1471	-76.949406	1.464000	15.820000
1472	-76.939406	1.466000	15.760000
1473	-76.909406	1.466000	16.050000
1474	-76.859406	1.466000	15.840000
1475	-76.819406	1.468000	15.890000
1476	-76.759406	1.470000	16.090000
1477	-76.759406	1.470000	15.870000
1478	-76.739406	1.472000	16.060000
1479	-76.649406	1.472000	15.790000
1480	-76.639406	1.474000	15.870000
1481	-76.539406	1.474000	16.080000
1482	-76.449406	1.474000	16.020000
1483	-76.409406	1.476000	15.980000
1484	-76.299406	1.478000	15.890000
1485	-76.289406	1.478000	16.120000
1486	-76.279406	1.480000	16.100000
1487	-76.269406	1.480000	16.100000
1488	-76.259406	1.484000	15.960000
1489	-76.249406	1.484000	15.910000
1490	-76.239406	1.486000	16.070000
1491	-76.209406	1.486000	15.760000
1492	-76.169406	1.488000	16.060000
1493	-76.029406	1.488000	16.000000
1494	-75.989406	1.490000	16.100000
1495	-75.939406	1.490000	16.020000
1496	-75.919406	1.492000	15.990000
1497	-75.899406	1.492000	15.950000
1498	-75.829406	1.494000	16.140000
1499	-75.819406	1.494000	16.110000
1500	-75.799406	1.496000	16.080000
1501	-75.719406	1.496000	16.050000
1502	-75.709406	1.498000	16.230000
1503	-75.709406	1.498000	16.100000
1504	-75.559406	1.500000	16.110000
1505	-75.549406	1.500000	16.050000
1506	-75.509406	1.502000	16.200000
1507	-75.399406	1.502000	16.160000
1508	-75.359406	1.503000	15.980000
1509	-75.119406	1.503000	16.130000
1510	-74.919406	1.505000	16.230000
1511	-74.919406	1.505000	16.070000
1512	-74.659406	1.507000	16.000000
1513	-74.589406	1.507000	16.080000
1514	-74.499406	1.509000	16.040000
1515	-74.479406	1.509000	16.100000
1516	-74.289406	1.511000	16.070000
1517	-74.269406	1.511000	16.100000
1518	-74.199406	1.513000	16.020000
1519	-74.179406	1.513000	16.190000
1520	-74.059406	1.515000	16.100000
1521	-73.789406	1.515000	16.140000
1522	-73.729406	1.517000	16.060000
1523	-73.699406	1.519000	16.230000
1524	-73.689406	1.519000	16.190000
1525	-73.669406	1.519000	16.160000
1526	-73.529406	1.521000	16.220000
1527	-73.439406	1.521000	16.120000
1528	-73.429406	1.523000	16.100000
1529	-73.409406	1.523000	16.240000
1530	-73.279406	1.525000	16.040000
1531	-73.259406	1.525000	16.170000
1532	-73.249406	1.527000	16.290000
1533	-73.119406	1.527000	16.090000
1534	-73.099406	1.529000	16.170000
1535	-73.019406	1.529000	16.230000
1536	-72.919406	1.531000	16.290000
1537	-72.839406	1.531000	16.160000
1538	-72.809406	1.533000	16.190000
1539	-72.779406	1.533000	16.120000
1540	-72.719406	1.535000	16.180000
1541	-72.709406	1.535000	16.140000
1542	-72.519406	1.537000	16.410000
1543	-72.519406	1.537000	16.190000
1544	-72.489406	1.539000	16.160000
1545	-72.449406	1.539000	16.220000
1546	-72.239406	1.541000	16.200000
1547	-72.209406	1.541000	16.250000
1548	-72.139406	1.543000	16.020000
1549	-72.049406	1.543000	16.490000
1550	-72.049406	1.545000	16.270000
1551	-71.919406	1.545000	16.460000
1552	-71.749406	1.546000	16.270000
1553	-71.589406	1.546000	16.250000
1554	-71.439406	1.548000	16.230000
1555	-71.429406	1.548000	16.320000
1556	-71.409406	1.550000	16.310000
1557	-71.339406	1.550000	16.290000
1558	-71.299406	1.552000	16.410000
1559	-71.189406	1.552000	16.250000
1560	-71.119406	1.554000	16.330000
1561	-71.099406	1.554000	16.420000
1562	-71.009406	1.556000	16.350000
1563	-70.989406	1.556000	16.310000
1564	-70.899406	1.558000	16.330000
1565	-70.809406	1.558000	16.350000
1566	-70.569406	1.560000	16.360000
1567	-70.529406	1.560000	16.340000
1568	-70.489406	1.562000	16.330000
1569	-70.459406	1.562000	16.410000
1570	-70.449406	1.564000	16.290000
1571	-70.279406	1.564000	16.230000
1572	-70.239406	1.568000	16.250000
1573	-70.199406	1.568000	16.380000
1574	-70.039406	1.568000	16.330000
1575	-69.879406	1.570000	16.350000
1576	-69.869406	1.572000	16.380000
1577	-69.499406	1.572000	16.330000
1578	-69.419406	1.574000	16.390000
1579	-69.399406	1.574000	16.520000
1580	-69.399406	1.576000	16.560000
1581	-69.379406	1.576000	16.490000
1582	-69.359406	1.576000	16.460000
1583	-69.329406	1.578000	16.660000
1584	-69.249406	1.580000	16.380000
1585	-69.239406	1.580000	16.360000
1586	-69.119406	1.582000	16.410000
1587	-69.109406	1.582000	16.620000
1588	-69.069406	1.584000	16.550000
1589	-68.989406	1.584000	16.420000
1590	-68.979406	1.584000	16.850000
1591	-68.909406	1.586000	16.530000
1592	-68.879406	1.587000	16.420000
1593	-68.849406	1.587000	16.530000
1594	-68.849406	1.589000	16.560000
1595	-68.759406	1.589000	16.540000
1596	-68.719406	1.591000	16.580000
1597	-68.669406	1.591000	16.500000
1598	-68.629406	1.593000	16.500000
1599	-68.319406	1.593000	16.560000
1600	-68.169406	1.595000	16.480000
1601	-68.129406	1.595000	16.580000
1602	-68.079406	1.597000	16.440000
1603	-68.059406	1.597000	16.560000
1604	-68.049406	1.599000	16.580000
1605	-67.889406	1.599000	16.430000
1606	-67.749406	1.599000	16.620000
1607	-67.729406	1.601000	16.590000
1608	-67.679406	1.601000	16.620000
1609	-67.679406	1.603000	16.690000
1610	-67.449406	1.605000	16.640000
1611	-67.289406	1.605000	16.650000
1612	-67.259406	1.607000	16.580000
1613	-67.189406	1.607000	16.660000
1614	-67.129406	1.607000	16.650000
1615	-67.049406	1.609000	16.570000
1616	-67.029406	1.611000	16.650000
1617	-66.999406	1.611000	16.760000
1618	-66.999406	1.613000	16.720000
1619	-66.989406	1.613000	16.780000
1620	-66.899406	1.615000	16.520000
1621	-66.829406	1.615000	16.710000
1622	-66.829406	1.615000	16.670000
1623	-66.789406	1.617000	16.800000
1624	-66.739406	1.619000	16.780000
1625	-66.569406	1.619000	16.630000
1626	-66.519406	1.621000	16.870000
1627	-66.519406	1.621000	16.650000
1628	-66.309406	1.623000	16.590000
1629	-66.299406	1.623000	16.800000
1630	-66.289406	1.625000	16.770000
1631	-66.179406	1.625000	16.770000
1632	-66.139406	1.627000	16.500000
1633	-65.989406	1.627000	16.700000
1634	-65.959406	1.628000	16.850000
1635	-65.649406	1.628000	16.840000
1636	-65.599406	1.630000	16.940000
1637	-65.599406	1.630000	16.790000
1638	-65.589406	1.632000	16.980000
1639	-65.539406	1.632000	16.840000
1640	-65.439406	1.634000	17.020000
1641	-65.269406	1.634000	16.850000
1642	-65.249406	1.636000	16.860000
1643	-65.219406	1.636000	16.640000
1644	-65.159406	1.638000	16.810000
1645	-65.029406	1.638000	16.840000
1646	-64.979406	1.638000	16.860000
1647	-64.919406	1.640000	16.900000
1648	-64.869406	1.642000	16.880000
1649	-64.769406	1.642000	16.770000
1650	-64.699406	1.642000	16.880000
1651	-64.659406	1.646000	16.830000
1652	-64.589406	1.646000	16.770000
1653	-64.569406	1.650000	16.990000
1654	-64.459406	1.650000	16.850000
1655	-64.299406	1.652000	16.830000
1656	-64.219406	1.652000	17.030000
1657	-64.139406	1.654000	16.830000
1658	-64.049406	1.654000	16.840000
1659	-64.049406	1.656000	16.940000
1660	-63.839406	1.656000	17.160000
1661	-63.789406	1.658000	16.870000
1662	-63.689406	1.658000	16.820000
1663	-63.669406	1.660000	16.720000
1664	-63.659406	1.660000	16.970000
1665	-63.559406	1.662000	17.050000
1666	-63.549406	1.662000	16.930000
1667	-63.529406	1.664000	16.880000
1668	-63.489406	1.664000	16.850000
1669	-63.459406	1.666000	16.850000
1670	-63.389406	1.666000	16.900000
1671	-63.339406	1.668000	16.980000
1672	-63.309406	1.669000	17.100000
1673	-63.219406	1.669000	16.900000
1674	-63.219406	1.671000	17.050000
1675	-63.189406	1.671000	16.830000
1676	-63.009406	1.673000	16.890000
1677	-62.889406	1.673000	16.850000
1678	-62.829406	1.675000	17.020000
1679	-62.809406	1.675000	16.990000
1680	-62.749406	1.677000	16.950000
1681	-62.719406	1.677000	17.030000
1682	-62.669406	1.679000	17.000000
1683	-62.589406	1.679000	17.020000
1684	-62.569406	1.681000	16.930000
1685	-62.479406	1.681000	16.840000
1686	-62.429406	1.683000	17.030000
1687	-62.419406	1.683000	17.140000
1688	-62.349406	1.685000	16.960000
1689	-62.169406	1.685000	17.100000
1690	-62.139406	1.687000	16.900000
1691	-62.069406	1.687000	17.110000
1692	-61.989406	1.689000	17.070000
1693	-61.969406	1.689000	17.250000
1694	-61.829406	1.691000	17.100000
1695	-61.729406	1.691000	16.990000
1696	-61.689406	1.693000	17.020000
1697	-61.619406	1.693000	17.230000
1698	-61.619406	1.695000	16.640000
1699	-61.559406	1.695000	17.030000
1700	-61.369406	1.695000	17.060000
1701	-61.309406	1.697000	17.070000
1702	-61.299406	1.699000	17.100000
1703	-61.169406	1.699000	17.130000
1704	-60.919406	1.701000	17.090000
1705	-60.859406	1.701000	17.050000
1706	-60.689406	1.703000	17.130000
1707	-60.689406	1.703000	16.950000
1708	-60.629406	1.705000	17.130000
1709	-60.619406	1.705000	17.280000
1710	-60.579406	1.707000	17.030000
1711	-60.549406	1.707000	17.130000
1712	-60.439406	1.709000	17.180000
1713	-60.359406	1.709000	17.060000
1714	-60.249406	1.711000	17.170000
1715	-60.129406	1.711000	17.200000
1716	-60.069406	1.712000	17.160000
1717	-59.989406	1.712000	17.140000
1718	-59.809406	1.714000	17.030000
1719	-59.669406	1.714000	17.170000
1720	-59.609406	1.716000	17.200000
1721	-59.559406	1.716000	17.460000
1722	-59.509406	1.718000	17.130000
1723	-59.229406	1.718000	17.260000
1724	-59.129406	1.720000	17.200000
1725	-59.059406	1.720000	17.120000
1726	-59.039406	1.722000	17.230000
1727	-58.879406	1.722000	17.440000
1728	-58.809406	1.724000	17.360000
1729	-58.759406	1.724000	17.420000
1730	-58.659406	1.726000	17.220000
1731	-58.589406	1.726000	17.210000
1732	-58.559406	1.728000	17.230000
1733	-58.549406	1.728000	17.300000
1734	-58.439406	1.730000	17.310000
1735	-58.409406	1.730000	17.240000
1736	-58.359406	1.732000	17.280000
1737	-58.319406	1.734000	17.160000
1738	-58.279406	1.736000	17.210000
1739	-58.269406	1.736000	17.440000
1740	-58.189406	1.738000	17.310000
1741	-58.119406	1.738000	17.350000
1742	-58.119406	1.740000	17.200000
1743	-57.989406	1.740000	17.370000
1744	-57.939406	1.742000	17.340000
1745	-57.919406	1.742000	17.140000
1746	-57.899406	1.744000	17.370000
1747	-57.809406	1.744000	17.250000
1748	-57.749406	1.746000	17.410000
1749	-57.609406	1.746000	17.410000
1750	-57.349406	1.748000	17.310000
1751	-56.999406	1.748000	17.370000
1752	-56.879406	1.748000	17.330000
1753	-56.859406	1.750000	17.400000
1754	-56.829406	1.752000	17.610000
1755	-56.739406	1.752000	17.320000
1756	-56.619406	1.753000	17.490000
1757	-56.589406	1.753000	17.300000
1758	-56.539406	1.755000	17.410000
1759	-56.479406	1.755000	17.340000
1760	-56.419406	1.755000	17.410000
1761	-56.329406	1.757000	17.480000
1762	-56.169406	1.759000	17.370000
1763	-56.089406	1.759000	17.470000
1764	-56.089406	1.761000	17.410000
1765	-55.929406	1.761000	17.680000
1766	-55.859406	1.763000	17.450000
1767	-55.809406	1.763000	17.430000
1768	-55.629406	1.763000	17.490000
1769	-55.409406	1.765000	17.470000
1770	-55.179406	1.767000	17.220000
1771	-55.139406	1.767000	17.440000
1772	-55.079406	1.769000	17.540000
1773	-55.069406	1.769000	17.530000
1774	-54.929406	1.771000	17.580000
1775	-54.909406	1.773000	17.470000
1776	-54.909406	1.773000	17.530000
1777	-54.859406	1.775000	17.470000
1778	-54.839406	1.775000	17.400000
1779	-54.829406	1.777000	17.490000
1780	-54.829406	1.777000	17.520000
1781	-54.769406	1.779000	17.540000
1782	-54.749406	1.779000	17.600000
1783	-54.689406	1.779000	17.570000
1784	-54.669406	1.781000	17.770000
1785	-54.559406	1.783000	17.730000
1786	-54.519406	1.783000	17.540000
1787	-54.489406	1.785000	17.570000
1788	-54.459406	1.785000	17.520000
1789	-54.439406	1.787000	17.540000
1790	-54.299406	1.787000	17.550000
1791	-54.279406	1.787000	17.550000
1792	-53.989406	1.789000	17.710000
1793	-53.869406	1.791000	17.560000
1794	-53.789406	1.791000	17.690000
1795	-53.689406	1.793000	17.640000
1796	-53.629406	1.793000	17.830000
1797	-53.559406	1.795000	17.520000
1798	-53.559406	1.795000	17.680000
1799	-53.489406	1.795000	17.550000
1800	-53.399406	1.796000	17.690000
1801	-53.259406	1.798000	17.560000
1802	-53.069406	1.798000	17.720000
1803	-53.049406	1.800000	17.630000
1804	-53.009406	1.800000	17.740000
1805	-53.009406	1.802000	17.710000
1806	-52.979406	1.802000	17.710000
1807	-52.909406	1.802000	17.780000
1808	-52.899406	1.804000	17.750000
1809	-52.779406	1.806000	17.680000
1810	-52.569406	1.806000	17.680000
1811	-52.569406	1.808000	17.640000
1812	-52.529406	1.808000	17.750000
1813	-52.529406	1.810000	17.680000
1814	-52.519406	1.810000	17.810000
1815	-52.419406	1.810000	17.670000
1816	-52.399406	1.814000	17.740000
1817	-52.259406	1.814000	17.760000
1818	-52.259406	1.816000	17.620000
1819	-52.219406	1.818000	17.750000
1820	-52.059406	1.820000	17.880000
1821	-51.909406	1.820000	17.770000
1822	-51.909406	1.822000	17.700000
1823	-51.789406	1.822000	17.690000
1824	-51.779406	1.824000	17.670000
1825	-51.629406	1.824000	17.750000
1826	-51.519406	1.826000	17.640000
1827	-51.399406	1.826000	17.760000
1828	-51.319406	1.828000	17.560000
1829	-51.209406	1.828000	17.790000
1830	-51.209406	1.830000	17.690000
1831	-51.059406	1.830000	17.770000
1832	-50.859406	1.832000	17.680000
1833	-50.839406	1.832000	17.880000
1834	-50.709406	1.834000	17.880000
1835	-50.669406	1.834000	17.660000
1836	-50.609406	1.836000	17.710000
1837	-50.549406	1.836000	17.800000
1838	-50.529406	1.837000	17.660000
1839	-50.429406	1.837000	17.730000
1840	-50.419406	1.839000	17.630000
1841	-50.359406	1.839000	17.840000
1842	-50.299406	1.841000	17.840000
1843	-50.199406	1.841000	17.770000
1844	-49.929406	1.843000	17.890000
1845	-49.909406	1.843000	17.700000
1846	-49.879406	1.845000	17.660000
1847	-49.639406	1.845000	17.820000
1848	-49.619406	1.847000	17.980000
1849	-49.539406	1.847000	17.850000
1850	-49.309406	1.849000	17.840000
1851	-49.299406	1.849000	17.840000
1852	-49.249406	1.851000	17.950000
1853	-49.179406	1.851000	18.060000
1854	-49.159406	1.853000	17.930000
1855	-48.909406	1.853000	18.090000
1856	-48.889406	1.855000	18.010000
1857	-48.859406	1.855000	17.830000
1858	-48.839406	1.857000	17.880000
1859	-48.699406	1.857000	17.970000
1860	-48.569406	1.859000	17.920000
1861	-48.529406	1.859000	18.060000
1862	-48.519406	1.861000	17.950000
1863	-48.469406	1.861000	18.030000
1864	-48.429406	1.863000	17.910000
1865	-48.389406	1.863000	18.010000
1866	-48.379406	1.865000	17.900000
1867	-48.359406	1.865000	17.840000
1868	-48.319406	1.867000	18.110000
1869	-48.259406	1.867000	17.910000
1870	-48.259406	1.869000	17.880000
1871	-48.239406	1.869000	18.040000
1872	-48.239406	1.871000	17.940000
1873	-48.239406	1.871000	17.950000
1874	-48.219406	1.873000	18.060000
1875	-48.179406	1.873000	18.090000
1876	-48.009406	1.875000	18.020000
1877	-47.729406	1.875000	18.060000
1878	-47.689406	1.877000	18.000000
1879	-47.549406	1.877000	17.980000
1880	-47.449406	1.878000	18.060000
1881	-47.339406	1.878000	18.090000
1882	-47.329406	1.880000	18.020000
1883	-47.239406	1.880000	17.970000
1884	-47.079406	1.882000	18.110000
1885	-47.049406	1.882000	18.170000
1886	-46.939406	1.884000	18.110000
1887	-46.869406	1.882000	18.060000
1888	-46.799406	1.886000	18.260000
1889	-46.759406	1.886000	18.050000
1890	-46.629406	1.888000	18.100000
1891	-46.609406	1.888000	18.090000
1892	-46.509406	1.890000	18.090000
1893	-46.339406	1.890000	18.080000
1894	-46.269406	1.892000	18.240000
1895	-46.119406	1.892000	18.250000
1896	-46.109406	1.894000	18.060000
1897	-46.089406	1.894000	18.090000
1898	-46.089406	1.896000	18.110000
1899	-45.929406	1.896000	18.040000
1900	-45.889406	1.900000	17.930000
1901	-45.879406	1.900000	18.210000
1902	-45.849406	1.902000	18.090000
1903	-45.819406	1.902000	18.190000
1904	-45.809406	1.904000	18.120000
1905	-45.619406	1.904000	18.280000
1906	-45.579406	1.904000	18.050000
1907	-45.499406	1.906000	18.140000
1908	-45.219406	1.908000	18.230000
1909	-45.209406	1.910000	18.150000
1910	-45.139406	1.910000	18.160000
1911	-45.019406	1.912000	18.120000
1912	-44.959406	1.912000	18.190000
1913	-44.929406	1.912000	18.210000
1914	-44.879406	1.914000	18.170000
1915	-44.809406	1.916000	18.330000
1916	-44.769406	1.916000	18.340000
1917	-44.739406	1.918000	18.260000
1918	-44.469406	1.918000	18.360000
1919	-44.339406	1.919000	18.060000
1920	-44.089406	1.919000	18.430000
1921	-44.029406	1.919000	18.370000
1922	-44.029406	1.921000	18.270000
1923	-44.019406	1.925000	18.340000
1924	-43.939406	1.925000	18.260000
1925	-43.919406	1.925000	18.210000
1926	-43.879406	1.925000	18.230000
1927	-43.849406	1.927000	18.160000
1928	-43.839406	1.929000	18.270000
1929	-43.779406	1.929000	18.110000
1930	-43.779406	1.931000	18.180000
1931	-43.759406	1.931000	18.180000
1932	-43.629406	1.933000	18.300000
1933	-43.629406	1.933000	18.300000
1934	-43.559406	1.935000	18.090000
1935	-43.549406	1.935000	18.400000
1936	-43.419406	1.935000	18.180000
1937	-43.379406	1.937000	18.250000
1938	-43.329406	1.939000	18.320000
1939	-43.309406	1.939000	18.410000
1940	-43.139406	1.941000	18.400000
1941	-43.039406	1.941000	18.220000
1942	-43.009406	1.943000	18.340000
1943	-42.819406	1.943000	18.260000
1944	-42.509406	1.943000	18.400000
1945	-42.439406	1.945000	18.450000
1946	-42.389406	1.947000	18.460000
1947	-42.369406	1.947000	18.460000
1948	-42.359406	1.949000	18.350000
1949	-42.199406	1.949000	18.430000
1950	-42.109406	1.951000	18.560000
1951	-42.109406	1.951000	18.340000
1952	-42.089406	1.951000	18.480000
1953	-42.079406	1.953000	18.520000
1954	-42.079406	1.955000	18.430000
1955	-41.739406	1.955000	18.480000
1956	-41.719406	1.957000	18.750000
1957	-41.689406	1.957000	18.370000
1958	-41.669406	1.959000	18.470000
1959	-41.659406	1.961000	18.490000
1960	-41.549406	1.961000	18.430000
1961	-41.529406	1.962000	18.600000
1962	-41.509406	1.962000	18.470000
1963	-41.329406	1.964000	18.520000
1964	-41.209406	1.964000	18.560000
1965	-41.129406	1.966000	18.400000
1966	-40.989406	1.966000	18.610000
1967	-40.989406	1.966000	18.410000
1968	-40.989406	1.968000	18.380000
1969	-40.939406	1.970000	18.550000
1970	-40.929406	1.970000	18.640000
1971	-40.859406	1.972000	18.600000
1972	-40.769406	1.972000	18.450000
1973	-40.769406	1.974000	18.430000
1974	-40.739406	1.974000	18.650000
1975	-40.519406	1.974000	18.590000
1976	-40.509406	1.976000	18.450000
1977	-40.339406	1.978000	18.700000
1978	-40.229406	1.978000	18.550000
1979	-40.019406	1.980000	18.600000
1980	-39.889406	1.984000	18.620000
1981	-39.789406	1.984000	18.840000
1982	-39.739406	1.986000	18.470000
1983	-39.709406	1.986000	18.620000
1984	-39.669406	1.988000	18.520000
1985	-39.579406	1.988000	18.540000
1986	-39.569406	1.990000	18.590000
1987	-39.449406	1.990000	18.540000
1988	-39.399406	1.992000	18.470000
1989	-39.359406	1.992000	18.560000
1990	-39.339406	1.994000	18.580000
1991	-39.289406	1.994000	18.510000
1992	-39.239406	1.996000	18.710000
1993	-39.239406	1.996000	18.530000
1994	-39.189406	1.998000	18.450000
1995	-39.039406	1.998000	18.710000
1996	-38.909406	2.000000	18.660000
1997	-38.909406	2.000000	18.590000
1998	-38.829406	2.002000	18.730000
1999	-38.669406	2.002000	18.650000
2000	-38.559406	2.003000	18.550000
2001	-38.399406	2.003000	18.870000
2002	-38.399406	2.005000	18.630000
2003	-38.349406	2.005000	18.630000
2004	-38.249406	2.007000	18.830000
2005	-38.219406	2.007000	18.770000
2006	-38.179406	2.009000	18.810000
2007	-38.149406	2.007000	18.700000
2008	-38.069406	2.011000	18.750000
2009	-38.039406	2.011000	18.710000
2010	-38.029406	2.013000	18.660000
2011	-37.879406	2.013000	18.870000
2012	-37.869406	2.015000	18.690000
2013	-37.729406	2.015000	18.750000
2014	-37.709406	2.017000	18.730000
2015	-37.709406	2.017000	18.770000
2016	-37.659406	2.019000	18.710000
2017	-37.609406	2.019000	18.720000
2018	-37.559406	2.021000	18.750000
2019	-37.399406	2.021000	18.920000
2020	-37.349406	2.023000	18.730000
2021	-37.249406	2.023000	18.670000
2022	-37.169406	2.025000	18.970000
2023	-37.059406	2.025000	18.780000
2024	-36.959406	2.027000	18.620000
2025	-36.929406	2.027000	18.780000
2026	-36.849406	2.029000	18.870000
2027	-36.499406	2.029000	18.830000
2028	-36.429406	2.031000	18.900000
2029	-36.359406	2.031000	18.910000
2030	-36.169406	2.033000	18.830000
2031	-36.119406	2.033000	18.850000
2032	-35.979406	2.035000	18.910000
2033	-35.839406	2.035000	18.850000
2034	-35.819406	2.037000	18.740000
2035	-35.819406	2.037000	19.000000
2036	-35.649406	2.039000	19.060000
2037	-35.629406	2.039000	18.980000
2038	-35.569406	2.041000	18.840000
2039	-35.549406	2.041000	19.030000
2040	-35.469406	2.043000	18.960000
2041	-35.399406	2.043000	18.750000
2042	-35.229406	2.045000	18.970000
2043	-35.079406	2.045000	19.050000
2044	-35.059406	2.046000	19.020000
2045	-34.959406	2.046000	18.860000
2046	-34.649406	2.048000	18.790000
2047	-34.639406	2.048000	19.010000
2048	-34.549406	2.050000	18.890000
2049	-34.469406	2.050000	18.740000
2050	-34.419406	2.052000	18.960000
2051	-34.389406	2.052000	18.910000
2052	-34.379406	2.054000	18.900000
2053	-34.339406	2.054000	19.020000
2054	-34.309406	2.056000	18.990000
2055	-34.209406	2.056000	18.950000
2056	-34.149406	2.058000	18.950000
2057	-34.109406	2.058000	18.900000
2058	-34.069406	2.060000	19.010000
2059	-34.029406	2.060000	18.860000
2060	-34.009406	2.062000	18.920000
2061	-33.939406	2.062000	18.950000
2062	-33.819406	2.064000	19.040000
2063	-33.719406	2.064000	18.950000
2064	-33.679406	2.068000	18.970000
2065	-33.649406	2.068000	19.100000
2066	-33.649406	2.068000	18.830000
2067	-33.539406	2.070000	18.950000
2068	-33.519406	2.070000	19.070000
2069	-33.469406	2.070000	19.010000
2070	-33.449406	2.074000	19.020000
2071	-33.319406	2.074000	19.040000
2072	-33.299406	2.076000	19.070000
2073	-33.029406	2.076000	18.940000
2074	-32.919406	2.076000	18.980000
2075	-32.889406	2.078000	19.020000
2076	-32.879406	2.080000	19.100000
2077	-32.849406	2.080000	19.040000
2078	-32.829406	2.082000	19.030000
2079	-32.789406	2.082000	19.050000
2080	-32.729406	2.084000	19.070000
2081	-32.709406	2.084000	19.140000
2082	-32.609406	2.086000	19.040000
2083	-32.419406	2.086000	19.010000
2084	-32.299406	2.087000	19.070000
2085	-32.269406	2.087000	19.150000
2086	-32.259406	2.089000	18.980000
2087	-32.249406	2.089000	19.100000
2088	-32.109406	2.091000	19.000000
2089	-32.069406	2.091000	19.050000
2090	-32.049406	2.091000	19.050000
2091	-31.989406	2.093000	19.000000
2092	-31.949406	2.095000	19.010000
2093	-31.679406	2.095000	19.000000
2094	-31.569406	2.097000	19.050000
2095	-31.559406	2.097000	19.130000
2096	-31.459406	2.099000	19.060000
2097	-31.409406	2.099000	19.080000
2098	-31.379406	2.099000	19.190000
2099	-31.299406	2.101000	19.160000
2100	-31.139406	2.103000	19.280000
2101	-31.109406	2.103000	19.220000
2102	-31.089406	2.105000	19.210000
2103	-31.079406	2.105000	19.250000
2104	-31.059406	2.107000	19.030000
2105	-30.869406	2.107000	19.280000
2106	-30.619406	2.107000	19.140000
2107	-30.189406	2.109000	19.280000
2108	-30.179406	2.111000	19.430000
2109	-30.129406	2.111000	19.260000
2110	-30.109406	2.113000	19.140000
2111	-30.049406	2.113000	19.220000
2112	-29.889406	2.115000	19.220000
2113	-29.769406	2.115000	19.350000
2114	-29.679406	2.117000	19.190000
2115	-29.659406	2.117000	19.500000
2116	-29.639406	2.119000	19.240000
2117	-29.619406	2.119000	19.400000
2118	-29.589406	2.121000	19.180000
2119	-29.569406	2.121000	19.250000
2120	-29.449406	2.123000	19.140000
2121	-29.299406	2.123000	19.310000
2122	-29.169406	2.125000	19.140000
2123	-29.139406	2.125000	19.450000
2124	-29.039406	2.127000	19.200000
2125	-29.019406	2.127000	19.460000
2126	-28.949406	2.128000	19.410000
2127	-28.849406	2.128000	19.330000
2128	-28.819406	2.130000	19.480000
2129	-28.809406	2.130000	19.280000
2130	-28.669406	2.130000	19.340000
2131	-28.549406	2.132000	19.260000
2132	-28.499406	2.134000	19.430000
2133	-28.359406	2.132000	19.450000
2134	-28.349406	2.134000	19.400000
2135	-28.309406	2.136000	19.420000
2136	-28.119406	2.138000	19.490000
2137	-28.089406	2.138000	19.390000
2138	-28.079406	2.138000	19.460000
2139	-28.079406	2.140000	19.270000
2140	-28.009406	2.142000	19.390000
2141	-27.989406	2.142000	19.450000
2142	-27.959406	2.144000	19.420000
2143	-27.899406	2.144000	19.320000
2144	-27.869406	2.146000	19.500000
2145	-27.849406	2.146000	19.380000
2146	-27.839406	2.150000	19.350000
2147	-27.779406	2.150000	19.280000
2148	-27.699406	2.152000	19.380000
2149	-27.479406	2.152000	19.540000
2150	-27.379406	2.154000	19.440000
2151	-27.199406	2.154000	19.420000
2152	-27.199406	2.156000	19.290000
2153	-27.069406	2.156000	19.470000
2154	-27.019406	2.160000	19.550000
2155	-26.699406	2.158000	19.530000
2156	-26.699406	2.160000	19.490000
2157	-26.639406	2.160000	19.550000
2158	-26.469406	2.162000	19.510000
2159	-26.429406	2.162000	19.520000
2160	-26.349406	2.164000	19.410000
2161	-26.149406	2.164000	19.450000
2162	-26.099406	2.166000	19.510000
2163	-26.069406	2.166000	19.420000
2164	-26.059406	2.168000	19.560000
2165	-26.019406	2.168000	19.440000
2166	-25.969406	2.169000	19.550000
2167	-25.889406	2.169000	19.560000
2168	-25.879406	2.171000	19.570000
2169	-25.869406	2.171000	19.580000
2170	-25.859406	2.173000	19.630000
2171	-25.829406	2.173000	19.650000
2172	-25.729406	2.175000	19.420000
2173	-25.669406	2.175000	19.490000
2174	-25.639406	2.177000	19.540000
2175	-25.619406	2.177000	19.510000
2176	-25.469406	2.179000	19.540000
2177	-25.409406	2.181000	19.690000
2178	-25.299406	2.181000	19.540000
2179	-25.269406	2.183000	19.460000
2180	-25.249406	2.183000	19.580000
2181	-25.129406	2.185000	19.590000
2182	-25.079406	2.185000	19.650000
2183	-24.919406	2.187000	19.550000
2184	-24.859406	2.187000	19.590000
2185	-24.679406	2.189000	19.750000
2186	-24.649406	2.189000	19.550000
2187	-24.599406	2.191000	19.520000
2188	-24.499406	2.191000	19.620000
2189	-24.469406	2.193000	19.690000
2190	-24.429406	2.193000	19.660000
2191	-24.239406	2.195000	19.720000
2192	-24.109406	2.195000	19.720000
2193	-24.059406	2.197000	19.790000
2194	-24.049406	2.197000	19.560000
2195	-23.969406	2.199000	19.680000
2196	-23.889406	2.199000	19.630000
2197	-23.879406	2.199000	19.770000
2198	-23.749406	2.201000	19.780000
2199	-23.519406	2.203000	19.750000
2200	-23.459406	2.203000	19.790000
2201	-23.439406	2.205000	19.700000
2202	-23.419406	2.205000	19.630000
2203	-23.349406	2.207000	19.750000
2204	-23.339406	2.207000	19.740000
2205	-23.319406	2.209000	19.650000
2206	-23.289406	2.209000	19.650000
2207	-23.259406	2.211000	19.790000
2208	-23.259406	2.211000	19.800000
2209	-23.209406	2.212000	19.600000
2210	-23.119406	2.212000	19.830000
2211	-23.109406	2.214000	19.840000
2212	-22.999406	2.214000	19.590000
2213	-22.629406	2.216000	19.650000
2214	-22.519406	2.216000	19.660000
2215	-22.489406	2.218000	19.750000
2216	-22.329406	2.218000	19.750000
2217	-22.159406	2.220000	19.670000
2218	-21.929406	2.220000	19.800000
2219	-21.859406	2.222000	19.890000
2220	-21.679406	2.222000	19.830000
2221	-21.549406	2.224000	19.800000
2222	-21.469406	2.224000	19.780000
2223	-21.449406	2.226000	19.900000
2224	-21.439406	2.226000	19.870000
2225	-21.399406	2.228000	19.890000
2226	-21.289406	2.228000	19.810000
2227	-21.269406	2.230000	19.940000
2228	-21.239406	2.234000	19.890000
2229	-21.209406	2.234000	19.790000
2230	-21.199406	2.236000	19.860000
2231	-21.149406	2.236000	20.090000
2232	-21.149406	2.238000	19.810000
2233	-21.079406	2.238000	19.810000
2234	-21.029406	2.240000	19.950000
2235	-20.969406	2.240000	19.960000
2236	-20.809406	2.240000	19.770000
2237	-20.799406	2.242000	19.860000
2238	-20.699406	2.244000	19.850000
2239	-20.619406	2.244000	19.760000
2240	-20.579406	2.246000	20.080000
2241	-20.559406	2.246000	20.030000
2242	-20.409406	2.248000	20.000000
2243	-20.349406	2.248000	20.010000
2244	-20.329406	2.248000	19.890000
2245	-20.289406	2.250000	19.910000
2246	-20.269406	2.252000	20.070000
2247	-20.199406	2.253000	19.950000
2248	-20.169406	2.253000	19.970000
2249	-20.089406	2.253000	19.950000
2250	-20.029406	2.255000	19.940000
2251	-19.989406	2.255000	20.020000
2252	-19.979406	2.255000	19.970000
2253	-19.969406	2.257000	20.050000
2254	-19.939406	2.259000	19.900000
2255	-19.939406	2.259000	20.010000
2256	-19.679406	2.261000	19.970000
2257	-19.589406	2.261000	19.960000
2258	-19.569406	2.263000	19.940000
2259	-19.549406	2.263000	19.970000
2260	-19.449406	2.263000	19.980000
2261	-19.399406	2.265000	20.010000
2262	-19.109406	2.269000	20.060000
2263	-19.039406	2.269000	20.060000
2264	-19.009406	2.269000	19.840000
2265	-18.999406	2.269000	20.190000
2266	-18.979406	2.271000	19.950000
2267	-18.949406	2.271000	20.040000
2268	-18.639406	2.271000	20.030000
2269	-18.499406	2.275000	19.980000
2270	-18.119406	2.275000	20.000000
2271	-18.059406	2.277000	20.070000
2272	-18.049406	2.277000	19.970000
2273	-18.029406	2.279000	19.930000
2274	-17.939406	2.279000	19.910000
2275	-17.889406	2.279000	20.040000
2276	-17.879406	2.281000	20.060000
2277	-17.879406	2.283000	20.040000
2278	-17.859406	2.283000	20.050000
2279	-17.839406	2.285000	20.020000
2280	-17.789406	2.285000	20.040000
2281	-17.769406	2.287000	20.010000
2282	-17.699406	2.287000	20.150000
2283	-17.639406	2.287000	20.010000
2284	-17.609406	2.289000	20.090000
2285	-17.419406	2.291000	20.010000
2286	-17.409406	2.291000	20.200000
2287	-17.269406	2.293000	19.990000
2288	-17.219406	2.293000	19.970000
2289	-17.209406	2.295000	20.080000
2290	-17.089406	2.295000	20.320000
2291	-16.969406	2.295000	20.110000
2292	-16.969406	2.296000	20.150000
2293	-16.949406	2.298000	20.030000
2294	-16.789406	2.298000	20.240000
2295	-16.659406	2.300000	20.180000
2296	-16.629406	2.300000	20.390000
2297	-16.619406	2.302000	20.230000
2298	-16.489406	2.302000	20.270000
2299	-16.479406	2.304000	20.150000
2300	-16.459406	2.304000	20.090000
2301	-16.449406	2.306000	20.230000
2302	-16.389406	2.306000	19.950000
2303	-16.169406	2.308000	20.200000
2304	-16.149406	2.308000	20.270000
2305	-16.109406	2.310000	20.240000
2306	-16.099406	2.310000	20.270000
2307	-15.869406	2.310000	20.310000
2308	-15.789406	2.312000	20.090000
2309	-15.739406	2.314000	20.380000
2310	-15.719406	2.318000	20.140000
2311	-15.439406	2.318000	20.220000
2312	-15.369406	2.320000	20.200000
2313	-15.339406	2.320000	20.230000
2314	-15.249406	2.322000	20.330000
2315	-15.209406	2.322000	20.380000
2316	-14.969406	2.324000	20.060000
2317	-14.929406	2.324000	20.260000
2318	-14.909406	2.326000	20.250000
2319	-14.879406	2.326000	20.270000
2320	-14.849406	2.328000	20.340000
2321	-14.789406	2.328000	20.200000
2322	-14.629406	2.330000	20.410000
2323	-14.619406	2.330000	20.460000
2324	-14.529406	2.332000	20.310000
2325	-14.499406	2.332000	20.280000
2326	-14.259406	2.334000	20.300000
2327	-14.199406	2.334000	20.400000
2328	-14.179406	2.336000	20.240000
2329	-14.079406	2.336000	20.230000
2330	-13.959406	2.337000	20.370000
2331	-13.929406	2.337000	20.300000
2332	-13.899406	2.339000	20.330000
2333	-13.829406	2.339000	20.280000
2334	-13.809406	2.341000	20.460000
2335	-13.779406	2.341000	20.370000
2336	-13.769406	2.343000	20.330000
2337	-13.729406	2.343000	20.440000
2338	-13.709406	2.345000	20.360000
2339	-13.509406	2.347000	20.460000
2340	-13.509406	2.347000	20.430000
2341	-13.419406	2.347000	20.340000
2342	-13.209406	2.349000	20.670000
2343	-12.849406	2.349000	20.500000
2344	-12.729406	2.351000	20.510000
2345	-12.679406	2.351000	20.550000
2346	-12.669406	2.353000	20.480000
2347	-12.639406	2.353000	20.520000
2348	-12.589406	2.355000	20.510000
2349	-12.359406	2.355000	20.450000
2350	-12.319406	2.357000	20.530000
2351	-12.309406	2.359000	20.490000
2352	-12.299406	2.359000	20.550000
2353	-12.299406	2.361000	20.570000
2354	-12.249406	2.361000	20.480000
2355	-12.219406	2.363000	20.310000
2356	-12.209406	2.363000	20.600000
2357	-12.169406	2.365000	20.570000
2358	-12.139406	2.365000	20.550000
2359	-12.069406	2.367000	20.400000
2360	-12.029406	2.367000	20.560000
2361	-11.909406	2.369000	20.500000
2362	-11.899406	2.367000	20.410000
2363	-11.809406	2.371000	20.450000
2364	-11.779406	2.371000	20.460000
2365	-11.769406	2.373000	20.470000
2366	-11.649406	2.373000	20.490000
2367	-11.649406	2.375000	20.370000
2368	-11.609406	2.375000	20.450000
2369	-11.579406	2.378000	20.500000
2370	-11.289406	2.377000	20.550000
2371	-11.279406	2.378000	20.610000
2372	-11.119406	2.378000	20.590000
2373	-11.079406	2.380000	20.610000
2374	-11.039406	2.380000	20.460000
2375	-10.989406	2.382000	20.570000
2376	-10.859406	2.382000	20.550000
2377	-10.829406	2.384000	20.620000
2378	-10.769406	2.384000	20.670000
2379	-10.639406	2.386000	20.780000
2380	-10.519406	2.386000	20.400000
2381	-10.449406	2.388000	20.530000
2382	-10.349406	2.388000	20.500000
2383	-10.299406	2.390000	20.510000
2384	-10.289406	2.390000	20.600000
2385	-10.269406	2.392000	20.730000
2386	-10.269406	2.392000	20.640000
2387	-10.219406	2.394000	20.620000
2388	-10.209406	2.394000	20.600000
2389	-10.159406	2.396000	20.630000
2390	-10.139406	2.396000	20.610000
2391	-9.879406	2.400000	20.700000
2392	-9.859406	2.402000	20.890000
2393	-9.849406	2.402000	20.620000
2394	-9.839406	2.404000	20.710000
2395	-9.829406	2.404000	20.820000
2396	-9.709406	2.404000	20.670000
2397	-9.679406	2.406000	20.710000
2398	-9.669406	2.408000	20.570000
2399	-9.599406	2.408000	20.790000
2400	-9.539406	2.410000	20.770000
2401	-9.479406	2.410000	20.560000
2402	-9.439406	2.412000	20.770000
2403	-9.439406	2.412000	20.670000
2404	-9.379406	2.412000	20.750000
2405	-9.299406	2.414000	20.810000
2406	-8.749406	2.414000	20.670000
2407	-8.669406	2.414000	20.680000
2408	-8.669406	2.418000	20.700000
2409	-8.549406	2.418000	20.670000
2410	-8.449406	2.419000	20.730000
2411	-8.269406	2.419000	20.690000
2412	-7.769406	2.421000	20.670000
2413	-7.669406	2.423000	20.870000
2414	-7.609406	2.423000	20.730000
2415	-7.609406	2.425000	20.640000
2416	-7.569406	2.425000	20.780000
2417	-7.469406	2.427000	20.800000
2418	-7.379406	2.427000	20.830000
2419	-7.369406	2.429000	20.680000
2420	-7.359406	2.429000	20.780000
2421	-7.329406	2.431000	20.820000
2422	-7.269406	2.431000	20.740000
2423	-7.209406	2.433000	20.750000
2424	-7.209406	2.433000	20.690000
2425	-7.109406	2.435000	20.870000
2426	-7.099406	2.435000	20.770000
2427	-6.879406	2.435000	20.740000
2428	-6.859406	2.437000	20.810000
2429	-6.849406	2.439000	20.870000
2430	-6.689406	2.441000	20.900000
2431	-6.629406	2.439000	20.770000
2432	-6.629406	2.441000	21.040000
2433	-6.589406	2.443000	20.780000
2434	-6.499406	2.443000	20.830000
2435	-6.489406	2.443000	21.200000
2436	-6.489406	2.445000	20.770000
2437	-6.389406	2.447000	21.010000
2438	-6.369406	2.447000	20.750000
2439	-6.369406	2.449000	20.880000
2440	-6.369406	2.449000	20.780000
2441	-6.199406	2.451000	20.860000
2442	-6.199406	2.451000	20.990000
2443	-6.179406	2.453000	20.860000
2444	-6.139406	2.453000	20.880000
2445	-6.039406	2.455000	20.860000
2446	-5.959406	2.455000	21.030000
2447	-5.919406	2.457000	20.840000
2448	-5.889406	2.457000	20.830000
2449	-5.829406	2.459000	20.800000
2450	-5.559406	2.459000	20.980000
2451	-5.509406	2.459000	20.790000
2452	-5.499406	2.461000	20.990000
2453	-5.479406	2.462000	20.800000
2454	-5.429406	2.464000	20.910000
2455	-5.359406	2.464000	20.870000
2456	-5.259406	2.466000	21.020000
2457	-5.119406	2.466000	20.880000
2458	-5.039406	2.466000	20.860000
2459	-4.959406	2.468000	20.780000
2460	-4.879406	2.470000	21.100000
2461	-4.689406	2.472000	20.910000
2462	-4.569406	2.472000	20.970000
2463	-4.419406	2.474000	20.870000
2464	-4.379406	2.474000	20.810000
2465	-4.349406	2.474000	20.930000
2466	-4.349406	2.476000	20.970000
2467	-4.319406	2.478000	20.940000
2468	-4.249406	2.478000	21.000000
2469	-4.199406	2.480000	20.880000
2470	-4.179406	2.480000	20.850000
2471	-4.029406	2.484000	20.830000
2472	-3.949406	2.484000	20.960000
2473	-3.929406	2.486000	20.970000
2474	-3.729406	2.486000	20.900000
2475	-3.709406	2.488000	20.860000
2476	-3.709406	2.488000	21.020000
2477	-3.699406	2.490000	20.940000
2478	-3.689406	2.490000	20.880000
2479	-3.659406	2.492000	20.830000
2480	-3.569406	2.492000	21.120000
2481	-3.549406	2.494000	20.940000
2482	-2.979406	2.494000	20.860000
2483	-2.849406	2.496000	20.950000
2484	-2.769406	2.496000	20.850000
2485	-2.739406	2.498000	21.000000
2486	-2.619406	2.498000	20.960000
2487	-2.589406	2.500000	21.090000
2488	-2.559406	2.500000	21.070000
2489	-2.559406	2.502000	21.130000
2490	-2.529406	2.502000	20.990000
2491	-2.509406	2.503000	21.020000
2492	-2.299406	2.503000	21.070000
2493	-2.269406	2.505000	21.000000
2494	-2.219406	2.507000	21.170000
2495	-2.009406	2.507000	21.090000
2496	-1.999406	2.509000	21.200000
2497	-1.989406	2.509000	20.960000
2498	-1.979406	2.511000	21.100000
2499	-1.909406	2.511000	21.050000
2500	-1.859406	2.513000	21.130000
2501	-1.819406	2.513000	20.960000
2502	-1.699406	2.515000	20.980000
2503	-1.559406	2.515000	21.110000
2504	-1.519406	2.517000	21.110000
2505	-1.479406	2.517000	20.890000
2506	-1.429406	2.519000	21.170000
2507	-1.389406	2.519000	21.230000
2508	-1.359406	2.521000	21.100000
2509	-1.339406	2.521000	21.030000
2510	-1.229406	2.523000	21.100000
2511	-1.149406	2.523000	21.070000
2512	-0.969406	2.523000	21.030000
2513	-0.959406	2.527000	21.190000
2514	-0.899406	2.527000	21.130000
2515	-0.869406	2.529000	21.120000
2516	-0.669406	2.529000	21.170000
2517	-0.669406	2.531000	21.130000
2518	-0.519406	2.531000	21.140000
2519	-0.489406	2.533000	21.140000
2520	-0.429406	2.533000	21.170000
2521	-0.319406	2.535000	21.070000
2522	-0.269406	2.535000	21.110000
2523	-0.119406	2.537000	21.300000
2524	-0.099406	2.537000	21.150000
2525	-0.059406	2.539000	21.130000
2526	-0.029406	2.539000	21.060000
2527	0.020594	2.541000	21.220000
2528	0.230594	2.539000	21.210000
2529	0.370594	2.543000	21.070000
2530	0.510594	2.543000	21.250000
2531	0.670594	2.545000	21.100000
2532	0.680594	2.545000	21.150000
2533	0.700594	2.546000	21.160000
2534	0.760594	2.548000	21.400000
2535	0.790594	2.548000	21.440000
2536	0.830594	2.550000	21.380000
2537	0.840594	2.550000	21.050000
2538	0.940594	2.552000	21.110000
2539	1.000594	2.552000	21.220000
2540	1.080594	2.554000	21.210000
2541	1.090594	2.554000	21.160000
2542	1.120594	2.554000	21.340000
2543	1.170594	2.556000	21.220000
2544	1.200594	2.558000	21.160000
2545	1.350594	2.558000	21.350000
2546	1.400594	2.560000	21.340000
2547	1.410594	2.560000	21.300000
2548	1.420594	2.562000	21.400000
2549	1.490594	2.562000	21.310000
2550	1.500594	2.566000	21.340000
2551	1.540594	2.566000	21.270000
2552	1.550594	2.568000	21.340000
2553	1.710594	2.570000	21.310000
2554	1.720594	2.570000	21.230000
2555	1.750594	2.572000	21.280000
2556	1.800594	2.572000	21.250000
2557	1.960594	2.574000	21.340000
2558	2.050594	2.574000	21.260000
2559	2.180594	2.576000	21.430000
2560	2.240594	2.576000	21.360000
2561	2.250594	2.576000	21.330000
2562	2.340594	2.578000	21.550000
2563	2.370594	2.580000	21.390000
2564	2.520594	2.580000	21.490000
2565	2.560594	2.582000	21.440000
2566	2.720594	2.582000	21.410000
2567	2.750594	2.584000	21.410000
2568	2.760594	2.584000	21.410000
2569	2.820594	2.584000	21.480000
2570	3.020594	2.586000	21.420000
2571	3.170594	2.586000	21.420000
2572	3.250594	2.587000	21.540000
2573	3.370594	2.589000	21.470000
2574	3.410594	2.589000	21.500000
2575	3.420594	2.591000	21.440000
2576	3.730594	2.591000	21.400000
2577	3.790594	2.591000	21.390000
2578	3.870594	2.593000	21.480000
2579	4.020594	2.595000	21.620000
2580	4.240594	2.595000	21.530000
2581	4.360594	2.597000	21.460000
