1	-189.563437	0.000000	9.570000
2	-189.503437	0.000000	9.670000
3	-189.383437	0.002000	9.610000
4	-189.303437	0.002000	9.480000
5	-189.293437	0.004000	9.840000
6	-189.193437	0.004000	9.600000
7	-188.873437	0.006000	9.580000
8	-188.813437	0.006000	9.600000
9	-188.713437	0.008000	9.540000
10	-188.623437	0.008000	9.380000
11	-188.613437	0.010000	9.470000
12	-188.543437	0.010000	9.500000
13	-188.523437	0.012000	9.500000
14	-188.323437	0.012000	9.500000
15	-188.133437	0.014000	9.590000
16	-188.123437	0.014000	9.580000
17	-188.033437	0.016000	9.540000
18	-187.853437	0.016000	9.390000
19	-187.843437	0.018000	9.420000
20	-187.843437	0.018000	9.520000
21	-187.653437	0.019000	9.540000
22	-187.583437	0.019000	9.600000
23	-187.463437	0.021000	9.550000
24	-187.443437	0.021000	9.460000
25	-187.433437	0.023000	9.600000
26	-187.403437	0.023000	9.500000
27	-187.393437	0.025000	9.540000
28	-187.383437	0.025000	9.780000
29	-187.373437	0.027000	9.550000
30	-187.273437	0.027000	9.780000
31	-187.233437	0.029000	9.510000
32	-187.203437	0.029000	9.530000
33	-187.163437	0.031000	9.530000
34	-187.143437	0.031000	10.090000
35	-187.113437	0.033000	9.530000
36	-187.103437	0.033000	9.540000
37	-187.093437	0.035000	9.590000
38	-187.013437	0.035000	9.530000
39	-186.993437	0.037000	9.960000
40	-186.903437	0.037000	9.630000
41	-186.873437	0.039000	9.820000
42	-186.673437	0.039000	9.460000
43	-186.653437	0.039000	9.730000
44	-186.643437	0.041000	9.660000
45	-186.633437	0.043000	9.660000
46	-186.523437	0.045000	9.610000
47	-186.453437	0.045000	9.950000
48	-186.453437	0.047000	9.640000
49	-186.373437	0.047000	9.650000
50	-186.283437	0.049000	9.790000
51	-186.083437	0.049000	9.550000
52	-186.043437	0.051000	9.630000
53	-185.983437	0.051000	9.390000
54	-185.983437	0.053000	9.470000
55	-185.973437	0.053000	10.260000
56	-185.763437	0.055000	9.580000
57	-185.753437	0.055000	9.770000
58	-185.653437	0.057000	9.830000
59	-185.553437	0.057000	9.850000
60	-185.533437	0.059000	9.790000
61	-185.393437	0.059000	9.870000
62	-185.313437	0.061000	9.840000
63	-185.263437	0.061000	9.860000
64	-185.233437	0.062000	9.720000
65	-184.993437	0.066000	10.160000
66	-184.963437	0.064000	9.680000
67	-184.793437	0.066000	9.940000
68	-184.773437	0.066000	9.900000
69	-184.763437	0.068000	10.050000
70	-184.723437	0.068000	9.830000
71	-184.653437	0.070000	10.110000
72	-184.493437	0.070000	9.930000
73	-184.373437	0.072000	10.020000
74	-184.283437	0.072000	9.870000
75	-184.163437	0.074000	9.820000
76	-184.083437	0.074000	10.110000
77	-184.013437	0.076000	10.050000
78	-184.013437	0.076000	9.770000
79	-183.983437	0.078000	9.740000
80	-183.893437	0.078000	9.870000
81	-183.723437	0.080000	9.950000
82	-183.723437	0.080000	9.940000
83	-183.713437	0.084000	9.970000
84	-183.583437	0.084000	9.830000
85	-183.573437	0.084000	9.970000
86	-183.543437	0.086000	9.790000
87	-183.523437	0.086000	9.820000
88	-182.953437	0.086000	9.990000
89	-182.903437	0.090000	9.900000
90	-182.863437	0.090000	10.020000
91	-182.863437	0.092000	9.930000
92	-182.773437	0.092000	9.860000
93	-182.663437	0.094000	9.690000
94	-182.533437	0.094000	9.950000
95	-182.463437	0.096000	10.020000
96	-182.413437	0.098000	9.920000
97	-182.323437	0.098000	9.870000
98	-182.143437	0.100000	9.760000
99	-182.073437	0.100000	9.830000
100	-182.033437	0.100000	10.270000
101	-181.963437	0.102000	9.700000
102	-181.923437	0.103000	10.020000
103	-181.763437	0.103000	10.050000
104	-181.693437	0.105000	10.190000
105	-181.653437	0.107000	9.780000
106	-181.643437	0.107000	9.870000
107	-181.633437	0.107000	9.730000
108	-181.613437	0.109000	9.810000
109	-181.563437	0.111000	10.030000
110	-181.523437	0.111000	10.170000
111	-181.493437	0.113000	10.250000
112	-181.403437	0.113000	10.120000
113	-181.333437	0.115000	10.120000
114	-181.293437	0.115000	10.140000
115	-181.283437	0.117000	10.410000
116	-181.123437	0.117000	9.930000
117	-181.023437	0.119000	9.950000
118	-180.993437	0.119000	10.110000
119	-180.993437	0.121000	9.870000
120	-180.743437	0.121000	9.950000
121	-180.733437	0.123000	10.060000
122	-180.713437	0.123000	9.860000
123	-180.563437	0.123000	10.190000
124	-180.313437	0.125000	9.900000
125	-180.183437	0.129000	10.130000
126	-180.133437	0.129000	10.000000
127	-179.993437	0.129000	9.920000
128	-179.943437	0.131000	10.150000
129	-179.843437	0.131000	10.320000
130	-179.793437	0.131000	10.110000
131	-179.623437	0.133000	10.060000
132	-179.563437	0.135000	10.170000
133	-179.483437	0.135000	10.210000
134	-179.453437	0.137000	10.020000
135	-179.453437	0.139000	10.270000
136	-179.393437	0.139000	9.940000
137	-179.343437	0.139000	9.970000
138	-179.213437	0.141000	10.230000
139	-179.183437	0.143000	10.120000
140	-178.983437	0.143000	10.280000
141	-178.973437	0.144000	10.200000
142	-178.893437	0.144000	10.080000
143	-178.843437	0.146000	9.950000
144	-178.823437	0.146000	10.310000
145	-178.813437	0.146000	10.700000
146	-178.803437	0.148000	10.080000
147	-178.553437	0.150000	9.830000
148	-178.523437	0.150000	10.430000
149	-178.473437	0.152000	10.260000
150	-178.433437	0.152000	10.260000
151	-178.203437	0.154000	10.580000
152	-178.193437	0.154000	10.280000
153	-178.043437	0.154000	10.160000
154	-178.033437	0.158000	10.070000
155	-177.963437	0.158000	10.120000
156	-177.953437	0.160000	10.550000
157	-177.913437	0.160000	10.140000
158	-177.833437	0.162000	10.110000
159	-177.813437	0.162000	10.020000
160	-177.743437	0.166000	10.270000
161	-177.733437	0.166000	10.150000
162	-177.723437	0.168000	10.060000
163	-177.673437	0.168000	9.910000
164	-177.673437	0.170000	10.240000
165	-177.603437	0.170000	10.110000
166	-177.593437	0.172000	10.240000
167	-177.543437	0.172000	10.030000
168	-177.513437	0.174000	10.030000
169	-177.353437	0.174000	10.240000
170	-177.343437	0.176000	10.090000
171	-177.193437	0.176000	10.340000
172	-177.143437	0.178000	10.390000
173	-177.123437	0.178000	10.300000
174	-177.083437	0.180000	10.420000
175	-176.953437	0.180000	10.200000
176	-176.943437	0.182000	10.520000
177	-176.493437	0.184000	10.180000
178	-176.393437	0.184000	10.210000
179	-176.383437	0.185000	10.360000
180	-176.323437	0.185000	10.340000
181	-176.073437	0.187000	10.330000
182	-175.963437	0.187000	10.340000
183	-175.963437	0.189000	10.150000
184	-175.933437	0.191000	10.210000
185	-175.803437	0.191000	10.440000
186	-175.653437	0.193000	10.240000
187	-175.623437	0.193000	10.170000
188	-175.513437	0.195000	10.350000
189	-175.503437	0.195000	10.410000
190	-175.503437	0.197000	10.640000
191	-175.343437	0.195000	10.500000
192	-175.263437	0.199000	10.340000
193	-175.223437	0.201000	10.210000
194	-175.193437	0.201000	10.360000
195	-175.193437	0.203000	10.370000
196	-175.123437	0.203000	10.450000
197	-175.083437	0.205000	10.270000
198	-175.063437	0.205000	10.430000
199	-175.033437	0.207000	10.250000
200	-174.983437	0.207000	10.620000
201	-174.973437	0.209000	10.380000
202	-174.903437	0.209000	10.210000
203	-174.633437	0.211000	10.260000
204	-174.453437	0.213000	10.350000
205	-174.283437	0.213000	10.850000
206	-174.273437	0.215000	10.400000
207	-174.043437	0.215000	10.460000
208	-173.993437	0.217000	10.450000
209	-173.783437	0.217000	10.260000
210	-173.723437	0.219000	10.580000
211	-173.583437	0.219000	10.510000
212	-173.533437	0.221000	10.470000
213	-173.523437	0.223000	10.300000
214	-173.443437	0.223000	10.350000
215	-173.443437	0.225000	10.480000
216	-173.413437	0.225000	10.360000
217	-173.383437	0.227000	10.610000
218	-173.373437	0.227000	10.350000
219	-173.313437	0.228000	10.260000
220	-173.313437	0.228000	10.430000
221	-173.303437	0.230000	10.360000
222	-173.243437	0.230000	10.290000
223	-173.233437	0.232000	10.380000
224	-173.223437	0.232000	10.240000
225	-173.103437	0.234000	10.370000
226	-173.083437	0.234000	10.460000
227	-173.073437	0.238000	10.410000
228	-172.983437	0.238000	10.550000
229	-172.943437	0.238000	10.380000
230	-172.853437	0.238000	10.350000
231	-172.523437	0.240000	10.520000
232	-172.463437	0.240000	10.520000
233	-172.313437	0.242000	10.500000
234	-172.273437	0.242000	10.500000
235	-172.143437	0.244000	10.360000
236	-172.013437	0.244000	10.500000
237	-171.893437	0.246000	10.550000
238	-171.803437	0.246000	10.830000
239	-171.703437	0.248000	10.510000
240	-171.693437	0.250000	10.570000
241	-171.533437	0.252000	10.480000
242	-171.443437	0.252000	10.420000
243	-171.373437	0.254000	10.520000
244	-171.343437	0.254000	10.820000
245	-171.213437	0.256000	10.700000
246	-171.183437	0.256000	10.770000
247	-171.183437	0.256000	10.590000
248	-171.173437	0.258000	10.420000
249	-171.173437	0.260000	10.500000
250	-171.133437	0.260000	10.540000
251	-171.043437	0.262000	10.620000
252	-171.013437	0.262000	10.510000
253	-170.843437	0.264000	10.530000
254	-170.763437	0.264000	10.490000
255	-170.743437	0.266000	10.580000
256	-170.673437	0.268000	10.660000
257	-170.643437	0.268000	10.570000
258	-170.433437	0.269000	10.590000
259	-170.373437	0.269000	10.520000
260	-170.313437	0.271000	10.570000
261	-170.273437	0.271000	10.600000
262	-170.003437	0.271000	10.670000
263	-169.993437	0.273000	10.390000
264	-169.963437	0.275000	10.550000
265	-169.833437	0.275000	10.510000
266	-169.793437	0.277000	10.520000
267	-169.783437	0.277000	10.710000
268	-169.653437	0.279000	10.540000
269	-169.643437	0.279000	10.530000
270	-169.573437	0.279000	10.610000
271	-169.493437	0.281000	10.590000
272	-169.393437	0.285000	10.470000
273	-169.383437	0.285000	10.470000
274	-169.253437	0.285000	10.560000
275	-169.083437	0.287000	10.520000
276	-168.993437	0.287000	10.670000
277	-168.923437	0.287000	10.740000
278	-168.873437	0.289000	10.800000
279	-168.863437	0.291000	10.640000
280	-168.703437	0.291000	10.820000
281	-168.663437	0.293000	10.530000
282	-168.633437	0.293000	10.350000
283	-168.593437	0.295000	10.730000
284	-168.563437	0.295000	10.460000
285	-168.553437	0.295000	10.800000
286	-168.453437	0.297000	10.560000
287	-168.343437	0.301000	10.610000
288	-168.193437	0.301000	10.850000
289	-168.073437	0.301000	11.100000
290	-168.063437	0.301000	10.710000
291	-167.993437	0.303000	10.770000
292	-167.833437	0.303000	10.790000
293	-167.813437	0.305000	11.000000
294	-167.803437	0.307000	10.660000
295	-167.613437	0.307000	11.210000
296	-167.583437	0.309000	10.810000
297	-167.453437	0.309000	10.990000
298	-167.343437	0.311000	10.900000
299	-167.303437	0.311000	10.670000
300	-167.283437	0.311000	10.600000
301	-167.273437	0.312000	10.690000
302	-167.213437	0.314000	10.720000
303	-167.183437	0.314000	10.650000
304	-167.153437	0.316000	10.950000
305	-167.103437	0.316000	10.910000
306	-167.043437	0.318000	10.830000
307	-166.993437	0.318000	10.970000
308	-166.883437	0.318000	10.840000
309	-166.883437	0.320000	10.830000
310	-166.873437	0.320000	10.890000
311	-166.843437	0.320000	11.140000
312	-166.723437	0.324000	10.840000
313	-166.723437	0.324000	10.810000
314	-166.683437	0.326000	10.640000
315	-166.643437	0.326000	10.990000
316	-166.533437	0.326000	10.920000
317	-166.043437	0.328000	10.820000
318	-166.033437	0.330000	10.990000
319	-166.013437	0.330000	10.880000
320	-165.903437	0.332000	10.920000
321	-165.863437	0.334000	10.730000
322	-165.643437	0.336000	11.240000
323	-165.643437	0.336000	11.030000
324	-165.633437	0.338000	10.750000
325	-165.553437	0.338000	10.980000
326	-165.463437	0.340000	11.090000
327	-165.423437	0.340000	10.800000
328	-165.373437	0.342000	10.810000
329	-165.353437	0.342000	10.760000
330	-165.333437	0.344000	11.080000
331	-165.303437	0.344000	10.970000
332	-165.083437	0.348000	10.880000
333	-165.043437	0.346000	10.880000
334	-165.013437	0.348000	11.030000
335	-164.983437	0.348000	10.860000
336	-164.973437	0.350000	10.950000
337	-164.913437	0.350000	11.090000
338	-164.813437	0.352000	10.920000
339	-164.683437	0.352000	11.140000
340	-164.653437	0.353000	11.010000
341	-164.643437	0.353000	11.010000
342	-164.443437	0.355000	10.950000
343	-164.353437	0.355000	11.080000
344	-164.313437	0.357000	10.950000
345	-164.293437	0.359000	10.970000
346	-163.943437	0.359000	11.050000
347	-163.923437	0.361000	10.940000
348	-163.913437	0.361000	11.000000
349	-163.843437	0.363000	10.910000
350	-163.743437	0.363000	10.850000
351	-163.693437	0.365000	10.930000
352	-163.653437	0.365000	11.230000
353	-163.293437	0.367000	11.220000
354	-163.233437	0.369000	11.300000
355	-163.233437	0.369000	11.430000
356	-163.213437	0.371000	11.010000
357	-163.123437	0.371000	11.350000
358	-163.093437	0.373000	11.090000
359	-163.033437	0.373000	10.970000
360	-162.943437	0.375000	11.090000
361	-162.943437	0.375000	11.210000
362	-162.913437	0.377000	11.200000
363	-162.853437	0.379000	11.140000
364	-162.773437	0.379000	10.950000
365	-162.743437	0.381000	11.400000
366	-162.673437	0.381000	11.320000
367	-162.553437	0.383000	11.160000
368	-162.453437	0.383000	10.920000
369	-162.403437	0.383000	11.100000
370	-162.373437	0.383000	11.040000
371	-162.363437	0.387000	10.940000
372	-162.323437	0.387000	11.230000
373	-162.183437	0.389000	10.930000
374	-161.973437	0.389000	11.200000
375	-161.953437	0.391000	11.340000
376	-161.793437	0.391000	11.250000
377	-161.363437	0.393000	11.300000
378	-161.343437	0.393000	11.050000
379	-161.323437	0.394000	11.240000
380	-161.223437	0.394000	11.150000
381	-161.203437	0.396000	11.470000
382	-161.153437	0.396000	11.190000
383	-161.123437	0.398000	11.510000
384	-161.043437	0.398000	11.220000
385	-161.003437	0.400000	11.280000
386	-161.003437	0.400000	11.460000
387	-160.933437	0.402000	11.180000
388	-160.923437	0.402000	11.160000
389	-160.853437	0.404000	11.340000
390	-160.773437	0.404000	11.100000
391	-160.773437	0.406000	11.130000
392	-160.763437	0.406000	11.200000
393	-160.703437	0.408000	11.260000
394	-160.673437	0.408000	11.040000
395	-160.633437	0.410000	11.480000
396	-160.523437	0.410000	11.360000
397	-160.393437	0.412000	11.260000
398	-160.303437	0.412000	11.330000
399	-160.293437	0.416000	11.360000
400	-160.253437	0.416000	11.310000
401	-160.113437	0.418000	11.450000
402	-160.093437	0.418000	11.200000
403	-159.953437	0.420000	11.490000
404	-159.883437	0.420000	11.140000
405	-159.873437	0.422000	11.260000
406	-159.613437	0.422000	11.310000
407	-159.583437	0.424000	11.190000
408	-159.513437	0.424000	11.350000
409	-159.493437	0.426000	11.390000
410	-159.443437	0.426000	11.230000
411	-159.413437	0.428000	11.220000
412	-159.333437	0.428000	11.450000
413	-159.213437	0.430000	11.090000
414	-159.193437	0.430000	11.260000
415	-159.183437	0.432000	11.200000
416	-159.103437	0.434000	11.240000
417	-159.103437	0.434000	11.180000
418	-159.013437	0.435000	11.400000
419	-158.933437	0.435000	11.390000
420	-158.863437	0.435000	11.480000
421	-158.713437	0.437000	11.270000
422	-158.683437	0.439000	11.300000
423	-158.603437	0.439000	11.220000
424	-158.523437	0.441000	11.500000
425	-158.483437	0.443000	11.440000
426	-158.333437	0.443000	11.340000
427	-157.953437	0.443000	11.310000
428	-157.883437	0.445000	11.420000
429	-157.723437	0.447000	11.570000
430	-157.693437	0.447000	11.310000
431	-157.453437	0.449000	11.560000
432	-157.423437	0.449000	11.660000
433	-157.363437	0.451000	11.390000
434	-157.173437	0.451000	11.570000
435	-157.163437	0.453000	11.460000
436	-156.983437	0.453000	11.550000
437	-156.973437	0.455000	11.580000
438	-156.953437	0.455000	11.640000
439	-156.933437	0.457000	11.480000
440	-156.913437	0.457000	11.570000
441	-156.803437	0.459000	11.450000
442	-156.683437	0.459000	11.530000
443	-156.643437	0.459000	11.430000
444	-156.643437	0.461000	11.570000
445	-156.633437	0.463000	11.580000
446	-156.593437	0.461000	11.670000
447	-156.523437	0.465000	11.610000
448	-156.453437	0.465000	11.670000
449	-156.403437	0.467000	11.740000
450	-156.393437	0.467000	11.470000
451	-156.343437	0.467000	11.520000
452	-156.273437	0.469000	11.510000
453	-156.263437	0.471000	11.600000
454	-156.233437	0.471000	11.590000
455	-156.163437	0.473000	11.330000
456	-156.043437	0.475000	11.690000
457	-155.833437	0.475000	11.510000
458	-155.683437	0.475000	11.680000
459	-155.653437	0.477000	11.580000
460	-155.583437	0.478000	11.600000
461	-155.493437	0.478000	11.460000
462	-155.483437	0.480000	11.660000
463	-155.453437	0.480000	11.710000
464	-155.363437	0.482000	11.640000
465	-155.293437	0.482000	11.610000
466	-155.293437	0.484000	11.860000
467	-155.273437	0.486000	11.620000
468	-155.203437	0.488000	11.630000
469	-155.083437	0.488000	11.670000
470	-154.863437	0.488000	11.640000
471	-154.803437	0.490000	11.580000
472	-154.613437	0.490000	11.460000
473	-154.543437	0.490000	11.630000
474	-154.483437	0.492000	11.680000
475	-154.403437	0.492000	11.710000
476	-154.393437	0.496000	11.830000
477	-154.373437	0.496000	11.710000
478	-154.333437	0.500000	11.730000
479	-154.283437	0.500000	11.750000
480	-154.133437	0.502000	11.690000
481	-154.073437	0.502000	11.830000
482	-154.063437	0.504000	11.930000
483	-153.893437	0.504000	11.630000
484	-153.863437	0.506000	11.820000
485	-153.803437	0.508000	11.700000
486	-153.683437	0.508000	11.710000
487	-153.683437	0.508000	11.720000
488	-153.653437	0.508000	11.780000
489	-153.483437	0.512000	11.700000
490	-153.403437	0.512000	11.860000
491	-153.333437	0.514000	11.750000
492	-153.303437	0.514000	11.780000
493	-153.203437	0.516000	11.790000
494	-153.193437	0.518000	11.870000
495	-153.093437	0.518000	11.900000
496	-153.003437	0.519000	11.850000
497	-152.993437	0.519000	11.850000
498	-152.983437	0.521000	11.720000
499	-152.963437	0.521000	11.660000
500	-152.943437	0.523000	11.860000
501	-152.943437	0.523000	11.880000
502	-152.823437	0.525000	11.860000
503	-152.693437	0.525000	11.830000
504	-152.553437	0.527000	11.800000
505	-151.883437	0.527000	12.020000
506	-151.743437	0.529000	12.020000
507	-151.633437	0.529000	11.890000
508	-151.623437	0.531000	12.030000
509	-151.603437	0.531000	11.970000
510	-151.593437	0.535000	12.000000
511	-151.553437	0.535000	11.880000
512	-151.523437	0.535000	11.950000
513	-151.453437	0.537000	12.120000
514	-151.403437	0.537000	12.150000
515	-151.383437	0.539000	11.850000
516	-151.363437	0.539000	12.010000
517	-151.363437	0.541000	11.940000
518	-151.353437	0.541000	11.970000
519	-151.323437	0.543000	12.410000
520	-151.033437	0.543000	12.000000
521	-150.833437	0.545000	11.940000
522	-150.793437	0.545000	12.010000
523	-150.693437	0.547000	11.960000
524	-150.683437	0.547000	12.090000
525	-150.553437	0.549000	11.930000
526	-150.513437	0.549000	12.100000
527	-150.083437	0.551000	12.010000
528	-150.043437	0.551000	11.970000
529	-150.013437	0.553000	11.890000
530	-150.003437	0.553000	12.300000
531	-149.993437	0.555000	12.000000
532	-149.963437	0.555000	12.050000
533	-149.943437	0.557000	12.160000
534	-149.843437	0.559000	12.240000
535	-149.803437	0.559000	12.010000
536	-149.593437	0.561000	12.110000
537	-149.583437	0.561000	12.000000
538	-149.573437	0.562000	12.170000
539	-149.543437	0.562000	12.140000
540	-149.513437	0.564000	12.020000
541	-149.383437	0.564000	12.210000
542	-148.943437	0.566000	12.050000
543	-148.923437	0.568000	12.060000
544	-148.903437	0.568000	11.980000
545	-148.823437	0.570000	12.070000
546	-148.723437	0.570000	12.150000
547	-148.693437	0.570000	12.070000
548	-148.623437	0.570000	12.140000
549	-148.613437	0.574000	12.070000
550	-148.573437	0.574000	12.200000
551	-148.553437	0.576000	12.210000
552	-148.493437	0.576000	12.170000
553	-148.493437	0.578000	12.040000
554	-148.463437	0.578000	12.110000
555	-148.333437	0.580000	12.250000
556	-148.293437	0.580000	12.140000
557	-148.213437	0.584000	12.010000
558	-148.203437	0.584000	11.910000
559	-148.203437	0.584000	12.310000
560	-148.143437	0.586000	12.190000
561	-148.043437	0.586000	12.100000
562	-147.973437	0.588000	12.210000
563	-147.893437	0.590000	12.210000
564	-147.853437	0.590000	12.210000
565	-147.753437	0.592000	12.090000
566	-147.593437	0.592000	12.280000
567	-147.483437	0.592000	12.230000
568	-147.473437	0.594000	12.250000
569	-147.433437	0.596000	12.210000
570	-147.413437	0.596000	12.310000
571	-147.343437	0.598000	12.310000
572	-147.223437	0.598000	12.170000
573	-147.203437	0.600000	12.260000
574	-147.133437	0.600000	12.310000
575	-147.093437	0.602000	12.300000
576	-147.083437	0.602000	12.160000
577	-147.053437	0.603000	12.260000
578	-147.033437	0.603000	12.290000
579	-146.983437	0.605000	12.320000
580	-146.943437	0.605000	12.160000
581	-146.873437	0.607000	12.320000
582	-146.843437	0.607000	12.150000
583	-146.663437	0.607000	12.320000
584	-146.263437	0.609000	12.320000
585	-146.173437	0.611000	12.420000
586	-146.133437	0.611000	12.300000
587	-145.963437	0.613000	12.360000
588	-145.953437	0.613000	12.330000
589	-145.693437	0.615000	12.420000
590	-145.653437	0.615000	12.480000
591	-145.473437	0.615000	12.390000
592	-145.413437	0.617000	12.270000
593	-145.293437	0.617000	12.400000
594	-145.283437	0.621000	12.720000
595	-145.263437	0.621000	12.520000
596	-145.203437	0.623000	12.330000
597	-145.173437	0.623000	12.300000
598	-145.173437	0.623000	12.590000
599	-145.143437	0.625000	12.490000
600	-145.103437	0.627000	12.390000
601	-145.073437	0.627000	12.330000
602	-144.973437	0.629000	12.430000
603	-144.913437	0.629000	12.380000
604	-144.883437	0.631000	12.490000
605	-144.763437	0.631000	12.250000
606	-144.713437	0.631000	12.570000
607	-144.673437	0.633000	12.360000
608	-144.653437	0.635000	12.490000
609	-144.623437	0.635000	12.390000
610	-144.573437	0.637000	12.440000
611	-144.523437	0.637000	12.520000
612	-144.513437	0.639000	12.540000
613	-144.453437	0.639000	12.290000
614	-144.313437	0.641000	12.270000
615	-144.123437	0.644000	12.390000
616	-144.073437	0.643000	12.450000
617	-144.013437	0.644000	12.390000
618	-143.973437	0.644000	12.600000
619	-143.963437	0.646000	12.600000
620	-143.603437	0.646000	12.430000
621	-143.523437	0.646000	12.530000
622	-143.223437	0.648000	12.580000
623	-143.123437	0.650000	12.530000
624	-143.083437	0.652000	12.620000
625	-143.023437	0.652000	12.530000
626	-142.903437	0.654000	12.590000
627	-142.863437	0.654000	12.540000
628	-142.843437	0.654000	12.560000
629	-142.823437	0.656000	12.630000
630	-142.813437	0.658000	12.490000
631	-142.723437	0.658000	12.650000
632	-142.623437	0.660000	13.020000
633	-142.553437	0.660000	12.450000
634	-142.553437	0.662000	12.740000
635	-142.503437	0.662000	12.570000
636	-142.363437	0.666000	12.460000
637	-142.323437	0.666000	12.640000
638	-142.313437	0.668000	12.640000
639	-142.233437	0.668000	12.530000
640	-142.153437	0.670000	12.740000
641	-142.113437	0.670000	12.650000
642	-141.983437	0.672000	12.530000
643	-141.953437	0.672000	12.590000
644	-141.903437	0.672000	13.070000
645	-141.833437	0.674000	12.610000
646	-141.803437	0.676000	12.560000
647	-141.783437	0.676000	12.680000
648	-141.763437	0.678000	12.670000
649	-141.733437	0.678000	12.650000
650	-141.733437	0.680000	12.640000
651	-141.693437	0.680000	12.550000
652	-141.683437	0.680000	12.820000
653	-141.663437	0.680000	12.710000
654	-141.643437	0.684000	12.590000
655	-141.563437	0.685000	12.770000
656	-141.453437	0.685000	12.750000
657	-141.373437	0.687000	12.880000
658	-141.333437	0.687000	12.550000
659	-141.293437	0.691000	12.540000
660	-141.223437	0.691000	12.610000
661	-141.223437	0.691000	12.600000
662	-141.073437	0.691000	12.490000
663	-140.943437	0.693000	12.430000
664	-140.513437	0.693000	12.590000
665	-140.443437	0.695000	12.570000
666	-140.303437	0.695000	12.760000
667	-140.203437	0.697000	12.560000
668	-140.043437	0.697000	12.890000
669	-139.953437	0.699000	12.710000
670	-139.843437	0.699000	12.850000
671	-139.763437	0.701000	12.800000
672	-139.763437	0.701000	12.610000
673	-139.693437	0.703000	12.880000
674	-139.603437	0.703000	12.620000
675	-139.523437	0.707000	12.780000
676	-139.513437	0.707000	12.750000
677	-139.493437	0.707000	12.570000
678	-139.433437	0.709000	12.910000
679	-139.423437	0.709000	12.730000
680	-139.393437	0.711000	12.830000
681	-139.373437	0.711000	12.850000
682	-139.213437	0.713000	12.570000
683	-139.143437	0.713000	12.590000
684	-139.043437	0.715000	12.790000
685	-139.013437	0.717000	13.080000
686	-138.973437	0.717000	12.640000
687	-138.883437	0.719000	12.760000
688	-138.843437	0.719000	12.750000
689	-138.813437	0.723000	12.660000
690	-138.743437	0.723000	12.800000
691	-138.433437	0.723000	12.780000
692	-138.413437	0.723000	12.910000
693	-138.403437	0.725000	12.820000
694	-138.203437	0.727000	12.920000
695	-138.183437	0.727000	12.810000
696	-138.153437	0.728000	12.980000
697	-138.083437	0.728000	12.890000
698	-137.983437	0.730000	12.880000
699	-137.763437	0.730000	13.030000
700	-137.663437	0.732000	12.900000
701	-137.603437	0.732000	13.150000
702	-137.503437	0.734000	12.970000
703	-137.483437	0.734000	12.860000
704	-137.433437	0.738000	12.950000
705	-137.423437	0.736000	12.830000
706	-137.353437	0.738000	13.020000
707	-137.293437	0.738000	13.040000
708	-137.273437	0.740000	12.920000
709	-137.113437	0.740000	12.880000
710	-137.103437	0.742000	12.890000
711	-137.063437	0.742000	12.930000
712	-136.723437	0.744000	12.860000
713	-136.623437	0.746000	13.160000
714	-136.533437	0.746000	12.970000
715	-136.403437	0.748000	12.920000
716	-136.353437	0.750000	13.030000
717	-136.213437	0.752000	13.000000
718	-135.983437	0.752000	12.950000
719	-135.773437	0.754000	13.210000
720	-135.743437	0.754000	12.940000
721	-135.703437	0.756000	13.050000
722	-135.593437	0.756000	12.950000
723	-135.593437	0.758000	13.260000
724	-135.583437	0.760000	13.010000
725	-135.543437	0.760000	13.180000
726	-135.453437	0.762000	13.050000
727	-135.333437	0.762000	13.180000
728	-135.323437	0.764000	13.040000
729	-135.313437	0.764000	13.030000
730	-135.293437	0.766000	13.070000
731	-135.213437	0.766000	13.300000
732	-134.993437	0.768000	13.170000
733	-134.993437	0.769000	13.160000
734	-134.883437	0.769000	12.860000
735	-134.843437	0.771000	13.140000
736	-134.823437	0.771000	12.880000
737	-134.813437	0.771000	13.140000
738	-134.763437	0.773000	13.060000
739	-134.743437	0.775000	13.190000
740	-134.643437	0.773000	13.090000
741	-134.573437	0.775000	13.280000
742	-134.513437	0.779000	13.280000
743	-134.493437	0.779000	13.130000
744	-134.453437	0.779000	13.170000
745	-134.313437	0.781000	13.120000
746	-134.313437	0.783000	13.170000
747	-133.733437	0.783000	13.320000
748	-133.693437	0.785000	13.160000
749	-133.523437	0.785000	13.130000
750	-133.383437	0.787000	13.100000
751	-133.363437	0.787000	13.100000
752	-133.353437	0.789000	13.330000
753	-133.323437	0.791000	13.070000
754	-133.193437	0.791000	13.370000
755	-133.163437	0.793000	13.150000
756	-133.123437	0.793000	13.140000
757	-133.093437	0.795000	13.120000
758	-133.053437	0.795000	13.120000
759	-133.043437	0.795000	13.180000
760	-133.003437	0.797000	13.150000
761	-132.933437	0.799000	13.110000
762	-132.903437	0.801000	13.140000
763	-132.893437	0.801000	13.160000
764	-132.853437	0.801000	13.460000
765	-132.833437	0.803000	13.230000
766	-132.753437	0.803000	13.130000
767	-132.503437	0.803000	13.020000
768	-132.373437	0.805000	13.250000
769	-132.303437	0.807000	13.300000
770	-132.293437	0.807000	13.150000
771	-132.283437	0.809000	13.420000
772	-132.253437	0.809000	13.210000
773	-132.213437	0.811000	13.320000
774	-132.053437	0.811000	13.010000
775	-131.723437	0.811000	13.340000
776	-131.593437	0.812000	13.130000
777	-131.573437	0.814000	13.520000
778	-131.563437	0.814000	13.290000
779	-131.443437	0.816000	13.450000
780	-131.433437	0.816000	13.300000
781	-131.233437	0.818000	13.410000
782	-131.203437	0.818000	13.200000
783	-131.143437	0.820000	13.520000
784	-131.113437	0.822000	13.330000
785	-131.083437	0.822000	13.230000
786	-130.993437	0.824000	13.450000
787	-130.953437	0.824000	13.150000
788	-130.893437	0.826000	13.320000
789	-130.853437	0.826000	13.460000
790	-130.843437	0.826000	13.340000
791	-130.833437	0.828000	13.290000
792	-130.813437	0.830000	13.310000
793	-130.803437	0.830000	13.230000
794	-130.703437	0.832000	13.210000
795	-130.703437	0.834000	13.440000
796	-130.643437	0.836000	13.400000
797	-130.373437	0.836000	13.360000
798	-130.173437	0.838000	13.410000
799	-130.143437	0.836000	13.660000
800	-130.063437	0.840000	13.580000
801	-130.053437	0.840000	13.280000
802	-130.033437	0.842000	13.280000
803	-130.003437	0.842000	13.470000
804	-129.933437	0.844000	13.320000
805	-129.853437	0.844000	13.640000
806	-129.673437	0.846000	13.580000
807	-129.633437	0.846000	13.480000
808	-129.493437	0.848000	13.590000
809	-129.443437	0.848000	13.680000
810	-129.323437	0.850000	13.520000
811	-129.283437	0.850000	13.730000
812	-129.183437	0.852000	13.290000
813	-129.173437	0.853000	13.580000
814	-129.133437	0.853000	13.700000
815	-128.893437	0.855000	13.440000
816	-128.873437	0.855000	13.570000
817	-128.853437	0.857000	13.700000
818	-128.823437	0.857000	13.400000
819	-128.733437	0.859000	13.650000
820	-128.573437	0.859000	13.680000
821	-128.543437	0.861000	13.600000
822	-128.523437	0.861000	13.500000
823	-128.473437	0.863000	13.570000
824	-128.453437	0.863000	13.560000
825	-128.373437	0.865000	13.610000
826	-128.213437	0.865000	13.510000
827	-127.733437	0.867000	13.670000
828	-127.623437	0.867000	13.530000
829	-127.543437	0.869000	13.650000
830	-127.473437	0.869000	13.840000
831	-127.433437	0.871000	13.530000
832	-127.323437	0.873000	13.450000
833	-127.303437	0.873000	13.580000
834	-127.283437	0.875000	13.720000
835	-127.273437	0.875000	13.600000
836	-127.243437	0.877000	13.690000
837	-127.213437	0.877000	13.710000
838	-127.113437	0.879000	13.670000
839	-127.093437	0.879000	13.600000
840	-126.983437	0.881000	13.450000
841	-126.983437	0.881000	13.710000
842	-126.913437	0.883000	13.750000
843	-126.883437	0.883000	13.660000
844	-126.633437	0.885000	13.720000
845	-126.633437	0.885000	13.770000
846	-126.603437	0.887000	13.660000
847	-126.583437	0.887000	13.750000
848	-126.533437	0.889000	13.810000
849	-126.463437	0.889000	13.730000
850	-126.453437	0.891000	13.670000
851	-126.383437	0.891000	13.900000
852	-126.113437	0.893000	13.710000
853	-126.053437	0.894000	13.740000
854	-126.013437	0.894000	13.810000
855	-125.933437	0.894000	13.670000
856	-125.633437	0.896000	13.560000
857	-125.343437	0.896000	13.660000
858	-125.343437	0.898000	13.760000
859	-125.183437	0.898000	13.800000
860	-125.173437	0.900000	13.670000
861	-125.023437	0.900000	13.880000
862	-124.883437	0.902000	13.630000
863	-124.753437	0.904000	13.720000
864	-124.743437	0.904000	13.800000
865	-124.723437	0.906000	13.720000
866	-124.663437	0.906000	13.930000
867	-124.523437	0.908000	13.860000
868	-124.503437	0.908000	13.970000
869	-124.393437	0.910000	13.980000
870	-124.353437	0.910000	13.850000
871	-124.213437	0.912000	13.830000
872	-124.203437	0.912000	13.800000
873	-124.023437	0.916000	13.670000
874	-123.993437	0.916000	13.660000
875	-123.943437	0.918000	13.850000
876	-123.853437	0.918000	13.690000
877	-123.813437	0.920000	13.910000
878	-123.763437	0.920000	13.860000
879	-123.743437	0.920000	13.750000
880	-123.653437	0.922000	14.030000
881	-123.583437	0.926000	13.730000
882	-123.583437	0.926000	13.880000
883	-123.483437	0.926000	14.030000
884	-123.483437	0.928000	13.700000
885	-123.393437	0.928000	13.950000
886	-123.283437	0.928000	13.910000
887	-123.103437	0.930000	14.020000
888	-123.013437	0.932000	14.020000
889	-122.933437	0.932000	13.960000
890	-122.933437	0.934000	13.920000
891	-122.903437	0.934000	13.710000
892	-122.873437	0.935000	13.880000
893	-122.843437	0.935000	13.820000
894	-122.733437	0.937000	13.880000
895	-122.713437	0.939000	13.880000
896	-122.583437	0.939000	13.960000
897	-122.413437	0.941000	14.040000
898	-122.343437	0.941000	13.920000
899	-122.293437	0.943000	13.990000
900	-122.283437	0.943000	13.970000
901	-122.183437	0.945000	14.040000
902	-122.183437	0.945000	13.790000
903	-122.153437	0.945000	13.920000
904	-122.063437	0.947000	13.840000
905	-122.053437	0.949000	14.110000
906	-122.033437	0.949000	13.810000
907	-121.933437	0.951000	13.890000
908	-121.873437	0.951000	13.870000
909	-121.773437	0.951000	13.860000
910	-121.753437	0.953000	14.010000
911	-121.423437	0.955000	13.920000
912	-121.403437	0.957000	13.960000
913	-121.383437	0.957000	14.050000
914	-121.343437	0.959000	14.030000
915	-121.293437	0.959000	13.910000
916	-121.243437	0.959000	14.040000
917	-121.213437	0.961000	14.100000
918	-121.183437	0.963000	14.080000
919	-120.923437	0.963000	14.030000
920	-120.833437	0.965000	13.980000
921	-120.763437	0.965000	14.110000
922	-120.743437	0.967000	14.160000
923	-120.673437	0.967000	14.130000
924	-120.573437	0.967000	14.120000
925	-120.513437	0.969000	14.170000
926	-120.453437	0.971000	14.140000
927	-120.423437	0.971000	13.920000
928	-120.253437	0.973000	14.120000
929	-120.193437	0.973000	14.080000
930	-120.123437	0.975000	14.030000
931	-119.923437	0.975000	14.190000
932	-119.903437	0.977000	14.120000
933	-119.893437	0.977000	14.100000
934	-119.863437	0.978000	14.010000
935	-119.693437	0.978000	14.270000
936	-119.573437	0.980000	14.080000
937	-119.503437	0.980000	13.980000
938	-119.443437	0.982000	14.120000
939	-119.413437	0.982000	14.180000
940	-119.343437	0.982000	14.270000
941	-119.343437	0.984000	14.130000
942	-119.303437	0.986000	14.200000
943	-119.253437	0.986000	14.170000
944	-119.053437	0.988000	14.270000
945	-118.833437	0.988000	14.210000
946	-118.833437	0.990000	14.410000
947	-118.833437	0.990000	14.270000
948	-118.703437	0.990000	14.160000
949	-118.673437	0.992000	14.290000
950	-118.673437	0.994000	14.300000
951	-118.573437	0.994000	14.260000
952	-118.443437	0.996000	14.430000
953	-118.283437	0.996000	14.170000
954	-118.183437	1.000000	14.280000
955	-118.153437	1.000000	14.260000
956	-118.083437	1.002000	14.180000
957	-118.053437	1.002000	14.180000
958	-118.023437	1.004000	14.200000
959	-117.993437	1.004000	14.170000
960	-117.993437	1.006000	14.280000
961	-117.993437	1.006000	14.240000
962	-117.953437	1.008000	14.140000
963	-117.803437	1.010000	14.230000
964	-117.763437	1.010000	14.280000
965	-117.733437	1.012000	14.290000
966	-117.703437	1.012000	14.260000
967	-117.453437	1.014000	14.390000
968	-117.443437	1.014000	14.290000
969	-117.413437	1.016000	14.100000
970	-117.413437	1.016000	14.480000
971	-117.413437	1.018000	14.360000
972	-117.343437	1.018000	14.200000
973	-117.313437	1.019000	14.210000
974	-117.243437	1.019000	14.280000
975	-117.223437	1.021000	14.280000
976	-117.183437	1.021000	14.330000
977	-117.083437	1.023000	14.210000
978	-117.053437	1.023000	14.230000
979	-116.863437	1.023000	14.240000
980	-116.823437	1.023000	14.270000
981	-116.633437	1.027000	14.140000
982	-116.383437	1.027000	14.440000
983	-116.313437	1.031000	14.080000
984	-116.113437	1.031000	14.230000
985	-116.113437	1.033000	14.480000
986	-116.023437	1.033000	14.390000
987	-116.023437	1.035000	14.290000
988	-115.953437	1.035000	14.530000
989	-115.543437	1.037000	14.480000
990	-115.443437	1.037000	14.600000
991	-115.413437	1.039000	14.440000
992	-115.403437	1.041000	14.380000
993	-115.353437	1.039000	14.650000
994	-115.313437	1.043000	14.670000
995	-115.143437	1.043000	14.630000
996	-115.133437	1.045000	14.490000
997	-115.023437	1.045000	14.610000
998	-114.863437	1.047000	14.730000
999	-114.683437	1.047000	14.470000
1000	-114.643437	1.049000	14.620000
1001	-114.643437	1.049000	14.610000
1002	-114.643437	1.051000	14.530000
1003	-114.543437	1.051000	14.480000
1004	-114.493437	1.053000	14.680000
1005	-114.403437	1.053000	14.600000
1006	-114.343437	1.055000	14.610000
1007	-114.173437	1.055000	14.510000
1008	-114.123437	1.057000	14.600000
1009	-114.113437	1.057000	14.690000
1010	-114.113437	1.059000	14.670000
1011	-114.053437	1.059000	14.580000
1012	-114.013437	1.061000	14.610000
1013	-113.783437	1.061000	14.460000
1014	-113.673437	1.062000	14.560000
1015	-113.573437	1.062000	14.650000
1016	-113.443437	1.064000	14.500000
1017	-113.443437	1.064000	14.750000
1018	-113.413437	1.066000	14.680000
1019	-113.363437	1.066000	14.640000
1020	-113.273437	1.068000	14.560000
1021	-113.263437	1.068000	14.670000
1022	-113.223437	1.070000	14.550000
1023	-113.153437	1.070000	14.620000
1024	-113.023437	1.072000	14.830000
1025	-113.013437	1.074000	14.560000
1026	-112.983437	1.074000	14.750000
1027	-112.913437	1.076000	14.610000
1028	-112.553437	1.076000	14.650000
1029	-112.483437	1.078000	14.770000
1030	-112.483437	1.078000	14.620000
1031	-112.383437	1.080000	14.740000
1032	-112.273437	1.080000	14.800000
1033	-112.273437	1.084000	14.660000
1034	-112.253437	1.084000	14.750000
1035	-112.243437	1.084000	14.570000
1036	-112.203437	1.086000	14.670000
1037	-112.063437	1.088000	14.630000
1038	-111.973437	1.088000	14.610000
1039	-111.973437	1.090000	14.670000
1040	-111.833437	1.090000	14.670000
1041	-111.823437	1.092000	14.860000
1042	-111.803437	1.092000	14.740000
1043	-111.643437	1.094000	14.790000
1044	-111.583437	1.096000	14.800000
1045	-111.443437	1.096000	14.800000
1046	-111.193437	1.098000	14.680000
1047	-111.153437	1.098000	14.690000
1048	-111.093437	1.100000	14.730000
1049	-111.023437	1.100000	14.950000
1050	-110.963437	1.100000	14.920000
1051	-110.863437	1.102000	14.700000
1052	-110.843437	1.103000	14.870000
1053	-110.803437	1.105000	14.870000
1054	-110.753437	1.105000	14.840000
1055	-110.533437	1.107000	14.690000
1056	-110.323437	1.107000	14.920000
1057	-110.193437	1.107000	14.920000
1058	-110.173437	1.109000	14.870000
1059	-110.093437	1.111000	14.810000
1060	-110.003437	1.111000	15.010000
1061	-109.813437	1.111000	15.010000
1062	-109.803437	1.115000	15.020000
1063	-109.803437	1.115000	14.900000
1064	-109.743437	1.115000	15.090000
1065	-109.693437	1.117000	15.080000
1066	-109.533437	1.119000	14.960000
1067	-109.513437	1.119000	15.000000
1068	-109.513437	1.121000	14.720000
1069	-109.433437	1.121000	14.820000
1070	-109.313437	1.123000	14.900000
1071	-109.153437	1.125000	14.950000
1072	-109.063437	1.125000	14.870000
1073	-108.963437	1.127000	15.120000
1074	-108.893437	1.127000	14.930000
1075	-108.873437	1.129000	14.850000
1076	-108.873437	1.129000	14.940000
1077	-108.783437	1.131000	15.080000
1078	-108.753437	1.131000	14.910000
1079	-108.733437	1.131000	15.270000
1080	-108.523437	1.133000	14.990000
1081	-108.473437	1.133000	15.080000
1082	-108.403437	1.137000	15.030000
1083	-108.263437	1.137000	14.990000
1084	-108.163437	1.139000	15.090000
1085	-108.153437	1.139000	15.110000
1086	-108.143437	1.139000	15.160000
1087	-107.903437	1.141000	14.940000
1088	-107.833437	1.143000	15.020000
1089	-107.713437	1.143000	15.040000
1090	-107.673437	1.144000	15.050000
1091	-107.583437	1.146000	15.160000
1092	-107.573437	1.146000	15.030000
1093	-107.563437	1.146000	14.970000
1094	-107.493437	1.148000	15.190000
1095	-107.453437	1.150000	14.990000
1096	-107.253437	1.150000	15.040000
1097	-107.223437	1.152000	15.140000
1098	-107.183437	1.152000	15.140000
1099	-107.083437	1.154000	15.080000
1100	-106.973437	1.156000	15.260000
1101	-106.933437	1.156000	15.010000
1102	-106.893437	1.158000	15.040000
1103	-106.743437	1.158000	14.940000
1104	-106.613437	1.160000	15.020000
1105	-106.603437	1.160000	15.190000
1106	-106.563437	1.162000	15.150000
1107	-106.523437	1.162000	15.000000
1108	-106.513437	1.166000	15.080000
1109	-106.363437	1.168000	15.280000
1110	-106.273437	1.168000	14.990000
1111	-106.263437	1.170000	15.200000
1112	-106.153437	1.170000	15.210000
1113	-106.043437	1.172000	15.280000
1114	-105.803437	1.172000	15.290000
1115	-105.803437	1.174000	15.270000
1116	-105.553437	1.174000	15.170000
1117	-105.543437	1.176000	15.170000
1118	-105.503437	1.176000	15.260000
1119	-105.293437	1.178000	15.190000
1120	-105.003437	1.180000	15.200000
1121	-104.923437	1.180000	15.340000
1122	-104.893437	1.182000	15.330000
1123	-104.833437	1.182000	15.130000
1124	-104.723437	1.184000	15.250000
1125	-104.533437	1.184000	15.120000
1126	-104.503437	1.185000	15.400000
1127	-104.263437	1.185000	15.260000
1128	-104.223437	1.187000	15.400000
1129	-104.193437	1.189000	15.310000
1130	-104.153437	1.189000	15.160000
1131	-104.043437	1.191000	13.920000
1132	-103.873437	1.191000	15.320000
1133	-103.773437	1.193000	14.170000
1134	-103.723437	1.193000	15.450000
1135	-103.713437	1.195000	15.220000
1136	-103.703437	1.195000	15.290000
1137	-103.543437	1.195000	15.190000
1138	-103.373437	1.197000	15.510000
1139	-103.373437	1.199000	14.500000
1140	-103.303437	1.199000	14.070000
1141	-103.213437	1.201000	14.060000
1142	-103.203437	1.201000	15.340000
1143	-103.013437	1.203000	15.310000
1144	-102.953437	1.203000	15.310000
1145	-102.763437	1.205000	15.330000
1146	-102.763437	1.205000	15.410000
1147	-102.633437	1.207000	15.430000
1148	-102.573437	1.209000	14.100000
1149	-102.473437	1.209000	14.000000
1150	-102.453437	1.211000	14.050000
1151	-102.333437	1.211000	14.060000
1152	-102.283437	1.213000	14.020000
1153	-102.223437	1.213000	14.140000
1154	-102.163437	1.215000	14.090000
1155	-102.123437	1.215000	14.050000
1156	-102.103437	1.217000	14.110000
1157	-102.053437	1.217000	14.150000
1158	-101.823437	1.219000	14.050000
1159	-101.813437	1.221000	14.060000
1160	-101.793437	1.221000	14.220000
1161	-101.743437	1.223000	15.650000
1162	-101.723437	1.223000	14.020000
1163	-101.683437	1.225000	14.120000
1164	-101.653437	1.225000	14.120000
1165	-101.553437	1.227000	14.160000
1166	-101.543437	1.227000	14.060000
1167	-101.533437	1.228000	14.210000
1168	-101.453437	1.227000	14.290000
1169	-101.343437	1.230000	14.150000
1170	-101.143437	1.230000	14.230000
1171	-101.123437	1.232000	14.320000
1172	-101.113437	1.232000	14.110000
1173	-101.113437	1.234000	14.160000
1174	-101.113437	1.234000	14.100000
1175	-100.943437	1.236000	14.260000
1176	-100.923437	1.236000	14.090000
1177	-100.883437	1.238000	14.100000
1178	-100.663437	1.240000	14.180000
1179	-100.403437	1.240000	14.240000
1180	-100.333437	1.242000	14.190000
1181	-100.283437	1.242000	14.240000
1182	-100.213437	1.244000	14.320000
1183	-100.203437	1.244000	14.240000
1184	-100.193437	1.246000	14.370000
1185	-100.133437	1.246000	14.210000
1186	-100.013437	1.248000	14.260000
1187	-99.983437	1.250000	14.280000
1188	-99.953437	1.254000	14.110000
1189	-99.933437	1.252000	14.310000
1190	-99.913437	1.254000	14.470000
1191	-99.903437	1.254000	14.290000
1192	-99.783437	1.256000	14.270000
1193	-99.693437	1.256000	14.200000
1194	-99.613437	1.256000	14.280000
1195	-99.573437	1.258000	14.310000
1196	-99.563437	1.260000	14.270000
1197	-99.523437	1.260000	14.320000
1198	-99.473437	1.262000	14.250000
1199	-99.473437	1.262000	14.290000
1200	-99.343437	1.264000	14.320000
1201	-99.313437	1.264000	14.550000
1202	-99.273437	1.264000	14.310000
1203	-99.063437	1.266000	14.500000
1204	-98.983437	1.268000	14.280000
1205	-98.943437	1.268000	14.600000
1206	-98.923437	1.269000	14.320000
1207	-98.713437	1.269000	14.420000
1208	-98.693437	1.271000	14.320000
1209	-98.593437	1.271000	14.270000
1210	-98.503437	1.273000	14.290000
1211	-98.403437	1.275000	14.410000
1212	-98.083437	1.275000	14.430000
1213	-97.653437	1.277000	14.560000
1214	-97.553437	1.277000	14.540000
1215	-97.503437	1.279000	14.460000
1216	-97.503437	1.279000	14.250000
1217	-97.453437	1.281000	14.980000
1218	-97.423437	1.281000	14.320000
1219	-97.353437	1.285000	14.400000
1220	-97.313437	1.283000	14.650000
1221	-97.303437	1.285000	14.420000
1222	-97.293437	1.285000	14.460000
1223	-97.193437	1.287000	14.450000
1224	-97.153437	1.287000	14.540000
1225	-97.093437	1.287000	14.630000
1226	-96.813437	1.289000	14.470000
1227	-96.773437	1.289000	14.470000
1228	-96.643437	1.293000	14.420000
1229	-96.643437	1.293000	14.380000
1230	-96.583437	1.295000	14.480000
1231	-96.583437	1.295000	14.440000
1232	-96.563437	1.295000	14.640000
1233	-96.433437	1.297000	14.620000
1234	-96.393437	1.299000	14.340000
1235	-96.313437	1.299000	14.720000
1236	-96.093437	1.301000	14.510000
1237	-96.083437	1.301000	14.800000
1238	-96.013437	1.303000	14.660000
1239	-95.943437	1.303000	14.580000
1240	-95.903437	1.303000	14.630000
1241	-95.893437	1.305000	14.560000
1242	-95.883437	1.305000	14.580000
1243	-95.803437	1.305000	14.710000
1244	-95.683437	1.309000	14.580000
1245	-95.583437	1.309000	14.450000
1246	-95.563437	1.311000	14.610000
1247	-95.513437	1.311000	14.530000
1248	-95.383437	1.312000	14.560000
1249	-95.313437	1.312000	14.690000
1250	-95.303437	1.314000	14.620000
1251	-95.293437	1.314000	14.650000
1252	-95.293437	1.316000	14.520000
1253	-95.263437	1.316000	14.630000
1254	-95.083437	1.318000	14.550000
1255	-95.033437	1.318000	14.590000
1256	-94.863437	1.320000	14.640000
1257	-94.723437	1.320000	14.780000
1258	-94.663437	1.322000	14.640000
1259	-94.283437	1.322000	14.480000
1260	-94.133437	1.324000	14.480000
1261	-94.113437	1.324000	14.490000
1262	-94.093437	1.326000	14.690000
1263	-94.003437	1.326000	14.640000
1264	-93.953437	1.326000	14.740000
1265	-93.933437	1.328000	14.650000
1266	-93.923437	1.330000	14.760000
1267	-93.833437	1.330000	14.810000
1268	-93.823437	1.332000	14.640000
1269	-93.523437	1.336000	14.620000
1270	-93.513437	1.336000	14.710000
1271	-93.463437	1.338000	14.730000
1272	-93.403437	1.338000	14.740000
1273	-93.323437	1.340000	14.810000
1274	-93.153437	1.340000	14.810000
1275	-93.073437	1.342000	14.790000
1276	-93.033437	1.342000	14.730000
1277	-92.963437	1.344000	14.750000
1278	-92.953437	1.346000	14.690000
1279	-92.903437	1.348000	14.720000
1280	-92.863437	1.348000	14.930000
1281	-92.843437	1.348000	14.780000
1282	-92.763437	1.350000	14.810000
1283	-92.733437	1.350000	14.770000
1284	-92.673437	1.352000	14.670000
1285	-92.543437	1.352000	14.770000
1286	-92.523437	1.353000	14.770000
1287	-92.453437	1.352000	14.860000
1288	-92.203437	1.355000	15.090000
1289	-92.153437	1.357000	15.020000
1290	-92.053437	1.357000	14.850000
1291	-91.943437	1.359000	14.980000
1292	-91.823437	1.359000	14.940000
1293	-91.783437	1.361000	14.930000
1294	-91.763437	1.361000	15.010000
1295	-91.753437	1.363000	14.960000
1296	-91.583437	1.363000	14.760000
1297	-91.483437	1.365000	14.910000
1298	-91.433437	1.367000	14.940000
1299	-91.413437	1.367000	14.910000
1300	-91.383437	1.369000	14.900000
1301	-91.363437	1.369000	15.020000
1302	-91.343437	1.371000	14.790000
1303	-91.293437	1.371000	14.880000
1304	-91.273437	1.373000	14.810000
1305	-90.923437	1.373000	14.970000
1306	-90.823437	1.375000	14.900000
1307	-90.783437	1.379000	14.950000
1308	-90.533437	1.377000	15.000000
1309	-90.493437	1.379000	15.050000
1310	-90.423437	1.379000	15.100000
1311	-90.243437	1.381000	15.000000
1312	-90.243437	1.381000	15.070000
1313	-90.203437	1.383000	14.980000
1314	-90.113437	1.383000	14.950000
1315	-90.073437	1.385000	14.970000
1316	-89.843437	1.385000	15.080000
1317	-89.833437	1.387000	15.090000
1318	-89.823437	1.389000	15.170000
1319	-89.763437	1.389000	15.220000
1320	-89.693437	1.391000	15.070000
1321	-89.603437	1.391000	15.090000
1322	-89.453437	1.393000	15.200000
1323	-89.443437	1.393000	15.270000
1324	-89.423437	1.394000	15.070000
1325	-89.303437	1.394000	15.160000
1326	-89.253437	1.396000	15.150000
1327	-89.243437	1.398000	15.020000
1328	-89.073437	1.398000	15.130000
1329	-89.003437	1.398000	15.080000
1330	-88.823437	1.398000	15.050000
1331	-88.763437	1.402000	15.040000
1332	-88.663437	1.402000	15.390000
1333	-88.593437	1.404000	15.030000
1334	-88.333437	1.404000	15.010000
1335	-88.283437	1.406000	15.030000
1336	-88.243437	1.406000	15.100000
1337	-88.213437	1.408000	14.940000
1338	-88.193437	1.408000	14.940000
1339	-88.043437	1.410000	15.330000
1340	-87.983437	1.410000	15.170000
1341	-87.783437	1.412000	15.140000
1342	-87.743437	1.412000	15.200000
1343	-87.663437	1.416000	15.490000
1344	-87.413437	1.416000	15.270000
1345	-87.303437	1.416000	15.300000
1346	-87.213437	1.418000	15.190000
1347	-87.193437	1.420000	15.130000
1348	-87.073437	1.420000	15.250000
1349	-87.013437	1.420000	15.070000
1350	-86.843437	1.422000	15.230000
1351	-86.803437	1.424000	15.330000
1352	-86.763437	1.424000	15.390000
1353	-86.733437	1.426000	15.090000
1354	-86.693437	1.426000	15.330000
1355	-86.623437	1.428000	15.270000
1356	-86.423437	1.428000	15.320000
1357	-86.393437	1.430000	15.200000
1358	-86.373437	1.430000	15.080000
1359	-86.273437	1.432000	15.090000
1360	-86.273437	1.432000	15.320000
1361	-86.083437	1.434000	15.150000
1362	-86.063437	1.434000	15.270000
1363	-85.973437	1.435000	15.120000
1364	-85.973437	1.435000	15.190000
1365	-85.963437	1.435000	15.330000
1366	-85.953437	1.439000	15.200000
1367	-85.933437	1.441000	15.420000
1368	-85.833437	1.441000	15.350000
1369	-85.823437	1.441000	15.380000
1370	-85.713437	1.443000	15.360000
1371	-85.663437	1.443000	15.270000
1372	-85.653437	1.443000	15.400000
1373	-85.573437	1.445000	15.430000
1374	-85.463437	1.447000	15.610000
1375	-85.263437	1.447000	15.370000
1376	-85.143437	1.449000	15.460000
1377	-85.043437	1.449000	15.300000
1378	-85.033437	1.451000	15.490000
1379	-84.943437	1.451000	15.410000
1380	-84.853437	1.451000	15.440000
1381	-84.823437	1.453000	15.440000
1382	-84.763437	1.455000	15.390000
1383	-84.703437	1.455000	15.260000
1384	-84.653437	1.457000	15.360000
1385	-84.643437	1.457000	15.180000
1386	-84.613437	1.459000	15.590000
1387	-84.603437	1.461000	15.460000
1388	-84.583437	1.461000	15.580000
1389	-84.493437	1.463000	15.390000
1390	-84.103437	1.463000	15.580000
1391	-84.083437	1.465000	15.500000
1392	-83.903437	1.465000	15.380000
1393	-83.803437	1.467000	15.530000
1394	-83.753437	1.467000	15.520000
1395	-83.623437	1.467000	15.540000
1396	-83.283437	1.473000	15.410000
1397	-83.233437	1.471000	15.520000
1398	-83.213437	1.473000	15.380000
1399	-83.213437	1.473000	15.510000
1400	-83.143437	1.475000	15.410000
1401	-83.023437	1.475000	15.320000
1402	-82.933437	1.475000	15.410000
1403	-82.853437	1.477000	15.530000
1404	-82.793437	1.478000	15.610000
1405	-82.783437	1.478000	15.390000
1406	-82.773437	1.480000	15.470000
1407	-82.743437	1.480000	15.540000
1408	-82.743437	1.482000	15.490000
1409	-82.713437	1.482000	15.640000
1410	-82.573437	1.482000	15.440000
1411	-82.353437	1.484000	15.460000
1412	-82.303437	1.486000	15.580000
1413	-82.043437	1.486000	15.530000
1414	-82.013437	1.488000	15.530000
1415	-81.983437	1.488000	15.570000
1416	-81.973437	1.490000	15.460000
1417	-81.823437	1.490000	15.470000
1418	-81.803437	1.492000	15.570000
1419	-81.733437	1.494000	15.680000
1420	-81.703437	1.494000	15.700000
1421	-81.693437	1.496000	15.540000
1422	-81.593437	1.496000	15.740000
1423	-81.293437	1.500000	15.600000
1424	-81.253437	1.500000	15.710000
1425	-81.003437	1.502000	15.710000
1426	-80.993437	1.504000	15.750000
1427	-80.893437	1.504000	15.540000
1428	-80.873437	1.506000	15.740000
1429	-80.873437	1.506000	15.720000
1430	-80.853437	1.508000	15.820000
1431	-80.723437	1.508000	15.710000
1432	-80.683437	1.510000	15.730000
1433	-80.513437	1.510000	15.710000
1434	-80.503437	1.512000	15.550000
1435	-80.453437	1.514000	15.680000
1436	-80.433437	1.514000	15.750000
1437	-80.283437	1.516000	15.490000
1438	-80.283437	1.516000	15.820000
1439	-80.223437	1.519000	15.690000
1440	-80.213437	1.519000	15.620000
1441	-80.183437	1.519000	15.660000
1442	-80.123437	1.519000	15.770000
1443	-80.083437	1.521000	15.860000
1444	-79.933437	1.521000	15.920000
1445	-79.743437	1.523000	15.650000
1446	-79.633437	1.523000	15.940000
1447	-79.363437	1.525000	15.780000
1448	-79.183437	1.525000	15.670000
1449	-79.103437	1.527000	15.830000
1450	-79.023437	1.527000	15.920000
1451	-79.003437	1.529000	15.940000
1452	-78.943437	1.529000	15.850000
1453	-78.813437	1.531000	15.890000
1454	-78.723437	1.531000	15.850000
1455	-78.663437	1.535000	15.650000
1456	-78.633437	1.535000	15.810000
1457	-78.603437	1.535000	15.790000
1458	-78.513437	1.537000	15.960000
1459	-78.513437	1.537000	15.840000
1460	-78.513437	1.539000	15.980000
1461	-78.503437	1.539000	15.970000
1462	-78.433437	1.541000	15.770000
1463	-78.423437	1.541000	15.750000
1464	-78.413437	1.543000	15.720000
1465	-78.183437	1.545000	15.850000
1466	-78.123437	1.545000	15.820000
1467	-78.073437	1.547000	15.810000
1468	-78.053437	1.547000	16.090000
1469	-77.983437	1.551000	15.930000
1470	-77.783437	1.551000	15.940000
1471	-77.753437	1.551000	15.820000
1472	-77.363437	1.551000	16.130000
1473	-77.313437	1.553000	15.790000
1474	-77.303437	1.553000	15.770000
1475	-77.263437	1.555000	15.970000
1476	-77.243437	1.555000	16.060000
1477	-77.163437	1.557000	16.140000
1478	-77.133437	1.557000	15.960000
1479	-77.083437	1.559000	15.970000
1480	-77.063437	1.559000	15.960000
1481	-77.063437	1.561000	15.980000
1482	-77.063437	1.561000	15.910000
1483	-76.923437	1.562000	15.980000
1484	-76.753437	1.562000	15.910000
1485	-76.743437	1.566000	16.000000
1486	-76.693437	1.564000	15.840000
1487	-76.663437	1.566000	16.000000
1488	-76.653437	1.566000	16.160000
1489	-76.613437	1.568000	16.000000
1490	-76.413437	1.568000	15.940000
1491	-76.393437	1.570000	16.020000
1492	-76.323437	1.570000	15.900000
1493	-76.133437	1.570000	15.860000
1494	-75.773437	1.574000	16.150000
1495	-75.733437	1.574000	16.050000
1496	-75.613437	1.576000	16.020000
1497	-75.603437	1.576000	15.980000
1498	-75.593437	1.578000	15.940000
1499	-75.493437	1.578000	16.160000
1500	-75.313437	1.580000	16.220000
1501	-75.253437	1.580000	15.960000
1502	-75.103437	1.584000	16.090000
1503	-75.083437	1.584000	16.050000
1504	-75.083437	1.586000	16.060000
1505	-75.073437	1.586000	16.020000
1506	-75.073437	1.588000	16.110000
1507	-75.043437	1.588000	16.000000
1508	-75.003437	1.590000	15.950000
1509	-74.983437	1.590000	16.240000
1510	-74.923437	1.592000	16.390000
1511	-74.843437	1.592000	16.130000
1512	-74.793437	1.592000	16.070000
1513	-74.703437	1.594000	16.200000
1514	-74.573437	1.596000	16.110000
1515	-74.553437	1.598000	16.330000
1516	-74.523437	1.598000	16.160000
1517	-74.413437	1.598000	16.270000
1518	-74.363437	1.600000	16.130000
1519	-74.343437	1.600000	16.170000
1520	-74.313437	1.600000	16.140000
1521	-74.233437	1.602000	16.180000
1522	-74.223437	1.603000	16.140000
1523	-74.133437	1.603000	16.150000
1524	-74.033437	1.605000	16.330000
1525	-73.903437	1.607000	16.440000
1526	-73.723437	1.607000	16.080000
1527	-73.393437	1.607000	16.340000
1528	-73.243437	1.609000	16.260000
1529	-73.153437	1.611000	16.300000
1530	-73.143437	1.611000	16.260000
1531	-73.113437	1.613000	16.310000
1532	-72.943437	1.613000	16.160000
1533	-72.863437	1.615000	16.230000
1534	-72.793437	1.617000	16.370000
1535	-72.793437	1.617000	16.190000
1536	-72.763437	1.619000	16.350000
1537	-72.743437	1.619000	16.240000
1538	-72.523437	1.621000	16.270000
1539	-72.513437	1.621000	16.260000
1540	-72.503437	1.623000	16.200000
1541	-72.433437	1.623000	16.320000
1542	-72.403437	1.623000	16.150000
1543	-72.373437	1.627000	16.200000
1544	-72.363437	1.629000	16.200000
1545	-72.363437	1.629000	16.280000
1546	-72.353437	1.629000	16.340000
1547	-72.243437	1.631000	16.360000
1548	-72.063437	1.631000	16.480000
1549	-72.053437	1.631000	16.190000
1550	-71.813437	1.633000	16.100000
1551	-71.703437	1.635000	16.310000
1552	-71.703437	1.635000	16.240000
1553	-71.673437	1.637000	16.440000
1554	-71.573437	1.639000	16.230000
1555	-71.563437	1.639000	16.290000
1556	-71.433437	1.639000	16.280000
1557	-71.433437	1.641000	16.440000
1558	-71.433437	1.643000	16.450000
1559	-71.163437	1.643000	16.440000
1560	-71.143437	1.644000	16.390000
1561	-71.113437	1.644000	16.530000
1562	-71.103437	1.646000	16.270000
1563	-70.623437	1.646000	16.330000
1564	-70.473437	1.648000	16.430000
1565	-70.403437	1.648000	16.510000
1566	-70.223437	1.650000	16.490000
1567	-70.183437	1.650000	16.470000
1568	-70.173437	1.652000	16.500000
1569	-70.163437	1.652000	16.430000
1570	-69.963437	1.654000	16.540000
1571	-69.943437	1.654000	16.460000
1572	-69.923437	1.654000	16.490000
1573	-69.893437	1.656000	16.520000
1574	-69.883437	1.660000	16.470000
1575	-69.863437	1.658000	16.510000
1576	-69.833437	1.660000	16.470000
1577	-69.793437	1.660000	16.480000
1578	-69.763437	1.662000	16.560000
1579	-69.713437	1.662000	16.420000
1580	-69.693437	1.666000	16.480000
1581	-69.463437	1.666000	16.510000
1582	-69.273437	1.668000	16.530000
1583	-69.193437	1.668000	16.380000
1584	-69.173437	1.670000	16.460000
1585	-68.993437	1.672000	16.840000
1586	-68.913437	1.672000	16.560000
1587	-68.823437	1.674000	16.620000
1588	-68.733437	1.674000	16.590000
1589	-68.623437	1.676000	16.500000
1590	-68.583437	1.676000	16.430000
1591	-68.583437	1.678000	16.570000
1592	-68.553437	1.678000	16.620000
1593	-68.463437	1.680000	16.400000
1594	-68.463437	1.680000	16.670000
1595	-68.423437	1.682000	16.500000
1596	-68.403437	1.682000	16.500000
1597	-68.343437	1.684000	16.560000
1598	-68.333437	1.684000	16.450000
1599	-68.243437	1.685000	16.470000
1600	-68.203437	1.685000	16.710000
1601	-68.163437	1.687000	16.500000
1602	-68.093437	1.687000	16.590000
1603	-68.073437	1.689000	16.510000
1604	-67.943437	1.691000	16.740000
1605	-67.413437	1.691000	16.690000
1606	-67.353437	1.693000	16.680000
1607	-67.193437	1.693000	16.640000
1608	-67.113437	1.695000	16.700000
1609	-66.953437	1.695000	16.800000
1610	-66.873437	1.697000	16.560000
1611	-66.843437	1.697000	16.860000
1612	-66.833437	1.699000	16.730000
1613	-66.763437	1.699000	16.710000
1614	-66.703437	1.701000	16.770000
1615	-66.633437	1.701000	16.540000
1616	-66.583437	1.703000	16.690000
1617	-66.503437	1.703000	16.680000
1618	-66.443437	1.705000	16.630000
1619	-66.423437	1.705000	16.620000
1620	-66.383437	1.707000	16.690000
1621	-66.153437	1.707000	16.670000
1622	-65.993437	1.709000	16.790000
1623	-65.663437	1.711000	16.700000
1624	-65.503437	1.711000	16.790000
1625	-65.323437	1.713000	16.890000
1626	-65.323437	1.713000	16.880000
1627	-65.253437	1.715000	16.860000
1628	-65.223437	1.715000	16.890000
1629	-65.113437	1.717000	16.810000
1630	-65.103437	1.717000	16.910000
1631	-65.033437	1.719000	16.940000
1632	-64.993437	1.719000	17.000000
1633	-64.923437	1.721000	16.900000
1634	-64.853437	1.723000	16.920000
1635	-64.833437	1.723000	16.930000
1636	-64.753437	1.723000	16.910000
1637	-64.653437	1.725000	16.810000
1638	-64.603437	1.725000	16.850000
1639	-64.593437	1.727000	16.990000
1640	-64.563437	1.727000	17.010000
1641	-64.533437	1.728000	16.890000
1642	-64.523437	1.728000	16.920000
1643	-64.523437	1.730000	16.940000
1644	-64.483437	1.730000	16.800000
1645	-64.363437	1.732000	16.900000
1646	-64.243437	1.732000	16.930000
1647	-64.213437	1.734000	16.980000
1648	-64.143437	1.734000	16.760000
1649	-64.113437	1.736000	16.970000
1650	-64.093437	1.736000	16.940000
1651	-64.003437	1.738000	17.070000
1652	-63.963437	1.738000	16.850000
1653	-63.963437	1.740000	16.940000
1654	-63.843437	1.740000	16.780000
1655	-63.473437	1.742000	17.000000
1656	-63.343437	1.742000	17.020000
1657	-63.253437	1.744000	17.190000
1658	-63.243437	1.744000	17.190000
1659	-63.233437	1.746000	17.140000
1660	-63.013437	1.746000	17.170000
1661	-63.003437	1.748000	16.950000
1662	-62.963437	1.750000	16.990000
1663	-62.833437	1.754000	17.100000
1664	-62.383437	1.754000	16.960000
1665	-62.333437	1.754000	17.040000
1666	-62.263437	1.756000	17.000000
1667	-62.143437	1.756000	17.150000
1668	-62.103437	1.756000	17.050000
1669	-62.003437	1.758000	17.040000
1670	-61.963437	1.760000	17.150000
1671	-61.883437	1.760000	16.980000
1672	-61.843437	1.762000	17.210000
1673	-61.793437	1.764000	16.960000
1674	-61.783437	1.764000	17.070000
1675	-61.723437	1.764000	17.130000
1676	-61.713437	1.766000	17.100000
1677	-61.653437	1.768000	17.060000
1678	-61.583437	1.768000	17.090000
1679	-61.553437	1.769000	17.130000
1680	-61.503437	1.769000	17.080000
1681	-61.293437	1.771000	17.040000
1682	-61.103437	1.771000	17.050000
1683	-61.023437	1.773000	17.080000
1684	-60.853437	1.775000	17.310000
1685	-60.773437	1.775000	17.130000
1686	-60.753437	1.777000	17.160000
1687	-60.633437	1.777000	17.100000
1688	-60.633437	1.779000	17.240000
1689	-60.573437	1.779000	17.140000
1690	-60.463437	1.779000	17.140000
1691	-60.343437	1.781000	17.220000
1692	-60.293437	1.783000	17.240000
1693	-60.113437	1.785000	17.310000
1694	-60.113437	1.785000	17.400000
1695	-60.093437	1.787000	17.170000
1696	-59.933437	1.787000	17.070000
1697	-59.873437	1.787000	17.150000
1698	-59.853437	1.789000	17.180000
1699	-59.793437	1.791000	17.130000
1700	-59.773437	1.791000	17.170000
1701	-59.733437	1.793000	17.260000
1702	-59.483437	1.793000	17.230000
1703	-59.413437	1.795000	17.230000
1704	-59.363437	1.795000	17.280000
1705	-59.253437	1.795000	17.270000
1706	-59.233437	1.797000	17.280000
1707	-59.203437	1.799000	17.390000
1708	-59.193437	1.799000	17.180000
1709	-59.113437	1.801000	17.110000
1710	-59.073437	1.801000	17.420000
1711	-59.003437	1.803000	17.370000
1712	-58.793437	1.805000	17.190000
1713	-58.743437	1.805000	17.240000
1714	-58.713437	1.807000	17.290000
1715	-58.663437	1.807000	17.210000
1716	-58.653437	1.809000	17.420000
1717	-58.543437	1.809000	17.370000
1718	-58.393437	1.811000	17.350000
1719	-58.193437	1.811000	17.520000
1720	-58.193437	1.811000	17.410000
1721	-58.143437	1.812000	17.450000
1722	-58.063437	1.814000	17.270000
1723	-57.883437	1.816000	17.420000
1724	-57.833437	1.816000	17.400000
1725	-57.723437	1.816000	17.480000
1726	-57.713437	1.818000	17.280000
1727	-57.663437	1.818000	17.570000
1728	-57.643437	1.818000	17.520000
1729	-57.643437	1.820000	17.430000
1730	-57.373437	1.822000	17.480000
1731	-57.253437	1.820000	17.380000
1732	-57.133437	1.824000	17.400000
1733	-57.123437	1.824000	17.370000
1734	-57.043437	1.826000	17.330000
1735	-56.993437	1.826000	17.520000
1736	-56.993437	1.826000	17.310000
1737	-56.983437	1.828000	17.340000
1738	-56.943437	1.830000	17.310000
1739	-56.813437	1.830000	17.330000
1740	-56.623437	1.834000	17.320000
1741	-56.593437	1.834000	17.310000
1742	-56.553437	1.836000	17.350000
1743	-56.443437	1.836000	17.310000
1744	-56.313437	1.838000	17.340000
1745	-56.213437	1.840000	17.590000
1746	-56.163437	1.840000	17.710000
1747	-55.763437	1.842000	17.450000
1748	-55.723437	1.842000	17.310000
1749	-55.703437	1.844000	17.340000
1750	-55.703437	1.844000	17.590000
1751	-55.623437	1.848000	17.520000
1752	-55.613437	1.848000	17.530000
1753	-55.583437	1.848000	17.490000
1754	-55.423437	1.850000	17.640000
1755	-55.363437	1.850000	17.610000
1756	-55.283437	1.852000	17.470000
1757	-55.253437	1.852000	17.460000
1758	-55.213437	1.853000	17.440000
1759	-55.153437	1.852000	17.420000
1760	-55.123437	1.855000	17.370000
1761	-55.123437	1.855000	17.640000
1762	-55.003437	1.857000	17.380000
1763	-54.953437	1.857000	17.580000
1764	-54.793437	1.859000	17.590000
1765	-54.713437	1.859000	17.430000
1766	-54.703437	1.861000	17.420000
1767	-54.583437	1.861000	17.570000
1768	-54.533437	1.863000	17.560000
1769	-54.503437	1.863000	17.640000
1770	-54.413437	1.865000	17.570000
1771	-54.373437	1.865000	17.590000
1772	-54.373437	1.867000	17.750000
1773	-54.363437	1.869000	17.570000
1774	-54.353437	1.869000	17.520000
1775	-54.143437	1.871000	17.500000
1776	-54.013437	1.871000	17.580000
1777	-53.923437	1.873000	17.550000
1778	-53.893437	1.873000	17.580000
1779	-53.793437	1.875000	17.640000
1780	-53.733437	1.875000	17.560000
1781	-53.613437	1.877000	17.550000
1782	-53.503437	1.879000	17.630000
1783	-53.413437	1.879000	17.660000
1784	-53.393437	1.879000	17.600000
1785	-53.273437	1.881000	17.560000
1786	-53.143437	1.881000	17.750000
1787	-53.133437	1.883000	17.530000
1788	-53.073437	1.883000	17.650000
1789	-53.023437	1.883000	17.590000
1790	-52.943437	1.885000	17.670000
1791	-52.753437	1.887000	17.720000
1792	-52.603437	1.887000	17.560000
1793	-52.563437	1.889000	17.740000
1794	-52.283437	1.889000	17.800000
1795	-52.093437	1.891000	17.680000
1796	-52.073437	1.891000	17.650000
1797	-52.053437	1.893000	17.700000
1798	-52.023437	1.893000	17.560000
1799	-51.993437	1.894000	17.680000
1800	-51.903437	1.894000	18.100000
1801	-51.773437	1.896000	17.770000
1802	-51.693437	1.898000	17.790000
1803	-51.573437	1.898000	17.780000
1804	-51.463437	1.900000	17.890000
1805	-51.433437	1.900000	17.780000
1806	-51.423437	1.902000	17.660000
1807	-51.423437	1.902000	17.760000
1808	-51.213437	1.904000	17.800000
1809	-51.203437	1.904000	17.670000
1810	-51.183437	1.906000	17.840000
1811	-51.123437	1.906000	17.910000
1812	-51.073437	1.910000	17.900000
1813	-51.063437	1.908000	17.790000
1814	-50.963437	1.910000	17.910000
1815	-50.863437	1.910000	18.040000
1816	-50.793437	1.912000	17.830000
1817	-50.753437	1.912000	17.700000
1818	-50.663437	1.916000	17.810000
1819	-50.563437	1.916000	17.940000
1820	-50.553437	1.918000	17.940000
1821	-50.533437	1.918000	17.850000
1822	-50.463437	1.920000	17.910000
1823	-50.433437	1.920000	17.860000
1824	-50.413437	1.922000	17.910000
1825	-50.403437	1.924000	18.050000
1826	-50.393437	1.924000	18.140000
1827	-50.303437	1.926000	17.940000
1828	-50.213437	1.926000	17.910000
1829	-49.933437	1.928000	17.960000
1830	-49.883437	1.928000	18.200000
1831	-49.673437	1.930000	18.030000
1832	-49.643437	1.930000	17.930000
1833	-49.533437	1.932000	17.960000
1834	-49.483437	1.932000	18.090000
1835	-49.463437	1.934000	18.130000
1836	-49.423437	1.934000	18.020000
1837	-49.403437	1.935000	17.970000
1838	-49.263437	1.935000	17.840000
1839	-49.263437	1.937000	18.140000
1840	-49.203437	1.937000	17.870000
1841	-49.183437	1.939000	17.930000
1842	-49.023437	1.941000	18.010000
1843	-48.763437	1.941000	18.010000
1844	-48.613437	1.943000	17.940000
1845	-48.473437	1.943000	18.030000
1846	-48.413437	1.943000	18.010000
1847	-48.263437	1.945000	18.030000
1848	-48.253437	1.947000	18.060000
1849	-48.023437	1.947000	18.180000
1850	-47.903437	1.949000	17.970000
1851	-47.813437	1.949000	18.120000
1852	-47.693437	1.951000	17.980000
1853	-47.603437	1.951000	18.140000
1854	-47.563437	1.951000	18.150000
1855	-47.473437	1.953000	18.240000
1856	-47.473437	1.955000	18.220000
1857	-47.473437	1.955000	18.130000
1858	-47.463437	1.957000	18.130000
1859	-47.453437	1.957000	18.080000
1860	-47.283437	1.959000	18.200000
1861	-47.073437	1.959000	18.080000
1862	-47.043437	1.961000	18.050000
1863	-46.983437	1.961000	18.140000
1864	-46.913437	1.963000	18.150000
1865	-46.903437	1.963000	17.920000
1866	-46.873437	1.965000	18.180000
1867	-46.763437	1.965000	18.290000
1868	-46.733437	1.967000	18.130000
1869	-46.643437	1.967000	18.240000
1870	-46.573437	1.967000	18.120000
1871	-46.473437	1.969000	18.290000
1872	-46.403437	1.973000	18.150000
1873	-46.303437	1.973000	18.280000
1874	-46.213437	1.973000	18.140000
1875	-46.153437	1.975000	18.200000
1876	-45.903437	1.975000	18.200000
1877	-45.903437	1.975000	18.260000
1878	-45.773437	1.977000	18.210000
1879	-45.573437	1.978000	17.890000
1880	-45.363437	1.977000	18.210000
1881	-45.343437	1.980000	18.190000
1882	-45.313437	1.980000	18.290000
1883	-45.223437	1.982000	18.240000
1884	-45.133437	1.982000	18.070000
1885	-45.123437	1.982000	18.260000
1886	-45.033437	1.984000	18.200000
1887	-45.023437	1.986000	18.260000
1888	-44.923437	1.986000	18.280000
1889	-44.903437	1.988000	18.270000
1890	-44.863437	1.988000	18.190000
1891	-44.853437	1.990000	18.230000
1892	-44.843437	1.992000	18.250000
1893	-44.803437	1.992000	18.230000
1894	-44.723437	1.994000	18.120000
1895	-44.653437	1.994000	18.140000
1896	-44.483437	1.996000	18.110000
1897	-44.483437	1.996000	18.150000
1898	-44.473437	2.000000	18.050000
1899	-44.393437	2.000000	18.230000
1900	-44.373437	2.004000	18.320000
1901	-44.343437	2.002000	18.040000
1902	-44.213437	2.004000	18.210000
1903	-44.133437	2.004000	18.270000
1904	-44.053437	2.006000	18.230000
1905	-43.943437	2.006000	18.340000
1906	-43.583437	2.008000	18.480000
1907	-43.523437	2.008000	18.220000
1908	-43.513437	2.010000	18.490000
1909	-43.513437	2.008000	18.460000
1910	-43.453437	2.012000	18.410000
1911	-43.433437	2.012000	18.320000
1912	-43.223437	2.014000	18.330000
1913	-43.173437	2.014000	18.510000
1914	-43.003437	2.016000	18.380000
1915	-42.983437	2.016000	18.270000
1916	-42.943437	2.018000	18.300000
1917	-42.903437	2.018000	18.630000
1918	-42.883437	2.019000	18.480000
1919	-42.863437	2.019000	18.460000
1920	-42.793437	2.021000	18.370000
1921	-42.793437	2.021000	18.320000
1922	-42.743437	2.023000	18.310000
1923	-42.733437	2.023000	18.270000
1924	-42.493437	2.025000	18.260000
1925	-42.483437	2.027000	18.440000
1926	-42.143437	2.027000	18.470000
1927	-42.113437	2.029000	18.410000
1928	-41.773437	2.029000	18.410000
1929	-41.723437	2.031000	18.490000
1930	-41.613437	2.031000	18.490000
1931	-41.513437	2.033000	18.480000
1932	-41.473437	2.035000	18.530000
1933	-41.423437	2.035000	18.520000
1934	-41.353437	2.035000	18.480000
1935	-41.353437	2.037000	18.630000
1936	-41.303437	2.037000	18.520000
1937	-41.293437	2.039000	18.560000
1938	-41.223437	2.039000	18.620000
1939	-41.213437	2.041000	18.540000
1940	-41.203437	2.041000	18.540000
1941	-41.193437	2.043000	18.490000
1942	-41.043437	2.043000	18.460000
1943	-41.033437	2.045000	18.480000
1944	-41.023437	2.045000	18.540000
1945	-40.973437	2.047000	18.490000
1946	-40.913437	2.047000	18.420000
1947	-40.893437	2.049000	18.470000
1948	-40.823437	2.049000	18.470000
1949	-40.683437	2.051000	18.580000
1950	-40.683437	2.051000	18.550000
1951	-40.653437	2.053000	18.650000
1952	-40.653437	2.055000	18.720000
1953	-40.613437	2.055000	18.500000
1954	-40.593437	2.057000	18.600000
1955	-40.583437	2.057000	18.500000
1956	-40.563437	2.059000	18.570000
1957	-40.523437	2.059000	18.760000
1958	-40.513437	2.061000	18.670000
1959	-40.493437	2.061000	18.670000
1960	-40.453437	2.062000	18.500000
1961	-40.413437	2.062000	18.600000
1962	-40.393437	2.064000	18.670000
1963	-40.283437	2.066000	18.530000
1964	-40.263437	2.066000	18.550000
1965	-40.153437	2.066000	18.570000
1966	-40.123437	2.068000	18.550000
1967	-40.073437	2.068000	18.640000
1968	-39.953437	2.070000	18.620000
1969	-39.923437	2.070000	18.570000
1970	-39.883437	2.072000	18.380000
1971	-39.863437	2.070000	18.710000
1972	-38.863437	2.074000	18.840000
1973	-38.733437	2.076000	18.870000
1974	-38.583437	2.076000	18.710000
1975	-38.433437	2.078000	18.870000
1976	-38.243437	2.078000	18.880000
1977	-38.203437	2.080000	18.750000
1978	-38.123437	2.080000	18.710000
1979	-37.873437	2.084000	18.850000
1980	-37.753437	2.084000	18.990000
1981	-37.633437	2.086000	18.910000
1982	-37.583437	2.086000	18.790000
1983	-37.373437	2.086000	18.820000
1984	-37.363437	2.088000	18.880000
1985	-37.333437	2.090000	18.790000
1986	-37.263437	2.090000	18.870000
1987	-37.263437	2.092000	18.860000
1988	-37.223437	2.092000	18.930000
1989	-37.223437	2.092000	18.850000
1990	-37.043437	2.094000	18.890000
1991	-37.003437	2.098000	18.820000
1992	-36.983437	2.098000	18.840000
1993	-36.953437	2.098000	18.960000
1994	-36.873437	2.100000	18.870000
1995	-36.833437	2.100000	18.910000
1996	-36.823437	2.100000	18.980000
1997	-36.623437	2.102000	18.900000
1998	-36.543437	2.103000	19.010000
1999	-36.483437	2.103000	18.870000
2000	-36.393437	2.105000	18.890000
2001	-36.313437	2.105000	18.810000
2002	-36.153437	2.107000	18.770000
2003	-36.073437	2.107000	18.810000
2004	-36.023437	2.107000	18.820000
2005	-35.953437	2.109000	18.950000
2006	-35.943437	2.111000	18.890000
2007	-35.883437	2.111000	18.820000
2008	-35.863437	2.113000	18.850000
2009	-35.813437	2.113000	18.850000
2010	-35.793437	2.115000	18.970000
2011	-35.733437	2.115000	18.980000
2012	-35.553437	2.117000	18.870000
2013	-35.533437	2.117000	19.080000
2014	-35.383437	2.119000	18.960000
2015	-35.113437	2.119000	19.110000
2016	-35.023437	2.121000	19.040000
2017	-34.923437	2.121000	19.000000
2018	-34.883437	2.123000	19.110000
2019	-34.873437	2.123000	19.070000
2020	-34.713437	2.125000	18.990000
2021	-34.613437	2.125000	19.100000
2022	-34.613437	2.127000	18.840000
2023	-34.503437	2.129000	18.910000
2024	-34.493437	2.129000	19.020000
2025	-34.413437	2.131000	19.140000
2026	-34.383437	2.131000	18.980000
2027	-34.373437	2.131000	19.160000
2028	-34.373437	2.133000	19.100000
2029	-34.333437	2.135000	19.030000
2030	-34.323437	2.135000	19.150000
2031	-34.103437	2.137000	18.930000
2032	-33.903437	2.139000	19.030000
2033	-33.853437	2.139000	19.190000
2034	-33.823437	2.139000	19.100000
2035	-33.273437	2.141000	19.310000
2036	-33.243437	2.143000	19.220000
2037	-33.113437	2.143000	19.130000
2038	-33.093437	2.144000	19.190000
2039	-32.923437	2.144000	19.260000
2040	-32.853437	2.146000	19.210000
2041	-32.793437	2.146000	19.180000
2042	-32.753437	2.148000	19.100000
2043	-32.693437	2.150000	19.290000
2044	-32.643437	2.150000	19.280000
2045	-32.593437	2.152000	19.260000
2046	-32.543437	2.152000	19.240000
2047	-32.523437	2.154000	19.190000
2048	-32.493437	2.154000	19.170000
2049	-32.293437	2.156000	19.300000
2050	-32.293437	2.156000	19.190000
2051	-32.183437	2.158000	19.250000
2052	-32.083437	2.158000	19.190000
2053	-32.033437	2.160000	19.320000
2054	-32.003437	2.160000	19.230000
2055	-31.953437	2.162000	19.150000
2056	-31.863437	2.162000	19.240000
2057	-31.813437	2.166000	19.380000
2058	-31.803437	2.166000	19.270000
2059	-31.773437	2.168000	19.280000
2060	-31.653437	2.168000	19.110000
2061	-31.643437	2.170000	19.290000
2062	-31.633437	2.172000	19.210000
2063	-31.243437	2.172000	19.340000
2064	-31.153437	2.174000	19.390000
2065	-30.993437	2.174000	19.390000
2066	-30.913437	2.176000	19.440000
2067	-30.653437	2.176000	19.420000
2068	-30.593437	2.178000	19.220000
2069	-30.583437	2.178000	19.320000
2070	-30.513437	2.180000	19.350000
2071	-30.493437	2.180000	19.350000
2072	-30.413437	2.180000	19.270000
2073	-30.383437	2.180000	19.390000
2074	-30.243437	2.184000	19.380000
2075	-30.233437	2.184000	19.300000
2076	-30.193437	2.185000	19.410000
2077	-30.163437	2.185000	19.400000
2078	-30.153437	2.187000	19.460000
2079	-30.033437	2.187000	19.470000
2080	-30.033437	2.191000	19.260000
2081	-29.913437	2.189000	19.440000
2082	-29.743437	2.191000	19.360000
2083	-29.663437	2.191000	19.350000
2084	-29.633437	2.193000	19.380000
2085	-29.593437	2.193000	19.390000
2086	-29.453437	2.195000	19.350000
2087	-29.293437	2.195000	19.350000
2088	-29.293437	2.197000	19.330000
2089	-29.233437	2.197000	19.440000
2090	-29.223437	2.199000	19.510000
2091	-29.203437	2.199000	19.290000
2092	-28.943437	2.201000	19.420000
2093	-28.943437	2.203000	19.490000
2094	-28.833437	2.203000	19.410000
2095	-28.713437	2.205000	19.510000
2096	-28.513437	2.205000	19.510000
2097	-28.483437	2.207000	19.630000
2098	-28.393437	2.207000	19.470000
2099	-28.383437	2.209000	19.330000
2100	-28.323437	2.209000	19.600000
2101	-28.283437	2.211000	19.640000
2102	-28.133437	2.211000	19.520000
2103	-28.043437	2.211000	19.410000
2104	-27.983437	2.213000	19.510000
2105	-27.903437	2.215000	19.670000
2106	-27.833437	2.215000	19.620000
2107	-27.803437	2.217000	19.520000
2108	-27.753437	2.217000	19.630000
2109	-27.733437	2.219000	19.480000
2110	-27.723437	2.219000	19.480000
2111	-27.633437	2.221000	19.440000
2112	-27.443437	2.221000	19.480000
2113	-27.333437	2.223000	19.540000
2114	-27.333437	2.225000	19.570000
2115	-27.143437	2.225000	19.570000
2116	-27.063437	2.227000	19.620000
2117	-27.053437	2.227000	19.460000
2118	-26.933437	2.228000	19.650000
2119	-26.883437	2.228000	19.540000
2120	-26.863437	2.230000	19.750000
2121	-26.723437	2.230000	19.530000
2122	-26.663437	2.232000	19.660000
2123	-26.653437	2.232000	19.610000
2124	-26.623437	2.234000	19.630000
2125	-26.453437	2.234000	19.530000
2126	-26.443437	2.236000	19.620000
2127	-26.423437	2.236000	19.680000
2128	-26.123437	2.238000	19.580000
2129	-26.063437	2.238000	19.680000
2130	-26.053437	2.240000	19.620000
2131	-25.963437	2.240000	19.570000
2132	-25.943437	2.242000	19.570000
2133	-25.803437	2.242000	19.750000
2134	-25.793437	2.242000	19.910000
2135	-25.763437	2.244000	19.710000
2136	-25.693437	2.246000	19.720000
2137	-25.683437	2.246000	19.670000
2138	-25.653437	2.248000	19.750000
2139	-25.373437	2.250000	19.530000
2140	-25.373437	2.252000	19.760000
2141	-25.343437	2.252000	19.560000
2142	-25.023437	2.254000	19.850000
2143	-25.023437	2.256000	19.880000
2144	-24.923437	2.256000	19.580000
2145	-24.923437	2.256000	19.840000
2146	-24.813437	2.258000	19.780000
2147	-24.763437	2.260000	19.830000
2148	-24.693437	2.260000	19.850000
2149	-24.673437	2.262000	19.790000
2150	-24.553437	2.262000	19.860000
2151	-24.543437	2.264000	19.880000
2152	-24.493437	2.264000	19.810000
2153	-24.303437	2.266000	19.800000
2154	-24.223437	2.266000	19.910000
2155	-24.183437	2.268000	19.780000
2156	-24.123437	2.268000	19.790000
2157	-23.983437	2.269000	19.820000
2158	-23.963437	2.269000	19.760000
2159	-23.893437	2.271000	19.740000
2160	-23.753437	2.271000	19.830000
2161	-23.593437	2.273000	19.790000
2162	-23.393437	2.273000	19.930000
2163	-23.383437	2.273000	19.920000
2164	-23.283437	2.277000	19.780000
2165	-23.213437	2.277000	19.890000
2166	-23.143437	2.279000	19.970000
2167	-23.033437	2.279000	19.930000
2168	-22.833437	2.279000	19.840000
2169	-22.793437	2.281000	19.930000
2170	-22.783437	2.283000	19.960000
2171	-22.693437	2.283000	20.000000
2172	-22.643437	2.283000	19.780000
2173	-22.553437	2.287000	20.010000
2174	-22.433437	2.287000	19.810000
2175	-22.383437	2.287000	19.900000
2176	-22.343437	2.289000	20.050000
2177	-22.173437	2.291000	20.130000
2178	-22.083437	2.291000	19.960000
2179	-21.923437	2.293000	20.020000
2180	-21.873437	2.293000	20.020000
2181	-21.873437	2.295000	19.800000
2182	-21.783437	2.295000	19.970000
2183	-21.683437	2.297000	20.030000
2184	-21.573437	2.297000	19.950000
2185	-21.553437	2.299000	19.900000
2186	-21.543437	2.299000	19.900000
2187	-21.523437	2.301000	19.950000
2188	-21.353437	2.301000	20.030000
2189	-21.333437	2.303000	20.020000
2190	-21.313437	2.303000	20.080000
2191	-21.283437	2.303000	20.110000
2192	-21.183437	2.305000	19.990000
2193	-21.113437	2.307000	19.990000
2194	-21.113437	2.305000	19.960000
2195	-21.103437	2.309000	19.900000
2196	-21.083437	2.309000	19.980000
2197	-21.033437	2.311000	19.960000
2198	-21.013437	2.311000	19.950000
2199	-20.793437	2.311000	19.890000
2200	-20.733437	2.312000	19.940000
2201	-20.733437	2.316000	19.820000
2202	-20.713437	2.316000	20.010000
2203	-20.383437	2.316000	20.130000
2204	-20.333437	2.318000	20.100000
2205	-20.243437	2.318000	20.080000
2206	-19.953437	2.318000	20.110000
2207	-19.903437	2.320000	20.150000
2208	-19.853437	2.322000	20.100000
2209	-19.853437	2.322000	20.040000
2210	-19.793437	2.324000	20.070000
2211	-19.633437	2.324000	20.140000
2212	-19.433437	2.326000	20.070000
2213	-19.423437	2.326000	20.180000
2214	-19.273437	2.328000	20.190000
2215	-19.243437	2.328000	20.190000
2216	-19.233437	2.330000	20.140000
2217	-19.163437	2.330000	20.160000
2218	-19.093437	2.332000	20.070000
2219	-18.823437	2.334000	20.100000
2220	-18.803437	2.336000	20.070000
2221	-18.743437	2.336000	20.030000
2222	-18.723437	2.336000	20.090000
2223	-18.703437	2.338000	20.210000
2224	-18.673437	2.340000	20.160000
2225	-18.513437	2.340000	20.160000
2226	-18.513437	2.342000	20.340000
2227	-18.423437	2.342000	20.130000
2228	-18.393437	2.344000	20.280000
2229	-18.383437	2.344000	20.220000
2230	-18.383437	2.346000	20.140000
2231	-18.363437	2.346000	20.370000
2232	-18.343437	2.348000	20.280000
2233	-18.263437	2.348000	20.150000
2234	-18.123437	2.350000	20.270000
2235	-17.983437	2.352000	20.310000
2236	-17.953437	2.352000	20.130000
2237	-17.943437	2.353000	20.250000
2238	-17.803437	2.353000	20.100000
2239	-17.793437	2.355000	20.290000
2240	-17.673437	2.355000	20.380000
2241	-17.643437	2.357000	20.320000
2242	-17.553437	2.357000	20.130000
2243	-17.343437	2.359000	20.310000
2244	-17.333437	2.359000	20.400000
2245	-17.293437	2.361000	20.340000
2246	-17.283437	2.361000	20.340000
2247	-17.043437	2.363000	20.290000
2248	-16.783437	2.363000	20.190000
2249	-16.713437	2.365000	20.280000
2250	-16.673437	2.365000	20.370000
2251	-16.663437	2.367000	20.200000
2252	-16.603437	2.367000	20.190000
2253	-16.273437	2.369000	20.450000
2254	-16.243437	2.371000	20.510000
2255	-16.103437	2.371000	20.450000
2256	-15.883437	2.373000	20.440000
2257	-15.873437	2.373000	20.430000
2258	-15.783437	2.375000	20.510000
2259	-15.693437	2.375000	20.290000
2260	-15.623437	2.377000	20.570000
2261	-15.483437	2.377000	20.290000
2262	-15.463437	2.379000	20.400000
2263	-15.423437	2.379000	20.370000
2264	-15.393437	2.381000	20.610000
2265	-15.353437	2.381000	20.370000
2266	-15.303437	2.383000	20.700000
2267	-15.213437	2.383000	20.320000
2268	-15.143437	2.385000	20.450000
2269	-15.073437	2.385000	20.410000
2270	-15.003437	2.387000	20.510000
2271	-14.983437	2.387000	20.520000
2272	-14.923437	2.389000	20.260000
2273	-14.833437	2.391000	20.400000
2274	-14.793437	2.391000	20.410000
2275	-14.743437	2.393000	20.330000
2276	-14.613437	2.393000	20.540000
2277	-14.533437	2.394000	20.420000
2278	-14.503437	2.394000	20.420000
2279	-14.503437	2.396000	20.600000
2280	-14.493437	2.396000	20.540000
2281	-14.363437	2.398000	20.620000
2282	-14.273437	2.398000	20.520000
2283	-14.243437	2.398000	20.540000
2284	-14.153437	2.402000	20.430000
2285	-14.123437	2.402000	20.470000
2286	-14.083437	2.404000	20.620000
2287	-14.063437	2.404000	20.550000
2288	-14.023437	2.406000	20.620000
2289	-14.013437	2.406000	20.480000
2290	-13.953437	2.408000	20.450000
2291	-13.933437	2.408000	20.590000
2292	-13.643437	2.410000	20.580000
2293	-13.613437	2.410000	20.540000
2294	-13.533437	2.412000	20.500000
2295	-13.413437	2.412000	20.470000
2296	-13.363437	2.416000	20.440000
2297	-13.333437	2.416000	20.790000
2298	-13.293437	2.418000	20.600000
2299	-13.173437	2.418000	20.590000
2300	-12.953437	2.420000	20.700000
2301	-12.913437	2.420000	20.540000
2302	-12.723437	2.420000	20.550000
2303	-12.723437	2.426000	20.620000
2304	-12.713437	2.424000	20.510000
2305	-12.673437	2.426000	20.760000
2306	-12.533437	2.426000	20.590000
2307	-12.403437	2.428000	20.610000
2308	-12.103437	2.428000	20.520000
2309	-11.983437	2.428000	20.670000
2310	-11.843437	2.430000	20.580000
2311	-11.843437	2.432000	20.540000
2312	-11.753437	2.432000	20.690000
2313	-11.513437	2.434000	20.530000
2314	-11.163437	2.434000	20.490000
2315	-11.163437	2.435000	20.540000
2316	-11.063437	2.435000	20.750000
2317	-11.043437	2.435000	20.610000
2318	-10.993437	2.437000	20.660000
2319	-10.983437	2.439000	20.670000
2320	-10.843437	2.439000	20.640000
2321	-10.843437	2.441000	20.620000
2322	-10.823437	2.441000	20.750000
2323	-10.803437	2.443000	20.540000
2324	-10.783437	2.443000	20.580000
2325	-10.773437	2.443000	20.580000
2326	-10.613437	2.445000	20.640000
2327	-10.483437	2.447000	20.670000
2328	-10.393437	2.445000	20.670000
2329	-10.043437	2.449000	20.920000
2330	-10.013437	2.449000	20.690000
2331	-9.993437	2.451000	20.710000
2332	-9.893437	2.451000	20.940000
2333	-9.803437	2.453000	20.660000
2334	-9.773437	2.457000	20.670000
2335	-9.573437	2.455000	20.840000
2336	-9.483437	2.457000	20.880000
2337	-9.473437	2.457000	20.950000
2338	-9.333437	2.459000	20.870000
2339	-9.313437	2.459000	20.850000
2340	-9.263437	2.459000	20.830000
2341	-9.213437	2.461000	20.820000
2342	-9.083437	2.461000	20.940000
2343	-9.023437	2.463000	20.740000
2344	-9.023437	2.465000	21.100000
2345	-8.953437	2.465000	20.900000
2346	-8.833437	2.467000	20.860000
2347	-8.803437	2.467000	20.860000
2348	-8.773437	2.467000	21.230000
2349	-8.743437	2.469000	20.840000
2350	-8.703437	2.473000	20.810000
2351	-8.703437	2.471000	20.850000
2352	-8.623437	2.473000	20.780000
2353	-8.603437	2.473000	20.860000
2354	-8.603437	2.475000	20.810000
2355	-8.543437	2.475000	20.740000
2356	-8.483437	2.475000	20.930000
2357	-8.473437	2.477000	21.030000
2358	-8.453437	2.478000	21.040000
2359	-8.293437	2.478000	20.940000
2360	-8.293437	2.480000	21.070000
2361	-8.273437	2.480000	20.910000
2362	-8.273437	2.482000	20.930000
2363	-8.223437	2.482000	20.900000
2364	-8.193437	2.484000	20.880000
2365	-8.053437	2.486000	20.960000
2366	-7.983437	2.486000	21.000000
2367	-7.983437	2.488000	21.020000
2368	-7.963437	2.488000	20.870000
2369	-7.933437	2.490000	20.890000
2370	-7.873437	2.490000	20.980000
2371	-7.793437	2.490000	21.040000
2372	-7.743437	2.492000	20.880000
2373	-7.533437	2.494000	21.100000
2374	-7.513437	2.492000	21.030000
2375	-7.453437	2.496000	21.090000
2376	-7.423437	2.496000	21.030000
2377	-7.393437	2.500000	20.920000
2378	-7.383437	2.500000	20.900000
2379	-7.273437	2.502000	21.140000
2380	-7.103437	2.502000	21.010000
2381	-7.093437	2.504000	21.080000
2382	-6.713437	2.504000	21.090000
2383	-6.443437	2.506000	21.150000
2384	-6.423437	2.508000	21.080000
2385	-5.913437	2.508000	21.130000
2386	-5.853437	2.510000	21.100000
2387	-5.853437	2.510000	21.030000
2388	-5.773437	2.512000	21.110000
2389	-5.703437	2.512000	21.190000
2390	-5.533437	2.514000	21.090000
2391	-5.313437	2.514000	21.150000
2392	-5.313437	2.516000	21.120000
2393	-5.293437	2.516000	21.190000
2394	-5.263437	2.519000	21.110000
2395	-5.123437	2.518000	21.000000
2396	-4.903437	2.519000	21.250000
2397	-4.853437	2.519000	21.130000
2398	-4.843437	2.521000	21.190000
2399	-4.753437	2.521000	21.210000
2400	-4.753437	2.523000	21.100000
2401	-4.723437	2.523000	21.150000
2402	-4.613437	2.525000	21.090000
2403	-4.583437	2.525000	21.160000
2404	-4.523437	2.527000	21.140000
2405	-4.443437	2.527000	21.140000
2406	-4.403437	2.529000	21.170000
2407	-4.403437	2.529000	21.170000
2408	-4.373437	2.531000	21.100000
2409	-4.313437	2.531000	21.270000
2410	-4.223437	2.535000	21.180000
2411	-4.163437	2.535000	21.110000
2412	-4.123437	2.535000	21.250000
2413	-4.053437	2.535000	21.150000
2414	-4.053437	2.537000	21.020000
2415	-3.993437	2.537000	21.290000
2416	-3.773437	2.539000	21.410000
2417	-3.753437	2.539000	21.320000
2418	-3.453437	2.541000	21.220000
2419	-3.423437	2.541000	21.230000
2420	-3.373437	2.543000	21.260000
2421	-3.303437	2.543000	21.230000
2422	-3.253437	2.545000	21.330000
2423	-3.163437	2.545000	21.300000
2424	-3.013437	2.547000	21.280000
2425	-2.753437	2.551000	21.510000
2426	-2.703437	2.549000	21.430000
2427	-2.673437	2.551000	21.210000
2428	-2.563437	2.551000	21.420000
2429	-2.543437	2.553000	21.390000
2430	-2.423437	2.553000	21.380000
2431	-2.393437	2.555000	21.210000
2432	-2.233437	2.555000	21.420000
2433	-2.153437	2.555000	21.420000
2434	-1.963437	2.557000	21.340000
2435	-1.953437	2.559000	21.520000
2436	-1.923437	2.559000	21.350000
2437	-1.913437	2.561000	21.330000
2438	-1.723437	2.561000	21.250000
2439	-1.643437	2.562000	21.300000
2440	-1.453437	2.562000	21.280000
2441	-1.403437	2.566000	21.420000
2442	-1.403437	2.564000	21.300000
