1	-191.905008	0.000000	9.500000
2	-191.625008	0.000000	9.470000
3	-191.185008	0.002000	9.400000
4	-191.125008	0.002000	9.550000
5	-190.915008	0.004000	9.630000
6	-190.905008	0.006000	9.340000
7	-190.825008	0.006000	9.120000
8	-190.825008	0.008000	9.480000
9	-190.755008	0.008000	9.760000
10	-190.705008	0.008000	9.490000
11	-190.685008	0.010000	9.510000
12	-190.585008	0.010000	9.290000
13	-190.585008	0.013000	9.560000
14	-190.575008	0.013000	9.340000
15	-190.415008	0.013000	9.380000
16	-190.355008	0.015000	9.800000
17	-190.315008	0.017000	9.560000
18	-190.295008	0.017000	9.440000
19	-190.245008	0.017000	9.420000
20	-190.245008	0.019000	9.460000
21	-190.245008	0.019000	9.360000
22	-190.195008	0.021000	9.610000
23	-190.065008	0.021000	9.770000
24	-189.995008	0.023000	9.720000
25	-189.975008	0.023000	9.330000
26	-189.955008	0.025000	9.530000
27	-189.915008	0.025000	9.450000
28	-189.845008	0.027000	9.490000
29	-189.795008	0.029000	9.460000
30	-189.745008	0.029000	9.340000
31	-189.695008	0.029000	9.310000
32	-189.365008	0.031000	9.640000
33	-189.325008	0.033000	9.370000
34	-189.285008	0.033000	10.130000
35	-189.195008	0.035000	9.340000
36	-189.185008	0.037000	9.530000
37	-189.005008	0.037000	9.410000
38	-188.925008	0.039000	9.790000
39	-188.925008	0.039000	9.410000
40	-188.915008	0.039000	9.570000
41	-188.805008	0.041000	9.530000
42	-188.735008	0.043000	9.420000
43	-188.685008	0.045000	9.580000
44	-188.625008	0.045000	9.920000
45	-188.615008	0.045000	9.540000
46	-188.505008	0.047000	9.410000
47	-188.465008	0.049000	9.440000
48	-188.415008	0.049000	9.740000
49	-188.385008	0.049000	9.250000
50	-188.335008	0.051000	9.500000
51	-188.295008	0.051000	9.580000
52	-188.265008	0.053000	9.550000
53	-188.255008	0.054000	9.520000
54	-188.245008	0.054000	9.360000
55	-187.945008	0.054000	9.700000
56	-187.945008	0.056000	9.520000
57	-187.925008	0.056000	9.800000
58	-187.915008	0.058000	9.610000
59	-187.865008	0.060000	10.010000
60	-187.835008	0.060000	9.340000
61	-187.825008	0.060000	9.560000
62	-187.745008	0.062000	9.490000
63	-187.715008	0.064000	10.090000
64	-187.715008	0.064000	9.530000
65	-187.605008	0.064000	9.790000
66	-187.485008	0.066000	9.500000
67	-187.445008	0.068000	9.500000
68	-187.415008	0.068000	10.100000
69	-187.355008	0.070000	9.600000
70	-187.175008	0.070000	9.930000
71	-187.115008	0.070000	10.000000
72	-187.005008	0.072000	9.430000
73	-186.985008	0.072000	9.860000
74	-186.905008	0.076000	9.640000
75	-186.905008	0.078000	9.660000
76	-186.855008	0.078000	9.790000
77	-186.835008	0.078000	9.770000
78	-186.785008	0.080000	9.860000
79	-186.715008	0.080000	9.690000
80	-186.535008	0.082000	9.720000
81	-186.525008	0.082000	9.490000
82	-186.445008	0.084000	10.070000
83	-186.445008	0.086000	9.640000
84	-186.415008	0.086000	9.680000
85	-186.265008	0.088000	10.270000
86	-186.175008	0.088000	9.600000
87	-185.945008	0.090000	9.480000
88	-185.925008	0.092000	9.680000
89	-185.875008	0.092000	9.750000
90	-185.685008	0.094000	9.540000
91	-185.505008	0.094000	10.370000
92	-185.485008	0.094000	9.930000
93	-185.465008	0.095000	9.740000
94	-185.415008	0.095000	9.970000
95	-185.345008	0.097000	9.680000
96	-185.295008	0.099000	9.680000
97	-185.285008	0.099000	9.670000
98	-185.235008	0.101000	9.640000
99	-185.165008	0.101000	9.710000
100	-185.145008	0.101000	9.800000
101	-185.125008	0.103000	9.930000
102	-185.015008	0.103000	9.820000
103	-184.985008	0.105000	10.050000
104	-184.825008	0.107000	10.220000
105	-184.795008	0.105000	9.810000
106	-184.755008	0.109000	9.920000
107	-184.755008	0.109000	9.690000
108	-184.735008	0.109000	9.730000
109	-184.735008	0.111000	9.560000
110	-184.725008	0.111000	9.920000
111	-184.705008	0.113000	9.790000
112	-184.645008	0.115000	9.650000
113	-184.635008	0.115000	9.700000
114	-184.605008	0.117000	9.790000
115	-184.605008	0.117000	9.860000
116	-184.555008	0.117000	9.930000
117	-184.415008	0.119000	9.740000
118	-184.415008	0.119000	9.870000
119	-184.415008	0.121000	9.790000
120	-184.405008	0.123000	10.150000
121	-184.265008	0.123000	9.920000
122	-184.215008	0.125000	9.720000
123	-184.115008	0.125000	9.850000
124	-184.015008	0.127000	9.780000
125	-183.995008	0.127000	9.820000
126	-183.975008	0.129000	9.820000
127	-183.905008	0.131000	9.730000
128	-183.875008	0.131000	9.750000
129	-183.865008	0.133000	9.710000
130	-183.845008	0.133000	9.780000
131	-183.825008	0.135000	9.680000
132	-183.795008	0.135000	9.550000
133	-183.655008	0.135000	9.660000
134	-183.625008	0.137000	10.010000
135	-182.495008	0.137000	9.800000
136	-181.915008	0.138000	9.890000
137	-181.765008	0.140000	9.900000
138	-181.705008	0.140000	10.200000
139	-181.695008	0.140000	9.940000
140	-181.585008	0.142000	9.960000
141	-181.475008	0.142000	10.110000
142	-181.425008	0.144000	10.200000
143	-181.375008	0.144000	10.230000
144	-181.295008	0.148000	9.810000
145	-181.115008	0.148000	10.200000
146	-181.095008	0.148000	9.900000
147	-181.065008	0.150000	10.170000
148	-180.975008	0.150000	9.880000
149	-180.805008	0.152000	9.830000
150	-180.745008	0.154000	9.840000
151	-180.705008	0.154000	10.130000
152	-180.645008	0.156000	9.770000
153	-180.635008	0.156000	10.100000
154	-180.595008	0.158000	9.940000
155	-180.555008	0.160000	10.130000
156	-180.515008	0.162000	9.900000
157	-180.485008	0.162000	9.840000
158	-180.475008	0.164000	9.980000
159	-180.465008	0.164000	10.070000
160	-180.315008	0.164000	10.130000
161	-180.245008	0.166000	9.910000
162	-180.215008	0.166000	9.970000
163	-180.135008	0.168000	9.880000
164	-180.115008	0.170000	10.070000
165	-180.105008	0.170000	9.740000
166	-180.095008	0.170000	9.920000
167	-180.065008	0.172000	9.880000
168	-180.015008	0.174000	9.890000
169	-180.015008	0.174000	9.940000
170	-180.005008	0.174000	9.880000
171	-179.985008	0.176000	9.950000
172	-179.975008	0.178000	10.010000
173	-179.735008	0.178000	10.140000
174	-179.735008	0.179000	10.050000
175	-179.555008	0.179000	9.930000
176	-179.445008	0.181000	10.320000
177	-179.375008	0.181000	10.080000
178	-179.365008	0.181000	10.100000
179	-179.255008	0.183000	10.000000
180	-179.215008	0.185000	9.900000
181	-179.185008	0.185000	9.930000
182	-179.175008	0.185000	10.090000
183	-179.155008	0.187000	10.220000
184	-179.145008	0.187000	10.160000
185	-179.095008	0.189000	10.030000
186	-179.065008	0.189000	10.060000
187	-179.055008	0.191000	10.100000
188	-178.945008	0.193000	10.230000
189	-178.945008	0.193000	10.410000
190	-178.905008	0.195000	9.990000
191	-178.855008	0.195000	10.010000
192	-178.725008	0.195000	9.890000
193	-178.715008	0.197000	10.140000
194	-178.685008	0.197000	10.060000
195	-178.435008	0.201000	10.130000
196	-178.135008	0.201000	10.250000
197	-178.065008	0.201000	10.000000
198	-177.915008	0.203000	10.160000
199	-177.715008	0.205000	9.960000
200	-177.685008	0.205000	10.020000
201	-177.575008	0.205000	10.240000
202	-177.315008	0.207000	10.250000
203	-177.225008	0.209000	10.020000
204	-177.185008	0.209000	10.250000
205	-177.055008	0.211000	10.360000
206	-176.975008	0.211000	10.260000
207	-176.965008	0.213000	10.260000
208	-176.835008	0.213000	10.470000
209	-176.715008	0.215000	10.390000
210	-176.705008	0.217000	10.350000
211	-176.655008	0.217000	10.190000
212	-176.615008	0.219000	10.170000
213	-176.545008	0.219000	10.030000
214	-176.535008	0.221000	10.170000
215	-176.535008	0.221000	10.450000
216	-176.505008	0.222000	10.180000
217	-176.495008	0.224000	10.260000
218	-176.485008	0.224000	10.580000
219	-176.485008	0.226000	10.190000
220	-176.375008	0.226000	10.350000
221	-176.355008	0.226000	10.180000
222	-176.155008	0.228000	10.350000
223	-176.135008	0.228000	10.270000
224	-176.105008	0.230000	10.450000
225	-175.995008	0.232000	10.210000
226	-175.905008	0.232000	10.390000
227	-175.845008	0.232000	10.180000
228	-175.725008	0.234000	10.320000
229	-175.695008	0.236000	10.160000
230	-175.545008	0.236000	10.450000
231	-175.445008	0.236000	10.360000
232	-175.225008	0.238000	10.450000
233	-175.105008	0.238000	10.450000
234	-175.025008	0.240000	10.310000
235	-174.905008	0.242000	10.180000
236	-174.855008	0.244000	10.270000
237	-174.835008	0.244000	10.430000
238	-174.835008	0.246000	10.080000
239	-174.805008	0.248000	10.310000
240	-174.795008	0.248000	10.430000
241	-174.775008	0.250000	10.280000
242	-174.775008	0.250000	10.460000
243	-174.615008	0.250000	10.290000
244	-174.465008	0.252000	10.660000
245	-174.445008	0.252000	10.260000
246	-174.445008	0.254000	10.260000
247	-174.405008	0.256000	10.190000
248	-174.295008	0.256000	10.260000
249	-174.155008	0.258000	10.490000
250	-174.145008	0.258000	10.250000
251	-174.065008	0.258000	10.270000
252	-174.055008	0.260000	10.010000
253	-174.005008	0.260000	10.290000
254	-173.835008	0.262000	10.780000
255	-173.815008	0.263000	10.160000
256	-173.595008	0.263000	10.340000
257	-173.485008	0.265000	10.220000
258	-173.375008	0.265000	10.440000
259	-173.325008	0.265000	10.350000
260	-173.285008	0.267000	10.320000
261	-173.245008	0.267000	10.240000
262	-173.235008	0.269000	10.490000
263	-173.115008	0.271000	10.330000
264	-173.015008	0.271000	10.390000
265	-172.855008	0.273000	10.290000
266	-172.805008	0.273000	10.460000
267	-172.725008	0.273000	10.440000
268	-172.705008	0.275000	10.360000
269	-172.645008	0.275000	10.610000
270	-172.515008	0.277000	10.400000
271	-172.465008	0.279000	10.860000
272	-172.455008	0.279000	10.490000
273	-172.385008	0.281000	10.350000
274	-172.365008	0.281000	10.500000
275	-172.135008	0.283000	10.310000
276	-172.095008	0.283000	10.390000
277	-171.965008	0.283000	10.680000
278	-171.895008	0.285000	10.360000
279	-171.855008	0.287000	10.520000
280	-171.845008	0.287000	10.470000
281	-171.785008	0.289000	10.410000
282	-171.655008	0.289000	10.410000
283	-171.575008	0.289000	10.700000
284	-171.555008	0.291000	10.370000
285	-171.485008	0.291000	10.390000
286	-171.295008	0.293000	10.490000
287	-171.085008	0.293000	10.740000
288	-171.075008	0.297000	10.740000
289	-170.885008	0.297000	10.630000
290	-170.825008	0.297000	10.590000
291	-170.795008	0.299000	10.560000
292	-170.635008	0.299000	10.610000
293	-170.455008	0.301000	10.750000
294	-170.425008	0.303000	10.830000
295	-170.395008	0.303000	10.500000
296	-170.345008	0.304000	10.870000
297	-170.315008	0.304000	10.550000
298	-170.255008	0.306000	10.730000
299	-170.245008	0.306000	10.610000
300	-170.215008	0.308000	10.730000
301	-170.065008	0.310000	10.680000
302	-170.035008	0.310000	10.680000
303	-169.975008	0.312000	10.720000
304	-169.965008	0.312000	10.680000
305	-169.955008	0.312000	10.760000
306	-169.925008	0.314000	10.680000
307	-169.865008	0.314000	10.630000
308	-169.835008	0.316000	10.850000
309	-169.775008	0.318000	10.510000
310	-169.765008	0.318000	10.690000
311	-169.735008	0.320000	10.540000
312	-169.685008	0.320000	10.570000
313	-169.565008	0.320000	10.540000
314	-169.525008	0.322000	10.750000
315	-169.425008	0.326000	10.560000
316	-169.405008	0.326000	10.560000
317	-169.335008	0.326000	10.630000
318	-169.335008	0.328000	10.810000
319	-169.275008	0.330000	10.670000
320	-169.125008	0.330000	11.240000
321	-169.115008	0.330000	10.770000
322	-169.065008	0.332000	10.540000
323	-169.065008	0.334000	10.830000
324	-169.015008	0.334000	10.950000
325	-169.005008	0.336000	10.810000
326	-168.945008	0.336000	10.880000
327	-168.925008	0.338000	10.920000
328	-168.555008	0.338000	10.880000
329	-168.535008	0.338000	10.920000
330	-168.445008	0.340000	10.720000
331	-168.415008	0.342000	10.950000
332	-168.345008	0.342000	10.820000
333	-168.295008	0.342000	10.840000
334	-168.245008	0.344000	10.790000
335	-168.125008	0.345000	10.820000
336	-168.025008	0.345000	10.820000
337	-167.895008	0.347000	10.560000
338	-167.695008	0.347000	10.680000
339	-167.655008	0.351000	10.700000
340	-167.605008	0.349000	10.620000
341	-167.595008	0.351000	10.760000
342	-167.585008	0.351000	10.840000
343	-167.545008	0.351000	10.620000
344	-167.455008	0.353000	10.810000
345	-167.415008	0.353000	10.570000
346	-167.235008	0.355000	10.640000
347	-167.085008	0.355000	11.010000
348	-166.765008	0.359000	10.860000
349	-166.735008	0.359000	10.920000
350	-166.615008	0.361000	10.700000
351	-166.595008	0.361000	10.890000
352	-166.515008	0.361000	10.750000
353	-166.485008	0.363000	10.960000
354	-166.465008	0.365000	11.020000
355	-166.425008	0.365000	10.920000
356	-166.415008	0.367000	10.810000
357	-166.375008	0.369000	10.900000
358	-166.115008	0.369000	10.880000
359	-166.055008	0.369000	11.040000
360	-166.005008	0.371000	10.850000
361	-165.805008	0.373000	10.930000
362	-165.765008	0.373000	10.970000
363	-165.745008	0.373000	10.920000
364	-165.605008	0.375000	11.390000
365	-165.405008	0.377000	10.740000
366	-165.315008	0.377000	10.950000
367	-165.215008	0.379000	10.840000
368	-165.215008	0.381000	10.900000
369	-165.145008	0.381000	11.510000
370	-164.945008	0.383000	10.880000
371	-164.705008	0.383000	10.990000
372	-164.575008	0.383000	11.280000
373	-164.565008	0.385000	10.970000
374	-164.485008	0.385000	11.210000
375	-164.465008	0.387000	11.160000
376	-164.425008	0.388000	11.570000
377	-164.385008	0.388000	10.970000
378	-164.245008	0.390000	10.840000
379	-164.205008	0.392000	10.860000
380	-164.175008	0.392000	10.770000
381	-164.145008	0.392000	10.970000
382	-164.065008	0.394000	10.970000
383	-164.065008	0.396000	10.920000
384	-164.045008	0.396000	11.270000
385	-163.995008	0.396000	10.860000
386	-163.995008	0.398000	10.920000
387	-163.975008	0.398000	11.340000
388	-163.945008	0.400000	10.990000
389	-163.925008	0.400000	10.990000
390	-163.785008	0.402000	11.100000
391	-163.695008	0.402000	10.890000
392	-163.675008	0.402000	10.870000
393	-163.645008	0.406000	11.350000
394	-163.585008	0.406000	10.970000
395	-163.525008	0.408000	11.090000
396	-163.465008	0.410000	10.820000
397	-163.395008	0.412000	11.150000
398	-163.315008	0.414000	10.980000
399	-163.275008	0.414000	11.160000
400	-163.135008	0.414000	10.930000
401	-163.085008	0.416000	11.060000
402	-162.935008	0.416000	11.180000
403	-162.935008	0.418000	11.080000
404	-162.825008	0.420000	10.980000
405	-162.685008	0.420000	11.110000
406	-162.645008	0.420000	11.050000
407	-162.615008	0.422000	11.140000
408	-162.615008	0.422000	10.950000
409	-162.595008	0.424000	11.160000
410	-162.535008	0.424000	11.140000
411	-162.305008	0.426000	11.230000
412	-162.165008	0.428000	10.990000
413	-162.155008	0.428000	11.040000
414	-162.145008	0.429000	11.140000
415	-162.055008	0.429000	11.060000
416	-161.895008	0.431000	10.980000
417	-161.735008	0.431000	11.130000
418	-161.725008	0.433000	11.000000
419	-161.685008	0.435000	11.080000
420	-161.215008	0.435000	11.020000
421	-161.195008	0.437000	11.110000
422	-161.195008	0.437000	11.410000
423	-161.155008	0.437000	11.070000
424	-161.065008	0.439000	11.230000
425	-160.925008	0.439000	11.360000
426	-160.895008	0.441000	11.000000
427	-160.795008	0.443000	11.150000
428	-160.745008	0.445000	11.160000
429	-160.495008	0.445000	11.100000
430	-160.475008	0.445000	11.230000
431	-160.455008	0.447000	11.370000
432	-160.315008	0.447000	11.180000
433	-160.125008	0.449000	11.270000
434	-160.115008	0.449000	11.520000
435	-160.035008	0.453000	11.430000
436	-159.955008	0.453000	11.270000
437	-159.955008	0.453000	11.270000
438	-159.925008	0.455000	11.510000
439	-159.875008	0.455000	11.460000
440	-159.745008	0.457000	11.370000
441	-159.745008	0.459000	11.350000
442	-159.745008	0.459000	11.250000
443	-159.725008	0.461000	11.370000
444	-159.675008	0.461000	11.280000
445	-159.635008	0.463000	11.460000
446	-159.315008	0.463000	11.420000
447	-159.305008	0.465000	11.520000
448	-159.255008	0.467000	11.320000
449	-159.225008	0.467000	11.310000
450	-158.905008	0.469000	11.370000
451	-158.875008	0.469000	11.350000
452	-158.865008	0.469000	11.310000
453	-158.665008	0.471000	11.380000
454	-158.565008	0.471000	11.310000
455	-158.475008	0.472000	11.450000
456	-158.435008	0.474000	11.340000
457	-158.365008	0.474000	11.570000
458	-158.355008	0.476000	11.440000
459	-158.315008	0.476000	11.210000
460	-158.205008	0.476000	11.310000
461	-158.105008	0.478000	11.330000
462	-158.055008	0.480000	11.370000
463	-158.055008	0.480000	11.370000
464	-157.995008	0.482000	11.420000
465	-157.975008	0.482000	11.330000
466	-157.915008	0.484000	11.530000
467	-157.845008	0.484000	11.300000
468	-157.665008	0.484000	11.360000
469	-157.615008	0.486000	11.320000
470	-157.505008	0.486000	11.390000
471	-157.415008	0.488000	11.430000
472	-157.195008	0.490000	11.260000
473	-157.175008	0.490000	11.510000
474	-157.065008	0.490000	11.440000
475	-157.045008	0.494000	11.660000
476	-157.035008	0.494000	11.490000
477	-157.015008	0.496000	11.660000
478	-156.935008	0.498000	11.450000
479	-156.915008	0.498000	11.470000
480	-156.805008	0.498000	11.370000
481	-156.705008	0.500000	11.320000
482	-156.675008	0.502000	11.380000
483	-156.485008	0.502000	11.330000
484	-156.405008	0.502000	11.550000
485	-156.385008	0.506000	11.440000
486	-156.325008	0.506000	11.510000
487	-156.195008	0.508000	11.630000
488	-156.105008	0.508000	11.550000
489	-156.075008	0.508000	11.780000
490	-156.065008	0.510000	11.560000
491	-156.035008	0.510000	11.550000
492	-156.035008	0.512000	11.460000
493	-155.995008	0.513000	11.590000
494	-155.985008	0.512000	11.530000
495	-155.855008	0.513000	11.560000
496	-155.855008	0.515000	11.610000
497	-155.765008	0.517000	11.650000
498	-155.705008	0.517000	11.630000
499	-155.605008	0.517000	11.510000
500	-155.425008	0.519000	11.590000
501	-155.415008	0.521000	11.730000
502	-155.345008	0.521000	11.350000
503	-155.335008	0.523000	11.560000
504	-155.085008	0.523000	11.720000
505	-155.075008	0.525000	11.730000
506	-155.045008	0.525000	11.870000
507	-154.975008	0.527000	11.570000
508	-154.845008	0.529000	11.860000
509	-154.585008	0.529000	11.600000
510	-154.585008	0.529000	11.880000
511	-154.525008	0.531000	11.730000
512	-154.515008	0.533000	11.820000
513	-154.495008	0.533000	11.920000
514	-154.435008	0.533000	11.720000
515	-154.335008	0.535000	11.710000
516	-154.325008	0.537000	11.660000
517	-154.285008	0.539000	12.040000
518	-154.265008	0.539000	11.890000
519	-154.265008	0.539000	11.750000
520	-154.215008	0.539000	11.720000
521	-153.915008	0.541000	11.890000
522	-153.795008	0.541000	11.700000
523	-153.615008	0.543000	11.830000
524	-153.595008	0.545000	11.790000
525	-153.525008	0.543000	11.840000
526	-153.305008	0.547000	11.530000
527	-153.305008	0.549000	11.780000
528	-153.265008	0.549000	11.710000
529	-153.255008	0.549000	11.840000
530	-153.035008	0.551000	11.840000
531	-153.025008	0.553000	11.660000
532	-152.875008	0.553000	11.800000
533	-152.655008	0.554000	11.990000
534	-152.445008	0.554000	11.800000
535	-152.405008	0.556000	11.750000
536	-152.395008	0.556000	11.870000
537	-152.275008	0.558000	11.930000
538	-152.125008	0.560000	11.700000
539	-151.975008	0.560000	11.750000
540	-151.975008	0.560000	11.970000
541	-151.965008	0.562000	11.920000
542	-151.905008	0.564000	11.870000
543	-151.835008	0.564000	11.920000
544	-151.825008	0.564000	11.800000
545	-151.815008	0.566000	11.900000
546	-151.805008	0.568000	12.100000
547	-151.755008	0.568000	12.060000
548	-151.645008	0.570000	11.750000
549	-151.505008	0.570000	11.770000
550	-151.445008	0.570000	11.720000
551	-151.435008	0.572000	11.870000
552	-151.335008	0.574000	12.190000
553	-151.315008	0.574000	11.750000
554	-151.275008	0.578000	11.850000
555	-151.255008	0.578000	11.930000
556	-151.185008	0.580000	11.770000
557	-151.115008	0.580000	11.800000
558	-151.025008	0.582000	11.960000
559	-150.865008	0.584000	11.910000
560	-150.795008	0.584000	11.980000
561	-150.765008	0.586000	11.960000
562	-150.655008	0.586000	11.890000
563	-150.515008	0.586000	12.110000
564	-150.445008	0.588000	12.120000
565	-150.445008	0.590000	11.900000
566	-150.195008	0.592000	11.940000
567	-150.145008	0.592000	11.990000
568	-150.105008	0.594000	12.110000
569	-150.095008	0.594000	12.070000
570	-150.045008	0.594000	12.030000
571	-149.895008	0.595000	11.950000
572	-149.865008	0.595000	11.990000
573	-149.865008	0.597000	12.060000
574	-149.855008	0.599000	11.900000
575	-149.815008	0.601000	12.020000
576	-149.765008	0.601000	11.960000
577	-149.725008	0.601000	11.900000
578	-149.715008	0.603000	12.030000
579	-149.675008	0.603000	11.820000
580	-149.595008	0.605000	11.960000
581	-149.425008	0.607000	11.970000
582	-149.145008	0.607000	12.110000
583	-149.125008	0.607000	12.010000
584	-149.055008	0.609000	12.100000
585	-148.925008	0.611000	12.170000
586	-148.655008	0.611000	11.980000
587	-148.455008	0.613000	12.130000
588	-148.345008	0.615000	12.390000
589	-148.305008	0.615000	12.000000
590	-148.285008	0.617000	11.980000
591	-148.235008	0.617000	12.120000
592	-148.225008	0.617000	12.120000
593	-148.215008	0.619000	12.310000
594	-148.175008	0.619000	12.120000
595	-148.125008	0.621000	12.040000
596	-148.125008	0.623000	12.010000
597	-148.035008	0.623000	12.070000
598	-147.975008	0.625000	12.080000
599	-147.955008	0.625000	12.130000
600	-147.865008	0.625000	12.220000
601	-147.855008	0.627000	12.330000
602	-147.805008	0.627000	12.170000
603	-147.785008	0.629000	12.390000
604	-147.335008	0.633000	12.330000
605	-147.215008	0.633000	12.260000
606	-147.115008	0.633000	12.350000
607	-147.065008	0.633000	12.300000
608	-147.055008	0.635000	12.560000
609	-147.035008	0.635000	12.030000
610	-147.025008	0.637000	12.270000
611	-146.965008	0.638000	12.210000
612	-146.935008	0.638000	12.220000
613	-146.875008	0.640000	12.050000
614	-146.805008	0.640000	12.560000
615	-146.775008	0.642000	12.350000
616	-146.655008	0.642000	12.250000
617	-146.645008	0.642000	12.250000
618	-146.615008	0.644000	12.370000
619	-146.605008	0.646000	12.240000
620	-146.555008	0.646000	12.330000
621	-146.475008	0.648000	12.200000
622	-146.345008	0.648000	12.340000
623	-146.325008	0.648000	12.400000
624	-146.265008	0.650000	12.350000
625	-146.055008	0.650000	12.270000
626	-145.935008	0.652000	12.480000
627	-145.935008	0.654000	12.360000
628	-145.785008	0.654000	12.430000
629	-145.695008	0.656000	12.420000
630	-145.675008	0.656000	12.550000
631	-145.605008	0.656000	12.460000
632	-145.465008	0.660000	12.320000
633	-145.345008	0.662000	12.550000
634	-145.225008	0.662000	12.480000
635	-145.165008	0.664000	12.390000
636	-145.065008	0.664000	12.320000
637	-145.005008	0.666000	12.420000
638	-144.905008	0.666000	12.510000
639	-144.845008	0.668000	12.460000
640	-144.745008	0.670000	12.420000
641	-144.665008	0.670000	12.330000
642	-144.535008	0.670000	12.460000
643	-144.425008	0.672000	12.420000
644	-144.335008	0.674000	12.450000
645	-144.295008	0.674000	12.500000
646	-144.275008	0.674000	12.270000
647	-144.165008	0.676000	12.520000
648	-144.145008	0.676000	12.460000
649	-144.135008	0.679000	12.380000
650	-144.005008	0.679000	12.470000
651	-143.965008	0.679000	12.450000
652	-143.935008	0.679000	12.380000
653	-143.855008	0.681000	12.480000
654	-143.855008	0.683000	12.430000
655	-143.775008	0.683000	12.520000
656	-143.715008	0.683000	12.420000
657	-143.465008	0.685000	12.440000
658	-143.425008	0.685000	12.550000
659	-143.425008	0.687000	12.520000
660	-143.295008	0.689000	12.500000
661	-143.285008	0.689000	12.450000
662	-143.145008	0.689000	12.420000
663	-143.135008	0.691000	12.590000
664	-143.075008	0.691000	12.470000
665	-143.035008	0.693000	12.510000
666	-142.985008	0.695000	12.450000
667	-142.935008	0.695000	12.560000
668	-142.935008	0.695000	12.470000
669	-142.725008	0.697000	12.490000
670	-142.565008	0.697000	12.620000
671	-142.535008	0.699000	12.680000
672	-142.425008	0.701000	12.630000
673	-142.385008	0.701000	12.680000
674	-142.285008	0.703000	12.760000
675	-142.195008	0.705000	12.490000
676	-142.035008	0.705000	12.720000
677	-141.985008	0.705000	12.650000
678	-141.965008	0.707000	12.700000
679	-141.875008	0.709000	12.780000
680	-141.845008	0.709000	12.620000
681	-141.825008	0.711000	12.620000
682	-141.785008	0.711000	12.690000
683	-141.745008	0.711000	12.650000
684	-141.655008	0.713000	12.700000
685	-141.645008	0.713000	12.600000
686	-141.605008	0.715000	12.550000
687	-141.475008	0.717000	12.480000
688	-141.395008	0.717000	12.620000
689	-141.385008	0.717000	12.550000
690	-141.375008	0.719000	12.840000
691	-141.345008	0.721000	12.790000
692	-141.305008	0.721000	12.980000
693	-141.275008	0.721000	12.690000
694	-141.275008	0.722000	12.780000
695	-141.255008	0.724000	12.710000
696	-141.155008	0.724000	12.660000
697	-140.955008	0.726000	12.720000
698	-140.835008	0.726000	12.970000
699	-140.635008	0.726000	12.980000
700	-140.615008	0.728000	12.670000
701	-140.595008	0.728000	12.990000
702	-140.515008	0.730000	13.020000
703	-140.455008	0.732000	12.780000
704	-140.335008	0.732000	13.140000
705	-140.275008	0.732000	12.660000
706	-140.265008	0.734000	12.770000
707	-140.235008	0.736000	12.840000
708	-140.225008	0.736000	12.800000
709	-140.185008	0.736000	12.940000
710	-140.075008	0.738000	12.930000
711	-139.785008	0.740000	13.020000
712	-139.785008	0.740000	12.850000
713	-139.565008	0.742000	12.750000
714	-139.505008	0.744000	12.850000
715	-139.435008	0.744000	12.820000
716	-139.265008	0.746000	12.650000
717	-139.205008	0.748000	12.880000
718	-139.155008	0.746000	13.210000
719	-139.135008	0.750000	12.770000
720	-139.065008	0.750000	12.960000
721	-139.035008	0.750000	12.920000
722	-139.035008	0.752000	12.850000
723	-139.025008	0.752000	12.780000
724	-138.825008	0.754000	13.110000
725	-138.755008	0.756000	12.930000
726	-138.535008	0.756000	12.840000
727	-138.505008	0.758000	12.880000
728	-138.455008	0.758000	12.720000
729	-138.445008	0.758000	12.830000
730	-138.365008	0.760000	12.980000
731	-138.325008	0.760000	12.880000
732	-138.235008	0.762000	12.920000
733	-138.195008	0.763000	12.750000
734	-138.045008	0.762000	12.830000
735	-137.995008	0.765000	12.970000
736	-137.975008	0.765000	12.940000
737	-137.885008	0.767000	12.890000
738	-137.805008	0.767000	12.940000
739	-137.745008	0.769000	13.090000
740	-137.735008	0.771000	12.930000
741	-137.345008	0.771000	12.660000
742	-137.335008	0.773000	12.860000
743	-137.225008	0.773000	13.060000
744	-137.225008	0.773000	13.040000
745	-137.145008	0.775000	12.780000
746	-136.435008	0.775000	13.120000
747	-136.365008	0.779000	13.080000
748	-136.345008	0.779000	13.170000
749	-136.345008	0.781000	12.980000
750	-136.335008	0.781000	13.160000
751	-136.295008	0.781000	13.080000
752	-136.295008	0.783000	13.110000
753	-136.255008	0.783000	13.010000
754	-136.195008	0.785000	13.110000
755	-136.155008	0.787000	13.010000
756	-136.085008	0.789000	13.230000
757	-136.045008	0.789000	13.020000
758	-136.005008	0.789000	13.110000
759	-135.965008	0.791000	12.930000
760	-135.945008	0.791000	12.920000
761	-135.805008	0.793000	13.100000
762	-135.805008	0.795000	13.160000
763	-135.715008	0.795000	13.160000
764	-135.645008	0.797000	13.040000
765	-135.585008	0.797000	13.070000
766	-135.555008	0.797000	13.080000
767	-135.495008	0.799000	13.080000
768	-135.415008	0.799000	13.120000
769	-135.325008	0.801000	12.970000
770	-135.315008	0.803000	13.060000
771	-135.305008	0.803000	13.190000
772	-135.255008	0.804000	13.120000
773	-135.225008	0.804000	13.050000
774	-135.185008	0.804000	13.020000
775	-135.175008	0.806000	13.050000
776	-135.055008	0.808000	13.280000
777	-134.945008	0.808000	13.070000
778	-134.775008	0.808000	13.090000
779	-134.725008	0.810000	13.220000
780	-134.595008	0.812000	13.030000
781	-134.545008	0.812000	13.010000
782	-134.495008	0.812000	13.140000
783	-134.285008	0.814000	13.180000
784	-134.155008	0.814000	13.270000
785	-134.145008	0.816000	13.150000
786	-134.095008	0.816000	13.490000
787	-134.075008	0.818000	13.280000
788	-134.025008	0.820000	13.280000
789	-133.855008	0.820000	13.160000
790	-133.845008	0.820000	13.240000
791	-133.815008	0.822000	13.100000
792	-133.735008	0.826000	13.270000
793	-133.645008	0.826000	13.160000
794	-133.475008	0.826000	13.200000
795	-133.375008	0.828000	13.080000
796	-133.305008	0.830000	13.370000
797	-133.245008	0.830000	13.310000
798	-133.225008	0.830000	13.280000
799	-133.175008	0.832000	13.150000
800	-132.975008	0.834000	13.410000
801	-132.965008	0.834000	13.400000
802	-132.845008	0.836000	13.250000
803	-132.775008	0.836000	13.260000
804	-132.745008	0.836000	13.250000
805	-132.625008	0.838000	13.470000
806	-132.615008	0.838000	13.340000
807	-132.605008	0.840000	13.370000
808	-132.445008	0.840000	13.350000
809	-132.365008	0.842000	13.440000
810	-132.165008	0.844000	13.520000
811	-132.005008	0.845000	13.440000
812	-131.975008	0.845000	13.230000
813	-131.905008	0.845000	13.250000
814	-131.895008	0.847000	13.340000
815	-131.805008	0.849000	13.570000
816	-131.785008	0.851000	13.370000
817	-131.755008	0.851000	13.410000
818	-131.755008	0.851000	13.270000
819	-131.735008	0.853000	13.530000
820	-131.685008	0.853000	13.320000
821	-131.515008	0.855000	13.440000
822	-131.495008	0.857000	13.430000
823	-131.465008	0.857000	13.380000
824	-131.415008	0.857000	13.380000
825	-131.395008	0.859000	13.480000
826	-131.355008	0.859000	13.440000
827	-131.145008	0.861000	13.260000
828	-130.965008	0.861000	13.520000
829	-130.885008	0.863000	13.430000
830	-130.625008	0.865000	13.440000
831	-130.595008	0.867000	13.320000
832	-130.325008	0.867000	13.520000
833	-130.315008	0.867000	13.630000
834	-130.165008	0.867000	13.520000
835	-130.115008	0.869000	13.410000
836	-130.065008	0.869000	13.350000
837	-130.055008	0.873000	13.630000
838	-129.905008	0.873000	13.610000
839	-129.805008	0.873000	13.430000
840	-129.775008	0.875000	13.400000
841	-129.655008	0.877000	13.450000
842	-129.545008	0.877000	13.530000
843	-129.485008	0.877000	13.260000
844	-129.455008	0.879000	13.210000
845	-129.445008	0.881000	13.490000
846	-129.425008	0.883000	13.340000
847	-129.315008	0.881000	13.420000
848	-129.305008	0.883000	13.580000
849	-129.215008	0.883000	13.390000
850	-129.165008	0.885000	13.520000
851	-129.135008	0.885000	13.570000
852	-129.105008	0.887000	13.380000
853	-129.055008	0.888000	13.730000
854	-128.995008	0.888000	13.410000
855	-128.945008	0.888000	13.520000
856	-128.895008	0.890000	13.570000
857	-128.775008	0.892000	13.580000
858	-128.765008	0.892000	13.370000
859	-128.695008	0.894000	13.500000
860	-128.555008	0.896000	13.610000
861	-128.545008	0.896000	13.410000
862	-128.285008	0.898000	13.580000
863	-128.195008	0.898000	13.640000
864	-128.125008	0.898000	13.680000
865	-128.105008	0.900000	13.590000
866	-128.055008	0.900000	13.760000
867	-127.795008	0.902000	13.700000
868	-127.755008	0.904000	13.590000
869	-127.695008	0.904000	13.490000
870	-127.655008	0.904000	13.640000
871	-127.585008	0.906000	13.690000
872	-127.585008	0.908000	13.570000
873	-127.405008	0.910000	13.610000
874	-127.215008	0.912000	13.640000
875	-127.215008	0.914000	13.800000
876	-127.055008	0.914000	13.620000
877	-126.925008	0.914000	13.660000
878	-126.805008	0.916000	13.620000
879	-126.665008	0.916000	13.610000
880	-126.655008	0.916000	13.580000
881	-126.635008	0.918000	13.560000
882	-126.635008	0.920000	13.660000
883	-126.475008	0.920000	13.670000
884	-126.325008	0.922000	13.830000
885	-126.275008	0.922000	13.710000
886	-126.175008	0.922000	13.710000
887	-126.085008	0.924000	13.610000
888	-125.975008	0.926000	13.680000
889	-125.905008	0.928000	13.720000
890	-125.905008	0.928000	13.600000
891	-125.795008	0.929000	13.800000
892	-125.675008	0.929000	13.750000
893	-125.665008	0.929000	13.830000
894	-125.475008	0.931000	13.660000
895	-125.425008	0.933000	13.790000
896	-125.325008	0.933000	13.830000
897	-125.265008	0.935000	13.860000
898	-125.025008	0.937000	13.920000
899	-124.985008	0.937000	13.910000
900	-124.955008	0.939000	13.820000
901	-124.925008	0.939000	13.850000
902	-124.885008	0.939000	13.820000
903	-124.765008	0.941000	13.710000
904	-124.715008	0.943000	13.960000
905	-124.675008	0.945000	13.950000
906	-124.635008	0.945000	13.870000
907	-124.455008	0.945000	13.960000
908	-124.415008	0.947000	14.230000
909	-124.395008	0.947000	13.910000
910	-124.385008	0.949000	13.800000
911	-124.325008	0.951000	13.670000
912	-124.235008	0.951000	14.050000
913	-124.225008	0.953000	14.090000
914	-124.225008	0.953000	13.970000
915	-123.715008	0.953000	13.980000
916	-123.685008	0.957000	13.710000
917	-123.675008	0.957000	13.910000
918	-123.475008	0.959000	13.950000
919	-123.405008	0.959000	13.770000
920	-123.365008	0.961000	13.800000
921	-123.355008	0.961000	13.980000
922	-123.335008	0.961000	13.810000
923	-123.325008	0.963000	13.900000
924	-123.295008	0.963000	13.940000
925	-123.285008	0.965000	13.890000
926	-123.225008	0.965000	13.840000
927	-123.205008	0.967000	14.030000
928	-123.145008	0.969000	13.890000
929	-123.075008	0.969000	13.990000
930	-122.975008	0.969000	14.010000
931	-122.765008	0.971000	13.900000
932	-122.655008	0.971000	13.910000
933	-122.635008	0.972000	13.880000
934	-122.565008	0.972000	13.860000
935	-122.555008	0.976000	13.760000
936	-122.505008	0.976000	13.830000
937	-122.405008	0.976000	13.980000
938	-122.305008	0.976000	13.800000
939	-122.135008	0.978000	14.010000
940	-122.095008	0.978000	13.980000
941	-121.975008	0.980000	14.250000
942	-121.785008	0.982000	14.080000
943	-121.685008	0.982000	13.980000
944	-121.685008	0.984000	13.930000
945	-121.685008	0.984000	14.000000
946	-121.595008	0.986000	14.070000
947	-121.595008	0.986000	13.980000
948	-121.525008	0.988000	14.030000
949	-121.515008	0.990000	14.320000
950	-121.355008	0.990000	14.110000
951	-121.305008	0.992000	14.140000
952	-121.265008	0.994000	14.060000
953	-121.235008	0.994000	14.050000
954	-121.165008	0.996000	14.050000
955	-121.105008	0.998000	14.060000
956	-121.075008	0.998000	14.010000
957	-121.005008	1.000000	14.020000
958	-120.875008	1.002000	14.120000
959	-120.875008	1.002000	14.140000
960	-120.685008	1.002000	14.080000
961	-120.655008	1.004000	14.150000
962	-120.625008	1.006000	13.880000
963	-120.495008	1.006000	13.920000
964	-120.295008	1.008000	14.200000
965	-120.295008	1.008000	14.360000
966	-120.265008	1.010000	13.900000
967	-120.235008	1.010000	14.090000
968	-119.845008	1.012000	14.150000
969	-119.845008	1.013000	14.090000
970	-119.775008	1.013000	14.310000
971	-119.745008	1.013000	14.200000
972	-119.715008	1.015000	14.090000
973	-119.715008	1.017000	13.930000
974	-119.645008	1.017000	14.290000
975	-119.485008	1.019000	14.160000
976	-119.425008	1.019000	14.170000
977	-119.355008	1.023000	14.010000
978	-119.325008	1.021000	14.120000
979	-119.265008	1.023000	14.070000
980	-119.245008	1.023000	13.970000
981	-119.165008	1.023000	14.100000
982	-119.135008	1.025000	14.220000
983	-119.035008	1.025000	14.100000
984	-118.975008	1.027000	14.320000
985	-118.975008	1.029000	14.070000
986	-118.945008	1.029000	14.300000
987	-118.905008	1.031000	14.230000
988	-118.895008	1.031000	14.230000
989	-118.815008	1.033000	14.190000
990	-118.805008	1.033000	14.330000
991	-118.805008	1.033000	14.160000
992	-118.775008	1.035000	14.230000
993	-118.585008	1.037000	14.110000
994	-118.585008	1.037000	14.140000
995	-118.555008	1.039000	14.310000
996	-118.295008	1.039000	14.300000
997	-118.295008	1.041000	14.130000
998	-118.295008	1.041000	14.280000
999	-118.105008	1.043000	14.050000
1000	-118.065008	1.045000	14.320000
1001	-118.035008	1.045000	14.230000
1002	-118.035008	1.045000	14.050000
1003	-118.035008	1.047000	14.430000
1004	-118.035008	1.049000	14.230000
1005	-117.975008	1.049000	14.410000
1006	-117.975008	1.051000	14.360000
1007	-117.875008	1.053000	14.370000
1008	-117.875008	1.053000	14.360000
1009	-117.745008	1.054000	14.340000
1010	-117.645008	1.054000	14.200000
1011	-117.565008	1.054000	14.210000
1012	-117.515008	1.056000	14.290000
1013	-117.385008	1.056000	14.330000
1014	-117.135008	1.058000	14.160000
1015	-116.935008	1.060000	14.380000
1016	-116.875008	1.060000	13.940000
1017	-116.395008	1.062000	14.470000
1018	-116.195008	1.064000	14.400000
1019	-116.165008	1.064000	14.430000
1020	-116.165008	1.064000	14.550000
1021	-116.135008	1.066000	14.460000
1022	-116.105008	1.068000	14.380000
1023	-116.105008	1.068000	14.400000
1024	-116.055008	1.068000	14.340000
1025	-115.975008	1.070000	14.700000
1026	-115.905008	1.070000	14.510000
1027	-115.845008	1.072000	14.330000
1028	-115.705008	1.072000	14.330000
1029	-115.675008	1.076000	14.310000
1030	-115.635008	1.078000	14.360000
1031	-115.575008	1.078000	14.610000
1032	-115.525008	1.078000	14.350000
1033	-115.515008	1.080000	14.470000
1034	-115.495008	1.080000	14.450000
1035	-115.485008	1.082000	14.410000
1036	-115.455008	1.084000	14.470000
1037	-115.385008	1.086000	14.500000
1038	-115.165008	1.086000	14.460000
1039	-115.155008	1.086000	14.400000
1040	-115.135008	1.086000	14.340000
1041	-115.065008	1.088000	14.560000
1042	-114.895008	1.088000	14.420000
1043	-114.845008	1.090000	14.450000
1044	-114.675008	1.092000	14.410000
1045	-114.365008	1.092000	14.500000
1046	-114.355008	1.094000	14.410000
1047	-114.355008	1.094000	14.770000
1048	-114.155008	1.094000	14.470000
1049	-113.975008	1.095000	14.560000
1050	-113.945008	1.095000	14.600000
1051	-113.895008	1.097000	14.540000
1052	-113.815008	1.099000	14.530000
1053	-113.815008	1.099000	14.590000
1054	-113.745008	1.101000	14.570000
1055	-113.605008	1.101000	14.590000
1056	-113.605008	1.103000	14.570000
1057	-113.525008	1.103000	14.760000
1058	-113.495008	1.105000	14.590000
1059	-113.395008	1.107000	14.640000
1060	-113.395008	1.107000	14.530000
1061	-113.085008	1.109000	14.430000
1062	-112.995008	1.109000	14.570000
1063	-112.955008	1.109000	14.690000
1064	-112.865008	1.111000	14.430000
1065	-112.825008	1.111000	14.570000
1066	-112.735008	1.113000	14.580000
1067	-112.595008	1.115000	14.560000
1068	-112.505008	1.117000	14.600000
1069	-112.285008	1.117000	14.790000
1070	-112.275008	1.117000	14.540000
1071	-112.185008	1.119000	14.600000
1072	-112.165008	1.119000	14.720000
1073	-112.155008	1.121000	14.550000
1074	-112.045008	1.121000	14.610000
1075	-111.945008	1.123000	14.720000
1076	-111.855008	1.123000	14.730000
1077	-111.725008	1.125000	14.570000
1078	-111.555008	1.125000	14.660000
1079	-111.505008	1.127000	14.880000
1080	-111.435008	1.127000	14.660000
1081	-111.405008	1.129000	14.810000
1082	-111.365008	1.131000	14.670000
1083	-111.305008	1.131000	14.710000
1084	-111.195008	1.133000	14.790000
1085	-111.035008	1.133000	14.640000
1086	-111.015008	1.133000	14.660000
1087	-111.015008	1.135000	14.690000
1088	-110.985008	1.135000	14.680000
1089	-110.945008	1.137000	14.820000
1090	-110.935008	1.138000	14.610000
1091	-110.925008	1.138000	14.550000
1092	-110.745008	1.140000	14.730000
1093	-110.475008	1.140000	14.640000
1094	-110.325008	1.142000	14.840000
1095	-110.305008	1.142000	14.890000
1096	-110.155008	1.144000	14.930000
1097	-110.135008	1.144000	14.800000
1098	-110.115008	1.144000	14.840000
1099	-109.975008	1.146000	14.810000
1100	-109.945008	1.148000	14.720000
1101	-109.725008	1.148000	14.800000
1102	-109.685008	1.148000	14.870000
1103	-109.665008	1.150000	14.970000
1104	-109.585008	1.150000	14.890000
1105	-109.535008	1.152000	14.990000
1106	-109.485008	1.154000	14.890000
1107	-109.475008	1.154000	14.900000
1108	-109.455008	1.156000	14.820000
1109	-109.375008	1.156000	14.930000
1110	-109.135008	1.156000	15.020000
1111	-109.135008	1.160000	14.800000
1112	-109.005008	1.162000	14.850000
1113	-108.985008	1.162000	14.770000
1114	-108.915008	1.164000	14.900000
1115	-108.745008	1.164000	14.760000
1116	-108.535008	1.164000	14.700000
1117	-108.465008	1.166000	14.910000
1118	-108.365008	1.168000	15.230000
1119	-108.305008	1.170000	15.060000
1120	-108.275008	1.170000	15.010000
1121	-108.165008	1.170000	14.880000
1122	-108.115008	1.172000	15.070000
1123	-108.085008	1.174000	15.180000
1124	-108.075008	1.174000	15.050000
1125	-108.045008	1.174000	14.920000
1126	-107.945008	1.176000	14.900000
1127	-107.885008	1.179000	14.980000
1128	-107.845008	1.179000	14.990000
1129	-107.615008	1.179000	15.230000
1130	-107.495008	1.179000	15.020000
1131	-107.445008	1.181000	15.100000
1132	-107.435008	1.181000	14.970000
1133	-107.325008	1.183000	14.940000
1134	-107.275008	1.183000	14.940000
1135	-107.265008	1.185000	15.100000
1136	-107.195008	1.185000	14.900000
1137	-107.175008	1.187000	15.000000
1138	-107.135008	1.189000	15.250000
1139	-107.135008	1.189000	15.110000
1140	-106.985008	1.189000	15.500000
1141	-106.915008	1.191000	15.040000
1142	-106.705008	1.193000	15.020000
1143	-106.645008	1.193000	15.110000
1144	-106.575008	1.195000	15.150000
1145	-106.565008	1.195000	15.090000
1146	-106.465008	1.195000	15.250000
1147	-106.425008	1.197000	15.260000
1148	-106.355008	1.197000	15.130000
1149	-106.275008	1.199000	15.140000
1150	-106.235008	1.201000	15.030000
1151	-106.075008	1.201000	15.190000
1152	-106.035008	1.201000	15.000000
1153	-105.785008	1.203000	15.220000
1154	-105.755008	1.205000	15.290000
1155	-105.655008	1.205000	15.230000
1156	-105.605008	1.205000	15.320000
1157	-105.555008	1.207000	15.260000
1158	-105.535008	1.211000	15.320000
1159	-105.495008	1.209000	15.370000
1160	-105.235008	1.211000	15.180000
1161	-105.195008	1.211000	15.340000
1162	-105.055008	1.211000	15.320000
1163	-104.975008	1.213000	15.340000
1164	-104.935008	1.213000	15.240000
1165	-104.775008	1.215000	15.420000
1166	-104.745008	1.217000	15.460000
1167	-104.745008	1.217000	15.200000
1168	-104.695008	1.219000	15.280000
1169	-104.695008	1.221000	15.320000
1170	-104.555008	1.221000	15.290000
1171	-104.545008	1.221000	15.380000
1172	-104.425008	1.222000	15.470000
1173	-104.335008	1.224000	15.350000
1174	-104.315008	1.224000	15.230000
1175	-104.265008	1.226000	15.180000
1176	-104.195008	1.226000	15.080000
1177	-104.135008	1.228000	15.440000
1178	-104.095008	1.228000	15.260000
1179	-104.005008	1.228000	15.270000
1180	-103.975008	1.230000	15.190000
1181	-103.875008	1.232000	15.310000
1182	-103.805008	1.232000	15.290000
1183	-103.785008	1.232000	15.290000
1184	-103.775008	1.234000	15.180000
1185	-103.595008	1.236000	15.350000
1186	-103.425008	1.236000	15.670000
1187	-103.235008	1.238000	15.350000
1188	-103.145008	1.240000	15.360000
1189	-103.085008	1.240000	15.380000
1190	-102.895008	1.242000	15.260000
1191	-102.835008	1.244000	15.280000
1192	-102.815008	1.244000	15.470000
1193	-102.795008	1.246000	15.370000
1194	-102.655008	1.248000	15.120000
1195	-102.645008	1.248000	15.350000
1196	-102.585008	1.250000	15.280000
1197	-102.555008	1.250000	15.420000
1198	-102.485008	1.252000	15.430000
1199	-102.455008	1.252000	15.120000
1200	-102.375008	1.252000	15.350000
1201	-102.355008	1.254000	15.300000
1202	-102.175008	1.256000	15.470000
1203	-102.165008	1.256000	15.330000
1204	-102.145008	1.258000	15.560000
1205	-102.035008	1.258000	15.570000
1206	-101.905008	1.258000	15.540000
1207	-101.775008	1.262000	15.770000
1208	-101.645008	1.262000	15.320000
1209	-101.615008	1.263000	15.340000
1210	-101.605008	1.263000	15.650000
1211	-101.455008	1.265000	15.600000
1212	-101.455008	1.265000	15.680000
1213	-101.355008	1.265000	15.700000
1214	-101.345008	1.267000	15.530000
1215	-101.205008	1.267000	15.470000
1216	-101.175008	1.269000	15.570000
1217	-101.105008	1.273000	15.440000
1218	-101.105008	1.273000	15.640000
1219	-101.055008	1.273000	15.690000
1220	-100.975008	1.273000	15.640000
1221	-100.955008	1.275000	15.590000
1222	-100.895008	1.275000	15.410000
1223	-100.755008	1.277000	15.600000
1224	-100.585008	1.277000	15.640000
1225	-100.555008	1.277000	15.580000
1226	-100.535008	1.281000	15.650000
1227	-100.455008	1.281000	15.790000
1228	-100.455008	1.283000	15.630000
1229	-100.255008	1.283000	15.720000
1230	-100.235008	1.285000	15.690000
1231	-100.195008	1.287000	15.610000
1232	-100.185008	1.287000	15.600000
1233	-100.135008	1.289000	15.670000
1234	-100.075008	1.289000	15.640000
1235	-100.005008	1.289000	15.740000
1236	-99.965008	1.291000	15.490000
1237	-99.855008	1.291000	15.700000
1238	-99.685008	1.293000	15.690000
1239	-99.535008	1.295000	15.830000
1240	-99.415008	1.293000	15.650000
1241	-99.325008	1.297000	15.680000
1242	-99.205008	1.297000	15.670000
1243	-99.085008	1.299000	15.670000
1244	-98.975008	1.299000	15.520000
1245	-98.865008	1.299000	15.750000
1246	-98.655008	1.301000	15.710000
1247	-98.655008	1.304000	15.480000
1248	-98.635008	1.304000	15.840000
1249	-98.515008	1.304000	15.690000
1250	-98.505008	1.304000	15.780000
1251	-98.455008	1.306000	15.790000
1252	-98.365008	1.306000	15.620000
1253	-98.325008	1.308000	15.570000
1254	-98.295008	1.310000	15.600000
1255	-98.265008	1.308000	15.850000
1256	-98.215008	1.310000	15.750000
1257	-98.165008	1.312000	15.660000
1258	-97.955008	1.312000	15.660000
1259	-97.915008	1.314000	15.700000
1260	-97.875008	1.314000	15.740000
1261	-97.845008	1.316000	15.890000
1262	-97.825008	1.318000	15.490000
1263	-97.815008	1.320000	15.810000
1264	-97.685008	1.320000	15.690000
1265	-97.615008	1.320000	15.630000
1266	-97.545008	1.322000	15.600000
1267	-97.455008	1.322000	15.720000
1268	-97.365008	1.324000	15.920000
1269	-97.285008	1.326000	15.650000
1270	-97.275008	1.326000	15.760000
1271	-97.255008	1.328000	15.710000
1272	-97.095008	1.330000	15.810000
1273	-97.005008	1.330000	15.690000
1274	-96.925008	1.330000	15.730000
1275	-96.885008	1.332000	15.710000
1276	-96.805008	1.332000	16.020000
1277	-96.795008	1.334000	16.000000
1278	-96.685008	1.336000	15.920000
1279	-96.655008	1.336000	15.810000
1280	-96.625008	1.336000	15.810000
1281	-96.535008	1.338000	15.750000
1282	-96.515008	1.338000	15.800000
1283	-96.515008	1.340000	15.570000
1284	-96.445008	1.342000	15.860000
1285	-96.365008	1.340000	16.020000
1286	-96.095008	1.342000	15.790000
1287	-95.985008	1.344000	15.530000
1288	-95.975008	1.345000	15.760000
1289	-95.895008	1.345000	16.020000
1290	-95.535008	1.347000	15.760000
1291	-95.495008	1.349000	16.080000
1292	-95.415008	1.349000	15.970000
1293	-95.195008	1.351000	16.110000
1294	-94.975008	1.351000	16.180000
1295	-94.945008	1.351000	16.020000
1296	-94.875008	1.353000	16.090000
1297	-94.855008	1.355000	15.930000
1298	-94.825008	1.357000	15.840000
1299	-94.785008	1.355000	15.950000
1300	-94.725008	1.359000	16.060000
1301	-94.705008	1.359000	15.960000
1302	-94.685008	1.361000	16.020000
1303	-94.645008	1.361000	16.010000
1304	-94.585008	1.361000	16.000000
1305	-94.375008	1.363000	15.960000
1306	-94.255008	1.365000	16.190000
1307	-94.175008	1.367000	16.140000
1308	-94.085008	1.367000	16.130000
1309	-94.035008	1.367000	16.040000
1310	-94.035008	1.369000	16.080000
1311	-93.965008	1.369000	15.960000
1312	-93.865008	1.371000	16.060000
1313	-93.855008	1.373000	16.060000
1314	-93.835008	1.373000	16.130000
1315	-93.825008	1.375000	16.060000
1316	-93.785008	1.377000	16.170000
1317	-93.635008	1.377000	15.960000
1318	-93.585008	1.377000	15.970000
1319	-93.445008	1.379000	15.950000
1320	-93.375008	1.381000	16.100000
1321	-93.335008	1.381000	16.090000
1322	-93.315008	1.383000	16.160000
1323	-93.195008	1.383000	16.170000
1324	-92.845008	1.383000	15.980000
1325	-92.815008	1.385000	16.080000
1326	-92.715008	1.387000	16.060000
1327	-92.655008	1.388000	16.180000
1328	-92.475008	1.388000	15.970000
1329	-92.465008	1.388000	16.130000
1330	-92.435008	1.390000	15.960000
1331	-92.355008	1.392000	16.080000
1332	-92.325008	1.392000	15.980000
1333	-92.325008	1.392000	16.190000
1334	-92.225008	1.394000	16.110000
1335	-92.205008	1.398000	16.130000
1336	-91.925008	1.398000	16.370000
1337	-91.875008	1.398000	16.370000
1338	-91.765008	1.398000	16.380000
1339	-91.685008	1.400000	16.420000
1340	-91.585008	1.400000	16.440000
1341	-91.415008	1.402000	16.350000
1342	-91.345008	1.402000	16.180000
1343	-91.335008	1.402000	16.240000
1344	-91.105008	1.406000	16.180000
1345	-90.985008	1.408000	16.080000
1346	-90.925008	1.410000	16.360000
1347	-90.895008	1.412000	16.450000
1348	-90.755008	1.412000	16.370000
1349	-90.725008	1.414000	16.290000
1350	-90.715008	1.414000	16.470000
1351	-90.435008	1.414000	16.110000
1352	-90.355008	1.416000	15.090000
1353	-90.315008	1.416000	14.980000
1354	-90.195008	1.420000	16.000000
1355	-90.125008	1.418000	16.210000
1356	-90.095008	1.422000	16.450000
1357	-90.035008	1.422000	16.040000
1358	-89.945008	1.424000	15.570000
1359	-89.875008	1.424000	15.140000
1360	-89.875008	1.424000	15.030000
1361	-89.715008	1.426000	14.890000
1362	-89.675008	1.428000	15.010000
1363	-89.625008	1.428000	15.100000
1364	-89.605008	1.428000	14.960000
1365	-89.555008	1.429000	15.000000
1366	-89.535008	1.429000	15.040000
1367	-89.445008	1.431000	16.410000
1368	-89.425008	1.431000	15.080000
1369	-89.425008	1.433000	14.950000
1370	-89.375008	1.435000	16.380000
1371	-89.325008	1.435000	15.070000
1372	-88.975008	1.437000	15.100000
1373	-88.955008	1.437000	16.310000
1374	-88.715008	1.439000	14.980000
1375	-88.635008	1.439000	15.150000
1376	-88.415008	1.441000	15.100000
1377	-88.135008	1.443000	15.160000
1378	-88.105008	1.443000	15.180000
1379	-88.085008	1.445000	15.200000
1380	-87.945008	1.445000	15.080000
1381	-87.945008	1.447000	15.120000
1382	-87.915008	1.447000	15.160000
1383	-87.875008	1.449000	15.000000
1384	-87.865008	1.449000	15.150000
1385	-87.855008	1.449000	15.230000
1386	-87.835008	1.451000	15.200000
1387	-87.745008	1.453000	15.080000
1388	-87.695008	1.453000	15.120000
1389	-87.675008	1.453000	15.120000
1390	-87.345008	1.455000	15.190000
1391	-87.325008	1.455000	15.160000
1392	-87.305008	1.457000	15.230000
1393	-87.215008	1.459000	15.120000
1394	-87.075008	1.461000	15.200000
1395	-86.745008	1.461000	15.220000
1396	-86.525008	1.461000	15.290000
1397	-86.445008	1.463000	15.190000
1398	-86.295008	1.463000	15.210000
1399	-86.255008	1.465000	15.190000
1400	-86.225008	1.467000	15.090000
1401	-86.075008	1.467000	15.380000
1402	-86.045008	1.469000	15.200000
1403	-86.045008	1.469000	15.110000
1404	-85.975008	1.471000	15.160000
1405	-85.925008	1.471000	15.500000
1406	-85.845008	1.472000	15.200000
1407	-85.845008	1.474000	15.240000
1408	-85.755008	1.474000	15.230000
1409	-85.625008	1.476000	15.290000
1410	-85.545008	1.476000	15.220000
1411	-85.545008	1.476000	15.240000
1412	-85.545008	1.478000	15.210000
1413	-85.455008	1.480000	15.470000
1414	-85.445008	1.480000	15.260000
1415	-85.435008	1.480000	15.110000
1416	-85.075008	1.484000	15.370000
1417	-84.915008	1.484000	15.290000
1418	-84.865008	1.486000	15.270000
1419	-84.785008	1.486000	15.340000
1420	-84.785008	1.486000	15.170000
1421	-84.725008	1.488000	15.320000
1422	-84.655008	1.490000	15.220000
1423	-84.565008	1.492000	15.360000
1424	-84.555008	1.494000	15.440000
1425	-84.335008	1.494000	15.500000
1426	-84.325008	1.496000	15.220000
1427	-84.265008	1.498000	15.390000
1428	-84.105008	1.498000	15.450000
1429	-83.945008	1.498000	15.370000
1430	-83.915008	1.500000	15.450000
1431	-83.825008	1.502000	15.560000
1432	-83.785008	1.502000	15.510000
1433	-83.765008	1.502000	15.400000
1434	-83.595008	1.504000	15.450000
1435	-83.585008	1.506000	15.560000
1436	-83.485008	1.506000	15.420000
1437	-83.445008	1.508000	15.380000
1438	-83.375008	1.508000	15.560000
1439	-83.345008	1.508000	15.470000
1440	-83.335008	1.510000	15.470000
1441	-83.325008	1.510000	15.490000
1442	-83.305008	1.512000	15.470000
1443	-83.015008	1.513000	15.610000
1444	-83.005008	1.512000	15.490000
1445	-82.945008	1.513000	15.690000
1446	-82.945008	1.515000	15.430000
1447	-82.925008	1.517000	15.490000
1448	-82.805008	1.517000	15.360000
1449	-82.765008	1.517000	15.460000
1450	-82.625008	1.519000	15.380000
1451	-82.525008	1.523000	15.320000
1452	-82.375008	1.521000	15.610000
1453	-82.135008	1.521000	15.680000
1454	-82.095008	1.523000	15.500000
1455	-82.035008	1.523000	15.540000
1456	-81.975008	1.525000	15.600000
1457	-81.915008	1.525000	15.670000
1458	-81.795008	1.527000	15.600000
1459	-81.745008	1.529000	15.710000
1460	-81.585008	1.529000	15.660000
1461	-81.535008	1.531000	15.630000
1462	-81.495008	1.531000	15.560000
1463	-81.455008	1.533000	15.780000
1464	-81.435008	1.533000	15.710000
1465	-81.365008	1.533000	15.710000
1466	-81.365008	1.535000	15.550000
1467	-81.295008	1.537000	15.630000
1468	-81.165008	1.537000	15.640000
1469	-80.875008	1.539000	15.630000
1470	-80.865008	1.539000	15.760000
1471	-80.835008	1.539000	15.700000
1472	-80.775008	1.541000	15.580000
1473	-80.755008	1.541000	15.530000
1474	-80.735008	1.543000	15.450000
1475	-80.675008	1.543000	15.420000
1476	-80.665008	1.545000	15.600000
1477	-80.565008	1.545000	15.530000
1478	-80.095008	1.547000	15.670000
1479	-80.055008	1.549000	15.550000
1480	-80.045008	1.549000	15.650000
1481	-79.975008	1.549000	15.670000
1482	-79.735008	1.551000	15.710000
1483	-79.715008	1.553000	15.760000
1484	-79.675008	1.553000	15.690000
1485	-79.665008	1.554000	15.630000
1486	-79.565008	1.554000	15.790000
1487	-79.495008	1.556000	15.670000
1488	-79.475008	1.556000	15.790000
1489	-79.465008	1.558000	15.790000
1490	-79.435008	1.560000	15.710000
1491	-79.425008	1.560000	15.670000
1492	-79.415008	1.560000	15.700000
1493	-79.325008	1.562000	15.700000
1494	-79.165008	1.564000	15.670000
1495	-79.105008	1.564000	15.670000
1496	-79.105008	1.564000	15.640000
1497	-79.075008	1.566000	15.790000
1498	-79.075008	1.568000	15.570000
1499	-79.015008	1.568000	15.810000
1500	-78.945008	1.570000	15.630000
1501	-78.855008	1.570000	15.710000
1502	-78.825008	1.572000	15.720000
1503	-78.795008	1.572000	15.710000
1504	-78.485008	1.576000	15.700000
1505	-78.385008	1.578000	15.920000
1506	-78.285008	1.578000	16.010000
1507	-78.165008	1.578000	15.730000
1508	-77.795008	1.580000	15.930000
1509	-77.785008	1.580000	15.840000
1510	-77.775008	1.582000	15.960000
1511	-77.665008	1.584000	15.950000
1512	-77.475008	1.584000	15.830000
1513	-77.425008	1.584000	15.790000
1514	-77.365008	1.586000	15.810000
1515	-77.335008	1.586000	16.000000
1516	-77.325008	1.588000	15.870000
1517	-77.245008	1.588000	15.910000
1518	-77.095008	1.590000	15.910000
1519	-77.055008	1.592000	15.820000
1520	-77.035008	1.592000	15.830000
1521	-76.995008	1.594000	15.790000
1522	-76.905008	1.594000	15.860000
1523	-76.885008	1.595000	16.000000
1524	-76.825008	1.597000	15.900000
1525	-76.815008	1.597000	15.840000
1526	-76.725008	1.599000	15.770000
1527	-76.715008	1.599000	15.900000
1528	-76.655008	1.601000	16.120000
1529	-76.645008	1.601000	15.930000
1530	-76.625008	1.601000	15.820000
1531	-76.615008	1.603000	16.180000
1532	-76.595008	1.603000	15.810000
1533	-76.575008	1.605000	15.790000
1534	-76.495008	1.605000	15.910000
1535	-76.445008	1.609000	15.960000
1536	-76.365008	1.609000	15.930000
1537	-76.155008	1.609000	15.920000
1538	-76.065008	1.611000	15.920000
1539	-75.915008	1.611000	16.100000
1540	-75.805008	1.613000	15.980000
1541	-75.685008	1.615000	15.930000
1542	-75.595008	1.617000	15.870000
1543	-75.425008	1.617000	16.030000
1544	-75.255008	1.617000	16.010000
1545	-75.175008	1.619000	15.990000
1546	-75.025008	1.619000	16.120000
1547	-74.965008	1.621000	16.050000
1548	-74.865008	1.623000	16.130000
1549	-74.825008	1.623000	16.090000
1550	-74.745008	1.625000	16.120000
1551	-74.685008	1.625000	16.390000
1552	-74.585008	1.627000	16.060000
1553	-74.525008	1.627000	16.170000
1554	-74.525008	1.627000	16.120000
1555	-74.515008	1.629000	16.130000
1556	-74.465008	1.631000	16.040000
1557	-74.425008	1.631000	16.050000
1558	-74.165008	1.633000	16.060000
1559	-74.135008	1.633000	16.280000
1560	-74.105008	1.633000	16.110000
1561	-74.045008	1.635000	16.110000
1562	-74.035008	1.635000	16.120000
1563	-74.005008	1.637000	16.080000
1564	-73.975008	1.637000	16.090000
1565	-73.895008	1.640000	16.070000
1566	-73.865008	1.640000	16.040000
1567	-73.855008	1.640000	16.210000
1568	-73.765008	1.642000	16.160000
1569	-73.725008	1.642000	16.090000
1570	-73.715008	1.644000	15.980000
1571	-73.635008	1.644000	16.120000
1572	-73.635008	1.646000	16.240000
1573	-73.525008	1.648000	16.080000
1574	-73.375008	1.648000	16.160000
1575	-73.345008	1.650000	16.120000
1576	-73.275008	1.650000	16.210000
1577	-73.135008	1.652000	16.210000
1578	-73.065008	1.652000	16.200000
1579	-72.955008	1.652000	16.090000
1580	-72.805008	1.656000	16.290000
1581	-72.695008	1.656000	16.260000
1582	-72.655008	1.660000	16.140000
1583	-72.515008	1.664000	16.290000
1584	-72.505008	1.662000	16.080000
1585	-72.495008	1.664000	16.340000
1586	-72.225008	1.664000	16.290000
1587	-72.165008	1.664000	16.420000
1588	-72.125008	1.666000	16.440000
1589	-72.105008	1.666000	16.310000
1590	-72.065008	1.668000	16.290000
1591	-71.745008	1.668000	16.290000
1592	-71.715008	1.670000	16.380000
1593	-71.595008	1.672000	16.200000
1594	-71.595008	1.674000	16.340000
1595	-71.585008	1.674000	16.290000
1596	-71.555008	1.674000	16.440000
1597	-71.485008	1.676000	16.350000
1598	-71.375008	1.676000	16.330000
1599	-71.365008	1.679000	16.240000
1600	-71.295008	1.679000	16.470000
1601	-71.095008	1.679000	16.160000
1602	-70.955008	1.681000	16.410000
1603	-70.865008	1.681000	16.450000
1604	-70.825008	1.683000	16.230000
1605	-70.785008	1.685000	16.390000
1606	-70.715008	1.685000	16.400000
1607	-70.615008	1.685000	16.430000
1608	-70.485008	1.687000	16.500000
1609	-70.425008	1.689000	16.460000
1610	-70.375008	1.689000	16.470000
1611	-70.325008	1.689000	16.400000
1612	-70.225008	1.691000	16.570000
1613	-70.095008	1.693000	16.550000
1614	-69.775008	1.693000	16.510000
1615	-69.705008	1.695000	16.470000
1616	-69.435008	1.695000	16.520000
1617	-69.425008	1.695000	16.550000
1618	-69.355008	1.697000	16.560000
1619	-69.305008	1.697000	16.490000
1620	-69.205008	1.699000	16.600000
1621	-69.205008	1.701000	16.470000
1622	-69.175008	1.703000	16.530000
1623	-69.095008	1.703000	16.580000
1624	-69.055008	1.705000	16.410000
1625	-68.945008	1.705000	16.560000
1626	-68.895008	1.707000	16.530000
1627	-68.895008	1.707000	16.540000
1628	-68.835008	1.709000	16.520000
1629	-68.775008	1.709000	16.520000
1630	-68.745008	1.711000	16.470000
1631	-68.715008	1.711000	16.530000
1632	-68.635008	1.713000	16.510000
1633	-68.595008	1.713000	16.640000
1634	-68.575008	1.713000	16.520000
1635	-68.545008	1.715000	16.740000
1636	-68.535008	1.717000	16.520000
1637	-68.485008	1.717000	16.500000
1638	-68.265008	1.717000	16.540000
1639	-68.145008	1.719000	16.560000
1640	-67.725008	1.721000	16.500000
1641	-67.715008	1.721000	16.850000
1642	-67.565008	1.722000	16.770000
1643	-67.525008	1.724000	16.700000
1644	-67.415008	1.724000	16.630000
1645	-67.375008	1.726000	16.580000
1646	-67.375008	1.726000	16.760000
1647	-67.295008	1.726000	16.770000
1648	-67.295008	1.728000	16.580000
1649	-67.185008	1.728000	16.700000
1650	-67.145008	1.730000	16.870000
1651	-67.115008	1.732000	16.600000
1652	-66.875008	1.730000	16.880000
1653	-66.795008	1.732000	16.770000
1654	-66.785008	1.734000	16.770000
1655	-66.755008	1.736000	16.630000
1656	-66.715008	1.736000	16.740000
1657	-66.695008	1.736000	16.820000
1658	-66.695008	1.738000	16.790000
1659	-66.645008	1.742000	16.700000
1660	-66.615008	1.740000	16.630000
1661	-66.505008	1.744000	16.730000
1662	-66.495008	1.744000	16.550000
1663	-66.395008	1.746000	16.620000
1664	-66.395008	1.748000	16.720000
1665	-66.135008	1.748000	16.800000
1666	-66.035008	1.750000	16.780000
1667	-65.985008	1.750000	16.570000
1668	-65.785008	1.750000	16.850000
1669	-65.595008	1.752000	16.750000
1670	-65.545008	1.752000	16.900000
1671	-65.415008	1.754000	16.690000
1672	-65.175008	1.756000	16.980000
1673	-65.065008	1.758000	16.760000
1674	-65.015008	1.758000	16.670000
1675	-65.005008	1.758000	16.720000
1676	-64.985008	1.760000	16.890000
1677	-64.965008	1.760000	16.850000
1678	-64.925008	1.762000	16.830000
1679	-64.855008	1.762000	16.730000
1680	-64.845008	1.763000	16.790000
1681	-64.785008	1.765000	16.880000
1682	-64.775008	1.765000	16.890000
1683	-64.625008	1.765000	16.790000
1684	-64.595008	1.767000	16.740000
1685	-64.575008	1.767000	17.070000
1686	-64.455008	1.769000	16.740000
1687	-64.425008	1.771000	16.850000
1688	-64.325008	1.771000	16.840000
1689	-64.095008	1.773000	16.930000
1690	-63.965008	1.773000	16.870000
1691	-63.915008	1.773000	16.800000
1692	-63.845008	1.775000	16.920000
1693	-63.695008	1.775000	16.760000
1694	-63.545008	1.777000	17.070000
1695	-63.145008	1.779000	17.040000
1696	-63.115008	1.779000	16.900000
1697	-63.065008	1.781000	16.970000
1698	-62.995008	1.781000	16.900000
1699	-62.935008	1.781000	16.800000
1700	-62.785008	1.783000	17.130000
1701	-62.775008	1.785000	16.880000
1702	-62.715008	1.787000	16.780000
1703	-62.625008	1.787000	17.190000
1704	-62.615008	1.789000	16.910000
1705	-62.605008	1.789000	17.010000
1706	-62.585008	1.789000	17.060000
1707	-62.525008	1.791000	16.890000
1708	-62.525008	1.791000	17.130000
1709	-62.515008	1.793000	17.080000
1710	-62.495008	1.795000	17.030000
1711	-62.335008	1.793000	16.960000
1712	-62.275008	1.797000	16.800000
1713	-62.205008	1.797000	16.910000
1714	-62.185008	1.797000	16.930000
1715	-62.085008	1.799000	17.180000
1716	-62.035008	1.799000	17.020000
1717	-62.035008	1.801000	17.000000
1718	-61.905008	1.803000	17.040000
1719	-61.875008	1.803000	17.110000
1720	-61.515008	1.803000	16.910000
1721	-61.455008	1.804000	17.160000
1722	-61.275008	1.804000	16.910000
1723	-61.175008	1.806000	17.200000
1724	-61.145008	1.806000	17.160000
1725	-61.075008	1.808000	17.190000
1726	-61.035008	1.810000	17.110000
1727	-60.995008	1.810000	17.430000
1728	-60.975008	1.812000	17.220000
1729	-60.935008	1.812000	17.160000
1730	-60.925008	1.812000	17.260000
1731	-60.875008	1.814000	16.970000
1732	-60.845008	1.814000	17.170000
1733	-60.815008	1.816000	17.150000
1734	-60.605008	1.818000	17.210000
1735	-60.595008	1.820000	17.150000
1736	-60.495008	1.820000	17.190000
1737	-60.425008	1.820000	17.250000
1738	-60.385008	1.820000	17.140000
1739	-60.335008	1.822000	17.050000
1740	-60.225008	1.824000	17.180000
1741	-60.225008	1.826000	17.170000
1742	-60.175008	1.828000	17.250000
1743	-60.155008	1.830000	17.180000
1744	-59.985008	1.830000	17.170000
1745	-59.615008	1.830000	17.230000
1746	-59.585008	1.832000	17.150000
1747	-59.555008	1.834000	17.170000
1748	-59.505008	1.834000	17.300000
1749	-59.465008	1.836000	17.160000
1750	-59.385008	1.836000	17.210000
1751	-59.335008	1.838000	17.120000
1752	-59.205008	1.838000	17.140000
1753	-59.035008	1.838000	17.160000
1754	-58.925008	1.840000	17.180000
1755	-58.765008	1.842000	17.240000
1756	-58.765008	1.842000	17.330000
1757	-58.765008	1.842000	17.260000
1758	-58.725008	1.844000	17.330000
1759	-58.695008	1.845000	17.190000
1760	-58.655008	1.845000	17.400000
1761	-58.535008	1.847000	17.320000
1762	-58.535008	1.847000	17.330000
1763	-58.385008	1.851000	17.240000
1764	-58.365008	1.849000	17.270000
1765	-58.335008	1.851000	17.210000
1766	-58.325008	1.851000	17.210000
1767	-58.185008	1.851000	17.410000
1768	-58.105008	1.853000	17.260000
1769	-57.885008	1.855000	17.240000
1770	-57.825008	1.855000	17.410000
1771	-57.585008	1.857000	17.400000
1772	-57.405008	1.859000	17.260000
1773	-57.055008	1.859000	17.510000
1774	-56.945008	1.861000	17.450000
1775	-56.745008	1.861000	17.430000
1776	-56.745008	1.861000	17.340000
1777	-56.715008	1.863000	17.440000
1778	-56.675008	1.865000	17.410000
1779	-56.605008	1.865000	17.420000
1780	-56.565008	1.867000	17.600000
1781	-56.545008	1.869000	17.450000
1782	-56.505008	1.869000	17.570000
1783	-56.445008	1.869000	17.580000
1784	-56.345008	1.871000	17.530000
1785	-56.325008	1.873000	17.610000
1786	-56.275008	1.873000	17.530000
1787	-56.265008	1.873000	17.430000
1788	-56.245008	1.875000	17.350000
1789	-56.075008	1.877000	17.500000
1790	-55.995008	1.877000	17.490000
1791	-55.965008	1.877000	17.500000
1792	-55.895008	1.879000	17.400000
1793	-55.885008	1.881000	17.470000
1794	-55.575008	1.881000	17.520000
1795	-55.505008	1.883000	17.560000
1796	-55.495008	1.883000	17.550000
1797	-55.375008	1.883000	17.490000
1798	-55.355008	1.885000	17.600000
1799	-55.245008	1.885000	17.390000
1800	-55.245008	1.887000	17.780000
1801	-55.185008	1.888000	17.450000
1802	-55.135008	1.890000	17.630000
1803	-54.775008	1.890000	17.580000
1804	-54.675008	1.892000	17.710000
1805	-54.605008	1.892000	17.630000
1806	-54.535008	1.892000	17.610000
1807	-54.345008	1.894000	17.790000
1808	-54.305008	1.896000	17.620000
1809	-54.255008	1.896000	17.480000
1810	-54.235008	1.896000	17.640000
1811	-54.125008	1.898000	17.560000
1812	-54.105008	1.900000	17.690000
1813	-53.955008	1.900000	17.680000
1814	-53.915008	1.902000	17.610000
1815	-53.915008	1.904000	17.530000
1816	-53.855008	1.904000	17.580000
1817	-53.835008	1.906000	17.630000
1818	-53.805008	1.906000	17.590000
1819	-53.765008	1.908000	17.610000
1820	-53.745008	1.910000	17.670000
1821	-53.725008	1.912000	17.570000
1822	-53.695008	1.914000	17.730000
1823	-53.645008	1.914000	17.750000
1824	-53.635008	1.914000	17.550000
1825	-53.565008	1.916000	17.450000
1826	-53.525008	1.916000	17.720000
1827	-53.425008	1.918000	17.700000
1828	-53.375008	1.920000	17.670000
1829	-53.275008	1.920000	17.710000
1830	-53.115008	1.922000	17.590000
1831	-53.065008	1.922000	17.560000
1832	-52.685008	1.922000	17.720000
1833	-52.685008	1.924000	17.680000
1834	-52.605008	1.924000	17.770000
1835	-52.245008	1.926000	17.740000
1836	-52.205008	1.928000	17.770000
1837	-52.165008	1.929000	17.950000
1838	-52.055008	1.929000	17.660000
1839	-52.045008	1.929000	17.680000
1840	-51.875008	1.931000	17.690000
1841	-51.825008	1.931000	17.660000
1842	-51.645008	1.931000	17.880000
1843	-51.615008	1.933000	17.640000
1844	-51.535008	1.935000	17.810000
1845	-51.505008	1.935000	17.740000
1846	-51.495008	1.937000	17.760000
1847	-51.445008	1.937000	17.760000
1848	-51.415008	1.937000	17.830000
1849	-51.405008	1.939000	17.760000
1850	-51.405008	1.939000	17.800000
1851	-51.345008	1.941000	17.840000
1852	-51.335008	1.941000	17.780000
1853	-51.325008	1.943000	17.690000
1854	-51.225008	1.945000	17.840000
1855	-51.195008	1.945000	17.920000
1856	-51.115008	1.945000	17.710000
1857	-51.075008	1.947000	17.810000
1858	-50.945008	1.947000	17.740000
1859	-50.825008	1.949000	17.700000
1860	-50.665008	1.951000	17.860000
1861	-50.645008	1.951000	17.840000
1862	-50.635008	1.953000	17.700000
1863	-50.625008	1.953000	17.870000
1864	-50.385008	1.955000	17.850000
1865	-50.365008	1.955000	17.880000
1866	-50.255008	1.957000	17.900000
1867	-50.225008	1.959000	17.850000
1868	-50.205008	1.959000	17.890000
1869	-50.195008	1.961000	17.970000
1870	-50.125008	1.961000	17.850000
1871	-50.055008	1.963000	17.850000
1872	-50.025008	1.963000	17.920000
1873	-49.965008	1.965000	17.900000
1874	-49.965008	1.965000	17.910000
1875	-49.945008	1.965000	17.900000
1876	-49.805008	1.969000	17.890000
1877	-49.625008	1.969000	17.970000
1878	-49.495008	1.971000	17.940000
1879	-49.455008	1.971000	17.820000
1880	-49.405008	1.972000	18.010000
1881	-49.325008	1.972000	17.950000
1882	-49.025008	1.974000	18.180000
1883	-48.935008	1.976000	17.950000
1884	-48.795008	1.976000	18.070000
1885	-48.775008	1.976000	18.060000
1886	-48.395008	1.978000	17.990000
1887	-48.385008	1.978000	18.110000
1888	-48.255008	1.980000	18.130000
1889	-48.135008	1.980000	17.900000
1890	-48.135008	1.984000	17.960000
1891	-48.015008	1.984000	17.900000
1892	-47.985008	1.986000	18.010000
1893	-47.895008	1.986000	17.830000
1894	-47.675008	1.986000	17.990000
1895	-47.655008	1.988000	17.980000
1896	-47.655008	1.988000	17.980000
1897	-47.525008	1.992000	18.010000
1898	-47.455008	1.992000	17.950000
1899	-47.395008	1.994000	17.860000
1900	-47.335008	1.996000	18.000000
1901	-47.255008	1.998000	18.200000
1902	-47.245008	1.998000	18.010000
1903	-47.125008	1.998000	17.970000
1904	-47.055008	2.000000	18.000000
1905	-47.045008	2.002000	18.010000
1906	-47.035008	2.002000	18.040000
1907	-47.035008	2.002000	17.930000
1908	-47.015008	2.004000	18.130000
1909	-46.955008	2.006000	18.170000
1910	-46.895008	2.008000	18.120000
1911	-46.825008	2.008000	18.190000
1912	-46.715008	2.008000	18.090000
1913	-46.705008	2.008000	18.000000
1914	-46.615008	2.010000	18.150000
1915	-46.575008	2.010000	18.180000
1916	-46.405008	2.012000	18.110000
1917	-46.325008	2.012000	18.270000
1918	-46.225008	2.013000	17.910000
1919	-46.115008	2.015000	18.100000
1920	-46.085008	2.015000	18.180000
1921	-45.935008	2.017000	18.040000
1922	-45.745008	2.017000	18.160000
1923	-45.695008	2.017000	18.070000
1924	-45.695008	2.019000	18.040000
1925	-45.675008	2.021000	18.060000
1926	-45.625008	2.021000	18.030000
1927	-45.555008	2.023000	18.170000
1928	-45.545008	2.023000	18.490000
1929	-45.455008	2.023000	18.170000
1930	-45.355008	2.025000	18.140000
1931	-45.345008	2.027000	18.160000
1932	-45.335008	2.029000	18.170000
1933	-45.285008	2.029000	18.230000
1934	-45.245008	2.029000	18.170000
1935	-44.995008	2.031000	18.250000
1936	-44.685008	2.033000	18.220000
1937	-44.655008	2.033000	18.240000
1938	-44.305008	2.033000	18.250000
1939	-44.265008	2.035000	18.230000
1940	-44.145008	2.037000	18.350000
1941	-44.085008	2.039000	18.190000
1942	-44.025008	2.039000	18.140000
1943	-43.995008	2.039000	18.270000
1944	-43.985008	2.039000	18.290000
1945	-43.785008	2.041000	18.240000
1946	-43.685008	2.041000	18.400000
1947	-43.465008	2.043000	18.490000
1948	-43.355008	2.043000	18.280000
1949	-43.335008	2.045000	18.350000
1950	-43.325008	2.045000	18.430000
1951	-43.315008	2.047000	18.210000
1952	-43.265008	2.049000	18.300000
1953	-43.165008	2.049000	18.290000
1954	-43.145008	2.049000	18.430000
1955	-43.085008	2.051000	18.130000
1956	-42.895008	2.053000	18.410000
1957	-42.825008	2.053000	18.310000
1958	-42.655008	2.053000	18.270000
1959	-42.465008	2.054000	18.230000
1960	-42.395008	2.056000	18.250000
1961	-42.385008	2.056000	18.490000
1962	-41.955008	2.058000	18.370000
1963	-41.955008	2.060000	18.570000
1964	-41.915008	2.060000	18.530000
1965	-41.765008	2.060000	18.580000
1966	-41.695008	2.062000	18.410000
1967	-41.645008	2.064000	18.370000
1968	-41.635008	2.064000	18.370000
1969	-41.445008	2.064000	18.450000
1970	-41.345008	2.070000	18.460000
1971	-41.235008	2.068000	18.550000
1972	-41.085008	2.070000	18.460000
1973	-41.065008	2.070000	18.510000
1974	-41.055008	2.070000	18.480000
1975	-41.015008	2.072000	18.540000
1976	-40.985008	2.072000	18.470000
1977	-40.965008	2.074000	18.430000
1978	-40.945008	2.078000	18.590000
1979	-40.895008	2.078000	18.580000
1980	-40.875008	2.080000	18.520000
1981	-40.865008	2.080000	18.500000
1982	-40.825008	2.080000	18.430000
1983	-40.665008	2.082000	18.590000
1984	-40.625008	2.084000	18.510000
1985	-40.615008	2.084000	18.590000
1986	-40.515008	2.086000	18.620000
1987	-40.485008	2.086000	18.510000
1988	-40.385008	2.086000	18.600000
1989	-40.325008	2.088000	18.500000
1990	-40.245008	2.088000	18.500000
1991	-40.215008	2.090000	18.670000
1992	-40.025008	2.092000	18.660000
1993	-40.025008	2.092000	18.640000
1994	-39.875008	2.094000	18.530000
1995	-39.835008	2.094000	18.690000
1996	-39.825008	2.094000	18.510000
1997	-39.535008	2.095000	18.600000
1998	-39.515008	2.095000	18.820000
1999	-39.505008	2.097000	18.620000
2000	-39.485008	2.097000	18.660000
2001	-39.255008	2.099000	18.590000
2002	-39.245008	2.101000	18.810000
2003	-38.935008	2.101000	18.650000
2004	-38.845008	2.101000	18.700000
2005	-38.805008	2.103000	18.650000
2006	-38.795008	2.103000	18.700000
2007	-38.735008	2.105000	18.720000
2008	-38.675008	2.105000	18.540000
2009	-38.645008	2.107000	18.750000
2010	-38.495008	2.109000	18.660000
2011	-38.495008	2.109000	18.780000
2012	-38.475008	2.111000	18.760000
2013	-38.415008	2.111000	18.720000
2014	-38.365008	2.113000	18.690000
2015	-38.315008	2.115000	18.640000
2016	-38.245008	2.115000	18.780000
2017	-38.175008	2.117000	18.700000
2018	-38.075008	2.117000	18.670000
2019	-38.035008	2.117000	18.650000
2020	-37.995008	2.119000	18.740000
2021	-37.855008	2.119000	18.820000
2022	-37.775008	2.121000	18.690000
2023	-37.765008	2.121000	18.660000
2024	-37.455008	2.121000	18.680000
2025	-37.425008	2.125000	18.810000
2026	-37.425008	2.125000	18.650000
2027	-37.385008	2.127000	18.750000
2028	-37.255008	2.127000	18.770000
2029	-37.235008	2.127000	18.860000
2030	-37.165008	2.129000	18.750000
2031	-37.155008	2.131000	18.880000
2032	-36.955008	2.133000	18.530000
2033	-36.795008	2.133000	18.570000
2034	-36.795008	2.133000	18.650000
2035	-36.755008	2.133000	18.850000
2036	-36.725008	2.135000	18.810000
2037	-36.685008	2.135000	18.810000
2038	-36.655008	2.137000	18.840000
2039	-36.635008	2.138000	18.800000
2040	-36.515008	2.137000	18.770000
2041	-36.515008	2.140000	18.920000
2042	-36.205008	2.140000	18.620000
2043	-36.025008	2.142000	18.880000
2044	-35.915008	2.142000	18.790000
2045	-35.885008	2.144000	18.840000
2046	-35.855008	2.146000	18.760000
2047	-35.745008	2.146000	18.990000
2048	-35.735008	2.148000	18.860000
2049	-35.695008	2.148000	18.950000
2050	-35.555008	2.150000	18.720000
2051	-35.515008	2.150000	18.830000
2052	-35.505008	2.152000	18.890000
2053	-35.415008	2.154000	18.780000
2054	-35.355008	2.154000	18.900000
2055	-35.255008	2.156000	18.870000
2056	-35.215008	2.156000	18.960000
2057	-35.035008	2.156000	18.880000
2058	-34.975008	2.160000	18.970000
2059	-34.865008	2.160000	18.990000
2060	-34.845008	2.162000	18.990000
2061	-34.765008	2.164000	18.840000
2062	-34.745008	2.164000	18.860000
2063	-34.585008	2.164000	18.800000
2064	-34.495008	2.166000	18.900000
2065	-34.485008	2.166000	19.080000
2066	-34.475008	2.168000	19.010000
2067	-34.215008	2.170000	18.980000
2068	-34.135008	2.168000	18.900000
2069	-34.135008	2.170000	18.870000
2070	-34.005008	2.172000	18.950000
2071	-33.965008	2.174000	19.100000
2072	-33.915008	2.174000	18.960000
2073	-33.905008	2.174000	18.980000
2074	-33.905008	2.176000	18.930000
2075	-33.525008	2.178000	19.020000
2076	-33.165008	2.178000	18.950000
2077	-33.025008	2.179000	19.050000
2078	-32.975008	2.179000	18.930000
2079	-32.725008	2.179000	19.090000
2080	-32.595008	2.181000	19.110000
2081	-32.485008	2.183000	18.970000
2082	-32.325008	2.185000	18.970000
2083	-32.265008	2.185000	19.120000
2084	-32.255008	2.185000	18.960000
2085	-32.245008	2.187000	18.920000
2086	-32.235008	2.189000	18.970000
2087	-32.075008	2.189000	19.020000
2088	-32.025008	2.189000	19.100000
2089	-31.985008	2.191000	18.960000
2090	-31.945008	2.193000	19.090000
2091	-31.895008	2.193000	18.970000
2092	-31.895008	2.195000	19.050000
2093	-31.845008	2.195000	18.980000
2094	-31.835008	2.195000	19.240000
2095	-31.825008	2.197000	19.050000
2096	-31.755008	2.197000	19.390000
2097	-31.685008	2.199000	18.970000
2098	-31.645008	2.201000	19.130000
2099	-31.645008	2.201000	19.190000
2100	-31.595008	2.201000	19.000000
2101	-31.515008	2.203000	19.000000
2102	-31.415008	2.205000	19.100000
2103	-31.255008	2.205000	19.310000
2104	-31.085008	2.205000	19.250000
2105	-31.025008	2.207000	19.060000
2106	-30.885008	2.209000	19.260000
2107	-30.815008	2.209000	18.990000
2108	-30.805008	2.211000	19.280000
2109	-30.725008	2.211000	19.240000
2110	-30.605008	2.211000	19.200000
2111	-30.575008	2.213000	19.260000
2112	-30.545008	2.215000	19.060000
2113	-30.475008	2.217000	18.950000
2114	-30.445008	2.217000	19.070000
2115	-30.415008	2.217000	18.960000
2116	-30.365008	2.219000	19.230000
2117	-30.345008	2.221000	19.240000
2118	-30.195008	2.221000	19.300000
2119	-30.145008	2.221000	19.230000
2120	-30.135008	2.222000	19.160000
2121	-30.115008	2.224000	19.200000
2122	-30.005008	2.226000	19.080000
2123	-29.935008	2.226000	19.100000
2124	-29.855008	2.226000	19.150000
2125	-29.825008	2.226000	19.220000
2126	-29.785008	2.228000	19.340000
2127	-29.745008	2.228000	19.420000
2128	-29.665008	2.230000	19.210000
2129	-29.615008	2.232000	19.290000
2130	-29.515008	2.232000	19.430000
2131	-29.505008	2.234000	19.170000
2132	-29.475008	2.236000	19.340000
2133	-29.275008	2.236000	19.420000
2134	-29.205008	2.236000	19.390000
2135	-29.125008	2.238000	19.300000
2136	-29.105008	2.240000	19.300000
2137	-29.065008	2.240000	19.320000
2138	-28.975008	2.242000	19.350000
2139	-28.965008	2.244000	19.360000
2140	-28.895008	2.244000	19.410000
2141	-28.795008	2.246000	19.330000
2142	-28.785008	2.246000	19.490000
2143	-28.665008	2.248000	19.320000
2144	-28.585008	2.250000	19.320000
2145	-28.515008	2.250000	19.340000
2146	-28.445008	2.250000	19.340000
2147	-28.295008	2.252000	19.400000
2148	-28.205008	2.252000	19.400000
2149	-28.145008	2.254000	19.370000
2150	-28.045008	2.254000	19.340000
2151	-27.975008	2.256000	19.340000
2152	-27.245008	2.258000	19.400000
2153	-27.105008	2.258000	19.440000
2154	-26.935008	2.260000	19.470000
2155	-26.845008	2.260000	19.460000
2156	-26.835008	2.262000	19.600000
2157	-26.815008	2.263000	19.380000
2158	-26.675008	2.263000	19.560000
2159	-26.635008	2.265000	19.510000
2160	-26.615008	2.265000	19.460000
2161	-26.615008	2.267000	19.380000
2162	-26.545008	2.267000	19.470000
2163	-26.465008	2.269000	19.400000
2164	-26.435008	2.271000	19.500000
2165	-26.425008	2.271000	19.400000
2166	-26.315008	2.273000	19.470000
2167	-26.275008	2.273000	19.460000
2168	-26.265008	2.273000	19.470000
2169	-26.215008	2.275000	19.470000
2170	-25.995008	2.277000	19.440000
2171	-25.965008	2.277000	19.590000
2172	-25.855008	2.279000	19.420000
2173	-25.835008	2.281000	19.490000
2174	-25.795008	2.281000	19.450000
2175	-25.785008	2.281000	19.620000
2176	-25.695008	2.283000	19.490000
2177	-25.685008	2.283000	19.500000
2178	-25.605008	2.285000	19.410000
2179	-25.565008	2.287000	19.540000
2180	-25.525008	2.287000	19.500000
2181	-25.445008	2.289000	19.500000
2182	-25.395008	2.289000	19.520000
2183	-25.325008	2.289000	19.480000
2184	-25.045008	2.291000	19.560000
2185	-25.025008	2.291000	19.630000
2186	-24.785008	2.293000	19.660000
2187	-24.765008	2.295000	19.740000
2188	-24.715008	2.295000	19.470000
2189	-24.605008	2.297000	19.670000
2190	-24.495008	2.297000	19.540000
2191	-24.365008	2.299000	19.530000
2192	-24.185008	2.299000	19.670000
2193	-24.015008	2.301000	19.660000
2194	-23.895008	2.303000	19.640000
2195	-23.865008	2.303000	19.680000
2196	-23.785008	2.304000	19.660000
2197	-23.725008	2.304000	19.570000
2198	-23.665008	2.304000	19.780000
2199	-23.635008	2.306000	19.610000
2200	-23.595008	2.308000	19.650000
2201	-23.535008	2.308000	19.790000
2202	-23.465008	2.310000	19.710000
2203	-23.405008	2.310000	19.670000
2204	-23.385008	2.312000	19.570000
2205	-23.365008	2.312000	19.890000
2206	-23.355008	2.312000	19.720000
2207	-23.285008	2.314000	19.650000
2208	-23.005008	2.314000	19.610000
2209	-22.955008	2.316000	19.720000
2210	-22.855008	2.318000	19.630000
2211	-22.825008	2.320000	19.910000
2212	-22.685008	2.320000	19.730000
2213	-22.665008	2.320000	19.810000
2214	-22.485008	2.322000	19.700000
2215	-22.345008	2.326000	19.780000
2216	-22.275008	2.326000	19.990000
2217	-22.275008	2.326000	19.710000
2218	-22.125008	2.328000	19.790000
2219	-22.115008	2.330000	19.880000
2220	-22.115008	2.330000	19.720000
2221	-22.095008	2.330000	19.760000
2222	-22.075008	2.332000	19.870000
2223	-22.055008	2.334000	19.730000
2224	-22.015008	2.334000	19.760000
2225	-21.965008	2.336000	19.990000
2226	-21.885008	2.336000	19.820000
2227	-21.735008	2.336000	19.820000
2228	-21.655008	2.338000	19.860000
2229	-21.355008	2.338000	19.820000
2230	-21.355008	2.342000	19.960000
2231	-21.245008	2.340000	19.720000
2232	-21.125008	2.342000	19.990000
2233	-20.975008	2.344000	20.020000
2234	-20.735008	2.345000	19.810000
2235	-20.705008	2.345000	19.960000
2236	-20.665008	2.345000	19.890000
2237	-20.575008	2.347000	20.150000
2238	-20.475008	2.349000	19.970000
2239	-20.405008	2.349000	20.030000
2240	-20.295008	2.351000	19.940000
2241	-20.245008	2.351000	19.960000
2242	-20.235008	2.353000	19.990000
2243	-20.225008	2.353000	19.960000
2244	-20.215008	2.355000	19.990000
2245	-20.215008	2.357000	20.080000
2246	-20.205008	2.357000	20.020000
2247	-20.135008	2.357000	19.980000
2248	-19.945008	2.359000	20.020000
2249	-19.895008	2.361000	20.040000
2250	-19.795008	2.361000	20.000000
2251	-19.795008	2.361000	20.020000
2252	-19.765008	2.363000	20.050000
2253	-19.765008	2.365000	20.020000
2254	-19.735008	2.365000	20.050000
2255	-19.735008	2.367000	20.050000
2256	-19.665008	2.367000	19.950000
2257	-19.605008	2.367000	20.020000
2258	-19.455008	2.369000	20.000000
2259	-19.325008	2.369000	20.010000
2260	-19.285008	2.371000	20.060000
2261	-18.785008	2.373000	20.170000
2262	-18.785008	2.373000	20.090000
2263	-18.605008	2.375000	20.100000
2264	-18.565008	2.377000	19.960000
2265	-18.455008	2.377000	20.240000
2266	-18.445008	2.377000	20.120000
2267	-18.415008	2.379000	20.030000
2268	-18.155008	2.381000	20.080000
2269	-18.125008	2.383000	20.110000
2270	-18.115008	2.383000	20.020000
2271	-17.955008	2.383000	20.140000
2272	-17.855008	2.385000	19.940000
2273	-17.805008	2.385000	20.260000
2274	-17.805008	2.387000	20.090000
2275	-17.685008	2.388000	20.120000
2276	-17.625008	2.388000	20.080000
2277	-17.615008	2.388000	20.230000
2278	-17.485008	2.390000	20.220000
2279	-17.475008	2.392000	20.110000
2280	-17.395008	2.392000	20.100000
2281	-17.305008	2.392000	20.150000
2282	-17.145008	2.394000	20.150000
2283	-17.075008	2.396000	20.250000
2284	-17.035008	2.396000	20.180000
2285	-16.935008	2.398000	20.210000
2286	-16.875008	2.398000	20.240000
2287	-16.855008	2.398000	20.140000
2288	-16.815008	2.400000	20.070000
2289	-16.815008	2.402000	20.260000
2290	-16.655008	2.402000	20.420000
2291	-16.455008	2.404000	20.290000
2292	-16.435008	2.404000	20.290000
2293	-16.355008	2.406000	20.300000
2294	-16.305008	2.408000	20.330000
2295	-16.125008	2.410000	20.320000
2296	-16.105008	2.412000	20.440000
2297	-16.095008	2.412000	20.330000
2298	-16.075008	2.412000	20.270000
2299	-16.065008	2.414000	20.220000
2300	-16.025008	2.416000	20.250000
2301	-16.005008	2.416000	20.360000
2302	-15.945008	2.418000	20.310000
2303	-15.815008	2.420000	20.370000
2304	-15.795008	2.420000	20.450000
2305	-15.775008	2.422000	20.380000
2306	-15.695008	2.422000	20.400000
2307	-15.655008	2.422000	20.370000
2308	-15.645008	2.426000	20.250000
2309	-15.615008	2.426000	20.310000
2310	-15.575008	2.428000	20.340000
2311	-15.565008	2.428000	20.300000
2312	-15.545008	2.429000	20.350000
2313	-15.365008	2.429000	20.390000
2314	-15.165008	2.429000	20.380000
2315	-15.015008	2.431000	20.350000
2316	-15.015008	2.431000	20.360000
2317	-14.945008	2.433000	20.410000
2318	-14.675008	2.433000	20.710000
2319	-14.395008	2.437000	20.270000
2320	-14.295008	2.437000	20.670000
2321	-14.225008	2.437000	20.520000
2322	-13.995008	2.439000	20.570000
2323	-13.985008	2.439000	20.550000
2324	-13.875008	2.441000	20.520000
2325	-13.685008	2.443000	20.490000
2326	-13.645008	2.443000	20.650000
2327	-13.635008	2.445000	20.510000
2328	-13.605008	2.445000	20.490000
2329	-13.575008	2.445000	20.600000
2330	-13.485008	2.447000	20.230000
2331	-13.415008	2.447000	20.490000
2332	-13.385008	2.449000	20.560000
2333	-13.355008	2.451000	20.380000
2334	-13.205008	2.451000	20.550000
2335	-13.095008	2.453000	20.700000
2336	-13.095008	2.453000	20.480000
2337	-12.885008	2.455000	20.380000
2338	-12.605008	2.455000	20.460000
2339	-12.425008	2.457000	20.670000
2340	-12.315008	2.459000	20.600000
2341	-12.195008	2.459000	20.510000
2342	-12.115008	2.461000	20.490000
2343	-11.985008	2.461000	20.530000
2344	-11.835008	2.461000	20.630000
2345	-11.725008	2.463000	20.450000
2346	-11.725008	2.463000	20.640000
2347	-11.665008	2.465000	20.660000
2348	-11.355008	2.467000	20.590000
2349	-11.345008	2.465000	20.600000
2350	-11.285008	2.469000	20.580000
2351	-11.255008	2.469000	20.570000
2352	-11.215008	2.469000	20.450000
2353	-11.195008	2.471000	20.460000
2354	-11.195008	2.471000	20.560000
2355	-11.105008	2.472000	20.500000
2356	-11.045008	2.474000	20.490000
2357	-11.015008	2.474000	20.520000
2358	-10.965008	2.474000	20.660000
2359	-10.935008	2.476000	20.660000
2360	-10.905008	2.476000	20.730000
2361	-10.845008	2.478000	20.710000
2362	-10.835008	2.478000	20.580000
2363	-10.795008	2.480000	20.600000
2364	-10.795008	2.482000	20.640000
2365	-10.775008	2.482000	20.610000
2366	-10.725008	2.484000	20.540000
2367	-10.695008	2.484000	20.710000
2368	-10.555008	2.486000	20.610000
2369	-10.495008	2.486000	20.740000
2370	-10.455008	2.488000	20.610000
2371	-10.165008	2.490000	20.620000
2372	-10.045008	2.490000	20.670000
2373	-9.895008	2.492000	20.780000
2374	-9.875008	2.494000	20.700000
2375	-9.805008	2.494000	20.810000
2376	-9.725008	2.496000	20.630000
2377	-9.665008	2.498000	20.640000
2378	-9.615008	2.498000	20.790000
2379	-9.575008	2.500000	20.650000
2380	-9.485008	2.500000	20.570000
2381	-9.455008	2.502000	20.810000
2382	-9.355008	2.502000	20.860000
2383	-9.255008	2.502000	20.730000
2384	-9.125008	2.504000	20.830000
2385	-9.125008	2.506000	20.740000
2386	-9.055008	2.506000	20.760000
2387	-8.855008	2.508000	20.720000
2388	-8.625008	2.510000	20.810000
2389	-8.535008	2.510000	20.790000
2390	-8.445008	2.510000	20.870000
2391	-8.445008	2.512000	20.850000
2392	-8.335008	2.513000	20.980000
2393	-8.245008	2.513000	20.880000
2394	-8.225008	2.513000	20.890000
2395	-8.125008	2.515000	20.820000
2396	-7.695008	2.517000	20.840000
2397	-7.645008	2.517000	20.810000
2398	-7.485008	2.519000	20.910000
2399	-7.435008	2.521000	20.880000
2400	-7.425008	2.521000	20.870000
2401	-7.355008	2.523000	20.960000
2402	-7.325008	2.523000	20.790000
2403	-7.315008	2.523000	20.740000
2404	-7.245008	2.525000	20.880000
2405	-7.225008	2.525000	20.690000
2406	-7.135008	2.527000	20.780000
2407	-7.135008	2.529000	20.690000
2408	-7.075008	2.531000	20.770000
2409	-6.935008	2.531000	20.850000
2410	-6.895008	2.533000	21.000000
2411	-6.865008	2.533000	21.040000
2412	-6.835008	2.533000	20.970000
2413	-6.745008	2.535000	20.890000
2414	-6.725008	2.537000	21.090000
2415	-6.535008	2.537000	20.920000
2416	-6.475008	2.537000	20.820000
2417	-6.455008	2.539000	20.940000
2418	-6.415008	2.541000	20.930000
2419	-6.395008	2.541000	21.050000
2420	-6.355008	2.541000	20.870000
2421	-6.355008	2.543000	20.860000
2422	-6.325008	2.545000	20.960000
2423	-6.265008	2.545000	20.910000
2424	-6.255008	2.545000	20.910000
2425	-6.245008	2.547000	20.820000
2426	-6.245008	2.549000	20.930000
2427	-6.195008	2.549000	20.990000
2428	-6.165008	2.551000	20.860000
2429	-6.095008	2.553000	20.960000
2430	-5.975008	2.554000	20.930000
2431	-5.925008	2.554000	20.900000
2432	-5.895008	2.554000	21.050000
2433	-5.825008	2.554000	20.870000
2434	-5.715008	2.556000	20.940000
2435	-5.685008	2.556000	21.030000
2436	-5.655008	2.558000	20.930000
2437	-5.535008	2.558000	20.880000
2438	-5.415008	2.560000	20.820000
2439	-4.875008	2.562000	20.970000
2440	-4.735008	2.564000	21.060000
2441	-4.625008	2.564000	21.150000
2442	-4.585008	2.564000	21.210000
2443	-4.345008	2.566000	21.000000
2444	-4.255008	2.570000	21.130000
2445	-4.205008	2.570000	21.110000
2446	-4.055008	2.568000	21.090000
2447	-3.995008	2.570000	21.110000
2448	-3.965008	2.570000	21.080000
2449	-3.875008	2.572000	21.180000
2450	-3.785008	2.572000	21.220000
2451	-3.755008	2.576000	21.240000
2452	-3.525008	2.578000	21.170000
2453	-3.495008	2.578000	21.090000
2454	-3.485008	2.578000	21.340000
2455	-3.405008	2.580000	21.280000
2456	-3.375008	2.580000	21.080000
2457	-3.345008	2.582000	21.110000
2458	-3.345008	2.582000	21.280000
2459	-3.285008	2.584000	21.160000
2460	-3.135008	2.586000	21.210000
2461	-3.045008	2.586000	21.190000
2462	-3.015008	2.586000	21.190000
2463	-3.015008	2.588000	21.380000
2464	-2.965008	2.588000	21.310000
2465	-2.935008	2.590000	21.140000
2466	-2.905008	2.590000	21.170000
2467	-2.905008	2.592000	21.170000
2468	-2.875008	2.594000	21.270000
2469	-2.785008	2.594000	21.230000
2470	-2.575008	2.594000	21.130000
2471	-2.545008	2.595000	21.230000
2472	-2.455008	2.595000	21.060000
2473	-2.395008	2.597000	21.220000
2474	-2.395008	2.599000	21.360000
2475	-2.365008	2.599000	21.340000
2476	-2.335008	2.601000	21.400000
2477	-2.165008	2.601000	21.230000
2478	-2.045008	2.603000	21.480000
2479	-1.945008	2.603000	21.350000
2480	-1.555008	2.605000	21.330000
2481	-1.455008	2.607000	21.370000
2482	-1.185008	2.607000	21.370000
2483	-1.015008	2.609000	21.430000
2484	-0.845008	2.609000	21.370000
2485	-0.805008	2.609000	21.290000
2486	-0.685008	2.611000	21.290000
2487	-0.615008	2.611000	21.300000
2488	-0.535008	2.613000	21.390000
2489	-0.495008	2.615000	21.450000
2490	-0.415008	2.615000	21.330000
2491	-0.205008	2.617000	21.480000
2492	-0.125008	2.617000	21.380000
2493	0.064992	2.617000	21.410000
2494	0.104992	2.619000	21.400000
2495	0.154992	2.619000	21.470000
