1	-190.600565	0.000000	10.140000
2	-190.130565	0.002000	9.700000
3	-190.040565	0.004000	9.510000
4	-190.000565	0.004000	9.620000
5	-189.840565	0.004000	9.520000
6	-189.830565	0.006000	9.550000
7	-189.800565	0.008000	9.510000
8	-189.740565	0.008000	9.480000
9	-189.720565	0.008000	9.360000
10	-189.420565	0.010000	9.370000
11	-189.400565	0.012000	9.630000
12	-189.370565	0.012000	9.500000
13	-189.220565	0.012000	9.510000
14	-189.170565	0.014000	9.630000
15	-189.140565	0.014000	9.810000
16	-189.040565	0.016000	9.630000
17	-189.040565	0.016000	9.730000
18	-188.970565	0.018000	9.710000
19	-188.920565	0.020000	9.550000
20	-188.650565	0.020000	9.620000
21	-188.470565	0.020000	9.620000
22	-188.440565	0.022000	9.640000
23	-188.290565	0.024000	9.810000
24	-188.240565	0.024000	9.580000
25	-188.190565	0.026000	9.660000
26	-188.160565	0.028000	9.640000
27	-188.130565	0.028000	9.540000
28	-188.030565	0.029000	9.680000
29	-188.000565	0.029000	9.770000
30	-187.930565	0.031000	9.640000
31	-187.750565	0.031000	9.530000
32	-187.680565	0.031000	9.550000
33	-187.620565	0.033000	9.810000
34	-187.590565	0.035000	9.600000
35	-187.530565	0.035000	9.690000
36	-187.500565	0.035000	9.990000
37	-187.420565	0.037000	9.760000
38	-187.350565	0.039000	9.690000
39	-187.330565	0.039000	9.920000
40	-187.320565	0.041000	9.750000
41	-187.240565	0.041000	9.650000
42	-187.050565	0.043000	9.430000
43	-186.990565	0.043000	9.680000
44	-186.970565	0.045000	9.880000
45	-186.820565	0.045000	9.600000
46	-186.770565	0.045000	9.980000
47	-186.700565	0.047000	9.660000
48	-186.700565	0.047000	9.600000
49	-186.670565	0.051000	9.890000
50	-186.600565	0.053000	9.680000
51	-186.540565	0.053000	10.110000
52	-186.410565	0.053000	9.690000
53	-186.290565	0.055000	9.740000
54	-186.250565	0.055000	9.770000
55	-186.150565	0.057000	9.500000
56	-186.110565	0.059000	9.490000
57	-186.110565	0.059000	9.980000
58	-186.100565	0.061000	10.100000
59	-186.080565	0.061000	9.500000
60	-186.080565	0.061000	9.760000
61	-186.060565	0.063000	9.750000
62	-186.050565	0.063000	9.570000
63	-185.950565	0.065000	9.780000
64	-185.910565	0.067000	9.650000
65	-185.860565	0.069000	9.740000
66	-185.680565	0.069000	9.880000
67	-185.590565	0.069000	9.680000
68	-185.590565	0.070000	9.850000
69	-185.530565	0.070000	9.840000
70	-185.450565	0.072000	9.780000
71	-185.440565	0.074000	9.810000
72	-185.340565	0.074000	9.670000
73	-185.260565	0.074000	10.230000
74	-185.220565	0.076000	9.850000
75	-184.830565	0.076000	9.870000
76	-184.640565	0.078000	9.870000
77	-184.610565	0.078000	9.890000
78	-184.540565	0.080000	9.900000
79	-184.540565	0.080000	10.030000
80	-184.430565	0.080000	9.920000
81	-184.410565	0.084000	9.700000
82	-184.360565	0.084000	9.950000
83	-184.350565	0.084000	9.760000
84	-184.230565	0.086000	9.860000
85	-184.220565	0.086000	9.880000
86	-184.190565	0.088000	9.890000
87	-184.170565	0.088000	10.250000
88	-184.020565	0.092000	9.850000
89	-183.920565	0.092000	9.880000
90	-183.870565	0.092000	9.820000
91	-183.860565	0.092000	9.910000
92	-183.700565	0.094000	9.970000
93	-183.540565	0.094000	10.020000
94	-183.520565	0.096000	9.890000
95	-183.440565	0.098000	9.920000
96	-183.190565	0.100000	9.900000
97	-183.180565	0.100000	9.910000
98	-183.170565	0.100000	9.810000
99	-183.080565	0.102000	10.100000
100	-183.040565	0.102000	9.820000
101	-183.020565	0.104000	9.930000
102	-183.000565	0.106000	9.830000
103	-182.950565	0.108000	9.870000
104	-182.870565	0.108000	9.940000
105	-182.800565	0.108000	9.990000
106	-182.740565	0.110000	9.870000
107	-182.740565	0.110000	10.040000
108	-182.710565	0.112000	10.140000
109	-182.680565	0.113000	9.970000
110	-182.530565	0.113000	9.980000
111	-182.510565	0.115000	10.220000
112	-182.470565	0.115000	10.010000
113	-182.220565	0.117000	9.900000
114	-182.210565	0.117000	9.870000
115	-182.070565	0.117000	9.880000
116	-182.050565	0.119000	9.920000
117	-181.990565	0.121000	9.920000
118	-181.960565	0.121000	10.150000
119	-181.680565	0.123000	9.900000
120	-181.620565	0.123000	9.850000
121	-181.550565	0.123000	10.010000
122	-181.550565	0.125000	10.020000
123	-181.550565	0.125000	10.510000
124	-181.390565	0.129000	9.970000
125	-181.220565	0.127000	9.970000
126	-181.180565	0.131000	10.160000
127	-181.120565	0.131000	10.020000
128	-181.110565	0.131000	10.010000
129	-181.090565	0.135000	10.040000
130	-180.870565	0.137000	10.280000
131	-180.690565	0.137000	10.120000
132	-180.630565	0.139000	10.290000
133	-180.560565	0.139000	10.120000
134	-180.400565	0.141000	10.200000
135	-180.400565	0.141000	10.380000
136	-180.380565	0.141000	10.150000
137	-180.290565	0.143000	10.200000
138	-180.280565	0.145000	10.120000
139	-180.250565	0.145000	10.060000
140	-180.160565	0.145000	10.130000
141	-180.110565	0.147000	9.990000
142	-180.090565	0.149000	10.140000
143	-180.090565	0.149000	10.240000
144	-180.020565	0.151000	10.120000
145	-179.990565	0.153000	10.370000
146	-179.890565	0.153000	10.140000
147	-179.840565	0.154000	10.050000
148	-179.790565	0.154000	10.190000
149	-179.750565	0.154000	10.090000
150	-179.750565	0.156000	10.090000
151	-179.720565	0.158000	10.120000
152	-179.720565	0.158000	10.120000
153	-179.690565	0.158000	10.280000
154	-179.540565	0.160000	9.940000
155	-179.520565	0.162000	10.180000
156	-179.500565	0.162000	10.080000
157	-179.330565	0.164000	10.050000
158	-179.330565	0.164000	10.130000
159	-179.280565	0.164000	10.090000
160	-179.250565	0.166000	10.240000
161	-179.110565	0.168000	10.050000
162	-179.040565	0.168000	10.250000
163	-179.040565	0.170000	10.110000
164	-179.020565	0.170000	10.200000
165	-178.840565	0.172000	10.210000
166	-178.670565	0.172000	10.110000
167	-178.290565	0.174000	10.110000
168	-178.280565	0.176000	10.220000
169	-178.130565	0.176000	10.140000
170	-178.130565	0.176000	10.350000
171	-177.840565	0.178000	10.380000
172	-177.820565	0.180000	10.450000
173	-177.730565	0.180000	10.200000
174	-177.550565	0.182000	10.070000
175	-177.550565	0.182000	10.190000
176	-177.550565	0.184000	10.280000
177	-177.540565	0.184000	10.230000
178	-177.530565	0.186000	10.330000
179	-177.450565	0.186000	10.420000
180	-177.380565	0.186000	10.440000
181	-177.360565	0.188000	10.120000
182	-177.330565	0.188000	10.280000
183	-177.240565	0.190000	10.190000
184	-177.230565	0.192000	10.410000
185	-177.220565	0.192000	10.250000
186	-177.210565	0.194000	10.580000
187	-177.140565	0.196000	10.380000
188	-177.070565	0.196000	10.060000
189	-176.910565	0.196000	10.560000
190	-176.820565	0.197000	10.410000
191	-176.540565	0.199000	10.330000
192	-176.490565	0.199000	10.580000
193	-176.490565	0.199000	10.400000
194	-176.490565	0.201000	10.280000
195	-176.300565	0.201000	10.300000
196	-176.190565	0.203000	10.600000
197	-176.060565	0.203000	10.330000
198	-175.990565	0.205000	10.280000
199	-175.990565	0.205000	10.330000
200	-175.920565	0.205000	10.510000
201	-175.800565	0.209000	10.610000
202	-175.730565	0.209000	10.870000
203	-175.580565	0.211000	10.810000
204	-175.310565	0.211000	10.350000
205	-175.140565	0.213000	10.330000
206	-175.120565	0.213000	10.520000
207	-175.110565	0.215000	10.380000
208	-175.070565	0.215000	10.480000
209	-175.050565	0.217000	10.500000
210	-175.020565	0.219000	10.340000
211	-174.980565	0.219000	10.650000
212	-174.980565	0.221000	10.380000
213	-174.970565	0.223000	10.400000
214	-174.810565	0.223000	10.510000
215	-174.730565	0.223000	10.410000
216	-174.730565	0.225000	10.540000
217	-174.680565	0.225000	10.420000
218	-174.630565	0.227000	10.400000
219	-174.510565	0.227000	10.430000
220	-174.400565	0.229000	11.120000
221	-174.390565	0.231000	10.510000
222	-174.310565	0.231000	10.370000
223	-174.300565	0.233000	10.580000
224	-174.280565	0.233000	10.630000
225	-174.190565	0.235000	10.250000
226	-174.150565	0.235000	10.400000
227	-174.100565	0.235000	10.410000
228	-174.070565	0.237000	10.530000
229	-174.050565	0.238000	10.400000
230	-174.050565	0.238000	10.490000
231	-174.040565	0.240000	10.670000
232	-173.820565	0.240000	10.450000
233	-173.820565	0.240000	10.520000
234	-173.750565	0.242000	10.530000
235	-173.680565	0.242000	10.420000
236	-173.570565	0.244000	10.380000
237	-173.270565	0.246000	10.530000
238	-173.200565	0.246000	10.390000
239	-173.080565	0.248000	10.600000
240	-173.000565	0.248000	10.680000
241	-172.990565	0.248000	10.530000
242	-172.920565	0.250000	10.690000
243	-172.620565	0.252000	10.690000
244	-172.570565	0.252000	10.410000
245	-172.380565	0.252000	10.650000
246	-172.280565	0.254000	10.930000
247	-172.150565	0.256000	10.530000
248	-172.130565	0.256000	10.520000
249	-172.090565	0.256000	10.650000
250	-172.070565	0.258000	10.840000
251	-172.050565	0.258000	10.510000
252	-172.030565	0.260000	10.520000
253	-172.000565	0.262000	10.580000
254	-171.980565	0.264000	10.520000
255	-171.960565	0.262000	10.730000
256	-171.570565	0.266000	10.530000
257	-171.530565	0.266000	10.650000
258	-171.300565	0.266000	10.440000
259	-171.300565	0.268000	10.600000
260	-171.120565	0.270000	10.690000
261	-170.930565	0.270000	10.670000
262	-170.860565	0.272000	10.530000
263	-170.820565	0.272000	10.670000
264	-170.800565	0.272000	10.600000
265	-170.800565	0.274000	10.500000
266	-170.790565	0.274000	10.650000
267	-170.670565	0.276000	10.760000
268	-170.640565	0.278000	10.900000
269	-170.620565	0.278000	10.720000
270	-170.550565	0.279000	10.800000
271	-170.500565	0.279000	10.570000
272	-170.480565	0.279000	10.550000
273	-170.430565	0.281000	10.630000
274	-170.280565	0.281000	10.920000
275	-170.280565	0.283000	10.800000
276	-170.270565	0.285000	10.600000
277	-170.180565	0.287000	10.650000
278	-170.150565	0.287000	10.600000
279	-170.100565	0.287000	10.630000
280	-170.040565	0.289000	10.900000
281	-169.920565	0.289000	10.740000
282	-169.880565	0.291000	10.540000
283	-169.720565	0.291000	10.740000
284	-169.680565	0.295000	10.860000
285	-169.680565	0.293000	10.900000
286	-169.640565	0.295000	10.740000
287	-169.620565	0.295000	10.790000
288	-169.560565	0.297000	10.810000
289	-169.560565	0.301000	10.740000
290	-169.540565	0.301000	10.620000
291	-169.420565	0.301000	10.760000
292	-169.190565	0.303000	10.720000
293	-169.170565	0.305000	10.970000
294	-169.150565	0.305000	10.650000
295	-169.150565	0.305000	10.860000
296	-169.120565	0.309000	10.630000
297	-168.820565	0.309000	11.400000
298	-168.670565	0.311000	10.880000
299	-168.610565	0.311000	10.800000
300	-168.590565	0.311000	11.060000
301	-168.530565	0.313000	11.230000
302	-168.530565	0.313000	10.950000
303	-168.520565	0.315000	11.100000
304	-168.350565	0.317000	10.960000
305	-168.330565	0.317000	10.720000
306	-168.290565	0.317000	10.940000
307	-168.140565	0.319000	10.780000
308	-168.080565	0.320000	10.720000
309	-168.010565	0.320000	10.930000
310	-167.930565	0.320000	10.840000
311	-167.880565	0.322000	10.950000
312	-167.790565	0.324000	10.700000
313	-167.710565	0.326000	10.990000
314	-167.640565	0.326000	10.910000
315	-167.500565	0.326000	10.690000
316	-167.470565	0.328000	10.750000
317	-167.100565	0.328000	10.820000
318	-167.050565	0.328000	10.820000
319	-166.970565	0.330000	10.950000
320	-166.860565	0.332000	11.020000
321	-166.780565	0.332000	11.030000
322	-166.700565	0.332000	10.870000
323	-166.670565	0.334000	10.990000
324	-166.420565	0.336000	10.880000
325	-166.330565	0.336000	11.000000
326	-166.320565	0.336000	10.880000
327	-166.260565	0.338000	10.900000
328	-166.180565	0.340000	11.050000
329	-166.170565	0.340000	11.050000
330	-166.050565	0.342000	10.970000
331	-166.050565	0.342000	10.740000
332	-165.970565	0.344000	11.060000
333	-165.830565	0.344000	10.970000
334	-165.810565	0.346000	11.090000
335	-165.800565	0.346000	11.030000
336	-165.780565	0.348000	10.920000
337	-165.640565	0.348000	11.030000
338	-165.470565	0.348000	11.290000
339	-165.400565	0.350000	11.080000
340	-165.340565	0.352000	10.900000
341	-165.290565	0.352000	10.920000
342	-165.290565	0.352000	11.230000
343	-165.250565	0.354000	11.190000
344	-165.240565	0.356000	11.530000
345	-165.200565	0.356000	11.220000
346	-165.170565	0.358000	10.890000
347	-164.920565	0.358000	10.960000
348	-164.770565	0.360000	10.910000
349	-164.760565	0.360000	10.990000
350	-164.720565	0.360000	10.970000
351	-164.670565	0.362000	11.310000
352	-164.650565	0.363000	11.220000
353	-164.600565	0.363000	11.080000
354	-164.560565	0.363000	11.160000
355	-164.510565	0.365000	11.080000
356	-164.510565	0.367000	11.030000
357	-164.430565	0.367000	11.100000
358	-164.400565	0.367000	11.190000
359	-164.370565	0.369000	11.230000
360	-164.310565	0.371000	11.250000
361	-164.280565	0.371000	11.170000
362	-164.160565	0.373000	11.230000
363	-164.010565	0.373000	11.200000
364	-163.870565	0.373000	11.280000
365	-163.860565	0.375000	11.470000
366	-163.840565	0.375000	11.190000
367	-163.800565	0.377000	11.310000
368	-163.680565	0.379000	11.330000
369	-163.610565	0.379000	11.200000
370	-163.520565	0.381000	11.210000
371	-163.510565	0.383000	11.180000
372	-163.100565	0.385000	11.070000
373	-163.050565	0.387000	11.010000
374	-162.990565	0.387000	11.050000
375	-162.990565	0.389000	11.070000
376	-162.970565	0.389000	11.330000
377	-162.900565	0.391000	11.020000
378	-162.860565	0.391000	11.060000
379	-162.830565	0.391000	11.070000
380	-162.790565	0.393000	11.140000
381	-162.770565	0.395000	11.170000
382	-162.730565	0.395000	11.190000
383	-162.690565	0.397000	11.370000
384	-162.650565	0.397000	11.220000
385	-162.490565	0.397000	11.090000
386	-162.420565	0.399000	11.440000
387	-162.330565	0.399000	11.170000
388	-162.230565	0.403000	11.300000
389	-161.920565	0.403000	11.380000
390	-161.880565	0.404000	11.340000
391	-161.860565	0.404000	11.220000
392	-161.850565	0.404000	11.370000
393	-161.610565	0.406000	11.190000
394	-161.610565	0.406000	11.260000
395	-161.550565	0.408000	11.230000
396	-161.290565	0.410000	11.190000
397	-161.270565	0.410000	11.330000
398	-161.080565	0.410000	11.290000
399	-161.050565	0.412000	11.390000
400	-160.900565	0.412000	11.330000
401	-160.890565	0.414000	11.350000
402	-160.870565	0.414000	11.440000
403	-160.870565	0.416000	11.390000
404	-160.810565	0.416000	11.450000
405	-160.790565	0.420000	11.180000
406	-160.700565	0.420000	11.160000
407	-160.630565	0.420000	11.250000
408	-160.600565	0.422000	11.190000
409	-160.430565	0.422000	11.310000
410	-160.260565	0.424000	11.400000
411	-160.250565	0.426000	11.540000
412	-160.170565	0.426000	11.340000
413	-160.150565	0.428000	11.570000
414	-160.090565	0.428000	11.620000
415	-160.090565	0.430000	11.520000
416	-160.060565	0.430000	11.310000
417	-160.010565	0.430000	11.480000
418	-159.930565	0.432000	11.370000
419	-159.930565	0.434000	11.410000
420	-159.900565	0.434000	11.500000
421	-159.700565	0.436000	11.300000
422	-159.650565	0.436000	11.260000
423	-159.580565	0.436000	11.320000
424	-159.520565	0.438000	11.580000
425	-159.370565	0.438000	11.390000
426	-159.190565	0.440000	11.460000
427	-159.170565	0.440000	11.270000
428	-158.840565	0.442000	11.410000
429	-158.830565	0.444000	11.400000
430	-158.680565	0.444000	11.490000
431	-158.650565	0.446000	11.410000
432	-158.460565	0.446000	11.620000
433	-158.410565	0.447000	11.390000
434	-158.270565	0.449000	11.390000
435	-158.220565	0.449000	11.460000
436	-158.200565	0.451000	11.410000
437	-158.140565	0.451000	11.470000
438	-157.990565	0.453000	12.020000
439	-157.900565	0.453000	11.340000
440	-157.880565	0.453000	11.600000
441	-157.870565	0.455000	11.430000
442	-157.860565	0.455000	11.440000
443	-157.830565	0.455000	11.520000
444	-157.800565	0.459000	11.610000
445	-157.790565	0.459000	11.790000
446	-157.780565	0.461000	11.620000
447	-157.630565	0.461000	11.450000
448	-157.620565	0.463000	11.370000
449	-157.600565	0.465000	11.600000
450	-157.460565	0.465000	11.480000
451	-157.450565	0.467000	11.400000
452	-157.440565	0.469000	11.470000
453	-157.400565	0.469000	11.530000
454	-157.400565	0.471000	11.590000
455	-157.350565	0.473000	11.480000
456	-157.350565	0.473000	11.960000
457	-157.200565	0.473000	11.490000
458	-157.190565	0.475000	11.570000
459	-157.130565	0.477000	11.460000
460	-157.090565	0.477000	11.480000
461	-156.900565	0.477000	11.660000
462	-156.880565	0.479000	11.570000
463	-156.720565	0.481000	11.500000
464	-156.690565	0.481000	11.500000
465	-156.670565	0.483000	11.620000
466	-156.660565	0.483000	11.690000
467	-156.650565	0.483000	11.590000
468	-156.640565	0.485000	11.530000
469	-156.630565	0.487000	11.380000
470	-156.610565	0.488000	11.450000
471	-156.520565	0.488000	11.600000
472	-156.400565	0.488000	11.750000
473	-156.200565	0.490000	11.760000
474	-156.150565	0.492000	11.580000
475	-156.080565	0.492000	11.580000
476	-155.780565	0.492000	11.510000
477	-155.770565	0.494000	11.570000
478	-155.750565	0.496000	11.600000
479	-155.680565	0.496000	11.600000
480	-155.590565	0.498000	11.590000
481	-155.490565	0.498000	11.680000
482	-155.450565	0.498000	11.450000
483	-155.310565	0.500000	11.660000
484	-155.190565	0.500000	11.460000
485	-154.680565	0.502000	11.630000
486	-154.620565	0.504000	11.660000
487	-154.590565	0.502000	11.640000
488	-154.550565	0.504000	11.560000
489	-154.440565	0.508000	11.700000
490	-154.410565	0.508000	11.720000
491	-154.270565	0.508000	11.730000
492	-154.250565	0.510000	11.560000
493	-154.180565	0.512000	11.750000
494	-154.160565	0.512000	11.640000
495	-154.160565	0.514000	11.870000
496	-154.130565	0.514000	11.760000
497	-153.990565	0.516000	11.750000
498	-153.720565	0.516000	11.770000
499	-153.690565	0.516000	11.420000
500	-153.670565	0.518000	11.640000
501	-153.620565	0.520000	11.700000
502	-153.600565	0.520000	11.840000
503	-153.550565	0.520000	11.680000
504	-153.430565	0.522000	11.900000
505	-153.420565	0.524000	11.720000
506	-153.410565	0.524000	11.790000
507	-153.260565	0.524000	11.520000
508	-153.260565	0.528000	11.690000
509	-153.260565	0.528000	11.740000
510	-153.170565	0.529000	11.820000
511	-153.080565	0.529000	11.830000
512	-153.060565	0.529000	11.580000
513	-153.040565	0.531000	11.830000
514	-153.000565	0.531000	11.980000
515	-152.660565	0.533000	12.010000
516	-152.600565	0.535000	11.800000
517	-152.580565	0.535000	11.770000
518	-152.500565	0.537000	12.070000
519	-152.500565	0.539000	12.030000
520	-152.440565	0.539000	11.950000
521	-152.370565	0.539000	12.040000
522	-152.310565	0.541000	11.950000
523	-152.240565	0.543000	11.950000
524	-152.190565	0.543000	11.880000
525	-152.150565	0.545000	11.740000
526	-152.020565	0.545000	12.060000
527	-151.860565	0.547000	11.840000
528	-151.830565	0.547000	11.980000
529	-151.800565	0.547000	11.870000
530	-151.800565	0.551000	12.100000
531	-151.610565	0.553000	11.880000
532	-151.550565	0.553000	12.000000
533	-151.550565	0.553000	12.050000
534	-151.550565	0.555000	11.990000
535	-151.540565	0.557000	12.080000
536	-151.210565	0.557000	12.080000
537	-151.170565	0.557000	11.910000
538	-151.120565	0.561000	11.990000
539	-150.980565	0.561000	12.060000
540	-150.930565	0.561000	11.930000
541	-150.760565	0.563000	12.020000
542	-150.710565	0.563000	12.020000
543	-150.640565	0.565000	12.030000
544	-150.640565	0.567000	12.110000
545	-150.640565	0.567000	12.140000
546	-150.610565	0.569000	11.980000
547	-150.510565	0.570000	12.130000
548	-150.510565	0.570000	12.050000
549	-150.310565	0.570000	12.130000
550	-150.260565	0.572000	11.940000
551	-150.120565	0.574000	12.110000
552	-150.030565	0.574000	12.060000
553	-149.910565	0.576000	12.190000
554	-149.770565	0.576000	12.130000
555	-149.630565	0.576000	11.990000
556	-149.610565	0.578000	12.200000
557	-149.610565	0.578000	12.250000
558	-149.540565	0.580000	12.090000
559	-149.480565	0.582000	12.000000
560	-149.250565	0.582000	11.980000
561	-149.090565	0.584000	12.240000
562	-149.080565	0.584000	12.090000
563	-148.900565	0.586000	12.210000
564	-148.870565	0.586000	12.060000
565	-148.830565	0.586000	12.120000
566	-148.730565	0.588000	12.100000
567	-148.600565	0.590000	12.040000
568	-148.590565	0.592000	12.180000
569	-148.590565	0.592000	12.150000
570	-148.480565	0.592000	12.290000
571	-148.440565	0.594000	12.000000
572	-148.290565	0.594000	12.290000
573	-148.240565	0.596000	12.190000
574	-148.220565	0.598000	12.160000
575	-148.200565	0.598000	12.030000
576	-148.180565	0.598000	12.170000
577	-148.110565	0.600000	12.220000
578	-147.830565	0.600000	12.180000
579	-147.830565	0.602000	12.280000
580	-147.770565	0.602000	12.340000
581	-147.700565	0.604000	12.210000
582	-147.650565	0.604000	12.190000
583	-147.640565	0.608000	12.350000
584	-147.620565	0.608000	12.270000
585	-147.470565	0.608000	12.260000
586	-147.430565	0.608000	12.130000
587	-147.110565	0.610000	12.300000
588	-147.070565	0.610000	12.240000
589	-147.030565	0.612000	12.240000
590	-146.980565	0.613000	12.140000
591	-146.970565	0.613000	12.100000
592	-146.920565	0.615000	12.080000
593	-146.780565	0.615000	12.190000
594	-146.670565	0.615000	12.290000
595	-146.620565	0.617000	12.330000
596	-146.560565	0.617000	12.020000
597	-146.480565	0.621000	12.410000
598	-146.440565	0.621000	12.240000
599	-146.440565	0.623000	12.340000
600	-146.410565	0.623000	12.390000
601	-146.390565	0.623000	12.200000
602	-146.270565	0.625000	12.280000
603	-146.160565	0.625000	12.300000
604	-145.820565	0.627000	12.190000
605	-145.780565	0.629000	12.170000
606	-145.730565	0.627000	12.200000
607	-145.700565	0.631000	12.140000
608	-145.600565	0.631000	12.320000
609	-145.570565	0.635000	12.220000
610	-145.550565	0.637000	12.130000
611	-145.470565	0.637000	12.160000
612	-145.400565	0.639000	12.210000
613	-145.240565	0.639000	12.080000
614	-144.940565	0.641000	12.330000
615	-144.760565	0.641000	12.290000
616	-144.680565	0.641000	12.130000
617	-144.560565	0.643000	12.330000
618	-144.500565	0.645000	12.280000
619	-144.460565	0.645000	12.250000
620	-144.460565	0.645000	12.470000
621	-144.350565	0.647000	12.370000
622	-144.350565	0.649000	12.350000
623	-144.260565	0.649000	12.650000
624	-144.180565	0.649000	12.480000
625	-144.030565	0.651000	12.300000
626	-143.890565	0.653000	12.340000
627	-143.790565	0.653000	12.690000
628	-143.760565	0.654000	12.420000
629	-143.750565	0.654000	12.230000
630	-143.540565	0.656000	12.440000
631	-143.530565	0.656000	12.360000
632	-143.530565	0.658000	12.470000
633	-143.480565	0.660000	12.450000
634	-143.450565	0.660000	12.610000
635	-143.440565	0.658000	12.580000
636	-143.410565	0.662000	12.500000
637	-143.380565	0.664000	12.610000
638	-143.240565	0.664000	12.430000
639	-143.040565	0.664000	12.200000
640	-143.020565	0.666000	12.710000
641	-143.010565	0.668000	12.600000
642	-142.990565	0.668000	12.470000
643	-142.990565	0.670000	12.540000
644	-142.800565	0.670000	12.500000
645	-142.780565	0.672000	12.380000
646	-142.740565	0.672000	12.410000
647	-142.680565	0.672000	12.700000
648	-142.520565	0.674000	12.540000
649	-142.410565	0.676000	12.670000
650	-142.370565	0.676000	12.380000
651	-142.340565	0.676000	12.630000
652	-142.290565	0.678000	12.450000
653	-142.260565	0.680000	12.370000
654	-142.230565	0.680000	12.660000
655	-142.210565	0.682000	12.680000
656	-142.150565	0.682000	12.450000
657	-142.020565	0.684000	12.300000
658	-141.950565	0.684000	12.530000
659	-141.890565	0.686000	12.430000
660	-141.800565	0.686000	12.590000
661	-141.790565	0.686000	12.670000
662	-141.740565	0.688000	12.570000
663	-141.710565	0.688000	12.640000
664	-141.640565	0.690000	12.750000
665	-141.530565	0.692000	12.500000
666	-141.500565	0.690000	12.620000
667	-141.270565	0.690000	12.500000
668	-141.230565	0.696000	12.670000
669	-141.150565	0.696000	12.590000
670	-141.140565	0.696000	12.670000
671	-141.090565	0.697000	12.600000
672	-140.730565	0.699000	12.510000
673	-140.670565	0.699000	12.450000
674	-140.580565	0.701000	12.690000
675	-140.530565	0.701000	12.690000
676	-140.440565	0.701000	12.670000
677	-140.370565	0.703000	12.650000
678	-140.310565	0.705000	12.680000
679	-140.260565	0.705000	12.620000
680	-140.100565	0.707000	12.600000
681	-139.990565	0.707000	12.600000
682	-139.950565	0.707000	12.750000
683	-139.890565	0.709000	12.680000
684	-139.880565	0.711000	12.670000
685	-139.850565	0.711000	12.710000
686	-139.830565	0.711000	12.710000
687	-139.780565	0.713000	12.790000
688	-139.750565	0.715000	12.730000
689	-139.610565	0.717000	12.760000
690	-139.590565	0.719000	12.790000
691	-139.560565	0.719000	12.830000
692	-139.440565	0.721000	12.910000
693	-139.360565	0.723000	12.780000
694	-139.150565	0.723000	12.720000
695	-139.050565	0.725000	12.840000
696	-138.860565	0.725000	12.750000
697	-138.670565	0.725000	12.790000
698	-138.650565	0.727000	12.850000
699	-138.590565	0.727000	12.890000
700	-138.590565	0.729000	12.570000
701	-138.560565	0.731000	12.920000
702	-138.430565	0.731000	12.720000
703	-138.360565	0.733000	12.660000
704	-138.250565	0.733000	12.850000
705	-138.150565	0.733000	12.680000
706	-138.120565	0.735000	12.770000
707	-138.070565	0.735000	12.960000
708	-137.900565	0.738000	12.710000
709	-137.800565	0.738000	12.650000
710	-137.800565	0.740000	12.720000
711	-137.710565	0.740000	12.770000
712	-137.680565	0.740000	12.800000
713	-137.660565	0.742000	12.860000
714	-137.610565	0.742000	12.680000
715	-137.610565	0.744000	12.800000
716	-137.600565	0.746000	13.100000
717	-137.570565	0.746000	12.860000
718	-137.450565	0.746000	12.810000
719	-137.450565	0.748000	13.000000
720	-137.210565	0.748000	12.790000
721	-137.190565	0.750000	12.710000
722	-137.100565	0.750000	12.940000
723	-136.980565	0.752000	12.710000
724	-136.900565	0.752000	13.140000
725	-136.760565	0.754000	12.850000
726	-136.750565	0.756000	12.740000
727	-136.750565	0.756000	12.850000
728	-136.730565	0.756000	13.020000
729	-136.650565	0.758000	12.920000
730	-136.610565	0.760000	12.900000
731	-136.590565	0.762000	12.940000
732	-136.400565	0.762000	12.940000
733	-136.380565	0.764000	12.950000
734	-136.280565	0.764000	12.890000
735	-136.000565	0.764000	12.960000
736	-135.870565	0.766000	13.010000
737	-135.870565	0.766000	13.150000
738	-135.800565	0.768000	13.010000
739	-135.740565	0.770000	12.980000
740	-135.610565	0.770000	13.030000
741	-135.600565	0.772000	12.920000
742	-135.560565	0.772000	12.990000
743	-135.550565	0.772000	13.020000
744	-135.530565	0.774000	13.080000
745	-135.480565	0.776000	12.960000
746	-135.300565	0.776000	13.070000
747	-135.170565	0.776000	13.040000
748	-135.150565	0.778000	12.910000
749	-135.080565	0.779000	12.900000
750	-135.020565	0.779000	13.010000
751	-135.020565	0.781000	13.070000
752	-134.950565	0.781000	13.010000
753	-134.920565	0.783000	12.900000
754	-134.900565	0.785000	13.210000
755	-134.830565	0.785000	13.070000
756	-134.780565	0.787000	13.020000
757	-134.760565	0.787000	13.030000
758	-134.460565	0.789000	13.060000
759	-134.400565	0.789000	12.950000
760	-134.360565	0.791000	13.210000
761	-134.330565	0.793000	12.970000
762	-134.280565	0.793000	12.930000
763	-134.180565	0.795000	13.080000
764	-134.170565	0.795000	13.050000
765	-134.100565	0.795000	13.050000
766	-133.990565	0.797000	13.290000
767	-133.900565	0.801000	12.980000
768	-133.700565	0.801000	13.240000
769	-133.660565	0.803000	13.010000
770	-133.630565	0.805000	13.000000
771	-133.630565	0.805000	13.030000
772	-133.600565	0.805000	13.160000
773	-133.470565	0.807000	13.060000
774	-133.410565	0.811000	13.090000
775	-133.290565	0.809000	13.210000
776	-133.260565	0.811000	13.100000
777	-133.000565	0.811000	13.140000
778	-132.660565	0.813000	13.110000
779	-132.650565	0.813000	13.310000
780	-132.610565	0.815000	13.170000
781	-132.560565	0.817000	13.100000
782	-132.350565	0.815000	13.150000
783	-132.310565	0.817000	13.190000
784	-132.270565	0.819000	13.230000
785	-132.270565	0.819000	13.230000
786	-132.130565	0.820000	13.270000
787	-132.120565	0.820000	13.390000
788	-132.070565	0.822000	13.180000
789	-132.030565	0.824000	13.180000
790	-131.900565	0.824000	13.330000
791	-131.890565	0.826000	13.330000
792	-131.870565	0.826000	13.310000
793	-131.750565	0.828000	13.290000
794	-131.650565	0.828000	13.120000
795	-131.580565	0.828000	13.130000
796	-131.410565	0.832000	13.150000
797	-131.340565	0.832000	13.230000
798	-131.310565	0.832000	13.320000
799	-131.250565	0.834000	13.570000
800	-131.150565	0.836000	13.310000
801	-131.100565	0.836000	13.480000
802	-131.040565	0.836000	13.250000
803	-130.990565	0.838000	13.300000
804	-130.910565	0.840000	13.220000
805	-130.910565	0.840000	13.450000
806	-130.840565	0.842000	13.370000
807	-130.800565	0.842000	13.310000
808	-130.750565	0.844000	13.120000
809	-130.720565	0.844000	13.250000
810	-130.590565	0.846000	13.400000
811	-130.550565	0.848000	13.270000
812	-130.400565	0.848000	13.300000
813	-130.300565	0.848000	13.410000
814	-130.220565	0.850000	12.980000
815	-130.110565	0.852000	13.270000
816	-130.090565	0.852000	13.500000
817	-130.010565	0.852000	13.660000
818	-129.910565	0.854000	13.470000
819	-129.870565	0.856000	13.610000
820	-129.830565	0.856000	13.560000
821	-129.820565	0.858000	13.390000
822	-129.800565	0.858000	13.540000
823	-129.610565	0.860000	13.540000
824	-129.510565	0.860000	13.350000
825	-129.340565	0.860000	13.600000
826	-129.290565	0.862000	13.480000
827	-129.280565	0.863000	13.440000
828	-129.280565	0.863000	13.540000
829	-129.130565	0.863000	13.460000
830	-128.970565	0.865000	13.490000
831	-128.950565	0.867000	13.340000
832	-128.940565	0.867000	13.380000
833	-128.750565	0.867000	13.490000
834	-128.750565	0.869000	13.510000
835	-128.670565	0.871000	13.340000
836	-128.590565	0.873000	13.680000
837	-128.470565	0.873000	13.660000
838	-128.290565	0.873000	13.390000
839	-128.100565	0.875000	13.440000
840	-128.080565	0.875000	13.390000
841	-128.030565	0.877000	13.570000
842	-128.020565	0.879000	13.330000
843	-128.000565	0.877000	13.560000
844	-127.980565	0.877000	13.330000
845	-127.810565	0.883000	13.660000
846	-127.690565	0.885000	13.500000
847	-127.670565	0.887000	13.450000
848	-127.640565	0.887000	13.520000
849	-127.540565	0.889000	13.580000
850	-127.470565	0.889000	13.600000
851	-127.270565	0.889000	13.650000
852	-127.200565	0.891000	13.480000
853	-127.160565	0.891000	13.800000
854	-127.100565	0.893000	13.600000
855	-126.750565	0.895000	13.540000
856	-126.530565	0.895000	13.480000
857	-126.510565	0.897000	13.820000
858	-126.500565	0.897000	13.630000
859	-126.410565	0.897000	13.350000
860	-126.300565	0.899000	13.650000
861	-126.290565	0.899000	13.990000
862	-126.240565	0.901000	13.670000
863	-126.190565	0.903000	13.610000
864	-126.060565	0.904000	13.490000
865	-125.980565	0.904000	13.690000
866	-125.920565	0.904000	13.600000
867	-125.890565	0.906000	13.610000
868	-125.790565	0.906000	13.620000
869	-125.760565	0.908000	13.730000
870	-125.750565	0.910000	13.700000
871	-125.690565	0.910000	13.660000
872	-125.660565	0.912000	13.750000
873	-125.650565	0.912000	13.420000
874	-125.590565	0.912000	13.500000
875	-125.500565	0.914000	13.540000
876	-125.470565	0.914000	13.690000
877	-125.370565	0.916000	13.700000
878	-125.370565	0.918000	13.790000
879	-125.180565	0.918000	13.670000
880	-125.160565	0.920000	13.670000
881	-125.140565	0.920000	13.600000
882	-125.060565	0.920000	13.710000
883	-125.020565	0.922000	13.690000
884	-124.950565	0.922000	13.750000
885	-124.910565	0.926000	13.620000
886	-124.700565	0.926000	13.690000
887	-124.660565	0.928000	13.760000
888	-124.560565	0.928000	13.670000
889	-124.410565	0.928000	13.640000
890	-124.210565	0.930000	14.080000
891	-124.110565	0.930000	13.770000
892	-124.080565	0.932000	13.810000
893	-123.930565	0.934000	13.800000
894	-123.870565	0.934000	13.750000
895	-123.840565	0.934000	13.830000
896	-123.810565	0.936000	14.020000
897	-123.750565	0.936000	13.940000
898	-123.710565	0.938000	13.650000
899	-123.690565	0.938000	13.600000
900	-123.490565	0.940000	13.880000
901	-123.470565	0.940000	13.870000
902	-123.390565	0.942000	13.940000
903	-123.330565	0.944000	13.850000
904	-123.300565	0.944000	13.950000
905	-123.270565	0.946000	13.920000
906	-123.030565	0.946000	14.010000
907	-123.010565	0.947000	13.890000
908	-122.780565	0.949000	13.870000
909	-122.780565	0.949000	13.890000
910	-122.690565	0.951000	14.120000
911	-122.530565	0.951000	14.120000
912	-122.530565	0.953000	13.920000
913	-122.430565	0.953000	14.110000
914	-122.240565	0.953000	14.050000
915	-122.180565	0.955000	14.040000
916	-122.160565	0.957000	14.050000
917	-122.120565	0.957000	13.960000
918	-122.100565	0.959000	14.020000
919	-122.010565	0.959000	13.890000
920	-122.000565	0.959000	13.890000
921	-121.750565	0.961000	13.920000
922	-121.690565	0.961000	13.990000
923	-121.620565	0.963000	13.990000
924	-121.530565	0.963000	14.060000
925	-121.470565	0.965000	13.980000
926	-121.430565	0.967000	13.980000
927	-121.360565	0.969000	13.950000
928	-121.250565	0.969000	14.320000
929	-121.210565	0.971000	13.960000
930	-121.110565	0.973000	13.950000
931	-121.070565	0.973000	13.990000
932	-121.050565	0.973000	14.140000
933	-121.040565	0.975000	14.180000
934	-120.970565	0.977000	14.370000
935	-120.840565	0.977000	14.210000
936	-120.830565	0.979000	13.990000
937	-120.820565	0.981000	13.910000
938	-120.820565	0.981000	14.000000
939	-120.820565	0.983000	14.260000
940	-120.670565	0.983000	14.070000
941	-120.650565	0.983000	14.020000
942	-120.640565	0.985000	13.930000
943	-120.570565	0.985000	14.030000
944	-120.460565	0.987000	14.110000
945	-120.330565	0.988000	14.190000
946	-120.200565	0.988000	13.910000
947	-120.030565	0.990000	14.150000
948	-119.980565	0.992000	14.190000
949	-119.880565	0.992000	14.050000
950	-119.800565	0.992000	13.940000
951	-119.740565	0.994000	14.350000
952	-119.660565	0.996000	14.310000
953	-119.610565	0.996000	13.850000
954	-119.510565	0.996000	14.140000
955	-119.500565	0.998000	14.350000
956	-119.470565	0.998000	14.230000
957	-119.400565	1.000000	13.980000
958	-119.170565	1.000000	14.250000
959	-119.160565	1.002000	14.250000
960	-119.100565	1.004000	14.270000
961	-119.080565	1.004000	14.330000
962	-118.970565	1.004000	14.230000
963	-118.940565	1.006000	14.250000
964	-118.740565	1.008000	14.180000
965	-118.670565	1.008000	14.080000
966	-118.620565	1.010000	14.140000
967	-118.510565	1.012000	14.330000
968	-118.500565	1.012000	14.280000
969	-118.480565	1.014000	14.310000
970	-118.310565	1.014000	14.380000
971	-118.280565	1.014000	14.380000
972	-118.110565	1.016000	14.190000
973	-118.080565	1.016000	14.250000
974	-118.070565	1.018000	14.230000
975	-117.980565	1.020000	14.160000
976	-117.910565	1.020000	14.150000
977	-117.860565	1.020000	14.320000
978	-117.850565	1.022000	14.350000
979	-117.610565	1.024000	14.270000
980	-117.600565	1.024000	14.410000
981	-117.590565	1.024000	14.200000
982	-117.560565	1.026000	14.300000
983	-117.460565	1.029000	14.520000
984	-117.400565	1.028000	14.100000
985	-117.300565	1.029000	14.390000
986	-117.250565	1.029000	14.230000
987	-117.200565	1.031000	14.210000
988	-117.090565	1.031000	14.410000
989	-116.880565	1.033000	14.310000
990	-116.830565	1.035000	14.250000
991	-116.700565	1.035000	14.350000
992	-116.690565	1.037000	14.270000
993	-116.500565	1.037000	14.480000
994	-116.360565	1.037000	14.360000
995	-116.310565	1.039000	14.400000
996	-116.240565	1.039000	14.380000
997	-116.210565	1.041000	14.470000
998	-116.010565	1.043000	14.320000
999	-115.950565	1.045000	14.250000
1000	-115.830565	1.045000	14.410000
1001	-115.790565	1.045000	14.420000
1002	-115.780565	1.047000	14.400000
1003	-115.680565	1.047000	14.360000
1004	-115.660565	1.047000	14.490000
1005	-115.400565	1.051000	14.450000
1006	-115.360565	1.051000	14.550000
1007	-115.310565	1.053000	14.450000
1008	-115.270565	1.053000	14.480000
1009	-115.230565	1.055000	14.610000
1010	-115.140565	1.055000	14.340000
1011	-115.110565	1.057000	14.520000
1012	-115.050565	1.059000	14.640000
1013	-115.010565	1.059000	14.640000
1014	-114.980565	1.061000	14.500000
1015	-114.940565	1.061000	14.360000
1016	-114.880565	1.061000	14.610000
1017	-114.880565	1.063000	14.560000
1018	-114.880565	1.063000	14.440000
1019	-114.850565	1.065000	14.490000
1020	-114.790565	1.067000	14.400000
1021	-114.750565	1.067000	14.590000
1022	-114.720565	1.069000	14.550000
1023	-114.690565	1.069000	14.420000
1024	-114.690565	1.070000	14.530000
1025	-114.680565	1.070000	14.520000
1026	-114.660565	1.072000	14.660000
1027	-114.590565	1.072000	14.460000
1028	-114.590565	1.074000	14.530000
1029	-114.500565	1.076000	14.520000
1030	-114.490565	1.076000	14.570000
1031	-114.410565	1.076000	14.610000
1032	-114.400565	1.076000	14.610000
1033	-114.360565	1.078000	14.520000
1034	-114.330565	1.080000	14.480000
1035	-114.110565	1.080000	14.470000
1036	-113.910565	1.080000	14.540000
1037	-113.850565	1.082000	14.580000
1038	-113.520565	1.084000	14.710000
1039	-113.460565	1.084000	14.530000
1040	-113.140565	1.084000	14.470000
1041	-112.940565	1.086000	14.760000
1042	-112.780565	1.086000	14.650000
1043	-112.750565	1.088000	14.650000
1044	-112.520565	1.090000	14.670000
1045	-112.520565	1.090000	14.630000
1046	-112.420565	1.092000	14.900000
1047	-112.100565	1.092000	14.760000
1048	-112.070565	1.094000	14.670000
1049	-111.900565	1.094000	14.700000
1050	-111.870565	1.096000	14.810000
1051	-111.810565	1.098000	14.750000
1052	-111.720565	1.098000	14.680000
1053	-111.650565	1.100000	14.480000
1054	-111.610565	1.100000	14.590000
1055	-111.610565	1.100000	14.770000
1056	-111.520565	1.102000	14.750000
1057	-111.460565	1.104000	14.770000
1058	-111.430565	1.106000	14.800000
1059	-111.330565	1.106000	14.720000
1060	-111.190565	1.108000	14.660000
1061	-111.100565	1.108000	14.680000
1062	-111.060565	1.108000	14.410000
1063	-111.000565	1.110000	14.730000
1064	-110.880565	1.110000	14.830000
1065	-110.810565	1.112000	14.710000
1066	-110.750565	1.113000	14.680000
1067	-110.750565	1.113000	14.910000
1068	-110.700565	1.115000	14.780000
1069	-110.670565	1.115000	14.730000
1070	-110.490565	1.115000	14.890000
1071	-110.490565	1.117000	15.030000
1072	-110.460565	1.117000	14.750000
1073	-110.410565	1.119000	14.800000
1074	-110.360565	1.121000	14.750000
1075	-110.360565	1.123000	14.640000
1076	-110.350565	1.123000	14.740000
1077	-110.160565	1.123000	14.750000
1078	-110.030565	1.123000	14.980000
1079	-109.990565	1.125000	14.810000
1080	-109.940565	1.125000	14.950000
1081	-109.910565	1.127000	14.890000
1082	-109.840565	1.129000	14.710000
1083	-109.800565	1.129000	14.860000
1084	-109.780565	1.131000	14.750000
1085	-109.680565	1.131000	14.900000
1086	-109.580565	1.131000	14.980000
1087	-109.540565	1.135000	14.970000
1088	-109.500565	1.137000	14.860000
1089	-109.410565	1.137000	14.710000
1090	-109.390565	1.139000	15.110000
1091	-109.280565	1.139000	14.920000
1092	-109.260565	1.139000	14.970000
1093	-109.130565	1.141000	14.910000
1094	-109.000565	1.141000	14.990000
1095	-108.940565	1.143000	14.920000
1096	-108.540565	1.143000	14.910000
1097	-108.440565	1.145000	14.830000
1098	-108.370565	1.147000	15.110000
1099	-108.270565	1.149000	14.770000
1100	-108.270565	1.149000	15.010000
1101	-108.050565	1.149000	15.010000
1102	-107.700565	1.151000	14.970000
1103	-107.620565	1.153000	15.070000
1104	-107.620565	1.153000	15.080000
1105	-107.570565	1.154000	15.000000
1106	-107.570565	1.154000	14.890000
1107	-107.570565	1.156000	15.070000
1108	-107.370565	1.156000	15.140000
1109	-107.340565	1.158000	15.010000
1110	-107.320565	1.160000	15.000000
1111	-107.300565	1.160000	14.940000
1112	-107.270565	1.160000	15.200000
1113	-107.210565	1.162000	15.000000
1114	-107.160565	1.164000	15.010000
1115	-107.150565	1.164000	14.940000
1116	-107.010565	1.166000	15.090000
1117	-107.010565	1.168000	14.980000
1118	-106.950565	1.168000	14.980000
1119	-106.950565	1.170000	15.170000
1120	-106.940565	1.170000	15.100000
1121	-106.820565	1.170000	14.930000
1122	-106.800565	1.172000	15.140000
1123	-106.460565	1.174000	15.090000
1124	-106.430565	1.174000	15.130000
1125	-106.400565	1.176000	15.260000
1126	-106.210565	1.176000	14.940000
1127	-106.160565	1.178000	15.140000
1128	-106.130565	1.180000	15.140000
1129	-105.940565	1.180000	15.190000
1130	-105.840565	1.180000	15.040000
1131	-105.770565	1.182000	15.210000
1132	-105.750565	1.184000	15.040000
1133	-105.690565	1.184000	14.960000
1134	-105.460565	1.184000	15.110000
1135	-105.450565	1.188000	15.040000
1136	-105.450565	1.188000	15.110000
1137	-105.430565	1.188000	15.240000
1138	-105.430565	1.190000	15.350000
1139	-105.380565	1.192000	15.200000
1140	-105.340565	1.192000	15.070000
1141	-105.270565	1.192000	15.150000
1142	-105.200565	1.194000	15.030000
1143	-105.110565	1.196000	15.110000
1144	-105.040565	1.196000	15.250000
1145	-105.030565	1.196000	15.100000
1146	-105.000565	1.197000	15.180000
1147	-105.000565	1.199000	15.220000
1148	-104.970565	1.199000	15.170000
1149	-104.870565	1.201000	15.240000
1150	-104.850565	1.201000	15.090000
1151	-104.770565	1.201000	15.180000
1152	-104.740565	1.203000	15.180000
1153	-104.640565	1.203000	15.340000
1154	-104.580565	1.205000	15.190000
1155	-104.550565	1.207000	15.000000
1156	-104.350565	1.207000	15.390000
1157	-104.340565	1.209000	15.130000
1158	-104.330565	1.211000	15.260000
1159	-104.280565	1.211000	15.530000
1160	-104.230565	1.211000	15.320000
1161	-103.820565	1.213000	15.280000
1162	-103.580565	1.215000	15.320000
1163	-103.520565	1.217000	15.380000
1164	-103.490565	1.217000	15.410000
1165	-103.480565	1.219000	15.310000
1166	-103.400565	1.219000	15.250000
1167	-103.300565	1.221000	15.520000
1168	-103.300565	1.223000	15.300000
1169	-103.300565	1.223000	15.340000
1170	-103.240565	1.225000	15.380000
1171	-103.200565	1.225000	15.380000
1172	-103.100565	1.225000	15.360000
1173	-102.990565	1.227000	15.380000
1174	-102.890565	1.227000	15.350000
1175	-102.690565	1.229000	15.280000
1176	-102.490565	1.231000	15.450000
1177	-102.420565	1.233000	15.410000
1178	-102.360565	1.233000	15.580000
1179	-102.340565	1.233000	15.430000
1180	-102.190565	1.235000	15.500000
1181	-101.910565	1.235000	15.450000
1182	-101.800565	1.237000	15.430000
1183	-101.710565	1.238000	15.500000
1184	-101.640565	1.238000	15.370000
1185	-101.500565	1.238000	15.470000
1186	-101.480565	1.240000	15.440000
1187	-101.390565	1.240000	15.460000
1188	-101.350565	1.242000	15.470000
1189	-101.280565	1.242000	15.550000
1190	-101.240565	1.244000	15.430000
1191	-101.140565	1.246000	15.540000
1192	-101.130565	1.246000	15.510000
1193	-101.080565	1.248000	15.490000
1194	-100.970565	1.248000	15.710000
1195	-100.870565	1.250000	15.470000
1196	-100.750565	1.250000	15.590000
1197	-100.640565	1.250000	15.480000
1198	-100.620565	1.252000	15.580000
1199	-100.500565	1.254000	15.470000
1200	-100.390565	1.254000	15.600000
1201	-100.310565	1.256000	15.420000
1202	-100.310565	1.256000	15.490000
1203	-100.280565	1.258000	15.450000
1204	-100.270565	1.258000	15.510000
1205	-100.130565	1.258000	15.530000
1206	-100.000565	1.260000	15.460000
1207	-99.990565	1.262000	15.540000
1208	-99.930565	1.262000	15.590000
1209	-99.890565	1.264000	15.510000
1210	-99.880565	1.264000	15.420000
1211	-99.830565	1.264000	15.400000
1212	-99.810565	1.266000	15.400000
1213	-99.740565	1.266000	15.620000
1214	-99.710565	1.268000	15.480000
1215	-99.700565	1.268000	15.400000
1216	-99.680565	1.270000	15.440000
1217	-99.540565	1.270000	15.600000
1218	-99.520565	1.272000	15.640000
1219	-99.470565	1.272000	15.650000
1220	-99.440565	1.274000	15.510000
1221	-99.310565	1.274000	15.620000
1222	-99.180565	1.276000	15.570000
1223	-99.030565	1.278000	15.610000
1224	-98.900565	1.278000	15.540000
1225	-98.640565	1.279000	15.520000
1226	-98.450565	1.281000	15.620000
1227	-98.420565	1.281000	15.650000
1228	-98.270565	1.281000	15.520000
1229	-98.150565	1.283000	15.580000
1230	-98.150565	1.285000	15.550000
1231	-98.070565	1.285000	15.800000
1232	-98.050565	1.287000	15.500000
1233	-98.000565	1.287000	15.460000
1234	-98.000565	1.287000	15.670000
1235	-97.990565	1.289000	15.740000
1236	-97.860565	1.291000	15.650000
1237	-97.840565	1.293000	15.710000
1238	-97.800565	1.293000	15.750000
1239	-97.730565	1.295000	15.680000
1240	-97.590565	1.295000	15.580000
1241	-97.580565	1.295000	15.810000
1242	-97.550565	1.297000	15.730000
1243	-97.470565	1.301000	15.770000
1244	-97.310565	1.301000	15.790000
1245	-97.100565	1.301000	15.770000
1246	-97.060565	1.305000	15.760000
1247	-96.990565	1.305000	15.840000
1248	-96.910565	1.305000	15.790000
1249	-96.870565	1.307000	15.870000
1250	-96.740565	1.309000	15.820000
1251	-96.660565	1.309000	15.570000
1252	-96.610565	1.311000	15.710000
1253	-96.600565	1.311000	15.560000
1254	-96.600565	1.311000	15.810000
1255	-96.250565	1.313000	15.750000
1256	-96.200565	1.315000	15.880000
1257	-96.150565	1.317000	15.620000
1258	-96.120565	1.317000	15.660000
1259	-96.080565	1.317000	15.620000
1260	-96.040565	1.319000	15.820000
1261	-96.010565	1.320000	15.830000
1262	-95.830565	1.320000	15.750000
1263	-95.730565	1.320000	15.740000
1264	-95.690565	1.322000	15.810000
1265	-95.630565	1.324000	15.900000
1266	-95.600565	1.326000	15.830000
1267	-95.570565	1.326000	15.830000
1268	-95.470565	1.326000	15.770000
1269	-95.340565	1.328000	15.840000
1270	-94.900565	1.328000	15.920000
1271	-94.860565	1.330000	16.020000
1272	-94.850565	1.332000	15.810000
1273	-94.730565	1.332000	15.880000
1274	-94.610565	1.334000	15.940000
1275	-94.560565	1.336000	15.790000
1276	-94.520565	1.336000	15.870000
1277	-94.390565	1.336000	15.750000
1278	-94.220565	1.338000	15.980000
1279	-94.140565	1.340000	16.000000
1280	-94.120565	1.340000	16.010000
1281	-94.040565	1.342000	16.110000
1282	-94.020565	1.342000	15.940000
1283	-93.980565	1.342000	15.870000
1284	-93.860565	1.344000	15.940000
1285	-93.820565	1.344000	16.060000
1286	-93.790565	1.346000	15.800000
1287	-93.790565	1.348000	16.020000
1288	-93.750565	1.348000	15.840000
1289	-93.650565	1.348000	15.910000
1290	-93.500565	1.350000	15.900000
1291	-93.480565	1.352000	15.880000
1292	-93.470565	1.352000	15.880000
1293	-93.310565	1.352000	15.850000
1294	-93.290565	1.354000	15.870000
1295	-92.990565	1.356000	15.970000
1296	-92.820565	1.356000	15.930000
1297	-92.790565	1.358000	14.770000
1298	-92.720565	1.358000	14.860000
1299	-92.710565	1.358000	16.130000
1300	-92.700565	1.360000	16.000000
1301	-92.650565	1.360000	15.000000
1302	-92.550565	1.362000	14.830000
1303	-92.540565	1.363000	16.120000
1304	-92.540565	1.363000	14.960000
1305	-92.500565	1.365000	15.010000
1306	-92.490565	1.367000	14.670000
1307	-92.420565	1.367000	14.770000
1308	-92.380565	1.367000	14.730000
1309	-92.330565	1.369000	16.000000
1310	-92.320565	1.371000	14.870000
1311	-92.290565	1.371000	14.770000
1312	-92.130565	1.373000	14.760000
1313	-92.110565	1.373000	14.820000
1314	-92.060565	1.375000	14.790000
1315	-92.010565	1.375000	14.770000
1316	-92.000565	1.375000	15.020000
1317	-91.980565	1.377000	14.950000
1318	-91.810565	1.379000	14.790000
1319	-91.790565	1.379000	14.760000
1320	-91.370565	1.379000	15.190000
1321	-91.320565	1.381000	14.840000
1322	-91.170565	1.383000	14.680000
1323	-90.790565	1.385000	14.910000
1324	-90.790565	1.385000	14.910000
1325	-90.770565	1.389000	14.960000
1326	-90.760565	1.389000	14.930000
1327	-90.570565	1.389000	14.980000
1328	-90.550565	1.391000	14.970000
1329	-90.530565	1.391000	14.870000
1330	-90.490565	1.393000	14.970000
1331	-90.480565	1.395000	14.870000
1332	-90.440565	1.393000	15.020000
1333	-90.400565	1.397000	14.890000
1334	-90.390565	1.397000	14.980000
1335	-90.290565	1.397000	15.000000
1336	-90.250565	1.399000	15.050000
1337	-90.130565	1.399000	14.760000
1338	-90.010565	1.401000	14.930000
1339	-90.010565	1.403000	15.000000
1340	-89.820565	1.403000	14.980000
1341	-89.780565	1.404000	14.730000
1342	-89.520565	1.404000	14.920000
1343	-89.350565	1.404000	14.990000
1344	-89.320565	1.406000	15.030000
1345	-89.220565	1.408000	14.940000
1346	-89.190565	1.410000	14.980000
1347	-89.060565	1.410000	14.990000
1348	-89.020565	1.412000	15.120000
1349	-88.920565	1.412000	15.000000
1350	-88.780565	1.412000	14.970000
1351	-88.670565	1.414000	14.890000
1352	-88.530565	1.414000	14.970000
1353	-88.280565	1.416000	15.110000
1354	-88.160565	1.418000	15.000000
1355	-88.110565	1.420000	15.250000
1356	-88.080565	1.420000	15.020000
1357	-88.020565	1.420000	15.160000
1358	-87.930565	1.422000	15.250000
1359	-87.890565	1.422000	15.100000
1360	-87.890565	1.424000	15.020000
1361	-87.880565	1.426000	15.270000
1362	-87.850565	1.426000	15.140000
1363	-87.770565	1.426000	15.050000
1364	-87.630565	1.428000	15.150000
1365	-87.470565	1.428000	15.080000
1366	-87.460565	1.430000	15.130000
1367	-87.340565	1.430000	15.250000
1368	-87.200565	1.432000	15.080000
1369	-87.160565	1.434000	15.190000
1370	-87.030565	1.436000	15.160000
1371	-87.010565	1.436000	15.110000
1372	-87.010565	1.436000	15.400000
1373	-86.990565	1.436000	15.230000
1374	-86.840565	1.438000	15.120000
1375	-86.770565	1.438000	15.110000
1376	-86.730565	1.440000	14.970000
1377	-86.700565	1.442000	15.110000
1378	-86.580565	1.442000	15.150000
1379	-86.270565	1.444000	15.270000
1380	-86.130565	1.444000	15.390000
1381	-86.100565	1.444000	15.180000
1382	-86.080565	1.446000	15.320000
1383	-86.010565	1.446000	15.260000
1384	-86.000565	1.449000	15.280000
1385	-85.940565	1.449000	15.300000
1386	-85.660565	1.451000	15.250000
1387	-85.640565	1.451000	15.260000
1388	-85.620565	1.451000	15.120000
1389	-85.610565	1.453000	15.320000
1390	-85.600565	1.453000	15.110000
1391	-85.470565	1.455000	15.250000
1392	-85.340565	1.457000	15.280000
1393	-85.320565	1.455000	15.200000
1394	-85.250565	1.459000	15.380000
1395	-85.090565	1.459000	15.150000
1396	-84.870565	1.461000	15.270000
1397	-84.800565	1.461000	15.370000
1398	-84.790565	1.463000	15.230000
1399	-84.760565	1.465000	15.370000
1400	-84.750565	1.465000	15.300000
1401	-84.590565	1.467000	15.180000
1402	-84.540565	1.469000	15.220000
1403	-84.520565	1.469000	15.350000
1404	-84.480565	1.473000	15.310000
1405	-84.450565	1.473000	15.320000
1406	-84.360565	1.473000	15.310000
1407	-84.340565	1.475000	15.430000
1408	-84.260565	1.477000	15.430000
1409	-84.180565	1.477000	15.420000
1410	-84.150565	1.477000	15.300000
1411	-84.050565	1.479000	15.450000
1412	-83.900565	1.481000	15.370000
1413	-83.840565	1.481000	15.370000
1414	-83.820565	1.483000	15.370000
1415	-83.740565	1.483000	15.280000
1416	-83.720565	1.483000	15.360000
1417	-83.570565	1.485000	15.550000
1418	-83.460565	1.485000	15.310000
1419	-83.440565	1.487000	15.240000
1420	-83.200565	1.488000	15.650000
1421	-83.140565	1.487000	15.350000
1422	-83.120565	1.488000	15.440000
1423	-82.980565	1.492000	15.440000
1424	-82.850565	1.492000	15.860000
1425	-82.840565	1.492000	15.580000
1426	-82.710565	1.494000	15.470000
1427	-82.550565	1.496000	15.540000
1428	-82.520565	1.496000	15.540000
1429	-82.370565	1.498000	15.610000
1430	-82.300565	1.498000	15.590000
1431	-82.150565	1.498000	15.700000
1432	-82.080565	1.500000	15.400000
1433	-82.000565	1.502000	15.480000
1434	-81.790565	1.504000	15.540000
1435	-81.720565	1.504000	15.620000
1436	-81.650565	1.504000	15.540000
1437	-81.620565	1.506000	15.700000
1438	-81.610565	1.508000	15.650000
1439	-81.600565	1.508000	15.570000
1440	-81.580565	1.508000	15.590000
1441	-81.520565	1.510000	15.570000
1442	-81.480565	1.512000	15.560000
1443	-81.410565	1.514000	15.710000
1444	-81.250565	1.514000	15.690000
1445	-81.240565	1.514000	15.640000
1446	-81.220565	1.516000	15.570000
1447	-81.120565	1.516000	15.620000
1448	-81.120565	1.518000	15.600000
1449	-81.120565	1.520000	15.680000
1450	-81.040565	1.520000	15.640000
1451	-80.910565	1.520000	15.440000
1452	-80.810565	1.524000	15.680000
1453	-80.650565	1.524000	15.720000
1454	-80.610565	1.524000	15.470000
1455	-80.560565	1.526000	15.500000
1456	-80.550565	1.528000	15.730000
1457	-80.490565	1.528000	15.670000
1458	-80.420565	1.529000	15.510000
1459	-80.130565	1.529000	15.650000
1460	-80.100565	1.529000	15.630000
1461	-79.930565	1.531000	15.610000
1462	-79.640565	1.533000	15.730000
1463	-79.580565	1.535000	15.780000
1464	-79.460565	1.535000	15.800000
1465	-79.400565	1.535000	15.680000
1466	-79.220565	1.537000	15.660000
1467	-79.110565	1.539000	15.780000
1468	-79.060565	1.539000	15.760000
1469	-79.060565	1.539000	15.840000
1470	-78.970565	1.541000	15.730000
1471	-78.870565	1.543000	15.770000
1472	-78.740565	1.543000	15.720000
1473	-78.720565	1.545000	15.740000
1474	-78.680565	1.545000	15.820000
1475	-78.650565	1.545000	15.830000
1476	-78.610565	1.547000	15.870000
1477	-78.560565	1.547000	15.680000
1478	-78.520565	1.551000	15.890000
1479	-78.470565	1.553000	15.830000
1480	-78.420565	1.553000	15.870000
1481	-78.260565	1.555000	15.740000
1482	-78.250565	1.555000	15.690000
1483	-77.910565	1.557000	15.790000
1484	-77.910565	1.559000	15.900000
1485	-77.840565	1.559000	15.920000
1486	-77.760565	1.561000	15.710000
1487	-77.620565	1.561000	15.960000
1488	-77.600565	1.563000	15.920000
1489	-77.600565	1.563000	16.050000
1490	-77.550565	1.563000	15.920000
1491	-77.400565	1.565000	15.870000
1492	-77.380565	1.567000	15.940000
1493	-77.330565	1.567000	15.840000
1494	-77.240565	1.569000	15.750000
1495	-77.230565	1.569000	15.990000
1496	-77.230565	1.569000	15.790000
1497	-77.190565	1.570000	15.850000
1498	-77.140565	1.570000	15.820000
1499	-77.130565	1.572000	15.840000
1500	-76.990565	1.572000	15.870000
1501	-76.850565	1.574000	16.000000
1502	-76.770565	1.574000	15.810000
1503	-76.640565	1.576000	15.950000
1504	-76.420565	1.576000	15.990000
1505	-76.330565	1.578000	15.990000
1506	-76.260565	1.578000	16.000000
1507	-75.940565	1.580000	15.970000
1508	-75.870565	1.582000	15.960000
1509	-75.850565	1.582000	16.000000
1510	-75.830565	1.584000	16.010000
1511	-75.790565	1.586000	16.010000
1512	-75.740565	1.586000	15.850000
1513	-75.690565	1.586000	16.020000
1514	-75.680565	1.588000	16.120000
1515	-75.540565	1.590000	15.910000
1516	-75.400565	1.590000	16.050000
1517	-75.350565	1.592000	16.040000
1518	-75.250565	1.592000	15.900000
1519	-75.230565	1.592000	16.070000
1520	-75.210565	1.594000	15.950000
1521	-75.180565	1.596000	15.980000
1522	-75.120565	1.598000	16.080000
1523	-74.910565	1.598000	15.940000
1524	-74.900565	1.600000	15.850000
1525	-74.810565	1.600000	16.030000
1526	-74.550565	1.600000	15.980000
1527	-74.470565	1.602000	15.940000
1528	-74.460565	1.604000	15.990000
1529	-74.270565	1.604000	15.980000
1530	-74.220565	1.604000	16.260000
1531	-74.180565	1.608000	16.070000
1532	-74.180565	1.608000	16.030000
1533	-73.880565	1.608000	16.200000
1534	-73.790565	1.610000	16.200000
1535	-73.710565	1.610000	16.280000
1536	-73.580565	1.612000	16.180000
1537	-73.480565	1.613000	16.170000
1538	-73.480565	1.613000	16.190000
1539	-73.430565	1.613000	16.100000
1540	-73.410565	1.615000	16.020000
1541	-73.250565	1.617000	16.170000
1542	-73.230565	1.617000	16.230000
1543	-73.200565	1.619000	16.380000
1544	-73.130565	1.621000	16.160000
1545	-73.080565	1.621000	16.150000
1546	-73.020565	1.623000	16.110000
1547	-73.010565	1.623000	16.110000
1548	-73.000565	1.623000	16.010000
1549	-73.000565	1.625000	16.140000
1550	-72.930565	1.625000	16.220000
1551	-72.670565	1.627000	16.210000
1552	-72.660565	1.629000	16.170000
1553	-72.610565	1.629000	16.290000
1554	-72.610565	1.631000	16.160000
1555	-72.600565	1.631000	16.360000
1556	-72.600565	1.631000	16.240000
1557	-72.530565	1.635000	16.240000
1558	-72.510565	1.637000	16.210000
1559	-72.400565	1.639000	16.310000
1560	-72.330565	1.637000	16.190000
1561	-72.240565	1.639000	16.430000
1562	-72.160565	1.639000	16.200000
1563	-72.030565	1.641000	16.300000
1564	-71.910565	1.641000	16.210000
1565	-71.910565	1.643000	16.370000
1566	-71.850565	1.645000	16.280000
1567	-71.770565	1.645000	16.370000
1568	-71.620565	1.647000	16.380000
1569	-71.610565	1.647000	16.270000
1570	-71.570565	1.649000	16.440000
1571	-71.510565	1.649000	16.290000
1572	-71.450565	1.651000	16.450000
1573	-71.430565	1.653000	16.340000
1574	-71.380565	1.653000	16.300000
1575	-71.340565	1.654000	16.250000
1576	-71.300565	1.654000	16.280000
1577	-71.280565	1.654000	16.190000
1578	-71.140565	1.656000	16.280000
1579	-70.980565	1.656000	16.290000
1580	-70.930565	1.658000	16.430000
1581	-70.650565	1.660000	16.560000
1582	-70.610565	1.660000	16.380000
1583	-70.520565	1.662000	16.300000
1584	-70.370565	1.664000	16.400000
1585	-70.360565	1.664000	16.480000
1586	-70.350565	1.664000	16.440000
1587	-70.190565	1.666000	16.500000
1588	-70.130565	1.668000	16.490000
1589	-69.940565	1.668000	16.490000
1590	-69.840565	1.670000	16.520000
1591	-69.810565	1.670000	16.380000
1592	-69.780565	1.670000	16.470000
1593	-69.610565	1.672000	16.500000
1594	-69.580565	1.672000	16.640000
1595	-69.550565	1.674000	16.620000
1596	-69.530565	1.676000	16.570000
1597	-69.500565	1.676000	16.670000
1598	-69.490565	1.676000	16.490000
1599	-69.360565	1.678000	16.490000
1600	-69.130565	1.680000	16.650000
1601	-69.100565	1.680000	16.620000
1602	-69.060565	1.680000	16.600000
1603	-69.030565	1.682000	16.640000
1604	-68.920565	1.684000	16.510000
1605	-68.920565	1.684000	16.690000
1606	-68.800565	1.686000	16.460000
1607	-68.790565	1.686000	16.580000
1608	-68.770565	1.686000	16.460000
1609	-68.710565	1.688000	16.710000
1610	-68.680565	1.688000	16.620000
1611	-68.590565	1.692000	16.510000
1612	-68.370565	1.692000	16.610000
1613	-68.200565	1.692000	16.480000
1614	-68.020565	1.694000	16.610000
1615	-68.010565	1.696000	16.660000
1616	-67.950565	1.696000	16.510000
1617	-67.910565	1.696000	16.550000
1618	-67.890565	1.697000	16.580000
1619	-67.880565	1.697000	16.600000
1620	-67.860565	1.699000	16.500000
1621	-67.770565	1.701000	16.550000
1622	-67.770565	1.701000	16.460000
1623	-67.720565	1.703000	16.600000
1624	-67.640565	1.703000	16.610000
1625	-67.560565	1.705000	16.660000
1626	-67.550565	1.707000	16.560000
1627	-67.380565	1.707000	16.560000
1628	-67.370565	1.705000	16.600000
1629	-67.130565	1.709000	16.710000
1630	-66.940565	1.711000	16.760000
1631	-66.670565	1.711000	16.790000
1632	-66.600565	1.711000	16.760000
1633	-66.580565	1.713000	16.780000
1634	-66.430565	1.715000	16.700000
1635	-66.320565	1.715000	16.770000
1636	-66.120565	1.717000	16.720000
1637	-65.920565	1.719000	16.710000
1638	-65.800565	1.719000	16.940000
1639	-65.700565	1.721000	16.660000
1640	-65.700565	1.721000	16.770000
1641	-65.540565	1.723000	16.780000
1642	-65.460565	1.725000	16.940000
1643	-65.340565	1.725000	16.730000
1644	-65.330565	1.725000	16.830000
1645	-65.290565	1.727000	16.950000
1646	-65.280565	1.727000	16.810000
1647	-65.110565	1.729000	16.860000
1648	-65.100565	1.731000	16.790000
1649	-65.080565	1.731000	16.750000
1650	-64.990565	1.733000	16.710000
1651	-64.820565	1.733000	16.830000
1652	-64.790565	1.735000	16.810000
1653	-64.780565	1.735000	16.850000
1654	-64.770565	1.737000	16.890000
1655	-64.730565	1.738000	16.900000
1656	-64.680565	1.738000	16.950000
1657	-64.670565	1.740000	16.820000
1658	-64.470565	1.740000	16.850000
1659	-64.460565	1.740000	16.950000
1660	-64.460565	1.742000	16.830000
1661	-64.370565	1.744000	16.930000
1662	-64.280565	1.746000	16.950000
1663	-64.180565	1.746000	16.930000
1664	-64.160565	1.748000	16.950000
1665	-64.150565	1.748000	17.110000
1666	-64.130565	1.748000	16.880000
1667	-64.090565	1.750000	16.840000
1668	-63.860565	1.750000	17.040000
1669	-63.730565	1.752000	16.990000
1670	-63.550565	1.754000	16.930000
1671	-63.350565	1.754000	17.090000
1672	-63.260565	1.756000	16.910000
1673	-63.040565	1.756000	16.950000
1674	-62.980565	1.758000	16.960000
1675	-62.940565	1.758000	16.790000
1676	-62.790565	1.758000	16.810000
1677	-62.690565	1.760000	16.970000
1678	-62.680565	1.760000	16.870000
1679	-62.570565	1.762000	16.910000
1680	-62.470565	1.764000	16.990000
1681	-62.400565	1.764000	17.000000
1682	-62.380565	1.764000	17.030000
1683	-62.340565	1.766000	17.060000
1684	-62.310565	1.766000	17.070000
1685	-62.290565	1.768000	16.880000
1686	-62.240565	1.770000	17.080000
1687	-62.130565	1.770000	16.840000
1688	-62.050565	1.772000	17.030000
1689	-62.020565	1.772000	17.120000
1690	-61.950565	1.772000	16.940000
1691	-61.900565	1.774000	16.860000
1692	-61.820565	1.776000	17.040000
1693	-61.780565	1.778000	17.060000
1694	-61.670565	1.778000	17.190000
1695	-61.590565	1.779000	17.050000
1696	-61.560565	1.779000	16.920000
1697	-61.550565	1.779000	17.020000
1698	-61.510565	1.781000	17.030000
1699	-61.360565	1.781000	16.960000
1700	-61.330565	1.783000	17.250000
1701	-61.320565	1.785000	17.000000
1702	-61.280565	1.787000	17.070000
1703	-61.200565	1.787000	17.170000
1704	-61.050565	1.787000	17.000000
1705	-61.010565	1.789000	17.150000
1706	-60.920565	1.789000	17.140000
1707	-60.790565	1.791000	17.050000
1708	-60.770565	1.793000	17.190000
1709	-60.730565	1.793000	17.020000
1710	-60.720565	1.795000	17.090000
1711	-60.520565	1.795000	17.290000
1712	-60.400565	1.795000	17.190000
1713	-60.360565	1.797000	17.040000
1714	-60.350565	1.801000	17.070000
1715	-60.250565	1.801000	16.810000
1716	-60.210565	1.803000	17.320000
1717	-59.750565	1.803000	17.080000
1718	-59.630565	1.805000	17.330000
1719	-59.480565	1.805000	17.120000
1720	-59.440565	1.805000	17.110000
1721	-59.440565	1.809000	17.460000
1722	-59.350565	1.809000	17.140000
1723	-59.340565	1.811000	17.390000
1724	-59.260565	1.811000	17.210000
1725	-59.150565	1.811000	17.280000
1726	-59.140565	1.813000	17.290000
1727	-59.090565	1.813000	17.160000
1728	-59.070565	1.815000	17.170000
1729	-58.920565	1.815000	17.250000
1730	-58.910565	1.817000	17.200000
1731	-58.780565	1.817000	17.200000
1732	-58.750565	1.819000	17.420000
1733	-58.690565	1.820000	17.320000
1734	-58.630565	1.820000	17.150000
1735	-58.550565	1.820000	17.450000
1736	-58.450565	1.822000	17.250000
1737	-58.390565	1.824000	17.250000
1738	-58.340565	1.824000	17.080000
1739	-58.230565	1.824000	17.370000
1740	-58.050565	1.828000	17.190000
1741	-57.970565	1.828000	17.190000
1742	-57.960565	1.828000	17.310000
1743	-57.700565	1.830000	17.320000
1744	-57.440565	1.832000	17.330000
1745	-57.390565	1.832000	17.360000
1746	-57.320565	1.832000	17.260000
1747	-57.180565	1.834000	17.250000
1748	-57.140565	1.836000	17.480000
1749	-56.980565	1.836000	17.300000
1750	-56.900565	1.838000	17.430000
1751	-56.860565	1.840000	17.390000
1752	-56.750565	1.842000	17.300000
1753	-56.740565	1.842000	17.310000
1754	-56.740565	1.842000	17.480000
1755	-56.730565	1.842000	17.420000
1756	-56.630565	1.844000	17.400000
1757	-56.510565	1.844000	17.460000
1758	-56.390565	1.846000	17.360000
1759	-56.290565	1.848000	17.340000
1760	-56.270565	1.848000	17.290000
1761	-56.260565	1.848000	17.490000
1762	-56.210565	1.850000	17.470000
1763	-56.150565	1.852000	17.390000
1764	-56.050565	1.852000	17.490000
1765	-55.980565	1.852000	17.400000
1766	-55.910565	1.854000	17.420000
1767	-55.760565	1.856000	17.450000
1768	-55.710565	1.856000	17.330000
1769	-55.680565	1.856000	17.430000
1770	-55.640565	1.858000	17.480000
1771	-55.600565	1.860000	17.400000
1772	-55.510565	1.860000	17.360000
1773	-55.500565	1.862000	17.460000
1774	-55.440565	1.863000	17.380000
1775	-55.400565	1.863000	17.400000
1776	-55.230565	1.863000	17.360000
1777	-55.120565	1.865000	17.440000
1778	-54.800565	1.867000	17.530000
1779	-54.660565	1.867000	17.490000
1780	-54.570565	1.867000	17.460000
1781	-54.400565	1.869000	17.590000
1782	-54.230565	1.871000	17.560000
1783	-54.210565	1.871000	17.650000
1784	-54.190565	1.873000	17.680000
1785	-54.010565	1.873000	17.570000
1786	-53.980565	1.873000	17.510000
1787	-53.930565	1.875000	17.390000
1788	-53.920565	1.875000	17.450000
1789	-53.890565	1.877000	17.500000
1790	-53.890565	1.879000	17.510000
1791	-53.870565	1.879000	17.420000
1792	-53.860565	1.879000	17.600000
1793	-53.810565	1.881000	17.460000
1794	-53.660565	1.883000	17.630000
1795	-53.640565	1.885000	17.540000
1796	-53.560565	1.887000	17.580000
1797	-53.500565	1.887000	17.650000
1798	-53.470565	1.889000	17.570000
1799	-53.450565	1.891000	17.720000
1800	-53.410565	1.891000	17.560000
1801	-53.250565	1.891000	17.660000
1802	-53.210565	1.893000	17.460000
1803	-53.040565	1.895000	17.700000
1804	-52.900565	1.895000	17.670000
1805	-52.850565	1.897000	17.540000
1806	-52.820565	1.897000	17.600000
1807	-52.790565	1.897000	17.650000
1808	-52.710565	1.899000	17.580000
1809	-52.700565	1.901000	17.730000
1810	-52.530565	1.901000	17.620000
1811	-52.370565	1.903000	17.660000
1812	-52.370565	1.903000	17.560000
1813	-52.300565	1.904000	17.580000
1814	-52.250565	1.904000	17.810000
1815	-52.240565	1.904000	17.740000
1816	-52.100565	1.906000	17.630000
1817	-51.890565	1.908000	17.760000
1818	-51.800565	1.908000	17.700000
1819	-51.780565	1.910000	17.590000
1820	-51.690565	1.912000	17.620000
1821	-51.460565	1.912000	17.720000
1822	-51.350565	1.912000	17.690000
1823	-51.030565	1.914000	17.760000
1824	-50.950565	1.914000	17.720000
1825	-50.920565	1.916000	17.670000
1826	-50.860565	1.916000	17.780000
1827	-50.840565	1.920000	17.740000
1828	-50.790565	1.920000	17.750000
1829	-50.590565	1.922000	17.800000
1830	-50.580565	1.922000	17.730000
1831	-50.560565	1.922000	17.760000
1832	-50.430565	1.924000	17.970000
1833	-50.360565	1.926000	17.660000
1834	-50.330565	1.926000	17.710000
1835	-50.300565	1.928000	17.780000
1836	-50.260565	1.928000	17.630000
1837	-50.140565	1.928000	17.830000
1838	-49.990565	1.930000	17.940000
1839	-49.870565	1.932000	17.850000
1840	-49.760565	1.934000	17.880000
1841	-49.750565	1.934000	17.730000
1842	-49.720565	1.936000	17.760000
1843	-49.640565	1.936000	17.710000
1844	-49.620565	1.936000	17.820000
1845	-49.600565	1.938000	17.860000
1846	-49.550565	1.938000	17.800000
1847	-49.460565	1.940000	17.860000
1848	-49.420565	1.940000	17.760000
1849	-49.400565	1.942000	18.060000
1850	-49.320565	1.944000	17.840000
1851	-49.310565	1.944000	17.770000
1852	-49.240565	1.944000	17.790000
1853	-49.200565	1.946000	17.740000
1854	-49.170565	1.946000	17.870000
1855	-49.040565	1.947000	17.900000
1856	-48.950565	1.949000	17.770000
1857	-48.860565	1.949000	17.860000
1858	-48.810565	1.951000	17.770000
1859	-48.570565	1.951000	17.900000
1860	-48.460565	1.953000	17.960000
1861	-48.330565	1.953000	17.920000
1862	-48.200565	1.955000	17.880000
1863	-48.180565	1.957000	18.050000
1864	-48.100565	1.957000	17.900000
1865	-48.000565	1.959000	18.000000
1866	-47.930565	1.959000	17.970000
1867	-47.820565	1.959000	17.990000
1868	-47.720565	1.961000	18.160000
1869	-47.650565	1.961000	18.110000
1870	-47.620565	1.963000	18.000000
1871	-47.620565	1.965000	17.980000
1872	-47.600565	1.965000	18.050000
1873	-47.590565	1.967000	18.080000
1874	-47.570565	1.969000	18.070000
1875	-47.520565	1.969000	18.030000
1876	-47.460565	1.971000	17.940000
1877	-47.450565	1.971000	17.980000
1878	-47.310565	1.973000	17.940000
1879	-47.090565	1.973000	18.040000
1880	-47.090565	1.975000	17.910000
1881	-47.080565	1.977000	18.070000
1882	-46.990565	1.977000	17.910000
1883	-46.670565	1.977000	18.030000
1884	-46.650565	1.979000	18.040000
1885	-46.470565	1.981000	18.120000
1886	-46.400565	1.981000	18.170000
1887	-46.290565	1.983000	18.110000
1888	-46.090565	1.985000	18.200000
1889	-46.020565	1.985000	18.160000
1890	-45.950565	1.985000	18.020000
1891	-45.830565	1.987000	18.090000
1892	-45.780565	1.988000	18.030000
1893	-45.730565	1.988000	18.070000
1894	-45.690565	1.988000	18.150000
1895	-45.660565	1.990000	18.140000
1896	-45.630565	1.992000	18.290000
1897	-45.590565	1.992000	18.230000
1898	-45.550565	1.994000	18.170000
1899	-45.500565	1.996000	18.130000
1900	-45.490565	1.996000	18.100000
1901	-45.470565	1.998000	18.160000
1902	-45.420565	1.998000	18.090000
1903	-45.380565	1.998000	18.250000
1904	-45.370565	2.000000	18.170000
1905	-45.240565	2.002000	18.140000
1906	-44.950565	2.002000	18.260000
1907	-44.940565	2.002000	18.140000
1908	-44.900565	2.004000	18.190000
1909	-44.900565	2.004000	18.080000
1910	-44.670565	2.006000	18.180000
1911	-44.290565	2.008000	18.300000
1912	-44.270565	2.008000	18.250000
1913	-44.230565	2.008000	18.310000
1914	-44.150565	2.010000	18.250000
1915	-43.880565	2.014000	18.320000
1916	-43.870565	2.014000	18.300000
1917	-43.860565	2.012000	18.340000
1918	-43.850565	2.014000	18.340000
1919	-43.780565	2.014000	18.290000
1920	-43.770565	2.016000	18.410000
1921	-43.640565	2.016000	18.310000
1922	-43.630565	2.018000	18.260000
1923	-43.570565	2.020000	18.360000
1924	-43.570565	2.018000	18.230000
1925	-43.480565	2.022000	18.340000
1926	-43.470565	2.022000	18.460000
1927	-43.430565	2.024000	18.380000
1928	-43.300565	2.024000	18.430000
1929	-43.300565	2.024000	18.230000
1930	-43.240565	2.026000	18.280000
1931	-43.220565	2.028000	18.420000
1932	-43.210565	2.028000	18.280000
1933	-43.180565	2.029000	18.330000
1934	-43.050565	2.029000	18.350000
1935	-43.020565	2.029000	18.330000
1936	-42.770565	2.031000	18.320000
1937	-42.760565	2.031000	18.430000
1938	-42.680565	2.035000	18.330000
1939	-42.580565	2.035000	18.390000
1940	-42.500565	2.035000	18.350000
1941	-42.440565	2.037000	18.400000
1942	-42.320565	2.039000	18.530000
1943	-42.300565	2.039000	18.430000
1944	-42.140565	2.039000	18.400000
1945	-42.050565	2.041000	18.370000
1946	-41.950565	2.043000	18.460000
1947	-41.690565	2.045000	18.370000
1948	-41.650565	2.043000	18.360000
1949	-41.560565	2.045000	18.400000
1950	-41.490565	2.045000	18.460000
1951	-41.440565	2.047000	18.390000
1952	-41.410565	2.047000	18.390000
1953	-41.360565	2.051000	18.330000
1954	-41.260565	2.053000	18.410000
1955	-41.250565	2.053000	18.510000
1956	-41.240565	2.055000	18.400000
1957	-41.150565	2.055000	18.510000
1958	-41.010565	2.057000	18.450000
1959	-40.890565	2.059000	18.500000
1960	-40.810565	2.059000	18.490000
1961	-40.720565	2.061000	18.460000
1962	-40.500565	2.061000	18.410000
1963	-40.500565	2.061000	18.450000
1964	-40.420565	2.063000	18.540000
1965	-40.340565	2.063000	18.500000
1966	-40.200565	2.065000	18.430000
1967	-40.170565	2.065000	18.440000
1968	-40.040565	2.067000	18.540000
1969	-39.980565	2.069000	18.530000
1970	-39.930565	2.069000	18.560000
1971	-39.870565	2.070000	18.310000
1972	-39.680565	2.070000	18.590000
1973	-39.660565	2.072000	18.520000
1974	-39.440565	2.074000	18.440000
1975	-39.400565	2.074000	18.560000
1976	-39.390565	2.076000	18.530000
1977	-39.360565	2.076000	18.650000
1978	-39.250565	2.078000	18.500000
1979	-39.240565	2.078000	18.670000
1980	-39.120565	2.078000	18.650000
1981	-39.080565	2.080000	18.420000
1982	-38.920565	2.080000	18.610000
1983	-38.860565	2.080000	18.820000
1984	-38.650565	2.084000	18.640000
1985	-38.620565	2.084000	18.350000
1986	-38.580565	2.086000	18.510000
1987	-38.320565	2.086000	18.480000
1988	-38.230565	2.088000	18.690000
1989	-38.180565	2.090000	18.620000
1990	-38.140565	2.090000	18.660000
1991	-37.920565	2.092000	18.730000
1992	-37.870565	2.092000	18.620000
1993	-37.850565	2.092000	18.500000
1994	-37.840565	2.094000	18.890000
1995	-37.760565	2.094000	18.710000
1996	-37.580565	2.096000	18.740000
1997	-37.540565	2.096000	18.750000
1998	-37.410565	2.098000	18.820000
1999	-37.410565	2.100000	18.830000
2000	-37.320565	2.100000	18.670000
2001	-37.310565	2.102000	18.790000
2002	-37.300565	2.102000	18.760000
2003	-37.290565	2.102000	18.710000
2004	-37.210565	2.104000	18.750000
2005	-37.150565	2.106000	18.750000
2006	-37.120565	2.108000	18.720000
2007	-37.060565	2.108000	18.830000
2008	-36.960565	2.110000	18.850000
2009	-36.940565	2.110000	18.760000
2010	-36.800565	2.110000	18.700000
2011	-36.760565	2.112000	18.720000
2012	-36.630565	2.113000	18.790000
2013	-36.540565	2.113000	18.730000
2014	-36.540565	2.115000	18.820000
2015	-36.430565	2.115000	18.680000
2016	-36.290565	2.115000	18.640000
2017	-36.220565	2.117000	18.640000
2018	-36.000565	2.119000	18.980000
2019	-35.960565	2.121000	18.950000
2020	-35.940565	2.121000	18.680000
2021	-35.910565	2.123000	18.780000
2022	-35.870565	2.123000	18.750000
2023	-35.850565	2.123000	18.880000
2024	-35.840565	2.125000	18.790000
2025	-35.620565	2.125000	18.790000
2026	-35.490565	2.127000	18.820000
2027	-35.320565	2.129000	18.760000
2028	-35.310565	2.131000	18.840000
2029	-35.230565	2.131000	18.820000
2030	-35.150565	2.131000	18.870000
2031	-35.060565	2.135000	18.980000
2032	-34.740565	2.137000	18.840000
2033	-34.670565	2.137000	18.950000
2034	-34.650565	2.139000	18.760000
2035	-34.520565	2.139000	19.150000
2036	-34.300565	2.141000	19.130000
2037	-34.270565	2.141000	18.960000
2038	-34.250565	2.143000	19.210000
2039	-34.240565	2.145000	18.960000
2040	-34.070565	2.145000	19.020000
2041	-33.860565	2.145000	18.980000
2042	-33.750565	2.147000	19.250000
2043	-33.650565	2.149000	19.100000
2044	-33.610565	2.149000	18.970000
2045	-33.520565	2.149000	19.090000
2046	-33.440565	2.151000	18.840000
2047	-33.320565	2.153000	18.950000
2048	-33.200565	2.153000	19.130000
2049	-33.190565	2.154000	18.900000
2050	-33.150565	2.154000	19.100000
2051	-33.070565	2.154000	19.040000
2052	-33.010565	2.156000	19.040000
2053	-32.980565	2.156000	19.030000
2054	-32.950565	2.158000	19.060000
2055	-32.950565	2.160000	19.090000
2056	-32.940565	2.160000	19.120000
2057	-32.840565	2.160000	19.150000
2058	-32.780565	2.162000	19.070000
2059	-32.780565	2.164000	19.060000
2060	-32.650565	2.164000	19.020000
2061	-32.640565	2.164000	19.010000
2062	-32.600565	2.166000	19.110000
2063	-32.540565	2.168000	19.020000
2064	-32.530565	2.168000	19.060000
2065	-32.340565	2.170000	19.260000
2066	-32.310565	2.172000	19.050000
2067	-32.030565	2.172000	19.170000
2068	-31.740565	2.172000	19.180000
2069	-31.590565	2.174000	19.260000
2070	-31.580565	2.176000	19.200000
2071	-31.510565	2.176000	19.340000
2072	-31.410565	2.176000	19.260000
2073	-31.390565	2.178000	19.150000
2074	-31.330565	2.180000	19.310000
2075	-31.270565	2.180000	19.270000
2076	-31.200565	2.182000	19.350000
2077	-31.130565	2.184000	19.470000
2078	-31.110565	2.184000	19.230000
2079	-30.940565	2.186000	19.150000
2080	-30.800565	2.186000	19.300000
2081	-30.770565	2.188000	19.250000
2082	-30.760565	2.188000	19.270000
2083	-30.480565	2.188000	19.480000
2084	-30.460565	2.190000	19.260000
2085	-30.240565	2.190000	19.390000
2086	-30.110565	2.192000	19.170000
2087	-30.090565	2.192000	19.440000
2088	-30.060565	2.194000	19.410000
2089	-30.060565	2.196000	19.370000
2090	-29.910565	2.196000	19.260000
2091	-29.860565	2.196000	19.290000
2092	-29.760565	2.197000	19.240000
2093	-29.720565	2.199000	19.290000
2094	-29.680565	2.201000	19.420000
2095	-29.640565	2.199000	19.220000
2096	-29.490565	2.203000	19.360000
2097	-29.490565	2.203000	19.350000
2098	-29.440565	2.203000	19.260000
2099	-29.050565	2.205000	19.360000
2100	-28.740565	2.207000	19.370000
2101	-28.600565	2.207000	19.410000
2102	-28.580565	2.207000	19.580000
2103	-28.510565	2.209000	19.350000
2104	-28.490565	2.211000	19.370000
2105	-28.440565	2.211000	19.400000
2106	-28.350565	2.213000	19.630000
2107	-28.210565	2.215000	19.530000
2108	-28.150565	2.215000	19.310000
2109	-28.140565	2.217000	19.410000
2110	-28.070565	2.219000	19.440000
2111	-28.070565	2.219000	19.500000
2112	-28.060565	2.221000	19.490000
2113	-28.040565	2.221000	19.790000
2114	-28.010565	2.223000	19.470000
2115	-27.930565	2.223000	19.490000
2116	-27.870565	2.225000	19.420000
2117	-27.790565	2.225000	19.630000
2118	-27.760565	2.227000	19.470000
2119	-27.680565	2.227000	19.490000
2120	-27.590565	2.229000	19.500000
2121	-27.580565	2.231000	19.550000
2122	-27.460565	2.231000	19.510000
2123	-27.460565	2.233000	19.460000
2124	-27.330565	2.233000	19.610000
2125	-27.300565	2.233000	19.510000
2126	-27.240565	2.235000	19.450000
2127	-27.220565	2.237000	19.630000
2128	-27.200565	2.238000	19.500000
2129	-27.190565	2.238000	19.570000
2130	-27.140565	2.240000	19.580000
2131	-27.020565	2.240000	19.550000
2132	-26.880565	2.242000	19.610000
2133	-26.830565	2.242000	19.550000
2134	-26.730565	2.242000	19.800000
2135	-26.670565	2.244000	19.580000
2136	-26.580565	2.246000	19.510000
2137	-26.570565	2.248000	19.500000
2138	-26.440565	2.248000	19.470000
2139	-26.360565	2.248000	19.640000
2140	-26.320565	2.248000	19.750000
2141	-26.170565	2.250000	19.660000
2142	-26.130565	2.252000	19.620000
2143	-25.990565	2.252000	19.510000
2144	-25.820565	2.252000	19.650000
2145	-25.810565	2.254000	19.790000
2146	-25.780565	2.256000	19.580000
2147	-25.740565	2.256000	19.840000
2148	-25.330565	2.258000	19.690000
2149	-25.160565	2.258000	19.840000
2150	-25.030565	2.260000	19.710000
2151	-25.000565	2.262000	19.710000
2152	-25.000565	2.262000	19.840000
2153	-24.790565	2.264000	19.650000
2154	-24.760565	2.264000	19.760000
2155	-24.750565	2.266000	19.710000
2156	-24.690565	2.266000	19.810000
2157	-24.670565	2.266000	19.790000
2158	-24.550565	2.268000	19.810000
2159	-24.520565	2.268000	19.700000
2160	-24.500565	2.268000	19.820000
2161	-24.420565	2.272000	19.710000
2162	-24.400565	2.272000	19.640000
2163	-24.370565	2.274000	19.690000
2164	-24.320565	2.274000	19.820000
2165	-24.310565	2.276000	19.660000
2166	-24.300565	2.276000	19.740000
2167	-24.290565	2.278000	19.690000
2168	-24.110565	2.278000	19.790000
2169	-23.930565	2.279000	19.730000
2170	-23.870565	2.279000	19.810000
2171	-23.840565	2.279000	19.790000
2172	-23.780565	2.281000	19.730000
2173	-23.720565	2.283000	19.830000
2174	-23.560565	2.283000	19.710000
2175	-23.440565	2.285000	19.840000
2176	-23.430565	2.287000	19.770000
2177	-23.340565	2.287000	19.860000
2178	-23.120565	2.287000	19.740000
2179	-22.910565	2.289000	19.880000
2180	-22.900565	2.289000	19.750000
2181	-22.900565	2.291000	19.820000
2182	-22.870565	2.293000	19.800000
2183	-22.820565	2.293000	19.810000
2184	-22.740565	2.295000	19.940000
2185	-22.720565	2.297000	19.850000
2186	-22.690565	2.297000	19.840000
2187	-22.650565	2.301000	19.900000
2188	-22.510565	2.301000	19.850000
2189	-22.490565	2.301000	19.940000
2190	-22.360565	2.303000	19.960000
2191	-22.300565	2.305000	19.950000
2192	-22.270565	2.305000	19.890000
2193	-22.130565	2.305000	19.860000
2194	-22.110565	2.307000	19.840000
2195	-21.990565	2.309000	19.790000
2196	-21.960565	2.309000	19.890000
2197	-21.860565	2.311000	19.880000
2198	-21.840565	2.311000	19.880000
2199	-21.770565	2.311000	20.010000
2200	-21.750565	2.313000	19.920000
2201	-21.750565	2.313000	19.970000
2202	-21.740565	2.315000	19.850000
2203	-21.730565	2.317000	19.820000
2204	-21.730565	2.315000	19.860000
2205	-21.630565	2.317000	19.900000
2206	-21.600565	2.320000	19.930000
2207	-21.590565	2.320000	20.110000
2208	-21.580565	2.320000	19.910000
2209	-21.530565	2.322000	20.280000
2210	-21.360565	2.324000	20.090000
2211	-21.230565	2.324000	19.840000
2212	-21.210565	2.326000	20.090000
2213	-20.930565	2.326000	20.080000
2214	-20.870565	2.328000	20.120000
2215	-20.750565	2.328000	20.000000
2216	-20.580565	2.328000	20.100000
2217	-20.570565	2.330000	20.000000
2218	-20.440565	2.332000	20.090000
2219	-20.440565	2.332000	20.020000
2220	-20.400565	2.332000	20.050000
2221	-20.200565	2.334000	19.920000
2222	-20.180565	2.336000	20.040000
2223	-20.030565	2.336000	19.930000
2224	-19.890565	2.336000	19.980000
2225	-19.720565	2.340000	20.090000
2226	-19.710565	2.340000	20.190000
2227	-19.710565	2.342000	20.250000
2228	-19.700565	2.342000	20.200000
2229	-19.340565	2.342000	20.160000
2230	-19.040565	2.344000	20.220000
2231	-19.040565	2.344000	20.250000
2232	-18.920565	2.346000	20.160000
2233	-18.810565	2.348000	20.230000
2234	-18.750565	2.348000	20.270000
2235	-18.630565	2.348000	20.200000
2236	-18.580565	2.350000	20.170000
2237	-18.570565	2.352000	20.170000
2238	-18.540565	2.352000	20.190000
2239	-18.510565	2.352000	20.170000
2240	-18.440565	2.354000	20.240000
2241	-18.170565	2.358000	20.230000
2242	-18.090565	2.356000	20.100000
2243	-18.030565	2.358000	20.240000
2244	-17.980565	2.358000	20.260000
2245	-17.800565	2.360000	20.320000
2246	-17.790565	2.360000	20.290000
2247	-17.780565	2.360000	20.260000
2248	-17.770565	2.362000	20.330000
2249	-17.720565	2.363000	20.170000
2250	-17.700565	2.363000	20.200000
2251	-17.620565	2.363000	20.190000
2252	-17.550565	2.365000	20.160000
2253	-17.490565	2.367000	20.240000
2254	-17.360565	2.367000	20.300000
2255	-17.350565	2.369000	20.290000
2256	-17.250565	2.371000	20.240000
2257	-17.200565	2.371000	20.130000
2258	-16.950565	2.373000	20.240000
2259	-16.910565	2.373000	20.250000
2260	-16.870565	2.373000	20.180000
2261	-16.730565	2.375000	20.290000
2262	-16.630565	2.375000	20.150000
2263	-16.600565	2.377000	20.200000
2264	-16.590565	2.377000	20.320000
2265	-16.580565	2.379000	20.330000
2266	-16.430565	2.381000	20.250000
2267	-16.390565	2.383000	20.450000
2268	-16.370565	2.385000	20.440000
2269	-16.290565	2.387000	20.280000
2270	-16.190565	2.387000	20.280000
2271	-16.130565	2.389000	20.330000
2272	-16.010565	2.389000	20.230000
2273	-16.000565	2.389000	20.470000
2274	-15.970565	2.391000	20.250000
2275	-15.810565	2.393000	20.320000
2276	-15.770565	2.393000	20.230000
2277	-15.760565	2.395000	20.370000
2278	-15.680565	2.395000	20.220000
2279	-15.670565	2.397000	20.310000
2280	-15.630565	2.397000	20.310000
2281	-15.570565	2.399000	20.460000
2282	-15.350565	2.399000	20.310000
2283	-15.250565	2.399000	20.430000
2284	-15.240565	2.401000	20.450000
2285	-15.050565	2.401000	20.440000
2286	-15.040565	2.404000	20.270000
2287	-14.950565	2.404000	20.210000
2288	-14.920565	2.404000	20.430000
2289	-14.850565	2.406000	20.350000
2290	-14.680565	2.406000	20.440000
2291	-14.650565	2.408000	20.470000
2292	-14.590565	2.410000	20.410000
2293	-14.590565	2.410000	20.390000
2294	-14.550565	2.410000	20.360000
2295	-14.520565	2.412000	20.320000
2296	-14.370565	2.412000	20.410000
2297	-14.200565	2.414000	20.360000
2298	-14.150565	2.414000	20.330000
2299	-14.000565	2.416000	20.380000
2300	-13.930565	2.416000	20.430000
2301	-13.880565	2.420000	20.350000
2302	-13.830565	2.420000	20.290000
2303	-13.700565	2.420000	20.400000
2304	-13.690565	2.420000	20.460000
2305	-13.680565	2.422000	20.450000
2306	-13.410565	2.424000	20.710000
2307	-13.320565	2.426000	20.530000
2308	-13.080565	2.426000	20.550000
2309	-12.800565	2.428000	20.580000
2310	-12.730565	2.428000	20.520000
2311	-12.680565	2.428000	20.290000
2312	-12.680565	2.430000	20.300000
2313	-12.670565	2.430000	20.580000
2314	-12.470565	2.432000	20.520000
2315	-12.450565	2.432000	20.530000
2316	-12.160565	2.434000	20.500000
2317	-12.140565	2.436000	20.570000
2318	-12.100565	2.436000	20.520000
2319	-12.000565	2.436000	20.460000
2320	-11.800565	2.438000	20.450000
2321	-11.730565	2.438000	20.490000
2322	-11.600565	2.440000	20.510000
2323	-11.590565	2.442000	20.500000
2324	-11.490565	2.442000	20.660000
2325	-11.470565	2.444000	20.560000
2326	-11.430565	2.444000	20.560000
2327	-11.400565	2.446000	20.470000
2328	-11.360565	2.446000	20.580000
2329	-11.360565	2.447000	20.610000
2330	-11.240565	2.449000	20.490000
2331	-11.120565	2.449000	20.670000
2332	-11.040565	2.451000	20.500000
2333	-11.020565	2.451000	20.580000
2334	-10.850565	2.451000	20.540000
2335	-10.760565	2.453000	20.620000
2336	-10.690565	2.453000	20.780000
2337	-10.560565	2.455000	20.620000
2338	-10.540565	2.457000	20.650000
2339	-10.510565	2.457000	20.580000
2340	-10.430565	2.459000	20.600000
2341	-10.420565	2.459000	20.770000
2342	-10.290565	2.459000	20.730000
2343	-10.160565	2.461000	20.680000
2344	-10.130565	2.461000	20.710000
2345	-10.130565	2.465000	20.700000
2346	-10.130565	2.465000	20.840000
2347	-10.120565	2.467000	20.700000
2348	-10.070565	2.469000	20.830000
2349	-9.960565	2.469000	20.650000
2350	-9.900565	2.471000	20.680000
2351	-9.860565	2.473000	20.750000
2352	-9.810565	2.473000	20.660000
2353	-9.810565	2.473000	20.860000
2354	-9.720565	2.475000	20.630000
2355	-9.670565	2.477000	20.610000
2356	-9.670565	2.477000	20.840000
2357	-9.670565	2.477000	20.810000
2358	-9.580565	2.479000	20.880000
2359	-9.430565	2.481000	20.740000
2360	-9.390565	2.481000	20.600000
2361	-9.180565	2.483000	20.900000
2362	-9.150565	2.483000	20.780000
2363	-8.830565	2.483000	20.800000
2364	-8.290565	2.485000	20.870000
2365	-8.270565	2.487000	20.840000
2366	-8.270565	2.488000	20.790000
2367	-8.240565	2.488000	20.680000
2368	-8.190565	2.488000	20.940000
2369	-8.150565	2.490000	20.790000
2370	-7.860565	2.492000	20.950000
2371	-7.840565	2.492000	20.750000
2372	-7.820565	2.492000	20.870000
2373	-7.820565	2.494000	20.680000
2374	-7.790565	2.494000	20.870000
2375	-7.620565	2.496000	20.930000
2376	-7.600565	2.498000	20.960000
2377	-7.550565	2.498000	20.910000
2378	-7.460565	2.498000	20.870000
2379	-7.360565	2.500000	20.870000
2380	-7.350565	2.500000	20.910000
2381	-7.330565	2.502000	20.940000
2382	-7.140565	2.504000	20.940000
2383	-7.110565	2.502000	20.950000
2384	-7.080565	2.504000	20.970000
2385	-7.020565	2.508000	21.030000
2386	-6.880565	2.508000	20.920000
2387	-6.860565	2.508000	20.940000
2388	-6.850565	2.510000	20.870000
2389	-6.760565	2.512000	20.930000
2390	-6.640565	2.512000	20.980000
2391	-6.480565	2.514000	20.920000
2392	-6.350565	2.514000	20.890000
2393	-6.340565	2.514000	20.980000
2394	-6.250565	2.516000	21.120000
2395	-6.230565	2.516000	21.030000
2396	-6.140565	2.518000	20.950000
2397	-6.110565	2.520000	20.870000
2398	-6.060565	2.520000	21.000000
2399	-5.990565	2.520000	21.100000
2400	-5.930565	2.522000	21.040000
2401	-5.910565	2.524000	20.960000
2402	-5.690565	2.524000	21.000000
2403	-5.690565	2.524000	20.810000
2404	-5.680565	2.526000	21.070000
2405	-5.630565	2.528000	20.970000
2406	-5.570565	2.529000	20.830000
2407	-5.500565	2.529000	21.010000
2408	-5.330565	2.529000	21.070000
2409	-5.300565	2.531000	20.980000
2410	-5.280565	2.531000	20.970000
2411	-5.120565	2.533000	21.230000
2412	-5.050565	2.535000	21.000000
2413	-4.930565	2.535000	21.130000
2414	-4.910565	2.535000	20.980000
2415	-4.690565	2.539000	20.990000
2416	-4.560565	2.539000	21.210000
2417	-4.560565	2.539000	21.160000
2418	-4.420565	2.541000	21.070000
2419	-4.370565	2.543000	21.160000
2420	-4.370565	2.543000	21.140000
2421	-3.920565	2.545000	21.260000
2422	-3.870565	2.545000	21.240000
2423	-3.750565	2.547000	21.110000
2424	-3.680565	2.547000	21.200000
2425	-3.650565	2.547000	21.210000
2426	-3.650565	2.551000	21.260000
2427	-3.620565	2.553000	21.220000
2428	-3.620565	2.553000	21.210000
2429	-3.550565	2.553000	21.300000
2430	-3.540565	2.555000	21.340000
2431	-3.490565	2.555000	21.200000
2432	-3.470565	2.557000	21.350000
2433	-3.430565	2.559000	21.180000
2434	-3.230565	2.559000	21.200000
2435	-3.150565	2.561000	21.280000
2436	-2.990565	2.561000	21.250000
2437	-2.940565	2.563000	21.230000
2438	-2.900565	2.563000	21.160000
2439	-2.750565	2.565000	21.410000
2440	-2.630565	2.567000	21.170000
2441	-2.600565	2.567000	21.240000
2442	-2.300565	2.569000	21.320000
2443	-2.280565	2.569000	21.380000
2444	-2.240565	2.570000	21.280000
2445	-2.160565	2.570000	21.270000
2446	-2.160565	2.572000	21.460000
2447	-2.000565	2.574000	21.580000
2448	-1.670565	2.574000	21.340000
2449	-1.640565	2.576000	21.260000
2450	-1.560565	2.576000	21.270000
2451	-1.500565	2.576000	21.440000
2452	-1.470565	2.578000	21.450000
2453	-1.300565	2.580000	21.580000
2454	-1.290565	2.580000	21.410000
2455	-1.240565	2.582000	21.410000
2456	-1.050565	2.582000	21.460000
2457	-1.050565	2.584000	21.360000
2458	-0.980565	2.584000	21.400000
2459	-0.970565	2.584000	21.490000
2460	-0.940565	2.586000	21.390000
2461	-0.940565	2.586000	21.470000
2462	-0.930565	2.588000	21.520000
2463	-0.910565	2.588000	21.310000
2464	-0.900565	2.590000	21.450000
2465	-0.710565	2.592000	21.490000
2466	-0.700565	2.592000	21.440000
2467	-0.700565	2.592000	21.450000
2468	-0.700565	2.594000	21.490000
2469	-0.650565	2.594000	21.420000
2470	-0.470565	2.596000	21.440000
2471	-0.350565	2.598000	21.510000
2472	-0.310565	2.598000	21.430000
2473	-0.290565	2.600000	21.370000
2474	0.039435	2.600000	21.690000
2475	0.159435	2.602000	21.450000
2476	0.279435	2.602000	21.460000
2477	0.489435	2.604000	21.510000
2478	0.779435	2.606000	21.590000
2479	0.839435	2.606000	21.630000
2480	1.019435	2.608000	21.450000
2481	2.539435	2.608000	21.650000
