1	-190.477962	0.000000	9.590000
2	-189.277962	0.002000	9.650000
3	-189.147962	0.002000	10.050000
4	-189.147962	0.004000	9.760000
5	-189.107962	0.004000	9.590000
6	-189.047962	0.006000	9.710000
7	-189.027962	0.006000	9.650000
8	-188.967962	0.008000	9.620000
9	-188.747962	0.008000	9.560000
10	-188.737962	0.010000	9.370000
11	-188.687962	0.010000	9.440000
12	-188.647962	0.011000	9.490000
13	-188.627962	0.011000	9.590000
14	-188.537962	0.013000	9.720000
15	-188.437962	0.013000	10.060000
16	-188.367962	0.015000	9.660000
17	-188.167962	0.015000	9.600000
18	-188.127962	0.017000	10.180000
19	-188.047962	0.017000	9.750000
20	-187.957962	0.019000	9.740000
21	-187.887962	0.019000	9.690000
22	-187.667962	0.021000	10.030000
23	-187.647962	0.021000	9.980000
24	-187.607962	0.023000	9.590000
25	-187.527962	0.023000	9.560000
26	-187.317962	0.025000	9.670000
27	-187.317962	0.025000	9.600000
28	-187.307962	0.027000	9.940000
29	-187.277962	0.027000	9.740000
30	-187.177962	0.029000	9.810000
31	-187.157962	0.029000	9.860000
32	-187.117962	0.033000	9.890000
33	-187.117962	0.033000	9.810000
34	-187.037962	0.033000	9.810000
35	-187.037962	0.035000	9.800000
36	-187.027962	0.037000	9.690000
37	-187.007962	0.037000	9.570000
38	-186.907962	0.039000	9.810000
39	-186.827962	0.039000	9.600000
40	-186.597962	0.041000	9.720000
41	-186.527962	0.041000	9.640000
42	-186.517962	0.041000	9.850000
43	-186.477962	0.043000	9.790000
44	-186.437962	0.047000	9.850000
45	-186.307962	0.047000	9.660000
46	-186.177962	0.047000	9.780000
47	-186.167962	0.049000	10.060000
48	-186.157962	0.049000	9.860000
49	-185.967962	0.049000	9.490000
50	-185.927962	0.051000	9.560000
51	-185.837962	0.052000	9.970000
52	-185.787962	0.052000	9.820000
53	-185.777962	0.054000	9.850000
54	-185.717962	0.054000	9.900000
55	-185.697962	0.056000	10.370000
56	-185.657962	0.056000	9.650000
57	-185.657962	0.056000	9.850000
58	-185.567962	0.058000	9.980000
59	-185.417962	0.060000	9.810000
60	-185.207962	0.060000	9.770000
61	-185.197962	0.062000	9.870000
62	-185.117962	0.062000	9.830000
63	-185.087962	0.064000	9.690000
64	-184.547962	0.064000	9.860000
65	-184.537962	0.066000	9.900000
66	-184.307962	0.068000	9.730000
67	-183.967962	0.068000	9.900000
68	-183.957962	0.070000	9.890000
69	-183.947962	0.070000	10.010000
70	-183.917962	0.072000	10.100000
71	-183.917962	0.072000	9.820000
72	-183.907962	0.072000	9.710000
73	-183.667962	0.074000	9.970000
74	-183.627962	0.076000	10.040000
75	-183.547962	0.078000	10.020000
76	-183.537962	0.078000	10.060000
77	-183.497962	0.080000	9.990000
78	-183.467962	0.080000	10.040000
79	-183.427962	0.080000	9.780000
80	-183.297962	0.082000	9.860000
81	-183.267962	0.084000	10.540000
82	-183.257962	0.082000	10.230000
83	-183.247962	0.086000	9.890000
84	-183.127962	0.086000	10.080000
85	-183.067962	0.088000	10.150000
86	-183.037962	0.088000	9.880000
87	-182.997962	0.088000	10.080000
88	-182.947962	0.090000	9.720000
89	-182.797962	0.092000	9.970000
90	-182.787962	0.092000	9.930000
91	-182.727962	0.093000	10.190000
92	-182.717962	0.093000	10.130000
93	-182.517962	0.095000	9.870000
94	-182.407962	0.095000	9.920000
95	-182.297962	0.097000	10.410000
96	-182.277962	0.099000	10.420000
97	-182.017962	0.099000	10.010000
98	-181.947962	0.101000	10.440000
99	-181.877962	0.101000	9.950000
100	-181.737962	0.103000	10.010000
101	-181.707962	0.103000	10.120000
102	-181.627962	0.103000	10.320000
103	-181.567962	0.105000	9.960000
104	-181.567962	0.107000	10.000000
105	-181.507962	0.109000	10.430000
106	-181.427962	0.109000	10.080000
107	-181.287962	0.111000	9.990000
108	-181.267962	0.111000	9.900000
109	-181.117962	0.115000	10.090000
110	-181.097962	0.115000	10.050000
111	-181.027962	0.117000	10.050000
112	-180.997962	0.117000	10.050000
113	-180.977962	0.119000	9.950000
114	-180.857962	0.119000	9.980000
115	-180.847962	0.121000	10.130000
116	-180.847962	0.121000	10.460000
117	-180.787962	0.123000	10.350000
118	-180.767962	0.123000	10.310000
119	-180.717962	0.125000	10.520000
120	-180.507962	0.125000	10.040000
121	-180.467962	0.127000	10.310000
122	-180.457962	0.127000	10.190000
123	-180.427962	0.129000	10.450000
124	-180.427962	0.129000	10.400000
125	-180.267962	0.131000	10.070000
126	-180.267962	0.129000	10.210000
127	-180.247962	0.133000	10.070000
128	-180.197962	0.133000	10.360000
129	-179.967962	0.134000	10.040000
130	-179.747962	0.134000	10.260000
131	-179.727962	0.136000	10.030000
132	-179.407962	0.136000	10.100000
133	-179.407962	0.138000	10.190000
134	-179.287962	0.140000	10.140000
135	-179.197962	0.140000	10.540000
136	-179.197962	0.142000	10.560000
137	-179.167962	0.142000	10.450000
138	-179.147962	0.144000	10.240000
139	-178.997962	0.144000	10.190000
140	-178.977962	0.146000	10.090000
141	-178.967962	0.146000	10.070000
142	-178.947962	0.148000	10.610000
143	-178.857962	0.148000	10.320000
144	-178.777962	0.150000	10.060000
145	-178.577962	0.150000	10.320000
146	-178.487962	0.152000	10.310000
147	-178.457962	0.152000	10.390000
148	-178.457962	0.154000	10.200000
149	-178.437962	0.154000	10.490000
150	-178.147962	0.156000	10.350000
151	-178.147962	0.156000	10.310000
152	-178.047962	0.158000	10.160000
153	-177.907962	0.158000	10.220000
154	-177.897962	0.160000	10.180000
155	-177.777962	0.160000	10.120000
156	-177.757962	0.162000	10.260000
157	-177.637962	0.162000	10.170000
158	-177.557962	0.164000	10.450000
159	-177.507962	0.164000	10.530000
160	-177.437962	0.166000	10.290000
161	-177.227962	0.166000	10.160000
162	-177.217962	0.168000	10.050000
163	-177.217962	0.168000	10.540000
164	-176.917962	0.170000	10.740000
165	-176.877962	0.172000	10.380000
166	-176.857962	0.172000	10.320000
167	-176.777962	0.174000	10.560000
168	-176.767962	0.174000	10.170000
169	-176.677962	0.176000	10.310000
170	-176.667962	0.176000	10.540000
171	-176.637962	0.177000	10.160000
172	-176.537962	0.177000	10.570000
173	-176.467962	0.179000	10.630000
174	-176.457962	0.179000	10.310000
175	-176.427962	0.181000	10.410000
176	-176.397962	0.181000	10.570000
177	-176.357962	0.183000	10.480000
178	-176.187962	0.183000	10.320000
179	-176.147962	0.185000	10.200000
180	-176.087962	0.185000	9.890000
181	-176.077962	0.187000	10.450000
182	-176.057962	0.187000	10.390000
183	-176.057962	0.189000	10.430000
184	-175.937962	0.189000	10.330000
185	-175.937962	0.191000	10.330000
186	-175.857962	0.193000	10.530000
187	-175.857962	0.193000	10.690000
188	-175.817962	0.195000	10.340000
189	-175.717962	0.195000	10.390000
190	-175.627962	0.197000	10.410000
191	-175.457962	0.199000	10.320000
192	-175.367962	0.201000	10.610000
193	-175.187962	0.201000	10.420000
194	-175.057962	0.203000	10.390000
195	-174.997962	0.203000	10.390000
196	-174.927962	0.205000	10.480000
197	-174.927962	0.205000	10.330000
198	-174.917962	0.205000	10.440000
199	-174.857962	0.207000	10.400000
200	-174.727962	0.209000	10.650000
201	-174.587962	0.209000	10.340000
202	-174.547962	0.211000	10.520000
203	-174.527962	0.211000	10.430000
204	-174.487962	0.213000	10.650000
205	-174.467962	0.213000	10.320000
206	-174.327962	0.215000	10.290000
207	-174.217962	0.215000	10.330000
208	-174.217962	0.217000	10.440000
209	-174.197962	0.217000	10.440000
210	-174.107962	0.218000	10.500000
211	-173.967962	0.218000	10.600000
212	-173.817962	0.220000	10.490000
213	-173.717962	0.220000	10.460000
214	-173.707962	0.220000	10.500000
215	-173.597962	0.222000	10.410000
216	-173.437962	0.224000	10.290000
217	-173.407962	0.224000	10.630000
218	-173.327962	0.226000	10.410000
219	-173.227962	0.226000	10.420000
220	-173.177962	0.228000	10.640000
221	-173.157962	0.228000	10.630000
222	-173.087962	0.228000	10.350000
223	-173.067962	0.230000	10.390000
224	-173.007962	0.232000	10.500000
225	-172.967962	0.232000	10.400000
226	-172.897962	0.234000	10.440000
227	-172.827962	0.236000	10.530000
228	-172.827962	0.236000	10.560000
229	-172.677962	0.236000	10.730000
230	-172.547962	0.238000	10.630000
231	-172.457962	0.240000	10.490000
232	-172.417962	0.240000	10.540000
233	-172.367962	0.242000	10.830000
234	-172.347962	0.242000	10.690000
235	-172.297962	0.244000	10.530000
236	-172.277962	0.246000	10.350000
237	-172.187962	0.246000	10.650000
238	-172.167962	0.248000	10.520000
239	-172.117962	0.248000	10.560000
240	-171.927962	0.250000	10.580000
241	-171.917962	0.250000	10.500000
242	-171.617962	0.252000	10.700000
243	-171.547962	0.252000	10.640000
244	-171.527962	0.252000	10.730000
245	-171.467962	0.256000	10.510000
246	-171.407962	0.256000	10.640000
247	-171.387962	0.258000	10.680000
248	-171.137962	0.258000	10.650000
249	-171.077962	0.260000	10.580000
250	-171.077962	0.260000	10.560000
251	-171.057962	0.260000	10.680000
252	-171.017962	0.261000	10.610000
253	-170.917962	0.263000	10.630000
254	-170.917962	0.263000	10.650000
255	-170.907962	0.263000	10.610000
256	-170.887962	0.265000	10.720000
257	-170.857962	0.267000	10.560000
258	-170.797962	0.267000	10.490000
259	-170.667962	0.267000	10.650000
260	-170.547962	0.269000	10.470000
261	-170.527962	0.271000	10.490000
262	-170.307962	0.271000	10.450000
263	-170.267962	0.273000	10.760000
264	-170.197962	0.273000	10.580000
265	-170.057962	0.275000	10.590000
266	-170.027962	0.277000	10.560000
267	-170.007962	0.277000	10.610000
268	-169.977962	0.279000	10.690000
269	-169.967962	0.279000	10.830000
270	-169.627962	0.281000	10.680000
271	-169.607962	0.283000	10.750000
272	-169.597962	0.285000	10.670000
273	-169.447962	0.285000	10.710000
274	-169.437962	0.287000	10.600000
275	-169.407962	0.287000	10.790000
276	-169.367962	0.289000	10.550000
277	-169.157962	0.289000	11.010000
278	-169.127962	0.291000	10.740000
279	-169.117962	0.291000	10.640000
280	-168.997962	0.293000	10.470000
281	-168.707962	0.293000	10.680000
282	-168.697962	0.295000	10.810000
283	-168.557962	0.297000	10.740000
284	-168.537962	0.297000	10.690000
285	-168.517962	0.299000	10.760000
286	-168.387962	0.299000	10.910000
287	-168.047962	0.301000	10.920000
288	-168.017962	0.301000	10.960000
289	-167.857962	0.302000	10.730000
290	-167.837962	0.302000	11.110000
291	-167.757962	0.304000	10.920000
292	-167.577962	0.304000	10.810000
293	-167.537962	0.306000	10.720000
294	-167.427962	0.306000	10.690000
295	-167.227962	0.308000	10.680000
296	-167.137962	0.310000	10.840000
297	-167.087962	0.310000	10.850000
298	-167.057962	0.312000	10.810000
299	-167.047962	0.312000	10.750000
300	-167.047962	0.314000	10.540000
301	-166.887962	0.314000	10.690000
302	-166.877962	0.316000	10.800000
303	-166.847962	0.316000	10.780000
304	-166.757962	0.318000	11.490000
305	-166.757962	0.318000	11.000000
306	-166.737962	0.320000	10.680000
307	-166.667962	0.320000	10.720000
308	-166.667962	0.322000	10.880000
309	-166.657962	0.322000	10.710000
310	-166.637962	0.324000	10.810000
311	-166.537962	0.324000	10.740000
312	-166.487962	0.326000	10.740000
313	-166.167962	0.326000	10.770000
314	-166.137962	0.328000	10.860000
315	-166.037962	0.330000	11.530000
316	-166.017962	0.330000	11.050000
317	-165.887962	0.332000	10.940000
318	-165.877962	0.332000	10.930000
319	-165.807962	0.334000	10.840000
320	-165.557962	0.334000	11.070000
321	-165.547962	0.336000	10.990000
322	-165.017962	0.336000	11.060000
323	-164.947962	0.338000	11.020000
324	-164.937962	0.340000	10.980000
325	-164.877962	0.340000	10.950000
326	-164.807962	0.342000	11.170000
327	-164.737962	0.342000	10.830000
328	-164.677962	0.343000	11.100000
329	-164.647962	0.343000	11.420000
330	-164.597962	0.345000	10.930000
331	-164.537962	0.345000	10.980000
332	-164.537962	0.347000	10.980000
333	-164.477962	0.347000	10.890000
334	-164.467962	0.349000	10.950000
335	-164.437962	0.347000	11.030000
336	-164.437962	0.351000	10.990000
337	-164.097962	0.351000	10.980000
338	-163.977962	0.353000	10.970000
339	-163.927962	0.353000	10.990000
340	-163.917962	0.355000	11.040000
341	-163.897962	0.355000	10.880000
342	-163.817962	0.357000	11.010000
343	-163.787962	0.359000	11.060000
344	-163.737962	0.359000	11.050000
345	-163.737962	0.361000	11.280000
346	-163.687962	0.361000	11.000000
347	-163.647962	0.365000	11.040000
348	-163.637962	0.365000	10.980000
349	-163.587962	0.367000	11.270000
350	-163.577962	0.367000	11.140000
351	-163.247962	0.369000	11.170000
352	-163.207962	0.369000	11.010000
353	-163.207962	0.371000	11.060000
354	-163.177962	0.373000	11.020000
355	-163.127962	0.373000	11.030000
356	-163.107962	0.375000	11.120000
357	-163.097962	0.375000	10.960000
358	-162.987962	0.377000	11.150000
359	-162.977962	0.377000	11.000000
360	-162.967962	0.377000	11.020000
361	-162.707962	0.379000	11.330000
362	-162.697962	0.381000	11.150000
363	-162.647962	0.383000	10.980000
364	-162.567962	0.383000	11.130000
365	-162.167962	0.384000	11.490000
366	-162.107962	0.384000	11.200000
367	-162.027962	0.384000	11.440000
368	-161.927962	0.386000	11.250000
369	-161.857962	0.388000	11.070000
370	-161.747962	0.388000	11.210000
371	-161.667962	0.390000	11.080000
372	-161.567962	0.390000	11.190000
373	-161.547962	0.392000	10.950000
374	-161.497962	0.392000	11.150000
375	-161.427962	0.392000	11.440000
376	-161.417962	0.394000	11.310000
377	-161.237962	0.396000	11.390000
378	-161.217962	0.396000	11.240000
379	-161.217962	0.398000	11.280000
380	-161.137962	0.398000	11.050000
381	-161.137962	0.400000	11.190000
382	-161.067962	0.400000	11.130000
383	-160.947962	0.402000	11.270000
384	-160.907962	0.402000	11.330000
385	-160.757962	0.404000	11.110000
386	-160.707962	0.404000	11.340000
387	-160.677962	0.406000	11.210000
388	-160.637962	0.406000	11.170000
389	-160.587962	0.408000	11.050000
390	-160.537962	0.408000	11.370000
391	-160.497962	0.410000	11.290000
392	-160.487962	0.410000	11.310000
393	-160.327962	0.412000	11.430000
394	-160.247962	0.414000	11.140000
395	-160.227962	0.414000	11.420000
396	-160.157962	0.416000	11.340000
397	-160.047962	0.416000	11.380000
398	-160.007962	0.416000	11.270000
399	-159.967962	0.418000	11.400000
400	-159.947962	0.420000	11.360000
401	-159.797962	0.420000	11.310000
402	-159.737962	0.422000	11.340000
403	-159.497962	0.424000	11.270000
404	-159.467962	0.424000	11.350000
405	-159.287962	0.424000	11.440000
406	-159.177962	0.426000	11.280000
407	-159.157962	0.427000	11.450000
408	-159.147962	0.427000	11.370000
409	-159.007962	0.429000	11.430000
410	-159.007962	0.429000	11.530000
411	-158.987962	0.431000	11.380000
412	-158.827962	0.431000	11.310000
413	-158.747962	0.433000	11.240000
414	-158.737962	0.435000	11.820000
415	-158.737962	0.435000	11.490000
416	-158.547962	0.437000	11.230000
417	-158.527962	0.437000	11.330000
418	-158.517962	0.439000	11.510000
419	-158.427962	0.439000	11.380000
420	-158.397962	0.441000	11.430000
421	-158.357962	0.441000	11.450000
422	-158.097962	0.443000	11.180000
423	-158.027962	0.443000	11.480000
424	-157.847962	0.445000	11.490000
425	-157.527962	0.445000	11.460000
426	-157.357962	0.449000	11.600000
427	-157.327962	0.449000	11.370000
428	-157.267962	0.451000	11.560000
429	-157.237962	0.451000	11.570000
430	-157.107962	0.453000	11.460000
431	-157.067962	0.453000	11.540000
432	-157.027962	0.455000	11.650000
433	-157.017962	0.457000	11.640000
434	-156.777962	0.457000	11.490000
435	-156.767962	0.459000	11.500000
436	-156.727962	0.459000	11.490000
437	-156.707962	0.461000	11.390000
438	-156.697962	0.461000	11.510000
439	-156.647962	0.463000	11.500000
440	-156.607962	0.463000	11.500000
441	-156.607962	0.465000	11.450000
442	-156.557962	0.467000	11.560000
443	-156.297962	0.467000	11.630000
444	-156.267962	0.468000	11.600000
445	-156.257962	0.468000	11.520000
446	-156.247962	0.470000	11.300000
447	-156.247962	0.470000	11.360000
448	-156.237962	0.472000	11.450000
449	-156.207962	0.472000	11.310000
450	-156.157962	0.474000	11.540000
451	-155.827962	0.472000	11.660000
452	-155.657962	0.476000	11.550000
453	-155.637962	0.478000	11.910000
454	-155.547962	0.478000	11.640000
455	-155.357962	0.480000	11.590000
456	-155.357962	0.480000	11.580000
457	-154.927962	0.484000	11.790000
458	-154.857962	0.482000	11.760000
459	-154.807962	0.484000	11.600000
460	-154.717962	0.484000	11.610000
461	-154.577962	0.486000	11.780000
462	-154.457962	0.488000	11.850000
463	-154.387962	0.488000	11.780000
464	-154.277962	0.488000	11.660000
465	-154.277962	0.488000	11.520000
466	-154.247962	0.492000	11.650000
467	-154.107962	0.492000	11.710000
468	-154.047962	0.494000	11.800000
469	-153.967962	0.494000	11.810000
470	-153.807962	0.496000	11.700000
471	-153.757962	0.500000	11.770000
472	-153.707962	0.500000	11.910000
473	-153.587962	0.500000	11.840000
474	-153.527962	0.500000	11.720000
475	-153.407962	0.502000	11.780000
476	-153.377962	0.502000	11.790000
477	-153.277962	0.504000	11.880000
478	-153.257962	0.504000	11.690000
479	-153.207962	0.506000	11.900000
480	-153.177962	0.506000	11.740000
481	-153.157962	0.508000	11.950000
482	-153.107962	0.510000	11.880000
483	-153.097962	0.510000	11.740000
484	-153.087962	0.511000	11.700000
485	-152.927962	0.511000	11.820000
486	-152.927962	0.513000	11.600000
487	-152.927962	0.513000	12.060000
488	-152.907962	0.515000	11.760000
489	-152.867962	0.515000	11.980000
490	-152.847962	0.517000	11.750000
491	-152.847962	0.517000	11.770000
492	-152.787962	0.519000	11.600000
493	-152.727962	0.519000	11.940000
494	-152.667962	0.521000	11.770000
495	-152.657962	0.521000	11.940000
496	-152.497962	0.523000	11.910000
497	-152.427962	0.523000	11.950000
498	-152.337962	0.525000	11.580000
499	-152.327962	0.525000	12.000000
500	-152.307962	0.527000	12.010000
501	-152.187962	0.529000	11.840000
502	-152.107962	0.529000	11.890000
503	-151.827962	0.533000	12.120000
504	-151.707962	0.533000	11.980000
505	-151.667962	0.533000	11.880000
506	-151.387962	0.535000	11.930000
507	-151.287962	0.537000	12.130000
508	-151.117962	0.537000	12.000000
509	-151.107962	0.537000	12.070000
510	-150.997962	0.541000	11.890000
511	-150.977962	0.541000	12.060000
512	-150.927962	0.541000	11.990000
513	-150.877962	0.543000	12.040000
514	-150.857962	0.545000	11.820000
515	-150.817962	0.545000	12.080000
516	-150.807962	0.547000	12.290000
517	-150.807962	0.547000	12.010000
518	-150.747962	0.549000	11.930000
519	-150.697962	0.549000	11.980000
520	-150.597962	0.551000	11.930000
521	-150.557962	0.551000	12.180000
522	-150.487962	0.552000	12.060000
523	-150.447962	0.552000	11.900000
524	-150.237962	0.554000	11.990000
525	-150.197962	0.554000	12.030000
526	-150.187962	0.556000	11.900000
527	-150.157962	0.556000	11.900000
528	-150.137962	0.556000	11.740000
529	-150.127962	0.558000	12.180000
530	-150.047962	0.562000	12.070000
531	-149.857962	0.562000	11.930000
532	-149.767962	0.562000	11.860000
533	-149.567962	0.564000	12.140000
534	-149.467962	0.564000	12.010000
535	-149.427962	0.564000	12.050000
536	-149.387962	0.566000	12.250000
537	-149.317962	0.568000	12.090000
538	-149.207962	0.568000	12.080000
539	-149.057962	0.570000	11.990000
540	-149.027962	0.572000	12.070000
541	-148.887962	0.572000	12.100000
542	-148.827962	0.572000	12.160000
543	-148.817962	0.574000	12.040000
544	-148.777962	0.576000	12.100000
545	-148.697962	0.576000	11.970000
546	-148.647962	0.578000	12.090000
547	-148.607962	0.578000	12.090000
548	-148.407962	0.580000	12.230000
549	-148.357962	0.582000	11.970000
550	-148.197962	0.582000	12.410000
551	-148.007962	0.584000	12.520000
552	-147.817962	0.584000	12.100000
553	-147.787962	0.586000	12.250000
554	-147.657962	0.586000	12.230000
555	-147.617962	0.588000	12.300000
556	-147.607962	0.588000	12.110000
557	-147.557962	0.588000	12.360000
558	-147.427962	0.590000	12.230000
559	-147.337962	0.592000	12.210000
560	-147.217962	0.593000	12.100000
561	-147.197962	0.593000	12.170000
562	-147.177962	0.593000	12.200000
563	-147.007962	0.595000	12.270000
564	-147.007962	0.595000	12.500000
565	-146.967962	0.595000	12.240000
566	-146.927962	0.597000	12.200000
567	-146.927962	0.599000	12.320000
568	-146.917962	0.599000	12.150000
569	-146.777962	0.601000	12.200000
570	-146.547962	0.601000	12.040000
571	-146.447962	0.603000	12.260000
572	-146.307962	0.603000	12.320000
573	-146.277962	0.603000	12.280000
574	-146.277962	0.605000	12.240000
575	-146.207962	0.607000	12.140000
576	-146.027962	0.607000	12.420000
577	-146.007962	0.609000	12.260000
578	-145.837962	0.609000	12.240000
579	-145.797962	0.611000	12.310000
580	-145.697962	0.611000	12.260000
581	-145.687962	0.613000	12.490000
582	-145.607962	0.615000	12.300000
583	-145.457962	0.617000	12.320000
584	-145.427962	0.617000	12.300000
585	-145.267962	0.619000	12.310000
586	-145.217962	0.619000	12.420000
587	-145.157962	0.621000	12.230000
588	-144.917962	0.621000	12.680000
589	-144.907962	0.625000	12.280000
590	-144.877962	0.625000	12.520000
591	-144.857962	0.625000	12.520000
592	-144.827962	0.627000	12.300000
593	-144.827962	0.627000	12.350000
594	-144.707962	0.629000	12.250000
595	-144.687962	0.629000	12.520000
596	-144.597962	0.631000	12.230000
597	-144.537962	0.631000	12.650000
598	-144.467962	0.633000	12.580000
599	-144.307962	0.634000	12.390000
600	-144.297962	0.634000	12.410000
601	-144.257962	0.636000	12.360000
602	-144.227962	0.636000	12.510000
603	-144.117962	0.638000	12.260000
604	-144.107962	0.638000	12.320000
605	-144.067962	0.640000	12.530000
606	-143.977962	0.640000	12.480000
607	-143.767962	0.642000	12.440000
608	-143.597962	0.642000	12.580000
609	-143.467962	0.644000	12.550000
610	-143.417962	0.644000	12.690000
611	-143.337962	0.646000	12.540000
612	-143.287962	0.646000	12.540000
613	-143.287962	0.648000	12.350000
614	-143.277962	0.648000	12.440000
615	-143.157962	0.650000	12.490000
616	-143.147962	0.650000	12.330000
617	-143.047962	0.652000	12.580000
618	-143.037962	0.652000	12.580000
619	-143.037962	0.654000	12.350000
620	-143.017962	0.654000	12.510000
621	-142.997962	0.656000	12.560000
622	-142.787962	0.656000	12.470000
623	-142.767962	0.658000	12.520000
624	-142.757962	0.658000	12.510000
625	-142.747962	0.660000	12.530000
626	-142.727962	0.660000	12.630000
627	-142.647962	0.660000	12.540000
628	-142.547962	0.660000	12.440000
629	-142.397962	0.664000	12.640000
630	-142.377962	0.664000	12.600000
631	-142.267962	0.666000	12.470000
632	-142.087962	0.666000	12.600000
633	-141.887962	0.668000	12.670000
634	-141.867962	0.668000	12.700000
635	-141.837962	0.670000	12.590000
636	-141.827962	0.670000	12.510000
637	-141.627962	0.672000	12.790000
638	-141.587962	0.672000	12.870000
639	-141.517962	0.672000	12.750000
640	-141.467962	0.674000	12.590000
641	-141.417962	0.676000	12.700000
642	-141.317962	0.676000	12.630000
643	-141.247962	0.677000	12.570000
644	-141.237962	0.677000	12.620000
645	-141.177962	0.679000	12.720000
646	-141.127962	0.679000	12.730000
647	-141.067962	0.681000	12.640000
648	-140.867962	0.681000	12.510000
649	-140.867962	0.683000	12.610000
650	-140.807962	0.685000	12.730000
651	-140.757962	0.685000	12.640000
652	-140.727962	0.687000	12.760000
653	-140.587962	0.687000	12.690000
654	-140.497962	0.689000	12.770000
655	-140.417962	0.689000	12.810000
656	-140.397962	0.691000	12.930000
657	-140.387962	0.691000	12.650000
658	-140.267962	0.693000	12.680000
659	-140.127962	0.691000	12.710000
660	-140.097962	0.695000	12.880000
661	-140.047962	0.697000	12.890000
662	-139.957962	0.699000	12.670000
663	-139.817962	0.701000	12.840000
664	-139.787962	0.701000	12.910000
665	-139.457962	0.703000	13.020000
666	-139.437962	0.703000	12.700000
667	-139.427962	0.705000	12.920000
668	-139.387962	0.705000	12.930000
669	-139.337962	0.707000	12.790000
670	-139.307962	0.709000	12.640000
671	-139.307962	0.709000	12.860000
672	-139.237962	0.711000	12.790000
673	-139.227962	0.711000	12.810000
674	-138.887962	0.713000	12.680000
675	-138.887962	0.713000	12.880000
676	-138.867962	0.713000	12.850000
677	-138.867962	0.715000	13.070000
678	-138.817962	0.717000	12.920000
679	-138.817962	0.717000	13.150000
680	-138.787962	0.718000	13.140000
681	-138.707962	0.718000	12.760000
682	-138.677962	0.720000	12.880000
683	-138.667962	0.720000	12.980000
684	-138.577962	0.720000	12.900000
685	-138.557962	0.722000	12.910000
686	-138.477962	0.724000	12.780000
687	-138.237962	0.722000	12.960000
688	-137.947962	0.726000	13.140000
689	-137.887962	0.728000	12.780000
690	-137.847962	0.728000	12.780000
691	-137.827962	0.728000	13.040000
692	-137.747962	0.730000	12.930000
693	-137.707962	0.732000	12.960000
694	-137.697962	0.732000	12.970000
695	-137.687962	0.734000	12.910000
696	-137.627962	0.734000	12.980000
697	-137.487962	0.736000	12.950000
698	-137.357962	0.736000	12.900000
699	-137.087962	0.738000	13.080000
700	-136.977962	0.740000	13.030000
701	-136.957962	0.740000	12.970000
702	-136.947962	0.742000	12.970000
703	-136.927962	0.742000	13.140000
704	-136.887962	0.744000	12.970000
705	-136.857962	0.744000	12.940000
706	-136.847962	0.746000	13.030000
707	-136.627962	0.746000	12.930000
708	-136.607962	0.748000	13.090000
709	-136.517962	0.750000	12.920000
710	-136.357962	0.750000	13.080000
711	-136.357962	0.752000	12.930000
712	-136.177962	0.752000	13.290000
713	-135.957962	0.752000	12.860000
714	-135.827962	0.754000	13.120000
715	-135.807962	0.754000	13.000000
716	-135.667962	0.754000	12.970000
717	-135.627962	0.756000	13.310000
718	-135.607962	0.758000	13.190000
719	-135.607962	0.760000	13.110000
720	-135.437962	0.760000	13.040000
721	-135.397962	0.760000	13.050000
722	-135.397962	0.761000	13.100000
723	-135.237962	0.763000	13.040000
724	-135.087962	0.763000	13.230000
725	-135.077962	0.765000	13.060000
726	-135.017962	0.765000	13.140000
727	-134.957962	0.767000	13.070000
728	-134.807962	0.767000	13.130000
729	-134.717962	0.769000	13.010000
730	-134.697962	0.769000	13.200000
731	-134.657962	0.771000	13.080000
732	-134.577962	0.771000	13.060000
733	-134.507962	0.773000	13.100000
734	-134.367962	0.773000	12.930000
735	-134.337962	0.775000	12.990000
736	-134.247962	0.775000	13.230000
737	-134.097962	0.775000	13.090000
738	-134.067962	0.777000	13.040000
739	-134.037962	0.781000	13.220000
740	-133.927962	0.781000	13.140000
741	-133.857962	0.783000	13.160000
742	-133.827962	0.785000	13.080000
743	-133.727962	0.785000	13.210000
744	-133.657962	0.787000	13.050000
745	-133.607962	0.787000	13.100000
746	-133.437962	0.789000	12.970000
747	-133.347962	0.789000	13.210000
748	-133.247962	0.791000	13.340000
749	-133.197962	0.791000	13.090000
750	-133.057962	0.793000	13.200000
751	-133.057962	0.793000	13.220000
752	-133.037962	0.795000	13.230000
753	-133.037962	0.795000	13.450000
754	-133.007962	0.797000	13.330000
755	-132.957962	0.797000	13.130000
756	-132.927962	0.799000	13.170000
757	-132.917962	0.799000	13.260000
758	-132.907962	0.801000	13.280000
759	-132.817962	0.801000	13.450000
760	-132.817962	0.802000	13.280000
761	-132.657962	0.802000	13.280000
762	-132.607962	0.804000	13.210000
763	-132.467962	0.804000	13.170000
764	-132.377962	0.806000	13.300000
765	-132.317962	0.806000	13.220000
766	-132.307962	0.808000	13.140000
767	-132.287962	0.808000	13.280000
768	-132.147962	0.812000	13.320000
769	-132.067962	0.810000	13.170000
770	-132.037962	0.812000	13.270000
771	-131.997962	0.812000	13.300000
772	-131.987962	0.814000	13.300000
773	-131.797962	0.814000	13.400000
774	-131.747962	0.816000	13.450000
775	-131.687962	0.816000	13.290000
776	-131.657962	0.818000	13.410000
777	-131.417962	0.818000	13.240000
778	-131.247962	0.820000	13.330000
779	-131.197962	0.820000	13.370000
780	-131.167962	0.822000	13.320000
781	-131.117962	0.822000	13.580000
782	-131.057962	0.824000	13.340000
783	-130.917962	0.824000	13.600000
784	-130.687962	0.826000	13.490000
785	-130.557962	0.826000	13.520000
786	-130.437962	0.828000	13.550000
787	-130.377962	0.828000	13.490000
788	-130.307962	0.830000	13.480000
789	-130.287962	0.830000	13.530000
790	-130.267962	0.832000	13.520000
791	-130.197962	0.834000	13.570000
792	-130.177962	0.834000	13.470000
793	-130.107962	0.836000	13.450000
794	-130.097962	0.836000	13.620000
795	-130.067962	0.838000	13.530000
796	-129.937962	0.838000	13.390000
797	-129.817962	0.840000	13.330000
798	-129.787962	0.840000	13.350000
799	-129.737962	0.842000	13.380000
800	-129.687962	0.843000	13.470000
801	-129.657962	0.843000	13.490000
802	-129.487962	0.845000	13.400000
803	-129.447962	0.845000	13.510000
804	-129.267962	0.847000	13.410000
805	-129.097962	0.847000	13.700000
806	-128.997962	0.849000	13.710000
807	-128.917962	0.847000	13.690000
808	-128.787962	0.851000	13.640000
809	-128.687962	0.853000	13.490000
810	-128.677962	0.853000	13.720000
811	-128.637962	0.855000	13.600000
812	-128.527962	0.855000	13.450000
813	-128.357962	0.857000	13.580000
814	-128.077962	0.857000	13.750000
815	-128.017962	0.859000	13.690000
816	-127.967962	0.859000	13.670000
817	-127.847962	0.861000	13.760000
818	-127.797962	0.861000	13.590000
819	-127.767962	0.865000	13.570000
820	-127.737962	0.865000	13.670000
821	-127.587962	0.867000	13.620000
822	-127.557962	0.867000	13.750000
823	-127.517962	0.869000	13.740000
824	-127.467962	0.869000	13.460000
825	-127.447962	0.869000	13.860000
826	-127.377962	0.871000	13.690000
827	-127.317962	0.875000	13.720000
828	-127.297962	0.875000	13.650000
829	-127.217962	0.875000	13.830000
830	-127.197962	0.875000	13.810000
831	-127.117962	0.877000	13.730000
832	-127.067962	0.877000	13.780000
833	-127.067962	0.877000	13.730000
834	-127.027962	0.879000	13.660000
835	-127.017962	0.881000	13.650000
836	-126.837962	0.881000	13.620000
837	-126.807962	0.883000	13.700000
838	-126.797962	0.883000	13.870000
839	-126.787962	0.884000	13.930000
840	-126.707962	0.884000	13.730000
841	-126.667962	0.884000	13.630000
842	-126.637962	0.886000	13.780000
843	-126.637962	0.888000	13.640000
844	-126.577962	0.888000	13.790000
845	-126.497962	0.890000	13.700000
846	-126.437962	0.890000	13.870000
847	-126.417962	0.892000	13.740000
848	-126.257962	0.892000	13.810000
849	-126.247962	0.892000	13.620000
850	-126.007962	0.894000	13.790000
851	-125.997962	0.896000	13.730000
852	-125.937962	0.894000	13.990000
853	-125.927962	0.898000	13.710000
854	-125.857962	0.898000	14.020000
855	-125.797962	0.900000	13.690000
856	-125.417962	0.900000	13.970000
857	-125.397962	0.900000	13.930000
858	-125.307962	0.902000	13.900000
859	-125.287962	0.906000	13.860000
860	-125.127962	0.904000	13.900000
861	-125.097962	0.906000	14.130000
862	-125.027962	0.906000	13.900000
863	-125.017962	0.908000	13.790000
864	-125.017962	0.908000	13.800000
865	-124.877962	0.908000	13.880000
866	-124.797962	0.910000	14.130000
867	-124.777962	0.910000	13.820000
868	-124.667962	0.912000	13.760000
869	-124.537962	0.914000	13.940000
870	-124.477962	0.914000	14.020000
871	-124.427962	0.916000	14.000000
872	-124.347962	0.916000	14.040000
873	-124.277962	0.918000	14.010000
874	-124.257962	0.918000	13.900000
875	-124.217962	0.920000	13.730000
876	-124.057962	0.920000	13.620000
877	-124.037962	0.922000	14.100000
878	-123.767962	0.922000	13.930000
879	-123.567962	0.924000	13.940000
880	-123.377962	0.924000	13.860000
881	-123.367962	0.924000	14.060000
882	-123.367962	0.926000	13.950000
883	-123.227962	0.927000	14.000000
884	-123.217962	0.929000	14.100000
885	-123.147962	0.929000	13.930000
886	-123.127962	0.931000	14.060000
887	-123.087962	0.931000	14.040000
888	-122.987962	0.931000	14.070000
889	-122.967962	0.933000	14.120000
890	-122.687962	0.937000	14.120000
891	-122.637962	0.937000	14.050000
892	-122.627962	0.937000	13.930000
893	-122.547962	0.939000	14.140000
894	-122.217962	0.939000	13.870000
895	-122.167962	0.939000	14.070000
896	-122.127962	0.941000	13.990000
897	-121.947962	0.943000	13.990000
898	-121.937962	0.943000	14.080000
899	-121.927962	0.945000	14.050000
900	-121.887962	0.945000	14.130000
901	-121.877962	0.949000	13.820000
902	-121.857962	0.949000	14.010000
903	-121.697962	0.951000	13.990000
904	-121.687962	0.951000	14.020000
905	-121.667962	0.953000	14.040000
906	-121.567962	0.953000	14.040000
907	-121.557962	0.955000	14.130000
908	-121.457962	0.955000	14.070000
909	-121.357962	0.957000	14.010000
910	-121.307962	0.957000	14.020000
911	-121.167962	0.959000	14.090000
912	-121.137962	0.961000	13.930000
913	-121.127962	0.961000	14.090000
914	-121.107962	0.963000	14.130000
915	-121.037962	0.963000	13.920000
916	-120.957962	0.965000	14.100000
917	-120.887962	0.965000	14.090000
918	-120.757962	0.967000	14.110000
919	-120.657962	0.968000	14.220000
920	-120.627962	0.968000	14.080000
921	-120.607962	0.968000	14.140000
922	-120.567962	0.970000	14.400000
923	-120.537962	0.970000	14.080000
924	-120.367962	0.972000	14.080000
925	-120.227962	0.972000	14.180000
926	-120.207962	0.974000	14.170000
927	-120.007962	0.974000	14.150000
928	-119.717962	0.976000	14.130000
929	-119.677962	0.976000	14.160000
930	-119.677962	0.978000	14.230000
931	-119.607962	0.978000	14.300000
932	-119.547962	0.980000	14.050000
933	-119.547962	0.982000	14.290000
934	-119.287962	0.982000	14.290000
935	-119.147962	0.984000	14.180000
936	-119.127962	0.984000	14.320000
937	-119.047962	0.986000	14.320000
938	-119.037962	0.986000	14.280000
939	-118.977962	0.988000	14.320000
940	-118.947962	0.988000	14.140000
941	-118.937962	0.990000	14.240000
942	-118.867962	0.992000	14.270000
943	-118.857962	0.992000	14.280000
944	-118.837962	0.994000	14.250000
945	-118.777962	0.994000	13.970000
946	-118.677962	0.996000	14.150000
947	-118.607962	0.996000	14.270000
948	-118.607962	1.000000	14.260000
949	-118.557962	0.998000	14.240000
950	-118.547962	1.000000	14.240000
951	-118.257962	1.002000	14.250000
952	-118.177962	1.002000	14.270000
953	-118.077962	1.004000	14.220000
954	-118.057962	1.004000	14.160000
955	-117.847962	1.006000	14.260000
956	-117.837962	1.006000	14.320000
957	-117.747962	1.008000	14.470000
958	-117.747962	1.008000	13.990000
959	-117.567962	1.010000	14.130000
960	-117.467962	1.010000	14.270000
961	-117.167962	1.011000	14.310000
962	-117.157962	1.011000	14.280000
963	-117.077962	1.013000	14.320000
964	-116.857962	1.013000	14.390000
965	-116.817962	1.015000	14.350000
966	-116.697962	1.015000	14.070000
967	-116.697962	1.017000	14.470000
968	-116.697962	1.017000	14.390000
969	-116.657962	1.019000	14.500000
970	-116.607962	1.021000	14.480000
971	-116.607962	1.021000	14.270000
972	-116.587962	1.023000	14.540000
973	-116.537962	1.023000	14.320000
974	-116.527962	1.025000	14.480000
975	-116.477962	1.025000	14.370000
976	-116.477962	1.027000	14.320000
977	-116.467962	1.027000	14.520000
978	-116.427962	1.029000	14.390000
979	-116.427962	1.031000	14.460000
980	-116.237962	1.033000	14.460000
981	-116.177962	1.033000	14.290000
982	-116.177962	1.033000	14.330000
983	-116.117962	1.035000	14.490000
984	-116.117962	1.037000	14.310000
985	-115.977962	1.037000	14.460000
986	-115.957962	1.039000	14.460000
987	-115.927962	1.039000	14.440000
988	-115.927962	1.041000	14.410000
989	-115.727962	1.041000	14.560000
990	-115.667962	1.043000	14.570000
991	-115.407962	1.043000	14.440000
992	-115.237962	1.047000	14.450000
993	-115.187962	1.045000	14.510000
994	-114.887962	1.047000	14.580000
995	-114.787962	1.047000	14.510000
996	-114.657962	1.049000	14.510000
997	-114.657962	1.049000	14.640000
998	-114.627962	1.049000	14.670000
999	-114.557962	1.051000	14.720000
1000	-114.527962	1.052000	14.570000
1001	-114.467962	1.052000	14.600000
1002	-114.437962	1.054000	14.530000
1003	-114.397962	1.054000	14.590000
1004	-114.367962	1.056000	14.550000
1005	-114.237962	1.056000	14.600000
1006	-114.207962	1.056000	14.590000
1007	-114.107962	1.058000	14.510000
1008	-114.107962	1.060000	14.580000
1009	-114.107962	1.062000	14.570000
1010	-114.077962	1.062000	14.450000
1011	-113.717962	1.064000	14.640000
1012	-113.297962	1.064000	14.790000
1013	-113.077962	1.064000	14.660000
1014	-112.977962	1.066000	14.870000
1015	-112.887962	1.068000	14.720000
1016	-112.817962	1.068000	14.680000
1017	-112.787962	1.070000	14.680000
1018	-112.627962	1.070000	14.620000
1019	-112.587962	1.072000	14.740000
1020	-112.517962	1.072000	14.620000
1021	-112.497962	1.074000	14.700000
1022	-112.457962	1.076000	14.690000
1023	-112.427962	1.076000	14.630000
1024	-112.397962	1.078000	14.860000
1025	-112.267962	1.078000	14.730000
1026	-112.167962	1.080000	14.820000
1027	-112.167962	1.080000	14.810000
1028	-112.167962	1.080000	14.830000
1029	-112.137962	1.082000	14.650000
1030	-112.137962	1.084000	14.650000
1031	-112.087962	1.086000	14.870000
1032	-112.037962	1.086000	14.870000
1033	-111.957962	1.088000	14.750000
1034	-111.917962	1.088000	14.850000
1035	-111.847962	1.088000	14.790000
1036	-111.747962	1.090000	14.690000
1037	-111.387962	1.092000	14.950000
1038	-111.357962	1.092000	14.600000
1039	-111.327962	1.092000	15.000000
1040	-111.327962	1.093000	14.910000
1041	-111.297962	1.095000	14.700000
1042	-111.227962	1.095000	14.870000
1043	-111.197962	1.095000	14.740000
1044	-111.107962	1.097000	14.780000
1045	-111.077962	1.097000	14.910000
1046	-111.047962	1.097000	14.800000
1047	-111.037962	1.101000	14.740000
1048	-110.977962	1.101000	14.960000
1049	-110.877962	1.103000	14.920000
1050	-110.687962	1.103000	14.920000
1051	-110.657962	1.105000	14.840000
1052	-110.657962	1.105000	14.920000
1053	-110.497962	1.107000	14.830000
1054	-110.487962	1.107000	14.920000
1055	-110.447962	1.109000	14.690000
1056	-110.427962	1.109000	14.930000
1057	-110.397962	1.111000	14.910000
1058	-110.357962	1.111000	14.950000
1059	-110.167962	1.115000	14.910000
1060	-110.157962	1.115000	14.990000
1061	-110.007962	1.117000	14.920000
1062	-109.967962	1.117000	14.990000
1063	-109.807962	1.119000	15.040000
1064	-109.717962	1.119000	14.870000
1065	-109.657962	1.121000	15.000000
1066	-109.637962	1.121000	14.820000
1067	-109.447962	1.123000	14.920000
1068	-109.357962	1.123000	14.810000
1069	-109.317962	1.125000	15.000000
1070	-109.317962	1.125000	14.540000
1071	-109.287962	1.127000	14.990000
1072	-108.757962	1.129000	14.960000
1073	-108.687962	1.129000	14.970000
1074	-108.237962	1.131000	15.150000
1075	-108.127962	1.131000	14.910000
1076	-108.077962	1.133000	15.250000
1077	-108.037962	1.133000	14.900000
1078	-107.977962	1.134000	15.000000
1079	-107.977962	1.134000	15.000000
1080	-107.937962	1.136000	15.110000
1081	-107.827962	1.138000	15.280000
1082	-107.817962	1.138000	15.020000
1083	-107.797962	1.140000	14.920000
1084	-107.747962	1.140000	15.010000
1085	-107.737962	1.142000	15.100000
1086	-107.697962	1.142000	15.050000
1087	-107.637962	1.144000	15.180000
1088	-107.617962	1.144000	15.010000
1089	-107.597962	1.146000	15.110000
1090	-107.597962	1.148000	15.120000
1091	-107.437962	1.148000	15.230000
1092	-107.227962	1.150000	14.950000
1093	-107.097962	1.150000	15.090000
1094	-107.007962	1.152000	15.010000
1095	-106.987962	1.152000	15.170000
1096	-106.867962	1.154000	15.120000
1097	-106.857962	1.154000	15.080000
1098	-106.817962	1.156000	15.200000
1099	-106.717962	1.156000	15.100000
1100	-106.697962	1.158000	15.180000
1101	-106.657962	1.160000	15.270000
1102	-106.617962	1.160000	15.280000
1103	-106.407962	1.162000	15.190000
1104	-106.367962	1.162000	15.150000
1105	-106.357962	1.164000	15.260000
1106	-106.147962	1.164000	15.260000
1107	-105.957962	1.166000	15.270000
1108	-105.827962	1.166000	15.340000
1109	-105.787962	1.168000	15.490000
1110	-105.627962	1.168000	15.160000
1111	-105.557962	1.172000	15.270000
1112	-105.367962	1.170000	15.200000
1113	-105.307962	1.172000	15.010000
1114	-105.207962	1.172000	15.290000
1115	-105.167962	1.174000	15.290000
1116	-105.137962	1.174000	15.220000
1117	-105.067962	1.176000	15.310000
1118	-105.017962	1.176000	15.140000
1119	-105.017962	1.176000	15.480000
1120	-105.007962	1.177000	15.200000
1121	-104.987962	1.179000	15.320000
1122	-104.907962	1.179000	15.350000
1123	-104.907962	1.181000	15.330000
1124	-104.787962	1.181000	15.470000
1125	-104.777962	1.183000	15.400000
1126	-104.737962	1.183000	15.230000
1127	-104.717962	1.185000	15.300000
1128	-104.397962	1.185000	15.380000
1129	-104.317962	1.187000	15.340000
1130	-104.307962	1.189000	15.320000
1131	-104.247962	1.189000	15.180000
1132	-104.167962	1.191000	15.140000
1133	-104.167962	1.191000	15.440000
1134	-104.007962	1.193000	15.210000
1135	-104.007962	1.193000	15.410000
1136	-104.007962	1.195000	15.280000
1137	-103.977962	1.195000	15.310000
1138	-103.967962	1.197000	15.260000
1139	-103.947962	1.199000	15.350000
1140	-103.847962	1.201000	15.450000
1141	-103.817962	1.203000	15.470000
1142	-103.807962	1.203000	15.350000
1143	-103.807962	1.203000	15.210000
1144	-103.797962	1.205000	15.430000
1145	-103.777962	1.205000	15.250000
1146	-103.737962	1.205000	15.540000
1147	-103.557962	1.207000	15.270000
1148	-103.527962	1.207000	15.310000
1149	-103.517962	1.207000	15.360000
1150	-103.167962	1.211000	15.520000
1151	-103.067962	1.213000	15.370000
1152	-102.847962	1.213000	15.660000
1153	-102.817962	1.213000	15.540000
1154	-102.557962	1.215000	15.530000
1155	-102.297962	1.217000	15.510000
1156	-102.157962	1.217000	15.430000
1157	-102.097962	1.218000	15.550000
1158	-102.057962	1.218000	15.460000
1159	-101.907962	1.220000	15.440000
1160	-101.857962	1.222000	15.420000
1161	-101.837962	1.222000	15.480000
1162	-101.677962	1.224000	15.510000
1163	-101.677962	1.224000	15.450000
1164	-101.447962	1.226000	15.490000
1165	-101.397962	1.226000	15.540000
1166	-101.377962	1.228000	15.520000
1167	-101.117962	1.228000	15.480000
1168	-101.067962	1.228000	15.550000
1169	-101.057962	1.230000	15.590000
1170	-101.027962	1.232000	15.520000
1171	-101.027962	1.234000	15.510000
1172	-100.867962	1.234000	15.630000
1173	-100.827962	1.234000	15.700000
1174	-100.817962	1.236000	15.490000
1175	-100.817962	1.236000	15.540000
1176	-100.777962	1.236000	15.590000
1177	-100.677962	1.238000	15.460000
1178	-100.647962	1.240000	15.630000
1179	-100.487962	1.240000	15.710000
1180	-100.487962	1.242000	15.830000
1181	-100.477962	1.242000	15.640000
1182	-100.457962	1.244000	15.710000
1183	-100.447962	1.244000	15.680000
1184	-100.377962	1.244000	15.680000
1185	-100.217962	1.246000	15.740000
1186	-100.187962	1.248000	15.650000
1187	-100.157962	1.248000	15.750000
1188	-100.007962	1.250000	15.630000
1189	-99.977962	1.250000	15.500000
1190	-99.977962	1.252000	15.630000
1191	-99.807962	1.252000	15.540000
1192	-99.797962	1.254000	15.620000
1193	-99.677962	1.256000	15.780000
1194	-99.657962	1.256000	15.650000
1195	-99.637962	1.258000	15.650000
1196	-99.517962	1.258000	15.790000
1197	-99.327962	1.260000	15.740000
1198	-99.327962	1.260000	15.580000
1199	-99.277962	1.261000	15.760000
1200	-98.907962	1.265000	15.820000
1201	-98.757962	1.263000	15.790000
1202	-98.747962	1.265000	15.920000
1203	-98.697962	1.265000	15.770000
1204	-98.577962	1.267000	15.860000
1205	-98.527962	1.267000	15.770000
1206	-98.377962	1.267000	15.750000
1207	-98.357962	1.269000	15.900000
1208	-98.317962	1.269000	15.860000
1209	-98.287962	1.273000	15.870000
1210	-98.257962	1.273000	15.750000
1211	-98.007962	1.275000	15.820000
1212	-97.897962	1.275000	15.830000
1213	-97.837962	1.275000	15.740000
1214	-97.727962	1.277000	15.790000
1215	-97.717962	1.279000	15.870000
1216	-97.697962	1.279000	15.850000
1217	-97.677962	1.281000	15.950000
1218	-97.667962	1.283000	15.880000
1219	-97.647962	1.285000	15.810000
1220	-97.637962	1.285000	15.910000
1221	-97.597962	1.287000	15.810000
1222	-97.587962	1.287000	15.860000
1223	-97.557962	1.289000	15.780000
1224	-97.447962	1.289000	15.910000
1225	-97.357962	1.291000	15.720000
1226	-97.337962	1.291000	15.700000
1227	-97.217962	1.293000	15.870000
1228	-97.007962	1.293000	15.780000
1229	-96.867962	1.295000	15.820000
1230	-96.717962	1.295000	15.720000
1231	-96.587962	1.297000	16.010000
1232	-96.497962	1.297000	15.820000
1233	-96.407962	1.299000	15.920000
1234	-96.267962	1.299000	15.750000
1235	-96.237962	1.301000	15.940000
1236	-96.157962	1.301000	15.800000
1237	-95.867962	1.302000	15.780000
1238	-95.827962	1.302000	15.910000
1239	-95.817962	1.304000	15.820000
1240	-95.737962	1.304000	15.790000
1241	-95.607962	1.306000	15.850000
1242	-95.577962	1.306000	16.070000
1243	-95.537962	1.308000	15.930000
1244	-95.437962	1.308000	16.000000
1245	-95.307962	1.310000	15.950000
1246	-95.307962	1.310000	16.130000
1247	-95.287962	1.312000	16.170000
1248	-95.257962	1.312000	16.030000
1249	-95.247962	1.314000	16.070000
1250	-95.217962	1.316000	16.000000
1251	-95.217962	1.316000	15.930000
1252	-95.197962	1.318000	15.980000
1253	-95.127962	1.318000	15.840000
1254	-95.087962	1.320000	16.060000
1255	-95.017962	1.320000	15.970000
1256	-94.977962	1.322000	15.980000
1257	-94.897962	1.322000	16.090000
1258	-94.877962	1.324000	16.110000
1259	-94.547962	1.324000	16.090000
1260	-94.537962	1.328000	15.980000
1261	-94.427962	1.328000	16.000000
1262	-94.267962	1.328000	16.140000
1263	-94.177962	1.330000	16.110000
1264	-94.157962	1.330000	16.250000
1265	-94.087962	1.332000	16.040000
1266	-94.027962	1.332000	16.260000
1267	-93.987962	1.332000	16.030000
1268	-93.967962	1.334000	16.020000
1269	-93.947962	1.336000	15.780000
1270	-93.827962	1.336000	16.260000
1271	-93.717962	1.338000	15.990000
1272	-93.707962	1.338000	15.960000
1273	-93.637962	1.340000	15.960000
1274	-93.627962	1.340000	16.210000
1275	-93.537962	1.342000	16.130000
1276	-93.497962	1.342000	16.200000
1277	-93.467962	1.343000	15.850000
1278	-93.347962	1.343000	16.110000
1279	-93.347962	1.345000	16.180000
1280	-93.147962	1.347000	16.080000
1281	-92.827962	1.347000	16.270000
1282	-92.677962	1.349000	16.470000
1283	-92.667962	1.349000	16.210000
1284	-92.187962	1.351000	16.380000
1285	-92.137962	1.351000	16.290000
1286	-92.067962	1.353000	16.220000
1287	-92.067962	1.353000	16.390000
1288	-91.987962	1.355000	16.300000
1289	-91.747962	1.355000	16.240000
1290	-91.607962	1.359000	16.380000
1291	-91.587962	1.357000	16.310000
1292	-91.497962	1.359000	16.430000
1293	-91.487962	1.359000	16.260000
1294	-91.167962	1.361000	16.400000
1295	-91.077962	1.361000	16.340000
1296	-90.957962	1.365000	16.400000
1297	-90.927962	1.365000	16.300000
1298	-90.917962	1.367000	16.220000
1299	-90.907962	1.367000	16.300000
1300	-90.867962	1.369000	16.060000
1301	-90.867962	1.369000	16.350000
1302	-90.867962	1.371000	16.400000
1303	-90.747962	1.373000	16.370000
1304	-90.727962	1.373000	16.390000
1305	-90.707962	1.375000	16.200000
1306	-90.647962	1.375000	16.310000
1307	-90.627962	1.377000	16.410000
1308	-90.607962	1.377000	16.260000
1309	-90.547962	1.379000	16.350000
1310	-90.537962	1.381000	16.270000
1311	-90.397962	1.381000	16.270000
1312	-90.267962	1.383000	16.260000
1313	-90.117962	1.383000	16.450000
1314	-90.067962	1.384000	16.390000
1315	-90.057962	1.384000	16.300000
1316	-90.037962	1.384000	16.280000
1317	-89.707962	1.386000	16.300000
1318	-89.697962	1.388000	16.450000
1319	-89.487962	1.390000	16.540000
1320	-89.317962	1.390000	16.470000
1321	-89.197962	1.392000	15.160000
1322	-89.117962	1.392000	16.440000
1323	-89.037962	1.392000	16.380000
1324	-88.957962	1.394000	16.430000
1325	-88.937962	1.396000	16.280000
1326	-88.927962	1.396000	16.480000
1327	-88.927962	1.398000	16.420000
1328	-88.747962	1.398000	16.410000
1329	-88.667962	1.400000	16.400000
1330	-88.617962	1.400000	15.360000
1331	-88.527962	1.400000	16.420000
1332	-88.427962	1.402000	15.210000
1333	-88.417962	1.404000	16.530000
1334	-88.307962	1.404000	15.160000
1335	-88.167962	1.406000	16.280000
1336	-88.057962	1.406000	16.420000
1337	-87.917962	1.408000	15.220000
1338	-87.887962	1.410000	15.290000
1339	-87.707962	1.410000	15.280000
1340	-87.697962	1.412000	16.350000
1341	-87.367962	1.412000	15.270000
1342	-87.277962	1.414000	15.210000
1343	-87.267962	1.414000	15.300000
1344	-87.167962	1.416000	15.220000
1345	-87.147962	1.416000	15.180000
1346	-87.127962	1.416000	15.220000
1347	-87.077962	1.418000	15.150000
1348	-87.027962	1.422000	15.270000
1349	-86.977962	1.422000	15.320000
1350	-86.857962	1.422000	15.330000
1351	-86.787962	1.424000	15.190000
1352	-86.677962	1.424000	15.420000
1353	-86.647962	1.424000	15.200000
1354	-86.627962	1.426000	15.360000
1355	-86.607962	1.426000	15.290000
1356	-86.577962	1.426000	15.390000
1357	-86.577962	1.429000	15.480000
1358	-86.477962	1.429000	15.280000
1359	-86.457962	1.431000	15.390000
1360	-86.437962	1.431000	15.220000
1361	-86.337962	1.431000	15.330000
1362	-86.197962	1.433000	15.220000
1363	-86.157962	1.435000	15.460000
1364	-86.137962	1.435000	15.240000
1365	-86.107962	1.437000	15.380000
1366	-86.037962	1.437000	15.320000
1367	-85.767962	1.439000	15.450000
1368	-85.577962	1.441000	15.360000
1369	-85.417962	1.441000	15.410000
1370	-85.387962	1.443000	15.350000
1371	-85.247962	1.443000	15.470000
1372	-85.067962	1.445000	15.240000
1373	-84.897962	1.445000	15.370000
1374	-84.897962	1.449000	15.530000
1375	-84.847962	1.449000	15.460000
1376	-84.837962	1.451000	15.490000
1377	-84.687962	1.451000	15.500000
1378	-84.637962	1.453000	15.470000
1379	-84.627962	1.455000	15.450000
1380	-84.597962	1.455000	15.400000
1381	-84.567962	1.457000	15.470000
1382	-84.537962	1.457000	15.410000
1383	-84.507962	1.459000	15.570000
1384	-84.457962	1.459000	15.440000
1385	-84.407962	1.461000	15.390000
1386	-84.267962	1.461000	15.400000
1387	-84.177962	1.463000	15.320000
1388	-84.087962	1.463000	15.480000
1389	-84.067962	1.465000	15.440000
1390	-83.927962	1.465000	15.440000
1391	-83.907962	1.468000	15.570000
1392	-83.897962	1.468000	15.420000
1393	-83.787962	1.468000	15.520000
1394	-83.717962	1.468000	15.470000
1395	-83.647962	1.470000	15.670000
1396	-83.607962	1.470000	15.290000
1397	-83.517962	1.472000	15.470000
1398	-83.157962	1.474000	15.520000
1399	-83.017962	1.474000	15.570000
1400	-82.917962	1.476000	15.440000
1401	-82.847962	1.476000	15.470000
1402	-82.767962	1.478000	15.470000
1403	-82.737962	1.478000	15.470000
1404	-82.657962	1.480000	15.600000
1405	-82.557962	1.480000	15.490000
1406	-82.557962	1.482000	15.640000
1407	-82.517962	1.482000	15.510000
1408	-82.487962	1.484000	15.760000
1409	-82.477962	1.484000	15.480000
1410	-82.397962	1.486000	15.500000
1411	-82.397962	1.486000	15.690000
1412	-82.337962	1.488000	15.540000
1413	-82.287962	1.488000	15.480000
1414	-82.157962	1.488000	15.390000
1415	-82.157962	1.488000	15.580000
1416	-82.147962	1.492000	15.490000
1417	-81.917962	1.492000	15.680000
1418	-81.907962	1.494000	15.530000
1419	-81.747962	1.496000	15.690000
1420	-81.667962	1.496000	15.720000
1421	-81.587962	1.498000	15.800000
1422	-81.567962	1.498000	15.710000
1423	-81.457962	1.500000	15.660000
1424	-81.327962	1.500000	15.660000
1425	-81.327962	1.502000	15.700000
1426	-81.207962	1.502000	15.710000
1427	-81.147962	1.504000	15.680000
1428	-81.047962	1.504000	15.690000
1429	-80.987962	1.506000	15.630000
1430	-80.957962	1.506000	15.620000
1431	-80.907962	1.508000	15.710000
1432	-80.847962	1.508000	15.710000
1433	-80.777962	1.510000	15.660000
1434	-80.647962	1.510000	15.700000
1435	-80.547962	1.511000	15.730000
1436	-80.457962	1.511000	15.700000
1437	-80.427962	1.513000	15.740000
1438	-80.417962	1.513000	15.610000
1439	-80.127962	1.515000	15.800000
1440	-80.007962	1.515000	15.780000
1441	-79.907962	1.517000	15.680000
1442	-79.897962	1.517000	15.600000
1443	-79.857962	1.519000	15.640000
1444	-79.837962	1.519000	15.640000
1445	-79.827962	1.521000	15.740000
1446	-79.757962	1.521000	15.670000
1447	-79.577962	1.523000	15.670000
1448	-79.507962	1.523000	15.740000
1449	-79.477962	1.525000	15.700000
1450	-79.367962	1.525000	15.710000
1451	-79.357962	1.527000	15.730000
1452	-79.287962	1.527000	15.790000
1453	-79.287962	1.529000	15.790000
1454	-79.247962	1.529000	15.640000
1455	-78.927962	1.533000	15.710000
1456	-78.897962	1.533000	15.830000
1457	-78.897962	1.533000	15.680000
1458	-78.857962	1.537000	15.770000
1459	-78.837962	1.537000	15.760000
1460	-78.767962	1.539000	15.890000
1461	-78.627962	1.539000	15.800000
1462	-78.407962	1.541000	15.810000
1463	-78.257962	1.541000	15.760000
1464	-78.207962	1.541000	15.780000
1465	-78.187962	1.543000	15.740000
1466	-78.127962	1.547000	15.810000
1467	-78.047962	1.545000	15.850000
1468	-77.817962	1.547000	15.880000
1469	-77.667962	1.549000	15.930000
1470	-77.657962	1.549000	16.080000
1471	-77.637962	1.549000	15.750000
1472	-77.447962	1.551000	16.010000
1473	-77.317962	1.552000	15.900000
1474	-77.277962	1.552000	15.820000
1475	-77.187962	1.554000	16.100000
1476	-76.977962	1.554000	15.890000
1477	-76.957962	1.556000	15.950000
1478	-76.707962	1.558000	15.960000
1479	-76.677962	1.558000	15.940000
1480	-76.507962	1.560000	15.980000
1481	-76.507962	1.560000	15.960000
1482	-76.407962	1.562000	15.850000
1483	-76.377962	1.562000	16.060000
1484	-76.307962	1.564000	16.010000
1485	-76.247962	1.564000	16.060000
1486	-76.217962	1.564000	15.920000
1487	-75.917962	1.568000	16.080000
1488	-75.877962	1.568000	16.180000
1489	-75.847962	1.570000	16.150000
1490	-75.797962	1.570000	16.050000
1491	-75.707962	1.572000	15.980000
1492	-75.537962	1.572000	15.950000
1493	-75.507962	1.572000	15.950000
1494	-75.407962	1.574000	15.940000
1495	-75.377962	1.578000	16.010000
1496	-75.357962	1.578000	15.990000
1497	-75.357962	1.578000	16.080000
1498	-75.347962	1.580000	15.990000
1499	-75.227962	1.580000	15.910000
1500	-75.167962	1.580000	16.240000
1501	-75.167962	1.582000	16.040000
1502	-74.997962	1.584000	15.980000
1503	-74.877962	1.584000	16.270000
1504	-74.857962	1.586000	16.170000
1505	-74.787962	1.586000	16.020000
1506	-74.697962	1.588000	16.000000
1507	-74.617962	1.588000	16.180000
1508	-74.447962	1.590000	16.090000
1509	-74.397962	1.592000	16.260000
1510	-74.177962	1.592000	15.940000
1511	-74.157962	1.593000	16.040000
1512	-74.147962	1.593000	16.170000
1513	-74.097962	1.595000	16.240000
1514	-74.097962	1.595000	16.270000
1515	-74.017962	1.597000	16.040000
1516	-73.987962	1.597000	16.170000
1517	-73.857962	1.597000	16.150000
1518	-73.847962	1.599000	16.130000
1519	-73.767962	1.601000	15.810000
1520	-73.757962	1.601000	16.280000
1521	-73.547962	1.603000	16.190000
1522	-73.507962	1.603000	16.300000
1523	-73.437962	1.603000	16.350000
1524	-73.427962	1.605000	16.030000
1525	-73.427962	1.607000	16.240000
1526	-73.337962	1.609000	16.260000
1527	-73.317962	1.609000	16.110000
1528	-73.117962	1.611000	16.380000
1529	-73.027962	1.611000	16.250000
1530	-72.997962	1.615000	16.330000
1531	-72.907962	1.615000	16.360000
1532	-72.897962	1.617000	16.090000
1533	-72.887962	1.617000	16.140000
1534	-72.827962	1.619000	16.330000
1535	-72.787962	1.621000	16.300000
1536	-72.727962	1.621000	16.400000
1537	-72.557962	1.623000	16.280000
1538	-72.537962	1.625000	16.310000
1539	-72.517962	1.625000	16.300000
1540	-72.387962	1.625000	16.350000
1541	-72.347962	1.627000	16.190000
1542	-72.147962	1.627000	16.420000
1543	-72.127962	1.629000	16.300000
1544	-72.107962	1.631000	16.250000
1545	-72.077962	1.631000	16.440000
1546	-72.047962	1.633000	16.300000
1547	-71.967962	1.633000	16.320000
1548	-71.907962	1.634000	16.460000
1549	-71.907962	1.634000	16.200000
1550	-71.887962	1.636000	16.400000
1551	-71.737962	1.636000	16.260000
1552	-71.727962	1.638000	16.280000
1553	-71.507962	1.638000	16.260000
1554	-71.477962	1.640000	16.400000
1555	-71.397962	1.640000	16.400000
1556	-71.177962	1.642000	16.460000
1557	-71.117962	1.642000	16.380000
1558	-71.097962	1.644000	16.380000
1559	-70.487962	1.644000	16.420000
1560	-70.407962	1.644000	16.350000
1561	-70.097962	1.644000	16.560000
1562	-69.927962	1.648000	16.360000
1563	-69.847962	1.648000	16.410000
1564	-69.697962	1.650000	16.520000
1565	-69.657962	1.652000	16.260000
1566	-69.627962	1.652000	16.390000
1567	-69.627962	1.654000	16.840000
1568	-69.607962	1.654000	16.480000
1569	-69.537962	1.656000	16.390000
1570	-69.507962	1.656000	16.360000
1571	-69.427962	1.658000	16.470000
1572	-69.397962	1.658000	16.420000
1573	-69.387962	1.660000	16.490000
1574	-69.377962	1.660000	16.360000
1575	-69.337962	1.662000	16.490000
1576	-69.327962	1.662000	16.440000
1577	-69.317962	1.664000	16.390000
1578	-69.307962	1.664000	16.560000
1579	-69.187962	1.666000	16.430000
1580	-69.117962	1.666000	16.600000
1581	-69.107962	1.668000	16.610000
1582	-69.047962	1.668000	16.490000
1583	-68.987962	1.672000	16.420000
1584	-68.867962	1.670000	16.600000
1585	-68.787962	1.672000	16.650000
1586	-68.767962	1.674000	16.590000
1587	-68.727962	1.674000	16.540000
1588	-68.507962	1.676000	16.580000
1589	-68.347962	1.676000	16.720000
1590	-68.327962	1.677000	16.670000
1591	-68.287962	1.677000	16.650000
1592	-68.187962	1.679000	16.550000
1593	-68.177962	1.679000	16.580000
1594	-68.067962	1.681000	16.630000
1595	-67.917962	1.681000	16.450000
1596	-67.907962	1.683000	16.650000
1597	-67.847962	1.683000	16.600000
1598	-67.837962	1.685000	16.670000
1599	-67.827962	1.685000	16.600000
1600	-67.777962	1.687000	16.660000
1601	-67.777962	1.687000	16.690000
1602	-67.327962	1.689000	16.610000
1603	-66.987962	1.689000	16.670000
1604	-66.967962	1.691000	16.720000
1605	-66.857962	1.691000	16.600000
1606	-66.797962	1.693000	16.670000
1607	-66.777962	1.695000	16.720000
1608	-66.737962	1.695000	16.760000
1609	-66.667962	1.697000	16.750000
1610	-66.457962	1.699000	16.760000
1611	-66.427962	1.701000	16.600000
1612	-66.377962	1.701000	16.860000
1613	-66.367962	1.703000	16.740000
1614	-65.757962	1.705000	16.900000
1615	-65.687962	1.705000	17.090000
1616	-65.677962	1.705000	16.800000
1617	-65.607962	1.707000	16.770000
1618	-65.597962	1.709000	16.910000
1619	-65.567962	1.709000	16.880000
1620	-65.557962	1.711000	16.920000
1621	-65.437962	1.711000	16.900000
1622	-65.367962	1.713000	16.710000
1623	-65.357962	1.713000	16.840000
1624	-65.317962	1.715000	16.800000
1625	-65.297962	1.717000	16.860000
1626	-65.267962	1.717000	16.860000
1627	-65.197962	1.718000	16.850000
1628	-65.027962	1.718000	16.830000
1629	-64.917962	1.720000	16.790000
1630	-64.877962	1.720000	16.930000
1631	-64.697962	1.720000	16.890000
1632	-64.687962	1.722000	16.840000
1633	-64.657962	1.724000	16.830000
1634	-64.277962	1.726000	16.940000
1635	-64.217962	1.726000	16.980000
1636	-64.087962	1.728000	16.860000
1637	-64.047962	1.728000	16.960000
1638	-63.887962	1.728000	16.940000
1639	-63.837962	1.730000	16.980000
1640	-63.587962	1.732000	16.920000
1641	-63.587962	1.732000	17.010000
1642	-63.537962	1.734000	16.990000
1643	-63.477962	1.736000	17.030000
1644	-63.467962	1.736000	16.930000
1645	-63.427962	1.736000	16.940000
1646	-63.377962	1.738000	16.880000
1647	-63.367962	1.740000	17.070000
1648	-63.297962	1.740000	16.800000
1649	-63.247962	1.742000	17.040000
1650	-63.177962	1.742000	16.900000
1651	-63.137962	1.744000	17.010000
1652	-63.087962	1.744000	16.900000
1653	-63.077962	1.746000	16.930000
1654	-63.057962	1.746000	17.040000
1655	-62.987962	1.748000	16.940000
1656	-62.797962	1.748000	16.980000
1657	-62.777962	1.750000	17.170000
1658	-62.747962	1.750000	17.040000
1659	-62.647962	1.752000	16.980000
1660	-62.467962	1.752000	17.010000
1661	-62.457962	1.752000	17.150000
1662	-62.457962	1.756000	16.720000
1663	-62.417962	1.756000	17.040000
1664	-62.357962	1.758000	17.050000
1665	-61.977962	1.758000	17.170000
1666	-61.927962	1.760000	17.120000
1667	-61.907962	1.760000	17.110000
1668	-61.897962	1.760000	17.150000
1669	-61.817962	1.761000	17.160000
1670	-61.777962	1.763000	17.070000
1671	-61.577962	1.763000	17.110000
1672	-61.487962	1.765000	16.980000
1673	-61.487962	1.765000	17.060000
1674	-61.407962	1.767000	17.090000
1675	-61.397962	1.767000	17.210000
1676	-61.377962	1.767000	17.210000
1677	-61.237962	1.769000	17.100000
1678	-61.187962	1.771000	17.190000
1679	-61.097962	1.771000	17.110000
1680	-61.087962	1.773000	17.070000
1681	-61.047962	1.773000	17.160000
1682	-60.907962	1.775000	17.120000
1683	-60.817962	1.775000	17.060000
1684	-60.767962	1.777000	17.240000
1685	-60.587962	1.779000	17.200000
1686	-60.577962	1.779000	17.180000
1687	-60.537962	1.781000	17.160000
1688	-60.467962	1.783000	17.150000
1689	-60.457962	1.785000	17.310000
1690	-60.417962	1.785000	17.080000
1691	-60.147962	1.785000	17.010000
1692	-60.087962	1.789000	17.160000
1693	-60.007962	1.789000	17.170000
1694	-59.857962	1.791000	17.240000
1695	-59.817962	1.791000	17.000000
1696	-59.707962	1.793000	17.240000
1697	-59.637962	1.793000	17.230000
1698	-59.627962	1.795000	17.230000
1699	-59.597962	1.797000	17.370000
1700	-59.497962	1.797000	17.160000
1701	-59.427962	1.797000	17.240000
1702	-59.407962	1.799000	17.170000
1703	-59.397962	1.799000	17.220000
1704	-59.387962	1.801000	17.210000
1705	-59.357962	1.801000	17.330000
1706	-59.357962	1.802000	17.340000
1707	-59.217962	1.802000	17.220000
1708	-59.137962	1.804000	17.250000
1709	-58.897962	1.804000	17.310000
1710	-58.627962	1.806000	17.290000
1711	-58.627962	1.806000	17.310000
1712	-58.547962	1.808000	17.280000
1713	-58.527962	1.808000	17.320000
1714	-58.457962	1.810000	17.460000
1715	-58.347962	1.810000	17.450000
1716	-58.227962	1.812000	17.320000
1717	-58.207962	1.812000	17.330000
1718	-58.097962	1.814000	17.340000
1719	-57.967962	1.814000	17.280000
1720	-57.907962	1.816000	17.430000
1721	-57.857962	1.816000	17.430000
1722	-57.827962	1.818000	17.360000
1723	-57.767962	1.816000	17.550000
1724	-57.537962	1.820000	17.400000
1725	-57.527962	1.820000	17.370000
1726	-57.517962	1.822000	17.400000
1727	-57.517962	1.822000	17.380000
1728	-57.497962	1.824000	17.250000
1729	-57.377962	1.824000	17.420000
1730	-56.927962	1.826000	17.280000
1731	-56.907962	1.826000	17.670000
1732	-56.477962	1.828000	17.460000
1733	-56.317962	1.828000	17.460000
1734	-56.237962	1.830000	17.570000
1735	-56.167962	1.830000	17.650000
1736	-56.147962	1.832000	17.450000
1737	-56.087962	1.832000	17.640000
1738	-55.787962	1.834000	17.500000
1739	-55.757962	1.834000	17.340000
1740	-55.717962	1.836000	17.450000
1741	-55.707962	1.836000	17.540000
1742	-55.667962	1.838000	17.640000
1743	-55.637962	1.840000	17.450000
1744	-55.607962	1.840000	17.360000
1745	-55.517962	1.842000	17.440000
1746	-55.517962	1.842000	17.470000
1747	-55.357962	1.843000	17.500000
1748	-55.337962	1.843000	17.530000
1749	-55.327962	1.845000	17.410000
1750	-55.067962	1.845000	17.490000
1751	-55.007962	1.847000	17.400000
1752	-54.957962	1.849000	17.480000
1753	-54.817962	1.847000	17.480000
1754	-54.807962	1.851000	17.540000
1755	-54.767962	1.851000	17.380000
1756	-54.757962	1.853000	17.550000
1757	-54.747962	1.853000	17.660000
1758	-54.737962	1.855000	17.360000
1759	-54.737962	1.855000	17.580000
1760	-54.697962	1.857000	17.550000
1761	-54.647962	1.857000	17.530000
1762	-54.527962	1.859000	17.430000
1763	-54.527962	1.859000	17.580000
1764	-54.507962	1.861000	17.530000
1765	-54.477962	1.861000	17.480000
1766	-54.467962	1.865000	17.710000
1767	-54.447962	1.865000	17.570000
1768	-54.437962	1.867000	17.810000
1769	-54.417962	1.867000	17.670000
1770	-54.397962	1.869000	17.390000
1771	-54.357962	1.869000	17.610000
1772	-54.187962	1.871000	17.820000
1773	-54.057962	1.871000	17.520000
1774	-54.057962	1.875000	17.570000
1775	-53.997962	1.873000	17.520000
1776	-53.547962	1.875000	17.630000
1777	-53.407962	1.875000	17.650000
1778	-53.377962	1.877000	17.550000
1779	-53.357962	1.877000	17.640000
1780	-53.257962	1.877000	17.790000
1781	-53.197962	1.879000	17.610000
1782	-53.137962	1.881000	17.740000
1783	-53.117962	1.881000	17.770000
1784	-52.947962	1.883000	17.660000
1785	-52.897962	1.883000	17.740000
1786	-52.897962	1.884000	17.720000
1787	-52.747962	1.884000	17.720000
1788	-52.547962	1.884000	17.710000
1789	-52.527962	1.886000	17.560000
1790	-52.497962	1.888000	17.730000
1791	-52.297962	1.890000	17.730000
1792	-52.277962	1.890000	17.690000
1793	-52.177962	1.892000	17.790000
1794	-52.157962	1.892000	17.660000
1795	-51.957962	1.892000	17.760000
1796	-51.907962	1.894000	17.630000
1797	-51.837962	1.896000	17.810000
1798	-51.817962	1.896000	17.820000
1799	-51.527962	1.898000	17.960000
1800	-51.327962	1.898000	17.850000
1801	-51.137962	1.900000	17.710000
1802	-51.087962	1.900000	17.950000
1803	-51.057962	1.902000	17.890000
1804	-51.047962	1.904000	17.710000
1805	-51.037962	1.904000	17.720000
1806	-50.777962	1.906000	18.040000
1807	-50.687962	1.906000	17.860000
1808	-50.557962	1.908000	17.890000
1809	-50.557962	1.908000	17.900000
1810	-50.547962	1.910000	17.810000
1811	-50.497962	1.910000	17.980000
1812	-50.477962	1.912000	17.970000
1813	-50.467962	1.914000	17.790000
1814	-50.447962	1.914000	18.010000
1815	-50.417962	1.916000	17.900000
1816	-50.297962	1.916000	17.900000
1817	-50.277962	1.916000	18.020000
1818	-50.207962	1.918000	17.960000
1819	-50.187962	1.920000	17.830000
1820	-50.187962	1.920000	17.960000
1821	-50.027962	1.922000	17.930000
1822	-49.917962	1.924000	18.070000
1823	-49.847962	1.924000	17.970000
1824	-49.667962	1.924000	18.050000
1825	-49.357962	1.926000	17.940000
1826	-49.217962	1.927000	18.030000
1827	-49.017962	1.927000	18.100000
1828	-48.947962	1.929000	18.060000
1829	-48.897962	1.929000	17.920000
1830	-48.797962	1.931000	18.080000
1831	-48.707962	1.931000	18.000000
1832	-48.627962	1.933000	18.130000
1833	-48.577962	1.935000	18.040000
1834	-48.567962	1.935000	18.140000
1835	-48.437962	1.937000	18.010000
1836	-48.417962	1.937000	18.090000
1837	-48.377962	1.939000	18.210000
1838	-48.257962	1.939000	18.100000
1839	-48.197962	1.939000	18.010000
1840	-48.177962	1.941000	18.000000
1841	-48.127962	1.943000	18.210000
1842	-48.097962	1.945000	18.090000
1843	-48.057962	1.945000	18.170000
1844	-47.967962	1.949000	18.210000
1845	-47.857962	1.949000	18.040000
1846	-47.737962	1.953000	18.190000
1847	-47.517962	1.953000	18.140000
1848	-47.477962	1.953000	18.200000
1849	-47.477962	1.953000	18.210000
1850	-47.417962	1.955000	17.990000
1851	-47.417962	1.957000	18.040000
1852	-47.297962	1.957000	18.320000
1853	-47.277962	1.959000	18.240000
1854	-47.197962	1.959000	18.170000
1855	-47.187962	1.961000	18.370000
1856	-46.677962	1.961000	18.250000
1857	-46.647962	1.963000	18.240000
1858	-46.637962	1.963000	18.130000
1859	-46.617962	1.965000	18.140000
1860	-46.597962	1.965000	18.280000
1861	-46.587962	1.967000	17.990000
1862	-46.547962	1.967000	18.310000
1863	-46.467962	1.968000	18.270000
1864	-46.467962	1.968000	18.230000
1865	-46.317962	1.970000	18.250000
1866	-46.307962	1.970000	18.110000
1867	-46.297962	1.972000	18.190000
1868	-46.217962	1.972000	18.220000
1869	-45.927962	1.974000	18.150000
1870	-45.777962	1.974000	18.180000
1871	-45.577962	1.976000	18.270000
1872	-45.577962	1.976000	18.190000
1873	-45.517962	1.978000	18.280000
1874	-45.487962	1.978000	18.440000
1875	-45.417962	1.980000	18.370000
1876	-45.417962	1.980000	18.140000
1877	-45.417962	1.982000	18.340000
1878	-45.407962	1.982000	18.210000
1879	-45.207962	1.984000	18.060000
1880	-45.037962	1.984000	18.120000
1881	-45.037962	1.986000	18.410000
1882	-44.967962	1.988000	18.330000
1883	-44.967962	1.988000	18.330000
1884	-44.877962	1.990000	18.420000
1885	-44.837962	1.990000	18.300000
1886	-44.817962	1.992000	18.300000
1887	-44.717962	1.992000	18.300000
1888	-44.617962	1.994000	18.440000
1889	-44.537962	1.994000	18.250000
1890	-44.497962	1.996000	18.400000
1891	-44.327962	2.000000	18.290000
1892	-44.287962	1.998000	18.320000
1893	-44.257962	2.000000	18.340000
1894	-44.157962	2.000000	18.410000
1895	-44.007962	2.002000	18.220000
1896	-43.987962	2.002000	18.420000
1897	-43.847962	2.004000	18.250000
1898	-43.627962	2.004000	18.480000
1899	-43.507962	2.006000	18.240000
1900	-43.487962	2.008000	18.430000
1901	-43.407962	2.008000	18.540000
1902	-43.257962	2.010000	18.330000
1903	-43.147962	2.010000	18.480000
1904	-42.947962	2.011000	18.440000
1905	-42.837962	2.011000	18.440000
1906	-42.677962	2.013000	18.450000
1907	-42.617962	2.013000	18.490000
1908	-42.587962	2.015000	18.380000
1909	-42.577962	2.015000	18.470000
1910	-42.577962	2.017000	18.420000
1911	-42.537962	2.019000	18.520000
1912	-42.527962	2.019000	18.530000
1913	-42.247962	2.021000	18.610000
1914	-42.197962	2.021000	18.270000
1915	-42.197962	2.023000	18.380000
1916	-42.137962	2.023000	18.420000
1917	-42.127962	2.025000	18.580000
1918	-42.097962	2.025000	18.530000
1919	-42.017962	2.027000	18.550000
1920	-41.957962	2.029000	18.510000
1921	-41.957962	2.029000	18.510000
1922	-41.927962	2.033000	18.390000
1923	-41.877962	2.033000	18.420000
1924	-41.877962	2.033000	18.490000
1925	-41.737962	2.035000	18.530000
1926	-41.677962	2.035000	18.500000
1927	-41.647962	2.035000	18.630000
1928	-41.517962	2.039000	18.460000
1929	-41.247962	2.039000	18.590000
1930	-41.247962	2.041000	18.990000
1931	-41.137962	2.041000	18.650000
1932	-40.967962	2.041000	18.750000
1933	-40.947962	2.043000	18.580000
1934	-40.907962	2.045000	18.570000
1935	-40.517962	2.045000	18.540000
1936	-40.427962	2.047000	18.550000
1937	-40.147962	2.047000	18.660000
1938	-40.047962	2.049000	18.610000
1939	-39.997962	2.049000	18.770000
1940	-39.897962	2.049000	18.600000
1941	-39.847962	2.051000	18.640000
1942	-39.817962	2.052000	18.730000
1943	-39.787962	2.052000	18.610000
1944	-39.727962	2.054000	18.610000
1945	-39.687962	2.054000	18.420000
1946	-39.687962	2.056000	18.670000
1947	-39.677962	2.056000	18.610000
1948	-39.657962	2.056000	18.520000
1949	-39.577962	2.060000	18.550000
1950	-39.517962	2.062000	18.600000
1951	-39.467962	2.062000	18.600000
1952	-39.407962	2.062000	18.620000
1953	-39.257962	2.064000	18.630000
1954	-39.247962	2.064000	18.650000
1955	-39.217962	2.064000	18.630000
1956	-39.187962	2.066000	18.670000
1957	-39.077962	2.068000	18.610000
1958	-39.047962	2.066000	18.760000
1959	-39.027962	2.070000	18.720000
1960	-38.977962	2.072000	18.830000
1961	-38.747962	2.072000	18.800000
1962	-38.707962	2.072000	18.700000
1963	-38.687962	2.074000	18.640000
1964	-38.567962	2.076000	18.690000
1965	-38.447962	2.076000	18.740000
1966	-38.437962	2.078000	18.710000
1967	-38.227962	2.078000	18.680000
1968	-38.187962	2.080000	18.820000
1969	-37.847962	2.082000	18.750000
1970	-37.817962	2.082000	18.750000
1971	-37.777962	2.084000	18.840000
1972	-37.707962	2.084000	18.800000
1973	-37.567962	2.086000	18.910000
1974	-37.507962	2.086000	18.860000
1975	-37.447962	2.088000	18.880000
1976	-37.367962	2.088000	18.930000
1977	-37.087962	2.088000	18.960000
1978	-36.997962	2.093000	18.820000
1979	-36.987962	2.092000	18.760000
1980	-36.917962	2.093000	18.890000
1981	-36.907962	2.093000	18.930000
1982	-36.857962	2.095000	18.840000
1983	-36.757962	2.095000	18.930000
1984	-36.747962	2.095000	18.850000
1985	-36.727962	2.097000	18.940000
1986	-36.587962	2.099000	18.760000
1987	-36.367962	2.099000	18.980000
1988	-36.307962	2.101000	18.860000
1989	-36.197962	2.103000	18.900000
1990	-36.197962	2.103000	18.890000
1991	-36.117962	2.103000	18.770000
1992	-36.117962	2.105000	18.800000
1993	-36.107962	2.107000	18.890000
1994	-36.027962	2.107000	18.860000
1995	-35.907962	2.109000	18.910000
1996	-35.827962	2.109000	19.080000
1997	-35.787962	2.111000	18.870000
1998	-35.777962	2.111000	18.900000
1999	-35.727962	2.115000	18.880000
2000	-35.707962	2.115000	18.900000
2001	-35.607962	2.117000	18.900000
2002	-35.607962	2.117000	19.000000
2003	-35.547962	2.119000	18.980000
2004	-35.517962	2.119000	18.850000
2005	-35.417962	2.121000	18.970000
2006	-35.417962	2.121000	19.050000
2007	-35.057962	2.123000	18.790000
2008	-34.897962	2.125000	19.040000
2009	-34.817962	2.125000	18.810000
2010	-34.477962	2.127000	19.040000
2011	-34.277962	2.127000	19.080000
2012	-34.217962	2.129000	19.130000
2013	-34.187962	2.129000	19.090000
2014	-33.987962	2.131000	19.160000
2015	-33.957962	2.131000	19.070000
2016	-33.687962	2.133000	19.260000
2017	-33.667962	2.134000	19.050000
2018	-33.637962	2.134000	19.120000
2019	-33.567962	2.136000	19.270000
2020	-33.527962	2.136000	19.070000
2021	-33.467962	2.138000	19.070000
2022	-33.437962	2.138000	19.260000
2023	-33.437962	2.140000	19.100000
2024	-33.397962	2.140000	18.980000
2025	-33.157962	2.142000	19.260000
2026	-33.157962	2.144000	19.170000
2027	-33.007962	2.144000	19.060000
2028	-32.817962	2.146000	19.020000
2029	-32.767962	2.146000	19.100000
2030	-32.737962	2.148000	19.190000
2031	-32.717962	2.148000	19.090000
2032	-32.647962	2.150000	19.180000
2033	-32.617962	2.150000	19.190000
2034	-32.497962	2.152000	19.040000
2035	-32.377962	2.152000	18.990000
2036	-32.327962	2.156000	18.980000
2037	-32.197962	2.156000	19.140000
2038	-32.157962	2.156000	19.100000
2039	-32.027962	2.158000	19.150000
2040	-31.997962	2.158000	19.220000
2041	-31.937962	2.160000	19.270000
2042	-31.907962	2.160000	19.120000
2043	-31.767962	2.162000	19.390000
2044	-31.757962	2.162000	19.340000
2045	-31.727962	2.164000	19.180000
2046	-31.727962	2.166000	19.170000
2047	-31.697962	2.166000	19.300000
2048	-31.517962	2.168000	19.090000
2049	-31.517962	2.168000	19.270000
2050	-31.317962	2.170000	19.340000
2051	-31.297962	2.170000	19.230000
2052	-31.277962	2.172000	19.210000
2053	-31.047962	2.172000	19.130000
2054	-30.947962	2.174000	19.340000
2055	-30.897962	2.176000	19.140000
2056	-30.837962	2.176000	19.180000
2057	-30.747962	2.177000	19.390000
2058	-30.717962	2.177000	19.470000
2059	-30.437962	2.179000	19.330000
2060	-30.287962	2.179000	19.230000
2061	-30.247962	2.181000	19.260000
2062	-30.147962	2.181000	19.350000
2063	-30.077962	2.183000	19.320000
2064	-30.047962	2.183000	19.340000
2065	-29.957962	2.187000	19.400000
2066	-29.917962	2.187000	19.320000
2067	-29.887962	2.187000	19.380000
2068	-29.857962	2.189000	19.440000
2069	-29.677962	2.189000	19.300000
2070	-29.667962	2.191000	19.250000
2071	-29.647962	2.191000	19.270000
2072	-29.627962	2.193000	19.280000
2073	-29.577962	2.191000	19.320000
2074	-29.337962	2.195000	19.360000
2075	-29.247962	2.195000	19.450000
2076	-29.197962	2.197000	19.450000
2077	-29.167962	2.199000	19.320000
2078	-29.157962	2.201000	19.300000
2079	-29.147962	2.201000	19.430000
2080	-29.087962	2.203000	19.430000
2081	-28.997962	2.203000	19.310000
2082	-28.767962	2.205000	19.430000
2083	-28.427962	2.205000	19.400000
2084	-28.347962	2.207000	19.430000
2085	-28.237962	2.207000	19.620000
2086	-28.187962	2.209000	19.560000
2087	-28.177962	2.211000	19.420000
2088	-27.967962	2.211000	19.590000
2089	-27.887962	2.213000	19.430000
2090	-27.867962	2.213000	19.390000
2091	-27.857962	2.213000	19.260000
2092	-27.777962	2.215000	19.570000
2093	-27.697962	2.218000	19.430000
2094	-27.557962	2.217000	19.460000
2095	-27.437962	2.218000	19.600000
2096	-27.267962	2.218000	19.470000
2097	-27.207962	2.220000	19.430000
2098	-27.207962	2.220000	19.480000
2099	-27.147962	2.220000	19.620000
2100	-27.017962	2.222000	19.490000
2101	-26.977962	2.224000	19.540000
2102	-26.787962	2.224000	19.680000
2103	-26.757962	2.226000	19.420000
2104	-26.727962	2.228000	19.490000
2105	-26.717962	2.228000	19.550000
2106	-26.677962	2.230000	19.580000
2107	-26.457962	2.232000	19.570000
2108	-26.167962	2.232000	19.520000
2109	-26.057962	2.234000	19.570000
2110	-26.017962	2.234000	19.510000
2111	-26.007962	2.236000	19.540000
2112	-25.987962	2.236000	19.540000
2113	-25.827962	2.238000	19.570000
2114	-25.737962	2.238000	19.490000
2115	-25.727962	2.238000	19.600000
2116	-25.667962	2.240000	19.560000
2117	-25.627962	2.242000	19.730000
2118	-25.577962	2.242000	19.470000
2119	-25.557962	2.244000	19.520000
2120	-25.517962	2.244000	19.600000
2121	-25.447962	2.244000	19.650000
2122	-25.407962	2.246000	19.640000
2123	-25.197962	2.250000	19.600000
2124	-25.157962	2.250000	19.630000
2125	-25.037962	2.250000	19.860000
2126	-24.907962	2.252000	19.740000
2127	-24.897962	2.252000	19.910000
2128	-24.817962	2.252000	19.690000
2129	-24.647962	2.254000	19.830000
2130	-24.547962	2.256000	19.930000
2131	-24.457962	2.256000	19.750000
2132	-24.437962	2.258000	19.960000
2133	-24.377962	2.260000	19.820000
2134	-24.277962	2.260000	19.740000
2135	-24.247962	2.260000	19.840000
2136	-24.227962	2.261000	19.620000
2137	-24.197962	2.263000	19.740000
2138	-24.147962	2.263000	19.740000
2139	-24.047962	2.265000	19.830000
2140	-23.877962	2.265000	19.650000
2141	-23.867962	2.267000	19.800000
2142	-23.857962	2.267000	19.870000
2143	-23.847962	2.267000	19.860000
2144	-23.847962	2.269000	19.880000
2145	-23.607962	2.271000	19.770000
2146	-23.237962	2.271000	19.890000
2147	-23.217962	2.273000	19.890000
2148	-23.107962	2.273000	19.810000
2149	-23.107962	2.275000	19.840000
2150	-23.077962	2.275000	19.810000
2151	-23.027962	2.275000	19.900000
2152	-22.997962	2.277000	19.870000
2153	-22.987962	2.279000	19.860000
2154	-22.907962	2.283000	19.760000
2155	-22.647962	2.283000	19.910000
2156	-22.627962	2.285000	19.870000
2157	-22.587962	2.285000	19.920000
2158	-22.587962	2.287000	19.850000
2159	-22.577962	2.287000	19.770000
2160	-22.487962	2.289000	19.810000
2161	-22.477962	2.289000	19.900000
2162	-22.467962	2.291000	19.960000
2163	-22.407962	2.291000	19.820000
2164	-22.397962	2.293000	19.950000
2165	-22.377962	2.293000	19.850000
2166	-22.257962	2.295000	20.000000
2167	-22.237962	2.295000	19.910000
2168	-22.117962	2.297000	19.870000
2169	-22.057962	2.297000	19.920000
2170	-22.037962	2.299000	19.920000
2171	-21.977962	2.299000	20.010000
2172	-21.897962	2.301000	19.970000
2173	-21.767962	2.301000	19.930000
2174	-21.667962	2.301000	19.980000
2175	-21.607962	2.304000	20.100000
2176	-21.317962	2.304000	20.030000
2177	-21.277962	2.306000	20.140000
2178	-21.247962	2.306000	20.080000
2179	-21.237962	2.308000	19.790000
2180	-21.237962	2.308000	19.940000
2181	-21.177962	2.310000	20.070000
2182	-21.087962	2.312000	20.130000
2183	-21.017962	2.312000	19.960000
2184	-20.897962	2.312000	19.940000
2185	-20.897962	2.314000	19.970000
2186	-20.787962	2.314000	19.840000
2187	-20.787962	2.316000	20.040000
2188	-20.587962	2.316000	19.990000
2189	-20.527962	2.318000	20.080000
2190	-20.497962	2.318000	19.980000
2191	-19.997962	2.320000	20.050000
2192	-19.987962	2.320000	20.140000
2193	-19.797962	2.322000	20.140000
2194	-19.787962	2.324000	20.170000
2195	-19.537962	2.324000	20.200000
2196	-19.497962	2.326000	20.160000
2197	-19.307962	2.326000	20.240000
2198	-19.287962	2.328000	20.190000
2199	-19.077962	2.328000	20.140000
2200	-19.057962	2.330000	20.350000
2201	-19.017962	2.330000	20.220000
2202	-18.957962	2.332000	20.240000
2203	-18.947962	2.332000	20.050000
2204	-18.857962	2.334000	20.170000
2205	-18.837962	2.336000	20.320000
2206	-18.827962	2.336000	20.180000
2207	-18.797962	2.338000	20.180000
2208	-18.787962	2.338000	20.230000
2209	-18.737962	2.340000	20.180000
2210	-18.727962	2.340000	20.280000
2211	-18.727962	2.342000	20.220000
2212	-18.717962	2.342000	20.270000
2213	-18.707962	2.343000	20.260000
2214	-18.677962	2.343000	20.120000
2215	-18.627962	2.345000	20.140000
2216	-18.457962	2.345000	20.300000
2217	-18.397962	2.347000	20.250000
2218	-18.387962	2.347000	20.270000
2219	-18.377962	2.349000	20.140000
2220	-18.367962	2.349000	20.170000
2221	-18.347962	2.351000	20.200000
2222	-18.177962	2.351000	20.310000
2223	-18.137962	2.353000	20.270000
2224	-18.127962	2.355000	20.270000
2225	-18.107962	2.355000	20.150000
2226	-17.977962	2.357000	20.280000
2227	-17.897962	2.357000	20.120000
2228	-17.787962	2.359000	20.330000
2229	-17.537962	2.359000	20.200000
2230	-17.437962	2.361000	20.360000
2231	-17.387962	2.361000	20.190000
2232	-17.297962	2.365000	20.190000
2233	-17.067962	2.363000	20.330000
2234	-16.647962	2.367000	20.400000
2235	-16.517962	2.367000	20.300000
2236	-16.167962	2.369000	20.320000
2237	-16.107962	2.369000	20.370000
2238	-16.067962	2.369000	20.190000
2239	-15.737962	2.371000	20.390000
2240	-15.617962	2.373000	20.370000
2241	-15.487962	2.375000	20.310000
2242	-15.447962	2.373000	20.320000
2243	-15.327962	2.375000	20.430000
2244	-15.297962	2.377000	20.490000
2245	-15.237962	2.377000	20.300000
2246	-15.177962	2.377000	20.350000
2247	-15.077962	2.379000	20.360000
2248	-15.057962	2.381000	20.560000
2249	-15.027962	2.381000	20.460000
2250	-14.977962	2.383000	20.430000
2251	-14.967962	2.383000	20.550000
2252	-14.927962	2.384000	20.360000
2253	-14.887962	2.386000	20.360000
2254	-14.797962	2.386000	20.380000
2255	-14.767962	2.388000	20.380000
2256	-14.747962	2.388000	20.390000
2257	-14.567962	2.390000	20.520000
2258	-14.517962	2.390000	20.360000
2259	-14.387962	2.392000	20.300000
2260	-14.367962	2.392000	20.410000
2261	-14.337962	2.392000	20.520000
2262	-14.277962	2.394000	20.420000
2263	-14.127962	2.396000	20.470000
2264	-14.077962	2.394000	20.380000
2265	-14.047962	2.398000	20.440000
2266	-14.027962	2.398000	20.360000
2267	-13.997962	2.400000	20.380000
2268	-13.927962	2.400000	20.370000
2269	-13.807962	2.400000	20.390000
2270	-13.807962	2.402000	20.660000
2271	-13.677962	2.404000	20.480000
2272	-13.457962	2.404000	20.510000
2273	-13.447962	2.406000	20.400000
2274	-13.427962	2.406000	20.420000
2275	-13.397962	2.408000	20.560000
2276	-13.317962	2.408000	20.470000
2277	-13.277962	2.408000	20.550000
2278	-13.257962	2.410000	20.490000
2279	-13.227962	2.412000	20.580000
2280	-13.207962	2.410000	20.320000
2281	-13.177962	2.414000	20.570000
2282	-13.007962	2.414000	20.530000
2283	-12.777962	2.416000	20.610000
2284	-12.617962	2.418000	20.550000
2285	-12.577962	2.418000	20.640000
2286	-12.557962	2.420000	20.560000
2287	-12.537962	2.420000	20.640000
2288	-12.507962	2.422000	20.610000
2289	-12.457962	2.422000	20.730000
2290	-12.407962	2.424000	20.690000
2291	-12.387962	2.424000	20.720000
2292	-12.277962	2.424000	20.530000
2293	-12.227962	2.426000	20.540000
2294	-12.097962	2.426000	20.650000
2295	-11.717962	2.427000	20.690000
2296	-11.607962	2.429000	20.670000
2297	-11.597962	2.429000	20.580000
2298	-11.557962	2.431000	20.670000
2299	-11.387962	2.431000	20.800000
2300	-11.317962	2.431000	20.730000
2301	-11.267962	2.433000	20.630000
2302	-11.227962	2.435000	20.640000
2303	-11.187962	2.437000	20.520000
2304	-11.107962	2.437000	20.650000
2305	-10.917962	2.439000	20.770000
2306	-10.657962	2.439000	20.770000
2307	-10.647962	2.439000	20.580000
2308	-10.397962	2.441000	20.680000
2309	-10.387962	2.443000	20.680000
2310	-10.347962	2.443000	20.740000
2311	-10.287962	2.445000	20.840000
2312	-10.227962	2.445000	20.830000
2313	-10.167962	2.449000	20.700000
2314	-10.147962	2.451000	20.750000
2315	-9.977962	2.451000	20.880000
2316	-9.977962	2.453000	20.830000
2317	-9.867962	2.453000	20.840000
2318	-9.697962	2.455000	20.790000
2319	-9.667962	2.455000	20.720000
2320	-9.657962	2.457000	20.930000
2321	-9.647962	2.457000	20.780000
2322	-9.577962	2.459000	20.770000
2323	-9.347962	2.459000	20.780000
2324	-9.217962	2.461000	20.770000
2325	-9.217962	2.461000	21.000000
2326	-9.197962	2.463000	20.720000
2327	-9.087962	2.463000	20.710000
2328	-9.077962	2.465000	20.720000
2329	-8.957962	2.465000	20.860000
2330	-8.947962	2.467000	20.820000
2331	-8.807962	2.467000	20.820000
2332	-8.797962	2.468000	20.780000
2333	-8.737962	2.470000	20.880000
2334	-8.547962	2.470000	20.900000
2335	-8.507962	2.472000	21.030000
2336	-8.397962	2.472000	20.860000
2337	-8.147962	2.474000	21.090000
2338	-8.027962	2.474000	21.060000
2339	-7.997962	2.476000	20.870000
2340	-7.977962	2.476000	21.000000
2341	-7.827962	2.478000	20.880000
2342	-7.827962	2.480000	20.920000
2343	-7.707962	2.480000	20.920000
2344	-7.687962	2.482000	21.070000
2345	-7.537962	2.482000	20.940000
2346	-7.537962	2.484000	21.020000
2347	-7.517962	2.484000	20.860000
2348	-7.337962	2.486000	20.910000
2349	-7.277962	2.486000	20.970000
2350	-7.267962	2.488000	20.970000
2351	-7.247962	2.488000	21.050000
2352	-7.207962	2.488000	20.950000
2353	-7.127962	2.492000	20.990000
2354	-7.097962	2.492000	20.860000
2355	-7.067962	2.494000	20.980000
2356	-7.067962	2.494000	20.980000
2357	-6.887962	2.496000	20.950000
2358	-6.737962	2.496000	20.910000
2359	-6.607962	2.498000	21.020000
2360	-6.507962	2.498000	20.900000
2361	-6.407962	2.500000	21.070000
2362	-6.307962	2.502000	21.120000
2363	-6.207962	2.502000	21.190000
2364	-6.037962	2.504000	21.130000
2365	-5.987962	2.504000	21.150000
2366	-5.987962	2.506000	21.070000
2367	-5.987962	2.506000	21.100000
2368	-5.927962	2.508000	21.100000
2369	-5.867962	2.508000	21.100000
2370	-5.807962	2.510000	21.140000
2371	-5.717962	2.510000	21.140000
2372	-5.707962	2.511000	21.010000
2373	-5.677962	2.511000	21.130000
2374	-5.577962	2.513000	21.230000
2375	-5.557962	2.513000	21.240000
2376	-5.467962	2.515000	21.100000
2377	-5.137962	2.515000	21.180000
2378	-5.107962	2.517000	21.030000
2379	-5.097962	2.517000	21.180000
2380	-5.077962	2.519000	21.190000
2381	-5.007962	2.519000	21.130000
2382	-4.887962	2.521000	21.130000
2383	-4.767962	2.523000	21.180000
2384	-4.647962	2.523000	21.070000
2385	-4.627962	2.525000	21.230000
2386	-4.477962	2.525000	21.280000
2387	-4.357962	2.527000	21.230000
2388	-4.037962	2.527000	21.280000
2389	-3.967962	2.529000	21.130000
2390	-3.917962	2.531000	21.240000
2391	-3.887962	2.533000	21.230000
2392	-3.877962	2.533000	21.580000
2393	-3.807962	2.533000	21.330000
2394	-3.797962	2.535000	21.140000
2395	-3.687962	2.537000	21.250000
2396	-3.667962	2.537000	21.310000
2397	-3.637962	2.539000	21.210000
2398	-3.617962	2.539000	21.150000
2399	-3.597962	2.541000	21.390000
2400	-3.597962	2.541000	21.360000
2401	-3.557962	2.543000	21.350000
2402	-3.377962	2.543000	21.220000
2403	-3.347962	2.545000	21.420000
2404	-3.207962	2.545000	21.230000
2405	-2.977962	2.547000	21.320000
2406	-2.967962	2.547000	21.310000
2407	-2.897962	2.549000	21.260000
2408	-2.887962	2.549000	21.270000
2409	-2.767962	2.551000	21.330000
