1	-192.154054	0.000000	9.660000
2	-191.904054	0.002000	9.820000
3	-191.424054	0.004000	9.440000
4	-191.294054	0.004000	9.500000
5	-191.104054	0.004000	9.960000
6	-191.054054	0.006000	9.430000
7	-190.984054	0.006000	9.460000
8	-190.964054	0.006000	9.400000
9	-190.964054	0.010000	9.740000
10	-190.754054	0.010000	9.540000
11	-190.684054	0.012000	9.930000
12	-190.494054	0.012000	9.340000
13	-190.484054	0.014000	9.370000
14	-190.484054	0.016000	9.270000
15	-190.454054	0.016000	9.410000
16	-190.444054	0.018000	9.550000
17	-190.404054	0.018000	9.760000
18	-190.264054	0.020000	9.340000
19	-190.234054	0.020000	9.400000
20	-190.224054	0.020000	9.560000
21	-190.174054	0.022000	9.430000
22	-190.084054	0.024000	9.800000
23	-189.934054	0.024000	9.420000
24	-189.824054	0.026000	9.720000
25	-189.804054	0.026000	9.510000
26	-189.804054	0.028000	9.570000
27	-189.784054	0.028000	9.590000
28	-189.764054	0.028000	9.350000
29	-189.704054	0.030000	9.430000
30	-189.574054	0.032000	9.380000
31	-189.424054	0.032000	9.260000
32	-189.404054	0.032000	9.380000
33	-189.374054	0.034000	9.980000
34	-189.314054	0.036000	9.630000
35	-189.244054	0.036000	9.470000
36	-189.124054	0.036000	9.620000
37	-189.034054	0.038000	9.470000
38	-189.024054	0.039000	9.430000
39	-188.844054	0.039000	9.390000
40	-188.844054	0.041000	9.510000
41	-188.784054	0.041000	9.450000
42	-188.734054	0.043000	9.600000
43	-188.714054	0.043000	9.600000
44	-188.694054	0.045000	9.550000
45	-188.364054	0.045000	9.690000
46	-188.324054	0.047000	9.760000
47	-188.234054	0.047000	9.620000
48	-188.114054	0.049000	9.590000
49	-188.074054	0.049000	9.640000
50	-187.874054	0.051000	9.400000
51	-187.844054	0.051000	9.620000
52	-187.814054	0.051000	9.630000
53	-187.704054	0.053000	9.790000
54	-187.684054	0.053000	9.750000
55	-187.654054	0.057000	9.580000
56	-187.594054	0.057000	9.730000
57	-187.584054	0.061000	9.530000
58	-187.504054	0.061000	9.760000
59	-187.494054	0.063000	9.390000
60	-187.474054	0.063000	9.550000
61	-187.384054	0.065000	9.630000
62	-187.294054	0.065000	9.820000
63	-187.274054	0.067000	9.730000
64	-186.984054	0.067000	9.550000
65	-186.974054	0.069000	9.510000
66	-186.964054	0.069000	9.590000
67	-186.884054	0.071000	9.560000
68	-186.824054	0.071000	9.890000
69	-186.684054	0.073000	9.510000
70	-186.674054	0.073000	9.750000
71	-186.664054	0.075000	9.600000
72	-186.654054	0.075000	9.780000
73	-186.614054	0.077000	9.810000
74	-186.544054	0.077000	9.870000
75	-186.534054	0.079000	10.100000
76	-186.444054	0.079000	10.250000
77	-186.324054	0.080000	9.960000
78	-186.244054	0.080000	9.790000
79	-186.174054	0.082000	9.650000
80	-186.174054	0.082000	9.870000
81	-186.124054	0.084000	9.840000
82	-186.094054	0.084000	9.690000
83	-186.024054	0.084000	9.670000
84	-185.834054	0.088000	9.670000
85	-185.704054	0.088000	10.130000
86	-185.614054	0.090000	9.870000
87	-185.524054	0.090000	10.000000
88	-185.494054	0.092000	9.580000
89	-185.294054	0.092000	9.810000
90	-185.204054	0.094000	9.790000
91	-185.054054	0.094000	9.600000
92	-184.974054	0.096000	9.700000
93	-184.974054	0.096000	10.000000
94	-184.954054	0.098000	9.810000
95	-184.924054	0.100000	9.700000
96	-184.804054	0.100000	10.120000
97	-184.584054	0.102000	9.820000
98	-184.514054	0.102000	9.600000
99	-184.494054	0.104000	9.870000
100	-184.444054	0.104000	9.700000
101	-184.384054	0.106000	9.710000
102	-184.374054	0.106000	10.230000
103	-184.314054	0.108000	9.900000
104	-184.164054	0.108000	9.990000
105	-183.974054	0.110000	9.770000
106	-183.944054	0.110000	9.840000
107	-183.754054	0.112000	9.640000
108	-183.744054	0.112000	9.830000
109	-183.414054	0.114000	9.950000
110	-183.394054	0.114000	9.770000
111	-183.384054	0.116000	9.870000
112	-183.364054	0.116000	10.200000
113	-183.344054	0.118000	10.180000
114	-183.334054	0.120000	9.820000
115	-183.314054	0.120000	9.900000
116	-183.284054	0.122000	9.810000
117	-183.274054	0.122000	9.800000
118	-183.144054	0.123000	9.960000
119	-182.904054	0.123000	10.080000
120	-182.904054	0.125000	9.700000
121	-182.834054	0.125000	10.070000
122	-182.774054	0.127000	9.910000
123	-182.634054	0.127000	9.650000
124	-182.634054	0.129000	9.800000
125	-182.304054	0.129000	9.700000
126	-182.184054	0.131000	9.860000
127	-182.174054	0.131000	9.850000
128	-182.114054	0.133000	9.860000
129	-182.004054	0.133000	9.670000
130	-181.904054	0.135000	10.020000
131	-181.814054	0.135000	9.760000
132	-181.804054	0.137000	9.900000
133	-181.744054	0.137000	10.020000
134	-181.704054	0.139000	9.660000
135	-181.644054	0.139000	9.850000
136	-181.614054	0.141000	10.170000
137	-181.604054	0.141000	10.060000
138	-181.604054	0.145000	9.840000
139	-181.594054	0.145000	9.790000
140	-181.594054	0.145000	10.310000
141	-181.494054	0.147000	10.000000
142	-181.404054	0.149000	10.100000
143	-181.344054	0.147000	9.790000
144	-181.124054	0.151000	9.860000
145	-180.934054	0.153000	10.070000
146	-180.894054	0.153000	9.880000
147	-180.874054	0.153000	9.920000
148	-180.784054	0.155000	9.970000
149	-180.624054	0.157000	10.110000
150	-180.594054	0.157000	10.070000
151	-180.544054	0.159000	9.880000
152	-180.284054	0.159000	10.140000
153	-180.174054	0.161000	9.960000
154	-180.024054	0.161000	9.740000
155	-180.004054	0.161000	9.850000
156	-179.924054	0.163000	9.920000
157	-179.834054	0.164000	10.030000
158	-179.824054	0.164000	10.130000
159	-179.804054	0.166000	9.940000
160	-179.744054	0.166000	10.320000
161	-179.694054	0.168000	10.120000
162	-179.674054	0.168000	9.890000
163	-179.664054	0.168000	10.010000
164	-179.564054	0.170000	9.830000
165	-179.564054	0.172000	10.080000
166	-179.554054	0.172000	9.980000
167	-179.434054	0.174000	9.880000
168	-179.214054	0.174000	9.870000
169	-179.154054	0.176000	9.960000
170	-179.104054	0.176000	10.060000
171	-179.084054	0.176000	10.230000
172	-178.954054	0.178000	10.180000
173	-178.874054	0.178000	10.180000
174	-178.814054	0.182000	10.080000
175	-178.684054	0.182000	10.420000
176	-178.554054	0.184000	10.280000
177	-178.484054	0.184000	9.870000
178	-178.444054	0.184000	10.070000
179	-178.394054	0.186000	10.440000
180	-178.364054	0.188000	10.360000
181	-178.164054	0.188000	10.080000
182	-178.154054	0.190000	9.950000
183	-178.054054	0.190000	10.040000
184	-178.044054	0.192000	10.320000
185	-177.964054	0.192000	10.370000
186	-177.944054	0.194000	10.510000
187	-177.914054	0.196000	10.280000
188	-177.904054	0.196000	10.080000
189	-177.784054	0.198000	10.170000
190	-177.734054	0.198000	10.120000
191	-177.724054	0.200000	10.170000
192	-177.714054	0.200000	10.260000
193	-177.694054	0.202000	10.020000
194	-177.654054	0.202000	10.180000
195	-177.564054	0.204000	10.080000
196	-177.534054	0.204000	10.040000
197	-177.514054	0.205000	10.070000
198	-177.284054	0.205000	10.270000
199	-177.234054	0.207000	10.170000
200	-177.164054	0.207000	10.100000
201	-177.034054	0.209000	10.190000
202	-176.854054	0.209000	10.280000
203	-176.834054	0.211000	10.170000
204	-176.834054	0.211000	10.090000
205	-176.764054	0.213000	10.160000
206	-176.654054	0.213000	10.170000
207	-176.614054	0.215000	10.210000
208	-176.504054	0.215000	10.240000
209	-176.444054	0.215000	10.270000
210	-176.404054	0.217000	10.330000
211	-176.154054	0.219000	10.180000
212	-176.064054	0.219000	10.300000
213	-176.064054	0.221000	10.150000
214	-176.004054	0.221000	10.270000
215	-175.934054	0.223000	10.170000
216	-175.914054	0.223000	10.220000
217	-175.794054	0.227000	10.360000
218	-175.764054	0.227000	10.220000
219	-175.754054	0.229000	10.120000
220	-175.734054	0.229000	10.550000
221	-175.704054	0.231000	10.290000
222	-175.674054	0.231000	10.450000
223	-175.654054	0.233000	10.300000
224	-175.624054	0.233000	10.470000
225	-175.464054	0.235000	10.100000
226	-175.404054	0.237000	10.230000
227	-175.374054	0.237000	10.350000
228	-175.324054	0.239000	10.470000
229	-175.244054	0.239000	10.190000
230	-175.194054	0.241000	10.310000
231	-175.114054	0.241000	10.210000
232	-174.954054	0.243000	10.280000
233	-174.854054	0.241000	10.150000
234	-174.594054	0.245000	10.150000
235	-174.554054	0.245000	10.700000
236	-174.494054	0.246000	10.140000
237	-174.494054	0.246000	10.280000
238	-174.494054	0.248000	10.190000
239	-174.474054	0.248000	10.290000
240	-174.354054	0.250000	10.220000
241	-174.334054	0.250000	10.490000
242	-174.124054	0.252000	10.440000
243	-174.094054	0.252000	10.500000
244	-174.004054	0.254000	10.460000
245	-173.924054	0.256000	10.290000
246	-173.904054	0.256000	10.340000
247	-173.894054	0.258000	10.380000
248	-173.874054	0.258000	10.360000
249	-173.794054	0.260000	10.580000
250	-173.724054	0.260000	10.650000
251	-173.704054	0.262000	10.280000
252	-173.624054	0.262000	10.290000
253	-173.534054	0.264000	10.480000
254	-173.474054	0.264000	10.200000
255	-173.374054	0.266000	10.190000
256	-173.374054	0.266000	10.220000
257	-173.194054	0.268000	10.420000
258	-173.134054	0.268000	10.460000
259	-173.114054	0.270000	10.300000
260	-173.084054	0.270000	10.660000
261	-173.034054	0.272000	10.620000
262	-172.984054	0.272000	10.670000
263	-172.844054	0.274000	10.540000
264	-172.744054	0.274000	10.600000
265	-172.704054	0.276000	10.330000
266	-172.464054	0.278000	10.430000
267	-172.354054	0.278000	10.450000
268	-172.344054	0.280000	10.430000
269	-172.244054	0.280000	10.490000
270	-172.244054	0.282000	10.570000
271	-172.094054	0.282000	10.380000
272	-172.034054	0.284000	10.610000
273	-172.004054	0.284000	10.430000
274	-171.744054	0.286000	10.420000
275	-171.594054	0.286000	10.370000
276	-171.514054	0.288000	10.550000
277	-171.504054	0.288000	10.730000
278	-171.504054	0.289000	10.570000
279	-171.334054	0.289000	10.360000
280	-171.314054	0.291000	10.480000
281	-170.884054	0.291000	10.640000
282	-170.884054	0.293000	10.770000
283	-170.664054	0.293000	10.600000
284	-170.644054	0.295000	10.470000
285	-170.634054	0.295000	10.440000
286	-170.514054	0.297000	10.560000
287	-170.474054	0.297000	10.540000
288	-170.454054	0.299000	10.630000
289	-170.414054	0.299000	10.670000
290	-170.364054	0.301000	10.680000
291	-170.184054	0.301000	10.800000
292	-170.174054	0.303000	10.560000
293	-170.054054	0.303000	10.670000
294	-170.044054	0.303000	10.630000
295	-169.994054	0.305000	10.650000
296	-169.934054	0.307000	10.360000
297	-169.804054	0.307000	10.600000
298	-169.754054	0.309000	10.540000
299	-169.704054	0.311000	10.600000
300	-169.644054	0.313000	10.930000
301	-169.634054	0.313000	10.840000
302	-169.624054	0.315000	10.540000
303	-169.594054	0.315000	10.850000
304	-169.564054	0.317000	10.560000
305	-169.534054	0.317000	10.700000
306	-169.514054	0.319000	10.640000
307	-169.504054	0.319000	10.350000
308	-169.504054	0.321000	10.670000
309	-169.484054	0.321000	10.730000
310	-169.474054	0.323000	10.610000
311	-169.354054	0.323000	10.770000
312	-169.334054	0.325000	10.740000
313	-169.324054	0.325000	10.520000
314	-169.264054	0.327000	10.710000
315	-169.264054	0.327000	10.590000
316	-169.194054	0.329000	10.990000
317	-169.174054	0.329000	10.580000
318	-169.164054	0.330000	10.480000
319	-169.104054	0.330000	10.660000
320	-169.064054	0.332000	10.740000
321	-168.984054	0.332000	10.760000
322	-168.884054	0.332000	10.680000
323	-168.794054	0.334000	10.490000
324	-168.794054	0.336000	10.540000
325	-168.774054	0.336000	10.620000
326	-168.674054	0.336000	10.580000
327	-168.574054	0.338000	11.010000
328	-168.204054	0.340000	10.750000
329	-168.124054	0.340000	10.580000
330	-168.034054	0.340000	10.920000
331	-167.414054	0.342000	11.170000
332	-167.404054	0.344000	10.830000
333	-167.354054	0.344000	10.740000
334	-167.234054	0.346000	10.910000
335	-167.164054	0.346000	10.770000
336	-167.024054	0.348000	10.820000
337	-166.834054	0.348000	11.100000
338	-166.744054	0.350000	10.870000
339	-166.644054	0.350000	11.010000
340	-166.634054	0.352000	10.900000
341	-166.574054	0.352000	10.920000
342	-166.544054	0.354000	10.880000
343	-166.544054	0.354000	10.910000
344	-166.514054	0.356000	10.800000
345	-166.464054	0.356000	10.970000
346	-166.444054	0.356000	11.070000
347	-166.344054	0.358000	10.770000
348	-166.324054	0.360000	11.240000
349	-166.304054	0.360000	10.980000
350	-166.064054	0.362000	10.930000
351	-165.904054	0.362000	10.860000
352	-165.854054	0.364000	10.970000
353	-165.834054	0.364000	10.740000
354	-165.804054	0.364000	10.790000
355	-165.704054	0.366000	10.810000
356	-165.704054	0.368000	10.880000
357	-165.674054	0.368000	11.000000
358	-165.544054	0.370000	11.010000
359	-165.544054	0.370000	11.100000
360	-165.424054	0.372000	10.990000
361	-165.324054	0.372000	10.910000
362	-165.284054	0.372000	10.990000
363	-165.274054	0.373000	11.300000
364	-165.244054	0.375000	10.890000
365	-165.124054	0.375000	11.040000
366	-164.974054	0.377000	10.760000
367	-164.934054	0.377000	10.780000
368	-164.874054	0.379000	10.970000
369	-164.654054	0.379000	10.860000
370	-164.654054	0.381000	11.380000
371	-164.544054	0.383000	10.890000
372	-164.514054	0.383000	10.880000
373	-164.484054	0.385000	11.160000
374	-164.464054	0.385000	10.970000
375	-164.414054	0.387000	10.920000
376	-164.394054	0.387000	11.040000
377	-164.214054	0.387000	10.980000
378	-164.184054	0.389000	10.920000
379	-164.184054	0.391000	11.240000
380	-164.084054	0.391000	11.030000
381	-164.024054	0.393000	10.930000
382	-164.024054	0.395000	11.020000
383	-163.964054	0.397000	11.120000
384	-163.774054	0.397000	11.240000
385	-163.764054	0.399000	11.060000
386	-163.764054	0.399000	11.080000
387	-163.634054	0.401000	11.030000
388	-163.584054	0.401000	10.980000
389	-163.504054	0.403000	11.090000
390	-163.494054	0.405000	10.950000
391	-163.494054	0.405000	11.300000
392	-163.484054	0.407000	11.290000
393	-163.484054	0.407000	10.900000
394	-163.434054	0.409000	11.140000
395	-163.414054	0.409000	11.080000
396	-163.374054	0.411000	11.220000
397	-163.364054	0.411000	10.820000
398	-163.274054	0.413000	11.190000
399	-163.044054	0.413000	11.280000
400	-162.794054	0.414000	10.990000
401	-162.434054	0.414000	11.050000
402	-162.414054	0.416000	11.120000
403	-162.204054	0.416000	11.140000
404	-162.184054	0.418000	11.220000
405	-162.184054	0.418000	11.070000
406	-162.024054	0.420000	11.870000
407	-161.864054	0.420000	11.400000
408	-161.644054	0.420000	11.030000
409	-161.644054	0.422000	11.400000
410	-161.504054	0.424000	11.050000
411	-161.474054	0.424000	11.240000
412	-161.434054	0.426000	11.160000
413	-161.434054	0.426000	11.090000
414	-161.414054	0.428000	11.090000
415	-161.324054	0.428000	11.140000
416	-161.304054	0.430000	11.060000
417	-161.194054	0.430000	11.320000
418	-161.144054	0.432000	11.270000
419	-161.114054	0.432000	11.000000
420	-160.964054	0.434000	11.220000
421	-160.964054	0.434000	11.220000
422	-160.954054	0.436000	11.390000
423	-160.944054	0.436000	11.330000
424	-160.714054	0.438000	11.120000
425	-160.704054	0.438000	11.290000
426	-160.594054	0.440000	11.030000
427	-160.484054	0.440000	11.230000
428	-160.284054	0.442000	11.360000
429	-160.244054	0.442000	11.260000
430	-160.234054	0.444000	11.260000
431	-160.094054	0.444000	11.320000
432	-160.044054	0.446000	11.620000
433	-160.034054	0.446000	11.250000
434	-160.014054	0.448000	11.160000
435	-159.984054	0.448000	11.610000
436	-159.854054	0.450000	11.470000
437	-159.784054	0.450000	11.530000
438	-159.744054	0.452000	11.450000
439	-159.734054	0.452000	11.400000
440	-159.724054	0.455000	11.220000
441	-159.694054	0.455000	11.300000
442	-159.654054	0.455000	10.990000
443	-159.644054	0.457000	11.300000
444	-159.604054	0.457000	11.060000
445	-159.534054	0.459000	11.110000
446	-159.514054	0.459000	11.530000
447	-159.424054	0.461000	11.360000
448	-159.224054	0.461000	11.490000
449	-159.214054	0.463000	11.440000
450	-159.214054	0.463000	11.000000
451	-159.214054	0.465000	11.250000
452	-159.194054	0.465000	11.300000
453	-159.074054	0.467000	11.490000
454	-159.014054	0.467000	11.080000
455	-158.984054	0.469000	11.440000
456	-158.974054	0.469000	11.350000
457	-158.904054	0.471000	11.870000
458	-158.874054	0.471000	11.440000
459	-158.754054	0.473000	11.550000
460	-158.604054	0.475000	11.660000
461	-158.484054	0.477000	11.750000
462	-158.364054	0.479000	11.360000
463	-158.344054	0.479000	11.360000
464	-158.244054	0.481000	11.400000
465	-158.204054	0.481000	11.320000
466	-158.124054	0.481000	11.570000
467	-157.884054	0.483000	11.430000
468	-157.634054	0.485000	11.560000
469	-157.574054	0.485000	11.620000
470	-157.294054	0.487000	11.560000
471	-157.114054	0.489000	11.600000
472	-156.974054	0.489000	11.490000
473	-156.964054	0.489000	11.700000
474	-156.844054	0.491000	11.760000
475	-156.764054	0.493000	11.530000
476	-156.694054	0.493000	11.630000
477	-156.684054	0.495000	11.630000
478	-156.454054	0.495000	11.700000
479	-156.414054	0.496000	11.540000
480	-156.384054	0.496000	11.550000
481	-156.364054	0.496000	11.530000
482	-156.294054	0.498000	11.500000
483	-156.284054	0.500000	11.580000
484	-156.204054	0.500000	11.540000
485	-156.204054	0.502000	11.530000
486	-156.184054	0.502000	11.800000
487	-156.154054	0.504000	11.410000
488	-155.904054	0.504000	11.520000
489	-155.904054	0.506000	11.620000
490	-155.844054	0.506000	11.630000
491	-155.824054	0.508000	11.610000
492	-155.734054	0.508000	11.410000
493	-155.684054	0.510000	11.710000
494	-155.664054	0.510000	11.530000
495	-155.534054	0.512000	11.390000
496	-155.504054	0.512000	11.780000
497	-155.444054	0.512000	11.560000
498	-155.344054	0.514000	11.660000
499	-155.264054	0.518000	11.470000
500	-155.254054	0.516000	11.470000
501	-155.244054	0.518000	11.670000
502	-155.184054	0.518000	11.450000
503	-155.184054	0.520000	11.600000
504	-155.124054	0.520000	11.590000
505	-155.124054	0.520000	11.630000
506	-154.904054	0.522000	11.630000
507	-154.904054	0.524000	11.410000
508	-154.774054	0.524000	11.580000
509	-154.694054	0.526000	11.460000
510	-154.514054	0.526000	11.590000
511	-154.484054	0.528000	11.570000
512	-154.474054	0.528000	11.770000
513	-154.354054	0.528000	12.000000
514	-154.294054	0.530000	11.720000
515	-154.134054	0.532000	11.520000
516	-154.094054	0.534000	11.620000
517	-154.044054	0.534000	11.750000
518	-154.034054	0.534000	11.740000
519	-153.854054	0.536000	11.710000
520	-153.644054	0.536000	11.650000
521	-153.564054	0.538000	11.630000
522	-153.544054	0.538000	11.530000
523	-153.514054	0.539000	11.470000
524	-153.474054	0.539000	11.800000
525	-153.464054	0.541000	11.650000
526	-153.394054	0.541000	11.740000
527	-153.324054	0.543000	11.930000
528	-153.214054	0.543000	11.730000
529	-153.164054	0.545000	11.860000
530	-152.924054	0.545000	11.700000
531	-152.754054	0.549000	11.930000
532	-152.744054	0.549000	11.860000
533	-152.664054	0.549000	11.750000
534	-152.424054	0.551000	11.790000
535	-152.344054	0.551000	11.910000
536	-152.284054	0.551000	11.940000
537	-152.214054	0.553000	11.760000
538	-152.194054	0.555000	11.850000
539	-152.164054	0.555000	11.750000
540	-152.134054	0.555000	11.910000
541	-152.074054	0.557000	12.190000
542	-151.924054	0.561000	11.910000
543	-151.604054	0.561000	12.070000
544	-151.544054	0.563000	11.870000
545	-151.474054	0.563000	11.800000
546	-151.474054	0.565000	11.950000
547	-151.434054	0.565000	11.880000
548	-151.424054	0.567000	11.940000
549	-151.394054	0.567000	11.870000
550	-151.394054	0.569000	11.830000
551	-151.374054	0.569000	12.080000
552	-151.214054	0.571000	11.990000
553	-151.134054	0.573000	11.980000
554	-151.074054	0.573000	11.840000
555	-150.914054	0.575000	12.070000
556	-150.804054	0.575000	11.970000
557	-150.774054	0.577000	11.970000
558	-150.634054	0.577000	12.000000
559	-150.604054	0.579000	11.880000
560	-150.564054	0.579000	12.350000
561	-150.434054	0.580000	12.040000
562	-150.224054	0.582000	12.150000
563	-150.134054	0.582000	12.120000
564	-150.124054	0.584000	12.070000
565	-150.054054	0.584000	12.000000
566	-150.024054	0.586000	12.200000
567	-149.994054	0.586000	12.070000
568	-149.824054	0.588000	12.300000
569	-149.794054	0.588000	12.130000
570	-149.784054	0.590000	12.050000
571	-149.744054	0.590000	12.170000
572	-149.694054	0.592000	12.240000
573	-149.684054	0.592000	12.000000
574	-149.564054	0.594000	12.090000
575	-149.374054	0.594000	12.110000
576	-149.364054	0.596000	12.100000
577	-149.314054	0.596000	12.300000
578	-149.244054	0.598000	12.100000
579	-149.234054	0.598000	12.100000
580	-149.234054	0.600000	12.030000
581	-149.134054	0.600000	11.930000
582	-149.124054	0.602000	12.090000
583	-149.024054	0.602000	12.400000
584	-148.954054	0.604000	12.060000
585	-148.924054	0.604000	12.130000
586	-148.784054	0.606000	12.210000
587	-148.774054	0.606000	12.180000
588	-148.734054	0.608000	11.910000
589	-148.454054	0.608000	12.090000
590	-148.424054	0.612000	12.060000
591	-148.284054	0.612000	12.400000
592	-148.184054	0.612000	12.250000
593	-148.144054	0.614000	12.210000
594	-148.114054	0.614000	12.130000
595	-148.014054	0.616000	12.080000
596	-147.914054	0.616000	12.120000
597	-147.914054	0.618000	11.960000
598	-147.894054	0.618000	12.180000
599	-147.734054	0.620000	12.140000
600	-147.714054	0.620000	12.340000
601	-147.704054	0.622000	12.370000
602	-147.684054	0.622000	12.110000
603	-147.534054	0.623000	12.300000
604	-147.514054	0.623000	12.200000
605	-147.434054	0.625000	12.120000
606	-147.414054	0.625000	12.160000
607	-147.404054	0.627000	12.350000
608	-147.364054	0.627000	12.170000
609	-147.334054	0.629000	12.200000
610	-146.724054	0.629000	12.300000
611	-146.604054	0.631000	12.320000
612	-146.544054	0.631000	12.290000
613	-146.544054	0.633000	12.470000
614	-146.514054	0.633000	12.290000
615	-146.464054	0.635000	12.170000
616	-146.384054	0.635000	12.370000
617	-146.384054	0.637000	12.160000
618	-146.234054	0.637000	12.300000
619	-146.164054	0.639000	12.430000
620	-146.154054	0.639000	12.390000
621	-146.124054	0.643000	12.390000
622	-145.984054	0.645000	12.390000
623	-145.914054	0.645000	12.490000
624	-145.834054	0.645000	12.440000
625	-145.804054	0.647000	12.360000
626	-145.794054	0.649000	12.250000
627	-145.734054	0.649000	12.340000
628	-145.704054	0.651000	12.350000
629	-145.624054	0.651000	12.350000
630	-145.624054	0.653000	12.290000
631	-145.624054	0.653000	12.290000
632	-145.604054	0.655000	12.260000
633	-145.594054	0.655000	12.380000
634	-145.564054	0.657000	12.300000
635	-145.494054	0.657000	12.260000
636	-145.494054	0.659000	12.300000
637	-145.444054	0.659000	12.460000
638	-145.354054	0.661000	12.340000
639	-145.174054	0.661000	12.190000
640	-145.034054	0.661000	12.340000
641	-144.964054	0.663000	12.440000
642	-144.784054	0.664000	12.630000
643	-144.554054	0.664000	12.390000
644	-144.474054	0.666000	12.410000
645	-144.444054	0.666000	12.320000
646	-144.404054	0.668000	12.470000
647	-144.354054	0.668000	12.480000
648	-144.114054	0.668000	12.360000
649	-143.984054	0.670000	12.370000
650	-143.984054	0.672000	12.450000
651	-143.954054	0.672000	12.460000
652	-143.944054	0.674000	12.470000
653	-143.944054	0.676000	12.470000
654	-143.754054	0.676000	12.510000
655	-143.574054	0.676000	12.360000
656	-143.524054	0.678000	12.550000
657	-143.504054	0.680000	12.630000
658	-143.374054	0.680000	12.500000
659	-143.354054	0.682000	12.410000
660	-143.334054	0.682000	12.500000
661	-143.334054	0.684000	12.520000
662	-143.324054	0.684000	12.550000
663	-143.094054	0.686000	12.600000
664	-143.074054	0.688000	12.550000
665	-142.964054	0.690000	12.540000
666	-142.864054	0.690000	12.580000
667	-142.704054	0.690000	12.430000
668	-142.644054	0.692000	12.510000
669	-142.604054	0.692000	12.470000
670	-142.484054	0.694000	12.610000
671	-142.394054	0.694000	12.530000
672	-142.354054	0.696000	12.430000
673	-142.314054	0.696000	12.510000
674	-141.954054	0.698000	12.510000
675	-141.934054	0.698000	12.580000
676	-141.894054	0.700000	12.540000
677	-141.844054	0.700000	12.490000
678	-141.784054	0.700000	12.640000
679	-141.764054	0.702000	12.510000
680	-141.724054	0.705000	12.460000
681	-141.644054	0.704000	12.580000
682	-141.534054	0.705000	12.740000
683	-141.474054	0.705000	12.540000
684	-141.374054	0.707000	12.660000
685	-141.374054	0.707000	12.790000
686	-141.354054	0.707000	12.630000
687	-141.284054	0.709000	12.490000
688	-141.224054	0.711000	12.830000
689	-141.194054	0.711000	12.570000
690	-141.194054	0.713000	12.830000
691	-141.164054	0.713000	12.520000
692	-141.124054	0.715000	12.660000
693	-141.054054	0.715000	12.670000
694	-140.944054	0.715000	12.520000
695	-140.894054	0.717000	12.600000
696	-140.894054	0.719000	12.550000
697	-140.884054	0.719000	12.650000
698	-140.784054	0.721000	12.610000
699	-140.734054	0.721000	12.800000
700	-140.734054	0.723000	12.780000
701	-140.524054	0.723000	12.770000
702	-140.264054	0.727000	12.650000
703	-140.154054	0.727000	12.710000
704	-140.134054	0.729000	12.790000
705	-140.104054	0.729000	12.830000
706	-139.924054	0.731000	12.880000
707	-139.834054	0.731000	12.740000
708	-139.584054	0.733000	12.740000
709	-139.434054	0.733000	12.780000
710	-139.374054	0.735000	12.860000
711	-139.364054	0.735000	13.020000
712	-139.364054	0.737000	12.970000
713	-139.344054	0.737000	12.830000
714	-139.314054	0.739000	12.920000
715	-139.314054	0.739000	12.950000
716	-139.124054	0.741000	12.610000
717	-139.064054	0.741000	12.780000
718	-138.964054	0.743000	12.800000
719	-138.904054	0.743000	12.900000
720	-138.874054	0.745000	12.960000
721	-138.874054	0.745000	12.880000
722	-138.774054	0.746000	12.770000
723	-138.764054	0.748000	12.880000
724	-138.754054	0.748000	12.790000
725	-138.754054	0.750000	12.820000
726	-138.674054	0.750000	12.720000
727	-138.674054	0.752000	12.900000
728	-138.634054	0.752000	12.780000
729	-138.594054	0.754000	12.910000
730	-138.514054	0.754000	12.730000
731	-138.514054	0.756000	12.920000
732	-138.384054	0.756000	12.800000
733	-138.384054	0.758000	12.950000
734	-138.254054	0.758000	12.900000
735	-138.244054	0.760000	12.980000
736	-138.194054	0.760000	12.750000
737	-138.164054	0.762000	12.910000
738	-137.744054	0.762000	12.810000
739	-137.724054	0.764000	13.020000
740	-137.704054	0.764000	12.670000
741	-137.494054	0.766000	13.080000
742	-137.444054	0.768000	12.980000
743	-137.314054	0.768000	13.070000
744	-137.284054	0.770000	12.930000
745	-137.174054	0.770000	12.940000
746	-137.064054	0.772000	12.940000
747	-136.954054	0.772000	13.010000
748	-136.894054	0.774000	12.970000
749	-136.864054	0.774000	12.970000
750	-136.754054	0.776000	12.940000
751	-136.724054	0.776000	12.840000
752	-136.624054	0.778000	12.930000
753	-136.554054	0.778000	13.050000
754	-136.514054	0.780000	13.080000
755	-136.204054	0.780000	13.050000
756	-136.134054	0.782000	13.020000
757	-135.944054	0.782000	13.000000
758	-135.814054	0.784000	13.100000
759	-135.814054	0.784000	13.050000
760	-135.744054	0.786000	12.920000
761	-135.694054	0.786000	13.160000
762	-135.574054	0.788000	12.930000
763	-135.464054	0.788000	13.160000
764	-135.434054	0.789000	13.180000
765	-135.314054	0.789000	13.010000
766	-135.314054	0.791000	13.020000
767	-135.264054	0.791000	13.080000
768	-135.214054	0.793000	13.070000
769	-135.144054	0.793000	12.980000
770	-135.144054	0.795000	13.140000
771	-135.144054	0.795000	13.170000
772	-135.104054	0.797000	13.050000
773	-135.014054	0.797000	12.910000
774	-134.974054	0.799000	13.100000
775	-134.964054	0.799000	13.140000
776	-134.854054	0.801000	13.090000
777	-134.814054	0.801000	13.090000
778	-134.794054	0.803000	13.170000
779	-134.744054	0.803000	13.010000
780	-134.694054	0.805000	13.060000
781	-134.694054	0.805000	12.990000
782	-134.334054	0.807000	13.200000
783	-134.174054	0.807000	13.110000
784	-134.074054	0.811000	13.380000
785	-134.004054	0.813000	13.140000
786	-133.994054	0.813000	12.960000
787	-133.854054	0.815000	13.140000
788	-133.854054	0.815000	13.220000
789	-133.834054	0.817000	13.160000
790	-133.824054	0.817000	13.000000
791	-133.784054	0.819000	13.200000
792	-133.694054	0.819000	13.440000
793	-133.644054	0.821000	12.940000
794	-133.624054	0.821000	13.140000
795	-133.514054	0.823000	13.130000
796	-133.354054	0.823000	13.180000
797	-133.294054	0.825000	13.150000
798	-133.294054	0.825000	13.020000
799	-132.994054	0.825000	13.150000
800	-132.944054	0.827000	13.210000
801	-132.844054	0.829000	13.170000
802	-132.774054	0.829000	13.170000
803	-132.624054	0.830000	13.190000
804	-132.604054	0.832000	13.300000
805	-132.584054	0.832000	13.410000
806	-132.514054	0.832000	13.100000
807	-132.484054	0.834000	13.510000
808	-132.304054	0.836000	13.280000
809	-132.294054	0.836000	13.120000
810	-132.274054	0.838000	13.320000
811	-132.244054	0.838000	13.330000
812	-132.134054	0.840000	13.170000
813	-132.064054	0.840000	13.330000
814	-132.014054	0.842000	13.240000
815	-132.014054	0.844000	13.430000
816	-131.904054	0.844000	13.310000
817	-131.774054	0.846000	13.360000
818	-131.694054	0.846000	13.330000
819	-131.684054	0.848000	13.330000
820	-131.624054	0.848000	13.220000
821	-131.544054	0.850000	13.450000
822	-131.504054	0.850000	13.320000
823	-131.394054	0.850000	13.410000
824	-131.374054	0.854000	13.420000
825	-131.344054	0.854000	13.390000
826	-131.174054	0.856000	13.310000
827	-131.174054	0.856000	13.300000
828	-131.124054	0.858000	13.310000
829	-131.044054	0.858000	13.340000
830	-130.964054	0.860000	13.480000
831	-130.924054	0.862000	13.470000
832	-130.914054	0.862000	13.220000
833	-130.884054	0.862000	13.250000
834	-130.854054	0.864000	13.410000
835	-130.324054	0.864000	13.630000
836	-130.224054	0.864000	13.530000
837	-130.204054	0.866000	13.410000
838	-130.174054	0.868000	13.350000
839	-130.174054	0.868000	13.520000
840	-129.704054	0.870000	13.410000
841	-129.494054	0.870000	13.450000
842	-129.484054	0.872000	13.550000
843	-129.454054	0.872000	13.620000
844	-129.424054	0.873000	13.540000
845	-129.324054	0.873000	13.570000
846	-129.304054	0.875000	13.490000
847	-129.294054	0.875000	13.490000
848	-129.244054	0.877000	13.450000
849	-129.094054	0.877000	13.410000
850	-129.064054	0.879000	13.640000
851	-129.034054	0.879000	13.280000
852	-129.004054	0.879000	13.550000
853	-128.954054	0.881000	13.630000
854	-128.934054	0.883000	13.540000
855	-128.894054	0.883000	13.390000
856	-128.724054	0.885000	13.430000
857	-128.654054	0.885000	13.410000
858	-128.594054	0.887000	13.620000
859	-128.484054	0.887000	13.550000
860	-128.464054	0.887000	13.610000
861	-128.324054	0.889000	13.530000
862	-128.274054	0.891000	13.530000
863	-128.074054	0.893000	13.490000
864	-127.884054	0.895000	13.570000
865	-127.784054	0.897000	13.670000
866	-127.654054	0.897000	13.620000
867	-127.654054	0.899000	13.610000
868	-127.644054	0.899000	13.780000
869	-127.614054	0.901000	13.750000
870	-127.524054	0.901000	13.650000
871	-127.464054	0.903000	13.720000
872	-127.454054	0.903000	13.640000
873	-127.404054	0.905000	13.630000
874	-127.394054	0.905000	13.670000
875	-127.264054	0.907000	13.670000
876	-127.114054	0.907000	13.780000
877	-127.104054	0.909000	13.560000
878	-127.074054	0.909000	13.630000
879	-126.974054	0.911000	13.690000
880	-126.964054	0.911000	13.500000
881	-126.934054	0.913000	13.680000
882	-126.904054	0.913000	13.640000
883	-126.904054	0.914000	13.560000
884	-126.724054	0.914000	13.760000
885	-126.644054	0.916000	13.830000
886	-126.594054	0.916000	13.550000
887	-126.544054	0.918000	13.700000
888	-126.434054	0.918000	13.760000
889	-126.424054	0.920000	13.760000
890	-126.384054	0.920000	13.590000
891	-126.384054	0.924000	13.630000
892	-126.204054	0.922000	13.920000
893	-125.954054	0.924000	13.730000
894	-125.944054	0.924000	13.730000
895	-125.904054	0.926000	13.910000
896	-125.874054	0.928000	13.900000
897	-125.704054	0.928000	13.810000
898	-125.674054	0.930000	13.600000
899	-125.654054	0.930000	13.840000
900	-125.604054	0.932000	13.740000
901	-125.584054	0.932000	13.520000
902	-125.574054	0.934000	13.680000
903	-125.514054	0.934000	13.940000
904	-125.514054	0.936000	13.760000
905	-125.404054	0.938000	14.000000
906	-125.354054	0.938000	13.890000
907	-125.334054	0.940000	13.810000
908	-125.304054	0.940000	13.860000
909	-125.274054	0.942000	13.740000
910	-125.124054	0.942000	13.640000
911	-125.104054	0.944000	13.810000
912	-125.074054	0.944000	13.730000
913	-124.934054	0.946000	13.770000
914	-124.804054	0.948000	13.680000
915	-124.804054	0.948000	13.780000
916	-124.784054	0.950000	13.850000
917	-124.784054	0.950000	13.950000
918	-124.584054	0.952000	13.770000
919	-124.574054	0.952000	13.780000
920	-124.544054	0.954000	13.750000
921	-124.524054	0.954000	13.750000
922	-124.444054	0.955000	13.830000
923	-124.424054	0.957000	13.910000
924	-124.284054	0.957000	13.910000
925	-124.214054	0.959000	13.860000
926	-124.184054	0.959000	13.960000
927	-123.924054	0.959000	13.780000
928	-123.894054	0.959000	13.950000
929	-123.674054	0.963000	13.950000
930	-123.634054	0.963000	13.700000
931	-123.254054	0.965000	13.980000
932	-123.214054	0.965000	13.670000
933	-123.194054	0.967000	13.970000
934	-122.804054	0.969000	14.020000
935	-122.604054	0.969000	13.860000
936	-122.394054	0.971000	14.060000
937	-122.344054	0.971000	14.000000
938	-122.344054	0.973000	13.920000
939	-122.294054	0.973000	14.170000
940	-122.274054	0.977000	14.080000
941	-122.174054	0.977000	14.000000
942	-121.984054	0.979000	13.980000
943	-121.974054	0.981000	14.080000
944	-121.724054	0.981000	14.020000
945	-121.694054	0.981000	13.980000
946	-121.694054	0.983000	14.340000
947	-121.654054	0.985000	13.940000
948	-121.654054	0.985000	14.040000
949	-121.594054	0.987000	13.940000
950	-121.344054	0.987000	14.090000
951	-121.244054	0.989000	14.040000
952	-121.044054	0.989000	14.050000
953	-121.014054	0.991000	14.190000
954	-120.884054	0.991000	14.120000
955	-120.874054	0.993000	14.110000
956	-120.874054	0.993000	14.230000
957	-120.854054	0.995000	14.150000
958	-120.794054	0.995000	14.070000
959	-120.784054	0.996000	14.180000
960	-120.594054	0.996000	14.150000
961	-120.464054	0.996000	14.130000
962	-120.364054	0.998000	14.160000
963	-120.344054	1.000000	14.170000
964	-120.334054	1.000000	14.100000
965	-120.274054	1.002000	13.920000
966	-120.274054	1.002000	14.150000
967	-120.234054	1.004000	14.080000
968	-120.204054	1.004000	14.110000
969	-120.044054	1.004000	14.170000
970	-120.044054	1.006000	14.160000
971	-119.924054	1.008000	14.090000
972	-119.854054	1.008000	14.180000
973	-119.824054	1.010000	14.060000
974	-119.814054	1.012000	13.990000
975	-119.754054	1.012000	14.240000
976	-119.724054	1.012000	14.110000
977	-119.694054	1.014000	14.190000
978	-119.594054	1.016000	14.300000
979	-119.534054	1.016000	14.170000
980	-119.494054	1.018000	14.250000
981	-119.494054	1.018000	14.290000
982	-119.244054	1.020000	14.320000
983	-119.174054	1.020000	14.140000
984	-119.144054	1.020000	14.150000
985	-119.144054	1.022000	14.240000
986	-119.114054	1.024000	14.360000
987	-119.104054	1.024000	14.380000
988	-119.074054	1.026000	14.320000
989	-119.044054	1.026000	14.390000
990	-118.984054	1.028000	14.020000
991	-118.524054	1.028000	14.290000
992	-118.524054	1.028000	14.280000
993	-118.434054	1.034000	14.090000
994	-118.334054	1.032000	14.220000
995	-118.204054	1.034000	14.160000
996	-117.974054	1.034000	14.300000
997	-117.944054	1.036000	14.340000
998	-117.624054	1.036000	14.320000
999	-117.624054	1.036000	14.540000
1000	-117.554054	1.038000	14.300000
1001	-117.434054	1.039000	14.250000
1002	-117.384054	1.041000	14.340000
1003	-117.234054	1.041000	14.280000
1004	-117.134054	1.043000	14.320000
1005	-117.104054	1.043000	14.260000
1006	-117.044054	1.045000	14.400000
1007	-116.944054	1.045000	14.460000
1008	-116.834054	1.049000	14.220000
1009	-116.754054	1.049000	14.390000
1010	-116.744054	1.049000	14.350000
1011	-116.744054	1.049000	14.400000
1012	-116.744054	1.051000	14.390000
1013	-116.624054	1.051000	14.370000
1014	-116.624054	1.053000	14.310000
1015	-116.524054	1.055000	14.220000
1016	-116.434054	1.055000	14.380000
1017	-116.364054	1.057000	14.390000
1018	-116.314054	1.057000	14.350000
1019	-116.294054	1.061000	14.340000
1020	-116.274054	1.061000	14.420000
1021	-116.204054	1.065000	14.420000
1022	-116.134054	1.065000	14.280000
1023	-116.134054	1.065000	14.450000
1024	-116.054054	1.067000	14.370000
1025	-116.044054	1.067000	14.240000
1026	-116.044054	1.069000	14.120000
1027	-115.744054	1.069000	14.360000
1028	-115.724054	1.069000	14.400000
1029	-115.684054	1.069000	14.430000
1030	-115.644054	1.073000	14.400000
1031	-115.364054	1.073000	14.360000
1032	-115.094054	1.075000	14.510000
1033	-114.874054	1.075000	14.420000
1034	-114.854054	1.077000	14.480000
1035	-114.824054	1.077000	14.750000
1036	-114.634054	1.079000	14.470000
1037	-114.564054	1.079000	14.390000
1038	-114.564054	1.080000	14.600000
1039	-114.494054	1.080000	14.700000
1040	-114.374054	1.082000	14.500000
1041	-114.364054	1.084000	14.580000
1042	-114.334054	1.084000	14.640000
1043	-114.284054	1.086000	14.500000
1044	-114.274054	1.086000	14.390000
1045	-114.194054	1.088000	14.380000
1046	-114.154054	1.088000	14.680000
1047	-114.074054	1.090000	14.500000
1048	-114.004054	1.090000	14.570000
1049	-113.694054	1.092000	14.750000
1050	-113.674054	1.092000	14.650000
1051	-113.674054	1.096000	14.710000
1052	-113.664054	1.096000	14.690000
1053	-113.624054	1.096000	14.540000
1054	-113.554054	1.098000	14.610000
1055	-113.484054	1.098000	14.480000
1056	-113.424054	1.100000	14.440000
1057	-113.204054	1.100000	14.750000
1058	-113.174054	1.102000	14.410000
1059	-113.034054	1.102000	14.770000
1060	-112.954054	1.104000	14.650000
1061	-112.954054	1.106000	14.600000
1062	-112.894054	1.106000	14.510000
1063	-112.864054	1.108000	14.780000
1064	-112.844054	1.108000	14.850000
1065	-112.834054	1.112000	14.700000
1066	-112.634054	1.112000	14.710000
1067	-112.404054	1.112000	14.530000
1068	-112.374054	1.112000	14.730000
1069	-112.364054	1.114000	14.530000
1070	-112.214054	1.114000	14.670000
1071	-112.054054	1.116000	14.450000
1072	-111.884054	1.116000	14.930000
1073	-111.804054	1.118000	14.800000
1074	-111.734054	1.118000	14.750000
1075	-111.534054	1.120000	14.870000
1076	-111.504054	1.120000	14.900000
1077	-111.494054	1.122000	15.030000
1078	-111.464054	1.122000	14.800000
1079	-111.274054	1.123000	14.790000
1080	-111.194054	1.127000	14.880000
1081	-111.074054	1.125000	14.890000
1082	-110.674054	1.127000	14.880000
1083	-110.634054	1.127000	14.930000
1084	-110.614054	1.129000	14.760000
1085	-110.574054	1.129000	14.790000
1086	-110.534054	1.131000	14.930000
1087	-110.434054	1.131000	14.870000
1088	-110.404054	1.131000	14.760000
1089	-110.364054	1.133000	14.800000
1090	-110.304054	1.135000	14.900000
1091	-110.304054	1.137000	14.910000
1092	-110.234054	1.137000	14.840000
1093	-110.204054	1.139000	14.750000
1094	-110.184054	1.139000	14.800000
1095	-110.114054	1.141000	14.930000
1096	-110.104054	1.141000	14.970000
1097	-110.044054	1.145000	14.940000
1098	-110.024054	1.145000	14.940000
1099	-109.974054	1.147000	14.830000
1100	-109.954054	1.149000	14.940000
1101	-109.934054	1.149000	14.780000
1102	-109.934054	1.151000	14.820000
1103	-109.894054	1.151000	14.900000
1104	-109.764054	1.153000	14.850000
1105	-109.754054	1.153000	15.080000
1106	-109.734054	1.155000	14.850000
1107	-109.724054	1.155000	14.880000
1108	-109.694054	1.157000	14.840000
1109	-109.654054	1.157000	14.780000
1110	-109.594054	1.159000	14.850000
1111	-109.564054	1.159000	14.870000
1112	-109.414054	1.161000	14.900000
1113	-109.404054	1.161000	14.820000
1114	-109.344054	1.161000	14.700000
1115	-109.334054	1.163000	14.860000
1116	-109.324054	1.164000	14.890000
1117	-109.184054	1.163000	14.790000
1118	-108.844054	1.166000	15.100000
1119	-108.704054	1.168000	14.910000
1120	-107.964054	1.168000	15.060000
1121	-107.924054	1.168000	15.020000
1122	-107.634054	1.170000	15.010000
1123	-107.624054	1.172000	14.970000
1124	-107.534054	1.172000	15.060000
1125	-107.504054	1.174000	15.140000
1126	-107.454054	1.174000	15.040000
1127	-107.374054	1.176000	15.150000
1128	-107.314054	1.176000	15.100000
1129	-107.244054	1.178000	15.140000
1130	-107.224054	1.178000	15.120000
1131	-107.214054	1.180000	15.010000
1132	-107.124054	1.180000	15.090000
1133	-107.084054	1.182000	15.030000
1134	-106.954054	1.182000	15.080000
1135	-106.894054	1.184000	15.080000
1136	-106.774054	1.184000	15.000000
1137	-106.614054	1.184000	15.120000
1138	-106.374054	1.186000	15.030000
1139	-106.304054	1.188000	15.210000
1140	-106.274054	1.188000	15.030000
1141	-106.174054	1.190000	15.030000
1142	-106.174054	1.190000	15.190000
1143	-106.084054	1.192000	15.140000
1144	-106.024054	1.192000	15.060000
1145	-105.984054	1.192000	15.170000
1146	-105.974054	1.194000	14.890000
1147	-105.964054	1.196000	15.280000
1148	-105.964054	1.194000	14.950000
1149	-105.944054	1.198000	15.000000
1150	-105.914054	1.200000	15.080000
1151	-105.904054	1.200000	15.150000
1152	-105.784054	1.200000	15.060000
1153	-105.774054	1.202000	15.030000
1154	-105.764054	1.204000	15.100000
1155	-105.674054	1.204000	15.090000
1156	-105.564054	1.205000	15.270000
1157	-105.534054	1.205000	15.160000
1158	-105.344054	1.207000	15.170000
1159	-105.174054	1.207000	15.200000
1160	-105.074054	1.209000	15.110000
1161	-105.044054	1.209000	15.100000
1162	-105.004054	1.211000	15.000000
1163	-104.934054	1.211000	15.220000
1164	-104.794054	1.213000	15.000000
1165	-104.534054	1.213000	15.220000
1166	-104.384054	1.215000	15.150000
1167	-104.324054	1.215000	15.240000
1168	-104.284054	1.215000	15.170000
1169	-104.154054	1.219000	15.190000
1170	-104.054054	1.219000	15.300000
1171	-104.044054	1.221000	15.200000
1172	-103.984054	1.221000	15.300000
1173	-103.954054	1.223000	15.280000
1174	-103.884054	1.223000	15.230000
1175	-103.794054	1.225000	15.140000
1176	-103.694054	1.227000	15.060000
1177	-103.644054	1.229000	15.120000
1178	-103.604054	1.229000	15.230000
1179	-103.594054	1.231000	15.160000
1180	-103.594054	1.233000	15.230000
1181	-103.574054	1.233000	14.870000
1182	-103.554054	1.235000	14.980000
1183	-103.554054	1.235000	15.230000
1184	-103.504054	1.237000	15.260000
1185	-103.324054	1.237000	15.210000
1186	-103.104054	1.239000	15.440000
1187	-103.044054	1.239000	15.150000
1188	-102.954054	1.241000	15.170000
1189	-102.914054	1.241000	15.030000
1190	-102.724054	1.243000	15.360000
1191	-102.684054	1.243000	15.380000
1192	-102.564054	1.245000	15.260000
1193	-102.544054	1.245000	15.520000
1194	-102.544054	1.246000	15.380000
1195	-102.444054	1.246000	15.230000
1196	-102.364054	1.248000	15.350000
1197	-102.354054	1.248000	15.310000
1198	-102.304054	1.248000	15.320000
1199	-102.274054	1.252000	15.310000
1200	-102.274054	1.252000	15.340000
1201	-102.264054	1.254000	15.420000
1202	-102.084054	1.254000	15.570000
1203	-102.044054	1.256000	15.300000
1204	-101.954054	1.256000	15.220000
1205	-101.924054	1.256000	15.630000
1206	-101.834054	1.258000	15.340000
1207	-101.824054	1.260000	15.290000
1208	-101.734054	1.260000	15.380000
1209	-101.684054	1.262000	15.500000
1210	-101.524054	1.262000	15.600000
1211	-101.504054	1.264000	15.420000
1212	-101.304054	1.264000	15.290000
1213	-101.044054	1.266000	15.420000
1214	-100.884054	1.266000	15.540000
1215	-100.814054	1.268000	15.650000
1216	-100.534054	1.268000	15.550000
1217	-100.514054	1.270000	15.440000
1218	-100.484054	1.270000	15.540000
1219	-100.444054	1.272000	15.550000
1220	-100.444054	1.272000	15.550000
1221	-100.324054	1.274000	15.570000
1222	-100.234054	1.274000	15.560000
1223	-100.024054	1.276000	15.580000
1224	-99.964054	1.276000	15.570000
1225	-99.964054	1.278000	15.470000
1226	-99.964054	1.278000	15.610000
1227	-99.814054	1.280000	15.570000
1228	-99.794054	1.280000	15.670000
1229	-99.794054	1.282000	15.480000
1230	-99.754054	1.284000	15.600000
1231	-99.654054	1.284000	15.620000
1232	-99.654054	1.286000	15.630000
1233	-99.454054	1.286000	15.460000
1234	-99.454054	1.288000	15.490000
1235	-99.324054	1.288000	15.450000
1236	-99.224054	1.289000	15.500000
1237	-99.204054	1.289000	15.380000
1238	-99.204054	1.291000	15.720000
1239	-99.114054	1.293000	15.700000
1240	-99.104054	1.293000	15.550000
1241	-98.954054	1.295000	15.620000
1242	-98.904054	1.295000	15.680000
1243	-98.694054	1.297000	15.600000
1244	-98.684054	1.297000	15.730000
1245	-98.634054	1.299000	15.650000
1246	-98.594054	1.299000	15.680000
1247	-98.584054	1.301000	15.580000
1248	-98.494054	1.301000	15.580000
1249	-98.314054	1.303000	15.420000
1250	-98.204054	1.303000	15.500000
1251	-98.124054	1.305000	15.720000
1252	-98.034054	1.305000	15.560000
1253	-98.014054	1.307000	15.710000
1254	-97.914054	1.307000	15.680000
1255	-97.754054	1.309000	15.630000
1256	-97.704054	1.311000	15.730000
1257	-97.694054	1.313000	15.490000
1258	-97.664054	1.313000	15.810000
1259	-97.514054	1.315000	15.580000
1260	-97.454054	1.315000	15.830000
1261	-97.444054	1.317000	15.710000
1262	-97.424054	1.317000	15.830000
1263	-97.364054	1.317000	15.580000
1264	-97.344054	1.319000	15.690000
1265	-97.334054	1.321000	15.770000
1266	-97.264054	1.321000	15.730000
1267	-97.204054	1.323000	15.840000
1268	-96.884054	1.323000	15.730000
1269	-96.784054	1.325000	15.980000
1270	-96.724054	1.325000	15.670000
1271	-96.614054	1.327000	15.810000
1272	-96.544054	1.329000	15.910000
1273	-96.504054	1.329000	15.800000
1274	-96.474054	1.330000	15.770000
1275	-96.444054	1.330000	15.850000
1276	-96.194054	1.332000	15.840000
1277	-96.074054	1.332000	15.960000
1278	-95.714054	1.334000	15.860000
1279	-95.704054	1.336000	15.810000
1280	-95.534054	1.336000	15.830000
1281	-95.474054	1.338000	15.720000
1282	-95.254054	1.338000	15.910000
1283	-95.224054	1.340000	15.910000
1284	-95.174054	1.340000	15.870000
1285	-95.134054	1.342000	15.870000
1286	-95.134054	1.342000	16.040000
1287	-95.114054	1.344000	15.770000
1288	-95.064054	1.346000	15.890000
1289	-95.034054	1.346000	15.830000
1290	-95.014054	1.348000	16.090000
1291	-94.904054	1.348000	15.770000
1292	-94.854054	1.348000	15.850000
1293	-94.784054	1.350000	15.910000
1294	-94.374054	1.352000	15.800000
1295	-94.364054	1.352000	16.060000
1296	-94.354054	1.354000	15.840000
1297	-94.354054	1.354000	15.900000
1298	-94.224054	1.356000	15.780000
1299	-94.164054	1.356000	15.860000
1300	-94.124054	1.356000	15.750000
1301	-94.104054	1.358000	15.970000
1302	-94.084054	1.360000	15.810000
1303	-94.074054	1.360000	15.960000
1304	-93.974054	1.362000	15.790000
1305	-93.894054	1.362000	15.910000
1306	-93.874054	1.364000	15.800000
1307	-93.854054	1.364000	15.830000
1308	-93.744054	1.366000	15.950000
1309	-93.744054	1.368000	15.930000
1310	-93.684054	1.368000	16.090000
1311	-93.664054	1.370000	15.950000
1312	-93.584054	1.370000	16.000000
1313	-93.564054	1.372000	15.900000
1314	-93.474054	1.372000	15.810000
1315	-93.284054	1.373000	15.810000
1316	-93.264054	1.373000	15.890000
1317	-93.264054	1.377000	16.030000
1318	-93.174054	1.377000	16.230000
1319	-93.094054	1.377000	16.160000
1320	-92.974054	1.379000	16.020000
1321	-92.834054	1.379000	16.050000
1322	-92.704054	1.381000	16.020000
1323	-91.944054	1.381000	16.110000
1324	-91.934054	1.381000	16.040000
1325	-91.814054	1.381000	16.230000
1326	-91.774054	1.385000	16.100000
1327	-91.714054	1.387000	15.990000
1328	-91.644054	1.387000	16.420000
1329	-91.614054	1.387000	16.170000
1330	-91.584054	1.389000	16.000000
1331	-91.544054	1.391000	16.160000
1332	-91.524054	1.391000	16.090000
1333	-91.464054	1.393000	16.200000
1334	-91.464054	1.395000	16.140000
1335	-91.424054	1.397000	16.160000
1336	-91.414054	1.397000	16.130000
1337	-91.404054	1.399000	16.320000
1338	-91.364054	1.401000	16.060000
1339	-91.264054	1.401000	16.120000
1340	-91.244054	1.403000	15.940000
1341	-91.194054	1.403000	16.110000
1342	-91.144054	1.405000	16.140000
1343	-91.114054	1.405000	16.160000
1344	-91.104054	1.409000	16.170000
1345	-91.044054	1.407000	16.140000
1346	-90.994054	1.409000	16.150000
1347	-90.684054	1.409000	16.160000
1348	-90.514054	1.411000	16.330000
1349	-89.974054	1.411000	16.400000
1350	-89.934054	1.413000	16.260000
1351	-89.784054	1.413000	16.260000
1352	-89.554054	1.414000	16.370000
1353	-89.534054	1.414000	16.220000
1354	-89.514054	1.416000	16.340000
1355	-89.504054	1.416000	16.280000
1356	-89.464054	1.418000	16.170000
1357	-89.444054	1.418000	16.440000
1358	-89.284054	1.420000	16.140000
1359	-89.274054	1.420000	16.270000
1360	-89.164054	1.422000	16.410000
1361	-89.134054	1.422000	16.450000
1362	-89.074054	1.424000	16.280000
1363	-89.024054	1.424000	16.290000
1364	-89.014054	1.426000	16.300000
1365	-88.944054	1.426000	16.160000
1366	-88.864054	1.428000	16.300000
1367	-88.844054	1.428000	16.510000
1368	-88.784054	1.430000	16.390000
1369	-88.754054	1.430000	16.230000
1370	-88.664054	1.432000	16.330000
1371	-88.534054	1.432000	16.440000
1372	-88.464054	1.434000	16.300000
1373	-88.384054	1.434000	16.330000
1374	-88.374054	1.436000	16.360000
1375	-88.274054	1.436000	16.400000
1376	-88.204054	1.438000	16.350000
1377	-88.174054	1.438000	16.320000
1378	-87.954054	1.440000	16.410000
1379	-87.904054	1.440000	16.310000
1380	-87.844054	1.442000	16.300000
1381	-87.804054	1.442000	16.380000
1382	-87.804054	1.444000	16.250000
1383	-87.674054	1.444000	16.220000
1384	-87.654054	1.446000	16.530000
1385	-87.574054	1.446000	16.440000
1386	-87.524054	1.448000	16.180000
1387	-87.434054	1.448000	16.420000
1388	-87.414054	1.450000	16.390000
1389	-87.304054	1.450000	16.360000
1390	-87.294054	1.452000	16.460000
1391	-87.234054	1.452000	16.260000
1392	-87.054054	1.454000	16.360000
1393	-86.934054	1.454000	16.330000
1394	-86.864054	1.455000	16.420000
1395	-86.814054	1.455000	16.350000
1396	-86.784054	1.457000	16.410000
1397	-86.774054	1.457000	16.650000
1398	-86.734054	1.459000	16.420000
1399	-86.704054	1.461000	16.380000
1400	-86.404054	1.461000	16.530000
1401	-86.334054	1.463000	16.300000
1402	-86.304054	1.463000	16.160000
1403	-86.254054	1.465000	16.540000
1404	-86.184054	1.465000	16.410000
1405	-86.114054	1.467000	16.530000
1406	-85.894054	1.467000	16.440000
1407	-85.894054	1.469000	16.550000
1408	-85.824054	1.469000	16.650000
1409	-85.794054	1.471000	16.550000
1410	-85.724054	1.471000	16.460000
1411	-85.704054	1.473000	16.620000
1412	-85.624054	1.473000	16.550000
1413	-85.624054	1.477000	16.680000
1414	-85.604054	1.477000	16.580000
1415	-85.494054	1.479000	16.440000
1416	-85.224054	1.479000	16.680000
1417	-85.204054	1.481000	16.440000
1418	-85.194054	1.483000	16.650000
1419	-85.024054	1.483000	16.580000
1420	-84.924054	1.485000	16.570000
1421	-84.864054	1.485000	16.630000
1422	-84.824054	1.487000	16.530000
1423	-84.584054	1.487000	16.640000
1424	-84.244054	1.489000	16.570000
1425	-84.214054	1.489000	16.590000
1426	-84.064054	1.491000	16.520000
1427	-83.764054	1.491000	16.880000
1428	-83.634054	1.491000	16.650000
1429	-83.544054	1.495000	16.430000
1430	-83.404054	1.495000	16.550000
1431	-83.334054	1.496000	16.730000
1432	-83.184054	1.496000	16.570000
1433	-83.114054	1.496000	16.500000
1434	-82.994054	1.498000	16.830000
1435	-82.884054	1.500000	16.610000
1436	-82.874054	1.500000	16.590000
1437	-82.854054	1.502000	16.670000
1438	-82.854054	1.502000	16.740000
1439	-82.784054	1.504000	16.530000
1440	-82.684054	1.504000	16.670000
1441	-82.674054	1.504000	16.630000
1442	-82.664054	1.506000	16.690000
1443	-82.634054	1.508000	16.640000
1444	-82.594054	1.508000	16.440000
1445	-82.594054	1.510000	16.770000
1446	-82.534054	1.510000	16.690000
1447	-82.484054	1.512000	16.590000
1448	-82.454054	1.512000	16.600000
1449	-82.424054	1.512000	16.740000
1450	-82.244054	1.514000	16.720000
1451	-82.194054	1.516000	16.660000
1452	-82.174054	1.516000	16.670000
1453	-82.144054	1.518000	16.670000
1454	-82.104054	1.518000	16.870000
1455	-82.014054	1.520000	16.360000
1456	-82.014054	1.520000	16.880000
1457	-81.954054	1.520000	16.830000
1458	-81.864054	1.522000	16.870000
1459	-81.844054	1.524000	16.790000
1460	-81.714054	1.524000	16.830000
1461	-81.684054	1.526000	16.740000
1462	-81.664054	1.526000	16.860000
1463	-81.634054	1.528000	16.780000
1464	-81.604054	1.528000	16.760000
1465	-81.444054	1.528000	16.950000
1466	-81.444054	1.530000	16.800000
1467	-81.344054	1.532000	16.730000
1468	-81.114054	1.532000	16.750000
1469	-81.044054	1.534000	16.840000
1470	-81.024054	1.534000	16.740000
1471	-81.004054	1.536000	16.790000
1472	-80.964054	1.536000	16.920000
1473	-80.694054	1.536000	16.920000
1474	-80.524054	1.538000	16.740000
1475	-80.404054	1.539000	16.780000
1476	-80.224054	1.539000	16.860000
1477	-80.194054	1.541000	16.940000
1478	-80.194054	1.541000	17.020000
1479	-80.084054	1.543000	16.820000
1480	-80.014054	1.543000	16.920000
1481	-79.694054	1.545000	16.860000
1482	-79.634054	1.547000	16.940000
1483	-79.624054	1.547000	17.000000
1484	-79.624054	1.549000	16.690000
1485	-79.534054	1.549000	17.000000
1486	-79.434054	1.551000	16.850000
1487	-79.284054	1.551000	16.980000
1488	-79.254054	1.553000	16.720000
1489	-79.224054	1.555000	16.760000
1490	-79.184054	1.555000	17.010000
1491	-79.084054	1.557000	16.930000
1492	-78.964054	1.557000	16.890000
1493	-78.934054	1.561000	16.830000
1494	-78.894054	1.561000	17.070000
1495	-78.814054	1.563000	16.980000
1496	-78.704054	1.563000	17.130000
1497	-78.674054	1.565000	16.980000
1498	-78.564054	1.565000	17.030000
1499	-78.504054	1.567000	17.080000
1500	-78.504054	1.567000	16.870000
1501	-78.504054	1.569000	17.060000
1502	-78.434054	1.569000	17.050000
1503	-78.324054	1.571000	16.990000
1504	-78.324054	1.571000	16.930000
1505	-78.264054	1.573000	17.100000
1506	-78.254054	1.573000	17.080000
1507	-78.214054	1.575000	16.940000
1508	-78.164054	1.575000	17.010000
1509	-78.074054	1.577000	17.140000
1510	-78.064054	1.577000	17.210000
1511	-78.044054	1.579000	16.980000
1512	-77.964054	1.579000	17.090000
1513	-77.894054	1.580000	17.230000
1514	-77.864054	1.580000	16.980000
1515	-77.794054	1.582000	16.930000
1516	-77.794054	1.582000	15.770000
1517	-77.674054	1.584000	15.850000
1518	-77.484054	1.584000	17.090000
1519	-77.474054	1.584000	17.030000
1520	-77.414054	1.588000	15.900000
1521	-77.374054	1.588000	15.890000
1522	-77.304054	1.590000	16.030000
1523	-77.224054	1.590000	17.250000
1524	-77.204054	1.592000	15.780000
1525	-76.974054	1.592000	15.910000
1526	-76.854054	1.594000	15.820000
1527	-76.714054	1.594000	17.140000
1528	-76.614054	1.596000	15.760000
1529	-76.484054	1.596000	16.010000
1530	-76.304054	1.598000	15.930000
1531	-76.294054	1.598000	15.890000
1532	-76.134054	1.600000	15.820000
1533	-76.024054	1.600000	15.830000
1534	-75.914054	1.602000	16.060000
1535	-75.764054	1.602000	15.830000
1536	-75.714054	1.604000	15.900000
1537	-75.524054	1.604000	16.150000
1538	-75.484054	1.606000	16.020000
1539	-75.474054	1.606000	16.150000
1540	-75.464054	1.608000	15.890000
1541	-75.424054	1.608000	15.860000
1542	-75.414054	1.610000	16.420000
1543	-75.374054	1.610000	16.040000
1544	-75.344054	1.612000	16.010000
1545	-75.254054	1.612000	16.130000
1546	-75.194054	1.614000	16.070000
1547	-75.154054	1.614000	16.230000
1548	-75.044054	1.616000	16.090000
1549	-74.984054	1.616000	15.930000
1550	-74.984054	1.618000	16.170000
1551	-74.874054	1.618000	15.940000
1552	-74.834054	1.620000	16.030000
1553	-74.784054	1.620000	16.040000
1554	-74.744054	1.622000	15.990000
1555	-74.724054	1.622000	15.860000
1556	-74.674054	1.623000	16.020000
1557	-74.674054	1.623000	16.210000
1558	-74.614054	1.625000	16.130000
1559	-74.604054	1.627000	16.050000
1560	-74.604054	1.627000	15.960000
1561	-74.444054	1.629000	16.010000
1562	-74.414054	1.629000	16.140000
1563	-74.334054	1.631000	16.030000
1564	-74.324054	1.631000	16.020000
1565	-74.324054	1.633000	16.170000
1566	-74.304054	1.633000	16.090000
1567	-74.304054	1.635000	16.080000
1568	-74.284054	1.635000	15.900000
1569	-74.284054	1.637000	16.010000
1570	-74.274054	1.637000	15.930000
1571	-74.264054	1.639000	16.080000
1572	-74.204054	1.639000	16.100000
1573	-74.184054	1.641000	15.990000
1574	-74.174054	1.641000	16.060000
1575	-74.144054	1.645000	16.010000
1576	-73.794054	1.645000	16.130000
1577	-73.784054	1.647000	16.140000
1578	-73.774054	1.647000	15.900000
1579	-73.764054	1.649000	16.150000
1580	-73.674054	1.649000	15.930000
1581	-73.564054	1.651000	16.050000
1582	-73.554054	1.651000	15.950000
1583	-73.554054	1.653000	15.990000
1584	-73.534054	1.653000	16.150000
1585	-73.384054	1.653000	16.080000
1586	-73.364054	1.655000	16.120000
1587	-73.264054	1.657000	16.070000
1588	-73.104054	1.657000	16.000000
1589	-72.964054	1.657000	16.180000
1590	-72.894054	1.661000	16.180000
1591	-72.214054	1.661000	16.280000
1592	-71.994054	1.661000	16.360000
1593	-71.844054	1.663000	16.320000
1594	-71.814054	1.664000	16.360000
1595	-71.654054	1.664000	16.330000
1596	-71.614054	1.666000	16.350000
1597	-71.474054	1.666000	16.370000
1598	-71.264054	1.668000	16.370000
1599	-70.924054	1.668000	16.210000
1600	-70.864054	1.670000	16.410000
1601	-70.834054	1.672000	16.340000
1602	-70.634054	1.672000	16.300000
1603	-70.634054	1.674000	16.400000
1604	-70.614054	1.674000	16.330000
1605	-70.614054	1.676000	16.330000
1606	-70.524054	1.676000	16.280000
1607	-70.464054	1.676000	16.190000
1608	-70.434054	1.678000	16.370000
1609	-70.324054	1.680000	16.380000
1610	-70.144054	1.680000	16.380000
1611	-70.054054	1.682000	16.380000
1612	-70.004054	1.682000	16.230000
1613	-69.994054	1.684000	16.380000
1614	-69.984054	1.684000	16.370000
1615	-69.984054	1.684000	16.450000
1616	-69.964054	1.686000	16.490000
1617	-69.874054	1.688000	16.550000
1618	-69.834054	1.688000	16.530000
1619	-69.814054	1.690000	16.510000
1620	-69.664054	1.690000	16.310000
1621	-69.644054	1.692000	16.350000
1622	-69.514054	1.692000	16.290000
1623	-69.194054	1.692000	16.530000
1624	-69.144054	1.694000	16.530000
1625	-68.984054	1.696000	16.530000
1626	-68.934054	1.696000	16.540000
1627	-68.714054	1.698000	16.430000
1628	-68.514054	1.698000	16.370000
1629	-68.484054	1.700000	16.380000
1630	-68.474054	1.700000	16.400000
1631	-68.424054	1.702000	16.440000
1632	-68.374054	1.702000	16.430000
1633	-68.324054	1.704000	16.630000
1634	-68.294054	1.704000	16.380000
1635	-68.244054	1.705000	16.510000
1636	-68.174054	1.705000	16.350000
1637	-68.164054	1.707000	16.400000
1638	-68.154054	1.707000	16.470000
1639	-68.154054	1.707000	16.350000
1640	-68.104054	1.709000	16.490000
1641	-68.044054	1.711000	16.480000
1642	-68.004054	1.711000	16.560000
1643	-67.954054	1.713000	16.550000
1644	-67.834054	1.713000	16.480000
1645	-67.814054	1.715000	16.420000
1646	-67.804054	1.715000	16.730000
1647	-67.804054	1.715000	16.530000
1648	-67.784054	1.717000	16.600000
1649	-67.624054	1.719000	16.630000
1650	-67.584054	1.719000	16.660000
1651	-67.564054	1.721000	16.630000
1652	-67.474054	1.721000	16.480000
1653	-67.414054	1.723000	16.660000
1654	-67.384054	1.723000	16.610000
1655	-67.364054	1.727000	16.730000
1656	-67.094054	1.727000	16.730000
1657	-67.074054	1.729000	16.620000
1658	-66.914054	1.729000	16.670000
1659	-66.844054	1.731000	16.840000
1660	-66.804054	1.731000	16.540000
1661	-66.634054	1.733000	16.750000
1662	-66.524054	1.733000	16.700000
1663	-66.414054	1.735000	16.720000
1664	-66.364054	1.735000	16.740000
1665	-66.294054	1.737000	16.630000
1666	-66.234054	1.737000	16.650000
1667	-66.204054	1.739000	16.560000
1668	-66.174054	1.739000	16.700000
1669	-66.044054	1.741000	16.810000
1670	-65.904054	1.741000	16.530000
1671	-65.664054	1.743000	16.760000
1672	-65.654054	1.743000	16.620000
1673	-65.634054	1.745000	16.820000
1674	-65.564054	1.745000	16.690000
1675	-65.554054	1.746000	16.640000
1676	-65.264054	1.746000	16.680000
1677	-65.094054	1.748000	16.830000
1678	-64.914054	1.748000	16.840000
1679	-64.604054	1.750000	16.750000
1680	-64.554054	1.750000	16.790000
1681	-64.534054	1.752000	16.860000
1682	-64.524054	1.752000	16.970000
1683	-64.494054	1.754000	16.770000
1684	-64.454054	1.754000	16.900000
1685	-64.354054	1.756000	16.840000
1686	-64.324054	1.756000	16.940000
1687	-64.264054	1.758000	16.980000
1688	-64.254054	1.758000	16.860000
1689	-64.184054	1.760000	16.780000
1690	-64.164054	1.760000	16.890000
1691	-64.144054	1.762000	16.860000
1692	-64.124054	1.762000	16.920000
1693	-64.094054	1.764000	16.660000
1694	-64.024054	1.766000	16.850000
1695	-63.964054	1.766000	16.790000
1696	-63.884054	1.768000	16.760000
1697	-63.864054	1.768000	16.810000
1698	-63.774054	1.770000	16.830000
1699	-63.684054	1.770000	16.670000
1700	-63.404054	1.772000	16.880000
1701	-63.334054	1.772000	16.940000
1702	-63.274054	1.772000	16.810000
1703	-63.234054	1.776000	16.960000
1704	-63.214054	1.776000	16.920000
1705	-62.764054	1.778000	16.880000
1706	-62.744054	1.778000	16.990000
1707	-62.724054	1.780000	17.220000
1708	-62.674054	1.780000	16.820000
1709	-62.604054	1.782000	17.080000
1710	-62.564054	1.784000	16.870000
1711	-62.494054	1.784000	16.900000
1712	-62.394054	1.784000	16.930000
1713	-62.314054	1.786000	16.980000
1714	-62.284054	1.786000	16.900000
1715	-62.254054	1.788000	16.910000
1716	-62.224054	1.788000	16.850000
1717	-62.194054	1.789000	16.920000
1718	-62.134054	1.789000	16.880000
1719	-62.114054	1.791000	16.970000
1720	-62.014054	1.791000	17.000000
1721	-61.884054	1.793000	17.080000
1722	-61.874054	1.795000	16.990000
1723	-61.844054	1.795000	16.960000
1724	-61.664054	1.797000	17.140000
1725	-61.484054	1.797000	16.940000
1726	-61.384054	1.799000	17.190000
1727	-61.134054	1.799000	17.010000
1728	-60.904054	1.801000	17.090000
1729	-60.834054	1.801000	17.190000
1730	-60.724054	1.803000	16.900000
1731	-60.614054	1.803000	16.940000
1732	-60.514054	1.805000	17.090000
1733	-60.444054	1.805000	17.010000
1734	-60.444054	1.807000	17.190000
1735	-60.404054	1.807000	17.030000
1736	-60.204054	1.809000	17.310000
1737	-60.194054	1.811000	17.190000
1738	-60.184054	1.813000	17.120000
1739	-60.184054	1.813000	17.040000
1740	-60.064054	1.815000	17.160000
1741	-59.994054	1.815000	17.090000
1742	-59.964054	1.817000	16.950000
1743	-59.914054	1.817000	17.010000
1744	-59.884054	1.817000	17.020000
1745	-59.824054	1.819000	17.150000
1746	-59.764054	1.821000	17.340000
1747	-59.704054	1.821000	17.030000
1748	-59.474054	1.823000	17.050000
1749	-59.394054	1.823000	17.240000
1750	-59.324054	1.825000	17.210000
1751	-59.184054	1.825000	17.090000
1752	-59.164054	1.825000	17.230000
1753	-59.144054	1.830000	17.150000
1754	-59.124054	1.829000	17.310000
1755	-59.004054	1.830000	17.080000
1756	-58.994054	1.830000	17.080000
1757	-58.914054	1.832000	17.160000
1758	-58.914054	1.832000	17.240000
1759	-58.864054	1.832000	17.250000
1760	-58.834054	1.834000	17.160000
1761	-58.834054	1.836000	16.870000
1762	-58.804054	1.836000	17.090000
1763	-58.714054	1.838000	17.230000
1764	-58.604054	1.838000	17.240000
1765	-58.554054	1.840000	17.120000
1766	-58.544054	1.840000	17.190000
1767	-58.524054	1.840000	17.330000
1768	-58.494054	1.842000	17.270000
1769	-58.404054	1.844000	17.420000
1770	-58.314054	1.844000	17.070000
1771	-58.174054	1.846000	17.300000
1772	-58.144054	1.848000	17.240000
1773	-58.004054	1.848000	17.250000
1774	-57.624054	1.848000	17.340000
1775	-57.504054	1.850000	17.360000
1776	-57.474054	1.850000	17.300000
1777	-57.394054	1.850000	17.290000
1778	-57.334054	1.854000	17.250000
1779	-57.334054	1.854000	17.420000
1780	-57.234054	1.856000	17.370000
1781	-57.224054	1.856000	17.230000
1782	-57.204054	1.858000	17.310000
1783	-56.944054	1.860000	17.350000
1784	-56.874054	1.860000	17.340000
1785	-56.634054	1.862000	17.300000
1786	-56.554054	1.862000	17.420000
1787	-56.404054	1.864000	17.480000
1788	-56.304054	1.864000	17.690000
1789	-56.294054	1.864000	17.450000
1790	-56.124054	1.866000	17.330000
1791	-55.904054	1.868000	17.360000
1792	-55.864054	1.868000	17.620000
1793	-55.844054	1.870000	17.420000
1794	-55.834054	1.870000	17.380000
1795	-55.794054	1.872000	17.370000
1796	-55.764054	1.872000	17.430000
1797	-55.634054	1.872000	17.400000
1798	-55.624054	1.873000	17.250000
1799	-55.624054	1.875000	17.460000
1800	-55.614054	1.875000	17.360000
1801	-55.524054	1.875000	17.440000
1802	-55.404054	1.877000	17.670000
1803	-55.394054	1.879000	17.460000
1804	-55.174054	1.879000	17.460000
1805	-55.054054	1.879000	17.390000
1806	-54.974054	1.881000	17.410000
1807	-54.924054	1.883000	17.460000
1808	-54.914054	1.883000	17.360000
1809	-54.864054	1.885000	17.540000
1810	-54.834054	1.885000	17.320000
1811	-54.804054	1.887000	17.460000
1812	-54.704054	1.887000	17.540000
1813	-54.694054	1.889000	17.320000
1814	-54.564054	1.889000	17.650000
1815	-54.564054	1.891000	17.390000
1816	-54.504054	1.891000	17.510000
1817	-54.394054	1.893000	17.710000
1818	-54.294054	1.895000	17.540000
1819	-54.214054	1.897000	17.520000
1820	-54.194054	1.897000	17.510000
1821	-53.874054	1.899000	17.570000
1822	-53.764054	1.899000	17.450000
1823	-53.754054	1.901000	17.480000
1824	-53.744054	1.901000	17.500000
1825	-53.704054	1.903000	17.510000
1826	-53.624054	1.903000	17.570000
1827	-53.614054	1.905000	17.560000
1828	-53.524054	1.905000	17.540000
1829	-53.404054	1.907000	17.580000
1830	-53.364054	1.907000	17.590000
1831	-53.344054	1.909000	17.680000
1832	-53.314054	1.909000	17.420000
1833	-53.284054	1.911000	17.450000
1834	-53.274054	1.911000	17.470000
1835	-53.274054	1.913000	17.530000
1836	-53.244054	1.913000	17.710000
1837	-53.194054	1.914000	17.580000
1838	-53.184054	1.914000	17.490000
1839	-53.104054	1.916000	17.410000
1840	-53.074054	1.916000	17.580000
1841	-53.074054	1.918000	17.610000
1842	-53.004054	1.918000	17.600000
1843	-53.004054	1.920000	17.490000
1844	-52.934054	1.920000	17.510000
1845	-52.864054	1.922000	17.540000
1846	-52.854054	1.922000	17.520000
1847	-52.794054	1.924000	17.620000
1848	-52.754054	1.924000	17.580000
1849	-52.734054	1.926000	17.730000
1850	-52.664054	1.926000	17.390000
1851	-52.554054	1.928000	17.540000
1852	-52.554054	1.928000	17.600000
1853	-52.544054	1.930000	17.550000
1854	-52.434054	1.930000	17.550000
1855	-52.404054	1.932000	17.530000
1856	-52.064054	1.932000	17.660000
1857	-52.054054	1.934000	17.700000
1858	-52.024054	1.934000	17.740000
1859	-51.554054	1.936000	17.890000
1860	-51.294054	1.936000	17.670000
1861	-51.004054	1.938000	17.560000
1862	-50.744054	1.938000	17.720000
1863	-50.674054	1.940000	17.810000
1864	-50.534054	1.942000	17.660000
1865	-50.504054	1.942000	17.770000
1866	-50.444054	1.944000	17.860000
1867	-50.424054	1.944000	17.750000
1868	-50.364054	1.946000	17.670000
1869	-50.154054	1.944000	17.770000
1870	-50.024054	1.948000	17.720000
1871	-49.954054	1.948000	17.870000
1872	-49.934054	1.950000	17.720000
1873	-49.934054	1.950000	17.830000
1874	-49.904054	1.952000	17.750000
1875	-49.894054	1.952000	17.750000
1876	-49.764054	1.954000	18.000000
1877	-49.724054	1.954000	18.000000
1878	-49.704054	1.955000	17.690000
1879	-49.584054	1.955000	17.920000
1880	-49.584054	1.957000	17.810000
1881	-49.554054	1.957000	17.900000
1882	-49.444054	1.959000	17.850000
1883	-49.174054	1.959000	17.860000
1884	-49.024054	1.961000	17.810000
1885	-49.014054	1.961000	17.760000
1886	-49.004054	1.963000	17.860000
1887	-48.994054	1.963000	17.820000
1888	-48.984054	1.965000	17.900000
1889	-48.944054	1.965000	17.740000
1890	-48.904054	1.967000	17.750000
1891	-48.874054	1.967000	17.990000
1892	-48.804054	1.969000	17.880000
1893	-48.794054	1.969000	17.830000
1894	-48.784054	1.971000	17.780000
1895	-48.624054	1.971000	17.880000
1896	-48.484054	1.973000	17.820000
1897	-48.324054	1.973000	17.840000
1898	-48.164054	1.977000	17.940000
1899	-48.144054	1.977000	17.950000
1900	-48.074054	1.979000	17.770000
1901	-48.014054	1.979000	17.810000
1902	-47.974054	1.981000	17.940000
1903	-47.894054	1.981000	17.990000
1904	-47.874054	1.981000	17.970000
1905	-47.814054	1.983000	17.940000
1906	-47.814054	1.985000	18.030000
1907	-47.794054	1.985000	17.900000
1908	-47.714054	1.987000	18.060000
1909	-47.524054	1.987000	18.020000
1910	-47.494054	1.989000	17.910000
1911	-47.474054	1.989000	17.750000
1912	-47.454054	1.989000	18.030000
1913	-47.374054	1.991000	18.080000
1914	-47.234054	1.993000	17.950000
1915	-47.154054	1.993000	17.960000
1916	-47.094054	1.995000	17.890000
1917	-47.054054	1.995000	17.800000
1918	-46.984054	1.996000	18.060000
1919	-46.964054	1.996000	18.160000
1920	-46.914054	1.996000	17.850000
1921	-46.904054	1.998000	17.850000
1922	-46.844054	2.000000	18.090000
1923	-46.754054	2.000000	18.070000
1924	-46.724054	2.002000	17.880000
1925	-46.624054	2.002000	17.900000
1926	-46.544054	2.004000	18.130000
1927	-46.354054	2.004000	17.950000
1928	-46.104054	2.004000	18.230000
1929	-45.864054	2.006000	18.350000
1930	-45.734054	2.008000	18.290000
1931	-45.484054	2.008000	18.060000
1932	-45.444054	2.010000	18.200000
1933	-45.294054	2.010000	18.140000
1934	-45.254054	2.012000	18.200000
1935	-45.254054	2.012000	18.110000
1936	-45.184054	2.012000	18.150000
1937	-45.174054	2.014000	18.160000
1938	-44.884054	2.016000	18.130000
1939	-44.674054	2.016000	18.130000
1940	-44.664054	2.018000	18.080000
1941	-44.664054	2.018000	18.220000
1942	-44.624054	2.020000	18.230000
1943	-44.444054	2.020000	18.010000
1944	-44.404054	2.020000	18.220000
1945	-44.294054	2.022000	18.090000
1946	-44.154054	2.022000	18.150000
1947	-44.154054	2.024000	18.090000
1948	-44.004054	2.026000	18.330000
1949	-43.834054	2.026000	18.150000
1950	-43.794054	2.028000	18.120000
1951	-43.734054	2.028000	18.040000
1952	-43.664054	2.028000	18.310000
1953	-43.594054	2.030000	18.340000
1954	-43.544054	2.032000	18.170000
1955	-43.444054	2.032000	18.280000
1956	-43.434054	2.034000	18.280000
1957	-43.414054	2.034000	18.280000
1958	-43.404054	2.036000	18.210000
1959	-43.334054	2.036000	18.260000
1960	-43.324054	2.036000	18.180000
1961	-43.324054	2.038000	18.250000
1962	-43.304054	2.039000	18.360000
1963	-43.274054	2.039000	18.290000
1964	-43.234054	2.041000	18.250000
1965	-43.164054	2.041000	18.380000
1966	-43.014054	2.043000	18.470000
1967	-42.954054	2.043000	18.180000
1968	-42.884054	2.045000	18.200000
1969	-42.704054	2.045000	18.400000
1970	-42.634054	2.047000	18.370000
1971	-42.574054	2.047000	18.200000
1972	-42.534054	2.049000	18.220000
1973	-42.474054	2.049000	18.260000
1974	-42.424054	2.051000	18.320000
1975	-42.364054	2.051000	18.270000
1976	-42.354054	2.051000	18.330000
1977	-42.334054	2.053000	18.350000
1978	-42.274054	2.055000	18.110000
1979	-42.144054	2.055000	18.360000
1980	-42.114054	2.057000	18.360000
1981	-42.074054	2.057000	18.340000
1982	-42.054054	2.061000	18.210000
1983	-41.804054	2.061000	18.160000
1984	-41.624054	2.063000	18.470000
1985	-41.554054	2.063000	18.370000
1986	-41.474054	2.065000	18.490000
1987	-41.314054	2.065000	18.400000
1988	-41.254054	2.067000	18.460000
1989	-41.174054	2.067000	18.390000
1990	-41.134054	2.069000	18.500000
1991	-41.034054	2.069000	18.360000
1992	-41.024054	2.071000	18.300000
1993	-40.794054	2.071000	18.430000
1994	-40.744054	2.073000	18.450000
1995	-40.734054	2.073000	18.440000
1996	-40.664054	2.075000	18.440000
1997	-40.654054	2.075000	18.370000
1998	-40.564054	2.077000	18.660000
1999	-40.484054	2.077000	18.430000
2000	-40.414054	2.079000	18.340000
2001	-40.354054	2.079000	18.620000
2002	-40.304054	2.080000	18.610000
2003	-40.294054	2.080000	18.300000
2004	-40.284054	2.082000	18.500000
2005	-40.154054	2.082000	18.340000
2006	-40.054054	2.084000	18.560000
2007	-40.014054	2.084000	18.500000
2008	-39.734054	2.086000	18.240000
2009	-39.424054	2.086000	18.680000
2010	-39.384054	2.088000	18.610000
2011	-39.334054	2.088000	18.680000
2012	-39.124054	2.090000	18.650000
2013	-39.084054	2.090000	18.730000
2014	-39.004054	2.092000	18.700000
2015	-38.974054	2.092000	18.660000
2016	-38.914054	2.094000	18.730000
2017	-38.834054	2.094000	18.780000
2018	-38.674054	2.096000	18.620000
2019	-38.664054	2.096000	18.710000
2020	-38.574054	2.098000	18.680000
2021	-38.554054	2.100000	18.620000
2022	-38.404054	2.100000	18.820000
2023	-38.404054	2.102000	18.710000
2024	-38.394054	2.102000	18.700000
2025	-38.364054	2.104000	18.580000
2026	-38.354054	2.104000	18.850000
2027	-38.324054	2.106000	18.740000
2028	-38.314054	2.106000	18.640000
2029	-38.284054	2.108000	18.800000
2030	-38.244054	2.108000	18.610000
2031	-37.964054	2.110000	18.800000
2032	-37.954054	2.110000	18.630000
2033	-37.894054	2.112000	18.670000
2034	-37.854054	2.112000	18.750000
2035	-37.804054	2.114000	18.740000
2036	-37.764054	2.114000	18.590000
2037	-37.754054	2.116000	18.670000
2038	-37.664054	2.116000	18.600000
2039	-37.384054	2.118000	18.810000
2040	-37.254054	2.118000	18.700000
2041	-37.194054	2.120000	18.640000
2042	-37.084054	2.120000	18.880000
2043	-36.974054	2.122000	18.800000
2044	-36.954054	2.122000	18.780000
2045	-36.944054	2.123000	18.850000
2046	-36.904054	2.123000	18.690000
2047	-36.874054	2.125000	18.790000
2048	-36.834054	2.125000	18.900000
2049	-36.754054	2.127000	18.720000
2050	-36.634054	2.127000	18.800000
2051	-36.624054	2.129000	18.740000
2052	-36.564054	2.129000	18.820000
2053	-36.474054	2.131000	18.760000
2054	-36.344054	2.131000	18.680000
2055	-36.304054	2.133000	18.670000
2056	-36.304054	2.133000	18.860000
2057	-36.134054	2.135000	18.800000
2058	-36.104054	2.135000	18.640000
2059	-36.034054	2.137000	19.030000
2060	-35.954054	2.137000	18.860000
2061	-35.904054	2.139000	18.800000
2062	-35.874054	2.139000	18.860000
2063	-35.854054	2.141000	18.790000
2064	-35.784054	2.141000	18.740000
2065	-35.754054	2.145000	18.780000
2066	-35.584054	2.145000	18.800000
2067	-35.154054	2.145000	18.920000
2068	-35.144054	2.147000	19.000000
2069	-35.104054	2.149000	18.940000
2070	-34.984054	2.149000	19.010000
2071	-34.924054	2.151000	19.050000
2072	-34.884054	2.151000	18.840000
2073	-34.744054	2.153000	19.080000
2074	-34.734054	2.153000	18.980000
2075	-34.734054	2.153000	19.110000
2076	-34.624054	2.155000	19.010000
2077	-34.474054	2.157000	19.020000
2078	-34.444054	2.157000	19.010000
2079	-34.414054	2.159000	19.050000
2080	-34.414054	2.159000	18.960000
2081	-34.404054	2.161000	19.070000
2082	-34.364054	2.161000	19.030000
2083	-34.354054	2.163000	18.930000
2084	-34.344054	2.163000	18.970000
2085	-34.174054	2.164000	18.820000
2086	-34.174054	2.164000	18.890000
2087	-34.164054	2.166000	18.940000
2088	-34.164054	2.166000	19.130000
2089	-34.114054	2.168000	19.030000
2090	-34.074054	2.168000	19.100000
2091	-33.964054	2.170000	18.840000
2092	-33.664054	2.170000	18.950000
2093	-33.664054	2.172000	19.120000
2094	-33.504054	2.172000	18.990000
2095	-33.044054	2.174000	18.980000
2096	-33.024054	2.174000	19.110000
2097	-33.014054	2.176000	19.090000
2098	-32.964054	2.176000	19.020000
2099	-32.654054	2.176000	19.020000
2100	-32.614054	2.178000	19.110000
2101	-32.614054	2.180000	19.090000
2102	-32.524054	2.180000	19.030000
2103	-32.524054	2.180000	19.190000
2104	-32.414054	2.182000	19.100000
2105	-32.134054	2.184000	19.130000
2106	-32.004054	2.184000	19.230000
2107	-31.954054	2.184000	19.220000
2108	-31.904054	2.186000	19.200000
2109	-31.844054	2.188000	19.290000
2110	-31.794054	2.188000	19.150000
2111	-31.774054	2.190000	19.040000
2112	-31.714054	2.190000	19.070000
2113	-31.674054	2.192000	19.120000
2114	-31.614054	2.192000	19.110000
2115	-31.294054	2.194000	19.230000
2116	-31.274054	2.194000	19.120000
2117	-31.264054	2.196000	19.190000
2118	-31.234054	2.196000	19.170000
2119	-31.134054	2.198000	19.120000
2120	-31.074054	2.198000	19.060000
2121	-30.974054	2.200000	19.080000
2122	-30.954054	2.200000	19.210000
2123	-30.814054	2.200000	19.230000
2124	-30.724054	2.202000	19.390000
2125	-30.524054	2.204000	19.120000
2126	-30.514054	2.205000	19.190000
2127	-30.484054	2.205000	19.310000
2128	-30.444054	2.207000	19.460000
2129	-30.324054	2.207000	19.260000
2130	-30.084054	2.207000	19.350000
2131	-30.024054	2.209000	19.520000
2132	-30.014054	2.211000	19.370000
2133	-30.004054	2.209000	19.190000
2134	-29.984054	2.213000	19.550000
2135	-29.924054	2.213000	19.410000
2136	-29.904054	2.215000	19.460000
2137	-29.884054	2.215000	19.370000
2138	-29.874054	2.215000	19.370000
2139	-29.814054	2.217000	19.320000
2140	-29.784054	2.219000	19.220000
2141	-29.754054	2.219000	19.530000
2142	-29.744054	2.221000	19.410000
2143	-29.714054	2.221000	19.450000
2144	-29.504054	2.223000	19.180000
2145	-29.484054	2.227000	19.190000
2146	-29.454054	2.227000	19.470000
2147	-29.294054	2.229000	19.540000
2148	-29.124054	2.229000	19.400000
2149	-29.074054	2.231000	19.460000
2150	-28.814054	2.231000	19.380000
2151	-28.644054	2.233000	19.550000
2152	-28.614054	2.233000	19.440000
2153	-28.604054	2.235000	19.380000
2154	-28.394054	2.235000	19.600000
2155	-28.324054	2.237000	19.530000
2156	-28.214054	2.237000	19.510000
2157	-28.114054	2.239000	19.490000
2158	-28.074054	2.239000	19.470000
2159	-28.054054	2.241000	19.650000
2160	-28.004054	2.241000	19.630000
2161	-28.004054	2.243000	19.440000
2162	-28.004054	2.243000	19.460000
2163	-27.974054	2.245000	19.480000
2164	-27.944054	2.245000	19.510000
2165	-27.934054	2.246000	19.450000
2166	-27.904054	2.248000	19.500000
2167	-27.894054	2.248000	19.530000
2168	-27.874054	2.250000	19.540000
2169	-27.864054	2.250000	19.520000
2170	-27.824054	2.252000	19.600000
2171	-27.684054	2.252000	19.380000
2172	-27.534054	2.254000	19.470000
2173	-27.404054	2.254000	19.710000
2174	-27.254054	2.256000	19.700000
2175	-27.184054	2.256000	19.580000
2176	-27.164054	2.258000	19.530000
2177	-27.144054	2.258000	19.400000
2178	-27.124054	2.260000	19.760000
2179	-27.074054	2.260000	19.330000
2180	-27.064054	2.262000	19.650000
2181	-27.054054	2.262000	19.820000
2182	-27.034054	2.264000	19.590000
2183	-26.914054	2.264000	19.490000
2184	-26.914054	2.266000	19.750000
2185	-26.594054	2.266000	19.630000
2186	-26.514054	2.268000	19.640000
2187	-26.464054	2.268000	19.450000
2188	-26.394054	2.270000	19.670000
2189	-26.384054	2.270000	19.610000
2190	-26.384054	2.272000	19.760000
2191	-26.344054	2.272000	19.660000
2192	-26.254054	2.274000	19.600000
2193	-26.104054	2.274000	19.640000
2194	-25.944054	2.276000	19.600000
2195	-25.894054	2.276000	19.450000
2196	-25.644054	2.278000	19.730000
2197	-25.584054	2.278000	19.640000
2198	-25.394054	2.280000	19.620000
2199	-25.304054	2.280000	19.780000
2200	-25.284054	2.282000	19.630000
2201	-25.214054	2.282000	19.660000
2202	-25.154054	2.284000	19.690000
2203	-25.084054	2.284000	19.890000
2204	-24.694054	2.286000	19.760000
2205	-24.524054	2.286000	19.700000
2206	-24.264054	2.288000	19.800000
2207	-24.164054	2.289000	19.740000
2208	-24.134054	2.289000	19.440000
2209	-23.974054	2.291000	19.650000
2210	-23.894054	2.291000	19.670000
2211	-23.664054	2.293000	19.680000
2212	-23.604054	2.293000	19.840000
2213	-23.514054	2.295000	19.900000
2214	-23.504054	2.295000	19.780000
2215	-23.364054	2.297000	19.770000
2216	-23.234054	2.297000	19.880000
2217	-23.224054	2.299000	19.700000
2218	-23.214054	2.299000	19.810000
2219	-23.184054	2.301000	19.730000
2220	-23.144054	2.301000	19.960000
2221	-23.114054	2.303000	19.710000
2222	-23.114054	2.303000	19.810000
2223	-23.084054	2.305000	19.660000
2224	-23.064054	2.305000	19.840000
2225	-23.064054	2.307000	19.810000
2226	-23.024054	2.307000	19.800000
2227	-23.024054	2.311000	19.830000
2228	-22.984054	2.311000	19.780000
2229	-22.984054	2.313000	19.760000
2230	-22.964054	2.313000	19.880000
2231	-22.934054	2.315000	19.810000
2232	-22.904054	2.315000	19.730000
2233	-22.844054	2.317000	19.870000
2234	-22.814054	2.317000	19.790000
2235	-22.684054	2.317000	19.860000
2236	-22.684054	2.319000	19.850000
2237	-22.654054	2.321000	19.810000
2238	-22.654054	2.321000	19.880000
2239	-22.594054	2.323000	19.740000
2240	-22.554054	2.323000	19.740000
2241	-22.504054	2.325000	19.850000
2242	-22.244054	2.325000	19.820000
2243	-22.224054	2.325000	19.760000
2244	-22.124054	2.327000	19.820000
2245	-21.964054	2.329000	19.830000
2246	-21.954054	2.329000	19.810000
2247	-21.824054	2.330000	19.860000
2248	-21.754054	2.330000	19.950000
2249	-21.644054	2.332000	19.980000
2250	-21.614054	2.332000	19.820000
2251	-21.424054	2.332000	19.820000
2252	-21.424054	2.334000	19.900000
2253	-21.274054	2.336000	19.940000
2254	-21.154054	2.336000	20.090000
2255	-21.134054	2.338000	19.920000
2256	-21.084054	2.338000	19.980000
2257	-21.054054	2.340000	19.890000
2258	-20.954054	2.340000	20.170000
2259	-20.874054	2.340000	19.920000
2260	-20.854054	2.342000	20.110000
2261	-20.794054	2.344000	19.830000
2262	-20.694054	2.344000	20.040000
2263	-20.524054	2.346000	19.900000
2264	-20.484054	2.346000	19.900000
2265	-20.484054	2.348000	19.850000
2266	-20.244054	2.348000	20.120000
2267	-20.224054	2.348000	19.960000
2268	-20.104054	2.352000	19.910000
2269	-20.054054	2.352000	19.970000
2270	-19.764054	2.354000	20.040000
2271	-19.584054	2.354000	19.950000
2272	-19.424054	2.356000	20.120000
2273	-19.424054	2.356000	20.210000
2274	-19.394054	2.356000	20.090000
2275	-19.344054	2.358000	20.040000
2276	-19.334054	2.360000	20.060000
2277	-19.254054	2.360000	20.210000
2278	-19.164054	2.362000	20.130000
2279	-19.144054	2.362000	20.130000
2280	-19.074054	2.364000	20.100000
2281	-18.964054	2.364000	20.100000
2282	-18.944054	2.364000	20.000000
2283	-18.844054	2.366000	20.110000
2284	-18.774054	2.368000	20.290000
2285	-18.754054	2.368000	20.090000
2286	-18.744054	2.370000	19.980000
2287	-18.724054	2.370000	19.970000
2288	-18.714054	2.372000	20.080000
2289	-18.484054	2.372000	20.120000
2290	-18.334054	2.372000	20.150000
2291	-18.304054	2.373000	20.260000
2292	-18.154054	2.375000	20.170000
2293	-18.124054	2.375000	20.190000
2294	-18.114054	2.377000	20.250000
2295	-18.054054	2.377000	20.250000
2296	-18.004054	2.379000	20.170000
2297	-17.754054	2.379000	20.170000
2298	-17.644054	2.381000	20.430000
2299	-17.554054	2.381000	20.220000
2300	-17.554054	2.383000	20.190000
2301	-17.484054	2.383000	20.180000
2302	-17.434054	2.385000	20.130000
2303	-17.374054	2.385000	20.170000
2304	-17.284054	2.387000	20.310000
2305	-17.244054	2.387000	20.230000
2306	-17.214054	2.387000	20.150000
2307	-17.064054	2.389000	20.260000
2308	-16.944054	2.391000	20.270000
2309	-16.904054	2.391000	20.310000
2310	-16.834054	2.395000	20.130000
2311	-16.824054	2.395000	20.380000
2312	-16.634054	2.397000	20.220000
2313	-16.604054	2.397000	20.270000
2314	-16.564054	2.399000	20.290000
2315	-16.464054	2.399000	20.360000
2316	-16.464054	2.401000	20.310000
2317	-16.464054	2.401000	20.230000
2318	-16.434054	2.403000	20.170000
2319	-16.284054	2.403000	20.510000
2320	-16.274054	2.405000	20.480000
2321	-16.154054	2.405000	20.230000
2322	-15.974054	2.407000	20.150000
2323	-15.964054	2.407000	20.260000
2324	-15.964054	2.409000	20.100000
2325	-15.934054	2.409000	20.340000
2326	-15.874054	2.411000	20.360000
2327	-15.834054	2.411000	20.510000
2328	-15.834054	2.413000	20.480000
2329	-15.794054	2.413000	20.300000
2330	-15.794054	2.414000	20.340000
2331	-15.754054	2.414000	20.550000
2332	-15.664054	2.416000	20.410000
2333	-15.644054	2.416000	20.430000
2334	-15.424054	2.418000	20.380000
2335	-15.324054	2.418000	20.400000
2336	-15.174054	2.420000	20.360000
2337	-15.044054	2.420000	20.360000
2338	-15.014054	2.422000	20.460000
2339	-14.934054	2.424000	20.380000
2340	-14.754054	2.424000	20.400000
2341	-14.514054	2.424000	20.420000
2342	-14.494054	2.426000	20.380000
2343	-14.494054	2.426000	20.420000
2344	-14.354054	2.428000	20.360000
2345	-14.014054	2.428000	20.500000
2346	-14.014054	2.430000	20.510000
2347	-14.004054	2.430000	20.500000
2348	-13.964054	2.432000	20.390000
2349	-13.734054	2.432000	20.500000
2350	-13.634054	2.434000	20.510000
2351	-13.624054	2.434000	20.430000
2352	-13.594054	2.436000	20.470000
2353	-13.564054	2.436000	20.480000
2354	-13.504054	2.438000	20.550000
2355	-13.474054	2.438000	20.550000
2356	-13.454054	2.440000	20.420000
2357	-13.414054	2.440000	20.410000
2358	-13.294054	2.442000	20.470000
2359	-13.184054	2.442000	20.530000
2360	-13.144054	2.444000	20.560000
2361	-13.084054	2.444000	20.460000
2362	-13.004054	2.446000	20.460000
2363	-12.984054	2.446000	20.480000
2364	-12.944054	2.448000	20.430000
2365	-12.944054	2.448000	20.560000
2366	-12.654054	2.450000	20.480000
2367	-12.584054	2.450000	20.550000
2368	-12.474054	2.452000	20.560000
2369	-12.384054	2.452000	20.420000
2370	-12.354054	2.454000	20.510000
2371	-12.324054	2.454000	20.620000
2372	-12.214054	2.455000	20.630000
2373	-11.984054	2.455000	20.590000
2374	-11.944054	2.457000	20.490000
2375	-11.604054	2.457000	20.690000
2376	-11.534054	2.459000	20.530000
2377	-11.384054	2.459000	20.560000
2378	-11.354054	2.461000	20.590000
2379	-11.354054	2.461000	20.590000
2380	-11.264054	2.463000	20.680000
2381	-11.184054	2.463000	20.650000
2382	-11.164054	2.465000	20.560000
2383	-11.094054	2.465000	20.750000
2384	-11.044054	2.467000	20.700000
2385	-10.994054	2.467000	20.590000
2386	-10.964054	2.469000	20.720000
2387	-10.884054	2.469000	20.710000
2388	-10.734054	2.471000	20.570000
2389	-10.724054	2.471000	20.610000
2390	-10.704054	2.473000	20.630000
2391	-10.644054	2.473000	20.630000
2392	-10.494054	2.477000	20.650000
2393	-10.494054	2.479000	20.690000
2394	-10.444054	2.479000	20.650000
2395	-10.434054	2.481000	20.770000
2396	-10.204054	2.481000	20.650000
2397	-10.104054	2.481000	20.650000
2398	-10.074054	2.483000	20.790000
2399	-10.054054	2.485000	20.540000
2400	-9.964054	2.485000	20.770000
2401	-9.804054	2.487000	20.690000
2402	-9.744054	2.487000	20.820000
2403	-9.744054	2.489000	20.650000
2404	-9.634054	2.489000	20.790000
2405	-9.604054	2.489000	20.710000
2406	-9.604054	2.491000	20.780000
2407	-9.514054	2.493000	20.850000
2408	-9.444054	2.493000	20.790000
2409	-9.244054	2.495000	20.970000
2410	-9.124054	2.495000	20.790000
2411	-9.104054	2.496000	20.810000
2412	-9.074054	2.496000	20.840000
2413	-9.054054	2.498000	20.720000
2414	-9.044054	2.498000	20.860000
2415	-8.864054	2.500000	20.870000
2416	-8.844054	2.500000	20.850000
2417	-8.844054	2.502000	20.950000
2418	-8.784054	2.502000	20.920000
2419	-8.654054	2.504000	20.880000
2420	-8.654054	2.504000	20.790000
2421	-8.614054	2.506000	20.890000
2422	-8.504054	2.506000	20.900000
2423	-8.424054	2.508000	20.930000
2424	-8.384054	2.508000	20.760000
2425	-8.264054	2.510000	20.940000
2426	-8.224054	2.510000	20.880000
2427	-8.174054	2.512000	20.800000
2428	-8.154054	2.512000	20.750000
2429	-8.014054	2.512000	20.810000
2430	-7.954054	2.514000	20.820000
2431	-7.944054	2.516000	20.740000
2432	-7.874054	2.516000	20.910000
2433	-7.554054	2.518000	20.890000
2434	-7.364054	2.518000	21.120000
2435	-7.324054	2.520000	20.870000
2436	-7.284054	2.520000	21.010000
2437	-7.254054	2.520000	20.820000
2438	-7.154054	2.522000	20.990000
2439	-7.014054	2.524000	21.100000
2440	-6.974054	2.524000	21.070000
2441	-6.934054	2.526000	21.130000
2442	-6.804054	2.526000	21.010000
2443	-6.784054	2.528000	21.030000
2444	-6.774054	2.530000	21.030000
2445	-6.664054	2.530000	21.110000
2446	-6.624054	2.532000	20.980000
2447	-6.584054	2.532000	21.120000
2448	-6.574054	2.534000	21.010000
2449	-6.574054	2.534000	20.970000
2450	-6.424054	2.536000	21.030000
2451	-6.254054	2.536000	21.130000
2452	-6.184054	2.536000	21.060000
2453	-6.184054	2.538000	21.040000
2454	-6.064054	2.539000	20.980000
2455	-6.044054	2.539000	21.060000
2456	-5.834054	2.541000	21.130000
2457	-5.774054	2.541000	21.110000
2458	-5.414054	2.543000	20.950000
2459	-5.264054	2.543000	21.100000
2460	-5.164054	2.543000	21.230000
2461	-5.124054	2.545000	20.960000
2462	-5.064054	2.547000	21.100000
2463	-5.064054	2.547000	21.230000
2464	-5.024054	2.549000	21.180000
2465	-4.974054	2.549000	21.080000
2466	-4.884054	2.551000	21.150000
2467	-4.824054	2.551000	21.220000
2468	-4.794054	2.551000	21.240000
2469	-4.674054	2.553000	21.160000
2470	-4.644054	2.555000	21.240000
2471	-4.554054	2.555000	21.230000
2472	-4.534054	2.557000	21.060000
2473	-4.474054	2.557000	21.100000
2474	-4.474054	2.561000	21.170000
2475	-4.384054	2.563000	21.140000
2476	-4.354054	2.563000	21.010000
2477	-4.294054	2.565000	21.120000
2478	-4.234054	2.565000	21.170000
2479	-4.234054	2.567000	21.160000
2480	-4.174054	2.567000	21.100000
2481	-4.004054	2.569000	21.260000
2482	-3.934054	2.569000	21.200000
2483	-3.824054	2.571000	21.230000
2484	-3.764054	2.573000	21.100000
2485	-3.704054	2.573000	21.330000
2486	-3.614054	2.575000	21.240000
2487	-3.464054	2.575000	21.170000
2488	-3.374054	2.577000	21.340000
2489	-3.344054	2.577000	21.120000
2490	-3.204054	2.579000	21.180000
2491	-3.034054	2.580000	21.190000
2492	-2.964054	2.580000	21.250000
2493	-2.874054	2.580000	21.220000
2494	-2.874054	2.582000	21.280000
2495	-2.794054	2.582000	21.230000
2496	-2.614054	2.584000	21.200000
2497	-2.604054	2.584000	21.240000
2498	-2.574054	2.586000	21.080000
2499	-2.444054	2.586000	21.250000
2500	-2.404054	2.588000	21.290000
2501	-2.404054	2.588000	21.370000
2502	-2.284054	2.590000	21.310000
2503	-2.244054	2.592000	21.180000
2504	-2.164054	2.592000	21.170000
2505	-2.134054	2.596000	21.410000
2506	-2.044054	2.596000	21.240000
2507	-2.014054	2.596000	21.310000
2508	-1.924054	2.596000	21.250000
2509	-1.694054	2.598000	21.200000
2510	-1.614054	2.598000	21.240000
2511	-1.564054	2.600000	21.260000
2512	-1.274054	2.602000	21.370000
2513	-1.014054	2.602000	21.300000
2514	-0.984054	2.604000	21.260000
2515	-0.854054	2.604000	21.310000
2516	-0.684054	2.606000	21.350000
2517	-0.664054	2.606000	21.360000
2518	-0.194054	2.608000	21.320000
2519	-0.114054	2.608000	21.270000
2520	0.295946	2.610000	21.480000
