1	-191.267651	0.000000	9.560000
2	-190.917651	0.000000	9.530000
3	-190.897651	0.002000	9.580000
4	-190.887651	0.004000	9.600000
5	-190.807651	0.004000	9.520000
6	-190.757651	0.006000	9.570000
7	-190.677651	0.006000	9.590000
8	-190.537651	0.008000	10.050000
9	-190.527651	0.008000	9.310000
10	-190.497651	0.008000	9.410000
11	-190.467651	0.010000	9.730000
12	-190.447651	0.012000	9.340000
13	-190.317651	0.012000	9.630000
14	-190.307651	0.014000	9.640000
15	-190.277651	0.014000	9.430000
16	-190.077651	0.016000	9.410000
17	-190.047651	0.016000	9.530000
18	-190.037651	0.016000	9.610000
19	-189.977651	0.018000	9.920000
20	-189.947651	0.022000	9.180000
21	-189.907651	0.020000	9.520000
22	-189.647651	0.022000	9.500000
23	-189.627651	0.022000	9.560000
24	-189.557651	0.024000	9.460000
25	-189.547651	0.024000	9.520000
26	-189.547651	0.024000	9.210000
27	-189.507651	0.026000	9.520000
28	-189.337651	0.028000	9.360000
29	-189.327651	0.028000	9.360000
30	-189.327651	0.030000	10.100000
31	-189.297651	0.030000	9.550000
32	-189.247651	0.032000	9.530000
33	-189.137651	0.032000	9.300000
34	-189.117651	0.032000	9.680000
35	-189.107651	0.034000	9.460000
36	-189.087651	0.036000	9.670000
37	-189.057651	0.036000	9.750000
38	-188.997651	0.038000	9.660000
39	-188.927651	0.038000	9.480000
40	-188.877651	0.040000	9.440000
41	-188.737651	0.040000	9.360000
42	-188.727651	0.042000	9.300000
43	-188.677651	0.042000	9.520000
44	-188.617651	0.043000	9.450000
45	-188.497651	0.043000	9.490000
46	-188.467651	0.045000	9.510000
47	-188.387651	0.045000	9.430000
48	-188.227651	0.047000	9.800000
49	-188.207651	0.047000	9.580000
50	-188.207651	0.047000	9.640000
51	-188.087651	0.049000	9.450000
52	-188.067651	0.051000	9.800000
53	-188.067651	0.053000	9.480000
54	-188.057651	0.053000	9.650000
55	-187.917651	0.053000	9.500000
56	-187.917651	0.055000	10.020000
57	-187.887651	0.055000	9.510000
58	-187.817651	0.055000	9.520000
59	-187.807651	0.057000	9.320000
60	-187.607651	0.059000	9.540000
61	-187.587651	0.059000	9.600000
62	-187.577651	0.061000	9.660000
63	-187.407651	0.061000	9.640000
64	-187.387651	0.065000	9.840000
65	-187.367651	0.067000	9.640000
66	-187.347651	0.067000	9.700000
67	-187.277651	0.069000	9.920000
68	-187.187651	0.069000	9.870000
69	-187.107651	0.071000	9.640000
70	-186.967651	0.071000	10.210000
71	-186.727651	0.073000	10.270000
72	-186.697651	0.073000	9.690000
73	-186.667651	0.075000	10.100000
74	-186.667651	0.073000	9.690000
75	-186.597651	0.077000	9.730000
76	-186.557651	0.077000	10.270000
77	-186.517651	0.079000	10.200000
78	-186.427651	0.079000	9.610000
79	-186.427651	0.081000	9.630000
80	-186.347651	0.081000	9.910000
81	-186.347651	0.083000	9.600000
82	-186.277651	0.083000	9.680000
83	-186.267651	0.084000	9.710000
84	-186.197651	0.084000	9.560000
85	-186.137651	0.086000	9.420000
86	-186.117651	0.086000	10.150000
87	-185.987651	0.088000	9.620000
88	-185.907651	0.088000	10.090000
89	-185.767651	0.090000	9.510000
90	-185.677651	0.090000	10.020000
91	-185.027651	0.092000	9.700000
92	-185.017651	0.092000	9.810000
93	-184.927651	0.094000	9.720000
94	-184.927651	0.094000	9.720000
95	-184.797651	0.096000	9.790000
96	-184.797651	0.098000	9.940000
97	-184.657651	0.098000	9.820000
98	-184.637651	0.100000	9.940000
99	-184.557651	0.100000	9.710000
100	-184.547651	0.102000	9.830000
101	-184.497651	0.102000	10.090000
102	-184.427651	0.104000	9.770000
103	-184.407651	0.104000	9.720000
104	-184.407651	0.106000	9.970000
105	-184.397651	0.106000	9.780000
106	-184.377651	0.108000	9.890000
107	-184.357651	0.108000	9.630000
108	-184.307651	0.110000	10.040000
109	-184.217651	0.110000	10.170000
110	-184.217651	0.112000	9.970000
111	-184.207651	0.112000	10.000000
112	-184.017651	0.114000	10.090000
113	-184.017651	0.114000	10.030000
114	-183.957651	0.116000	9.760000
115	-183.897651	0.116000	10.160000
116	-183.717651	0.118000	10.170000
117	-183.647651	0.118000	9.890000
118	-183.587651	0.120000	9.890000
119	-183.567651	0.120000	10.180000
120	-183.547651	0.122000	10.520000
121	-183.527651	0.122000	10.520000
122	-183.427651	0.124000	10.020000
123	-183.247651	0.124000	9.690000
124	-183.157651	0.126000	9.880000
125	-183.107651	0.126000	9.830000
126	-183.097651	0.127000	10.120000
127	-183.087651	0.127000	9.770000
128	-183.017651	0.129000	9.860000
129	-182.997651	0.129000	10.060000
130	-182.767651	0.131000	9.660000
131	-182.747651	0.131000	9.980000
132	-182.597651	0.133000	9.880000
133	-182.557651	0.133000	10.050000
134	-182.237651	0.135000	9.840000
135	-182.217651	0.135000	10.210000
136	-182.087651	0.137000	9.870000
137	-182.067651	0.137000	10.230000
138	-181.967651	0.139000	9.990000
139	-181.907651	0.139000	10.530000
140	-181.787651	0.141000	9.810000
141	-181.767651	0.141000	10.000000
142	-181.757651	0.143000	10.300000
143	-181.737651	0.143000	9.760000
144	-181.657651	0.145000	10.380000
145	-181.637651	0.145000	9.810000
146	-181.587651	0.149000	9.870000
147	-181.567651	0.151000	9.800000
148	-181.277651	0.151000	10.280000
149	-181.107651	0.153000	9.970000
150	-181.087651	0.153000	10.180000
151	-181.037651	0.155000	9.960000
152	-180.997651	0.155000	10.070000
153	-180.977651	0.157000	9.860000
154	-180.947651	0.157000	10.400000
155	-180.897651	0.157000	10.030000
156	-180.877651	0.159000	10.520000
157	-180.827651	0.161000	10.350000
158	-180.817651	0.161000	10.010000
159	-180.747651	0.163000	9.760000
160	-180.637651	0.163000	10.110000
161	-180.557651	0.165000	9.990000
162	-180.397651	0.165000	10.260000
163	-180.377651	0.165000	10.140000
164	-180.367651	0.167000	10.260000
165	-180.117651	0.167000	10.120000
166	-180.087651	0.167000	10.050000
167	-179.967651	0.170000	10.060000
168	-179.937651	0.172000	9.980000
169	-179.677651	0.172000	9.950000
170	-179.617651	0.172000	10.160000
171	-179.547651	0.174000	10.170000
172	-179.547651	0.176000	10.370000
173	-179.497651	0.176000	10.080000
174	-179.217651	0.178000	10.100000
175	-179.157651	0.178000	9.940000
176	-179.017651	0.180000	10.220000
177	-179.007651	0.180000	10.020000
178	-179.007651	0.180000	10.040000
179	-178.907651	0.182000	10.070000
180	-178.807651	0.184000	10.050000
181	-178.797651	0.184000	10.140000
182	-178.787651	0.186000	10.220000
183	-178.687651	0.186000	10.160000
184	-178.617651	0.188000	10.000000
185	-178.567651	0.188000	10.160000
186	-178.477651	0.188000	10.210000
187	-178.457651	0.190000	10.010000
188	-178.397651	0.192000	10.080000
189	-178.377651	0.192000	10.050000
190	-178.367651	0.194000	10.150000
191	-178.357651	0.194000	10.400000
192	-178.347651	0.196000	10.050000
193	-178.277651	0.196000	10.130000
194	-178.187651	0.196000	10.160000
195	-178.137651	0.198000	9.960000
196	-178.067651	0.198000	10.280000
197	-177.967651	0.200000	10.190000
198	-177.847651	0.202000	10.090000
199	-177.847651	0.202000	10.290000
200	-177.837651	0.204000	10.060000
201	-177.577651	0.204000	10.450000
202	-177.537651	0.204000	10.200000
203	-177.377651	0.206000	10.400000
204	-177.357651	0.209000	10.410000
205	-177.307651	0.209000	10.220000
206	-177.217651	0.209000	10.310000
207	-177.037651	0.209000	10.200000
208	-177.037651	0.211000	10.430000
209	-176.857651	0.211000	10.350000
210	-176.797651	0.211000	10.500000
211	-176.747651	0.213000	10.470000
212	-176.637651	0.215000	10.350000
213	-176.597651	0.215000	10.160000
214	-176.387651	0.217000	10.310000
215	-176.357651	0.217000	10.370000
216	-176.317651	0.219000	10.070000
217	-176.257651	0.219000	10.380000
218	-176.217651	0.221000	10.410000
219	-176.157651	0.221000	10.390000
220	-176.087651	0.223000	10.250000
221	-176.067651	0.223000	10.460000
222	-175.907651	0.225000	10.320000
223	-175.867651	0.225000	10.470000
224	-175.827651	0.227000	10.320000
225	-175.787651	0.227000	10.250000
226	-175.747651	0.231000	10.330000
227	-175.727651	0.231000	10.470000
228	-175.677651	0.233000	10.470000
229	-175.547651	0.233000	10.320000
230	-175.537651	0.235000	10.420000
231	-175.497651	0.235000	10.280000
232	-175.457651	0.237000	10.250000
233	-175.417651	0.237000	10.190000
234	-175.407651	0.239000	10.140000
235	-175.287651	0.239000	10.500000
236	-175.257651	0.241000	10.300000
237	-175.237651	0.241000	10.250000
238	-175.227651	0.243000	10.460000
239	-175.187651	0.243000	10.310000
240	-175.137651	0.245000	10.240000
241	-175.027651	0.245000	10.220000
242	-174.997651	0.247000	10.320000
243	-174.997651	0.247000	10.330000
244	-174.557651	0.249000	10.280000
245	-174.417651	0.249000	10.350000
246	-174.337651	0.250000	10.570000
247	-174.327651	0.250000	10.350000
248	-174.167651	0.252000	10.390000
249	-173.957651	0.252000	10.650000
250	-173.917651	0.254000	10.390000
251	-173.857651	0.256000	10.270000
252	-173.847651	0.256000	10.270000
253	-173.657651	0.258000	10.440000
254	-173.617651	0.258000	10.480000
255	-173.547651	0.260000	10.290000
256	-173.477651	0.260000	10.510000
257	-173.467651	0.262000	10.390000
258	-173.377651	0.262000	11.090000
259	-173.297651	0.264000	10.600000
260	-173.247651	0.264000	10.440000
261	-173.157651	0.266000	10.520000
262	-173.147651	0.266000	10.640000
263	-173.147651	0.268000	10.460000
264	-173.107651	0.268000	10.530000
265	-173.097651	0.270000	10.360000
266	-172.967651	0.270000	10.430000
267	-172.937651	0.272000	10.630000
268	-172.817651	0.272000	10.300000
269	-172.807651	0.274000	10.500000
270	-172.647651	0.274000	10.540000
271	-172.567651	0.276000	10.580000
272	-172.497651	0.276000	10.770000
273	-172.427651	0.278000	10.770000
274	-172.397651	0.278000	10.520000
275	-172.387651	0.280000	10.700000
276	-172.367651	0.280000	10.550000
277	-172.367651	0.282000	10.450000
278	-172.037651	0.282000	10.570000
279	-172.017651	0.284000	10.390000
280	-172.007651	0.286000	10.690000
281	-172.007651	0.286000	10.650000
282	-171.467651	0.288000	10.670000
283	-171.457651	0.288000	11.240000
284	-171.427651	0.290000	10.550000
285	-171.377651	0.290000	11.190000
286	-171.287651	0.292000	10.570000
287	-171.267651	0.292000	10.640000
288	-171.157651	0.293000	10.630000
289	-171.077651	0.292000	10.620000
290	-171.057651	0.295000	10.480000
291	-170.987651	0.297000	10.620000
292	-170.957651	0.297000	10.790000
293	-170.867651	0.299000	11.290000
294	-170.817651	0.299000	11.250000
295	-170.717651	0.301000	10.690000
296	-170.647651	0.301000	10.690000
297	-170.637651	0.303000	10.640000
298	-170.587651	0.303000	10.720000
299	-170.507651	0.305000	10.620000
300	-170.397651	0.305000	10.650000
301	-170.317651	0.307000	10.620000
302	-170.287651	0.307000	10.610000
303	-170.227651	0.309000	11.030000
304	-170.197651	0.309000	10.680000
305	-170.157651	0.311000	10.680000
306	-170.047651	0.311000	10.660000
307	-170.037651	0.313000	10.640000
308	-170.017651	0.315000	10.710000
309	-169.697651	0.319000	10.630000
310	-169.657651	0.317000	10.620000
311	-169.577651	0.319000	10.650000
312	-169.217651	0.321000	10.740000
313	-169.177651	0.321000	10.740000
314	-169.147651	0.321000	10.880000
315	-169.107651	0.323000	10.670000
316	-169.077651	0.325000	10.640000
317	-169.017651	0.325000	10.770000
318	-168.867651	0.327000	10.670000
319	-168.707651	0.327000	10.640000
320	-168.587651	0.329000	10.800000
321	-168.547651	0.329000	10.650000
322	-168.407651	0.329000	10.770000
323	-168.387651	0.331000	10.850000
324	-168.337651	0.333000	10.650000
325	-168.287651	0.333000	10.720000
326	-168.257651	0.334000	10.790000
327	-168.187651	0.334000	10.840000
328	-168.127651	0.336000	10.730000
329	-168.087651	0.336000	10.930000
330	-168.077651	0.338000	10.790000
331	-168.037651	0.338000	10.930000
332	-167.897651	0.340000	11.150000
333	-167.877651	0.340000	11.030000
334	-167.797651	0.342000	10.780000
335	-167.797651	0.342000	11.030000
336	-167.747651	0.344000	10.920000
337	-167.737651	0.344000	10.880000
338	-167.657651	0.344000	10.890000
339	-167.437651	0.346000	11.030000
340	-167.347651	0.348000	10.760000
341	-167.307651	0.350000	10.790000
342	-167.297651	0.350000	11.100000
343	-167.247651	0.352000	10.920000
344	-167.127651	0.352000	10.940000
345	-166.987651	0.352000	10.960000
346	-166.827651	0.354000	11.260000
347	-166.707651	0.356000	11.000000
348	-166.697651	0.354000	11.020000
349	-166.567651	0.358000	10.980000
350	-166.507651	0.358000	10.960000
351	-166.507651	0.360000	10.960000
352	-166.487651	0.360000	10.910000
353	-166.367651	0.360000	10.980000
354	-166.327651	0.362000	11.080000
355	-166.257651	0.364000	11.140000
356	-166.247651	0.364000	11.030000
357	-166.137651	0.366000	11.070000
358	-166.097651	0.366000	11.190000
359	-166.087651	0.368000	11.010000
360	-166.067651	0.368000	10.850000
361	-166.047651	0.370000	10.820000
362	-165.967651	0.372000	11.110000
363	-165.917651	0.372000	11.480000
364	-165.557651	0.374000	10.980000
365	-165.447651	0.374000	10.770000
366	-165.307651	0.376000	11.120000
367	-165.287651	0.376000	10.960000
368	-165.177651	0.376000	11.030000
369	-165.157651	0.377000	10.930000
370	-165.067651	0.379000	11.080000
371	-165.057651	0.381000	11.220000
372	-164.977651	0.381000	11.000000
373	-164.877651	0.383000	10.920000
374	-164.847651	0.383000	11.360000
375	-164.837651	0.383000	10.960000
376	-164.777651	0.385000	11.050000
377	-164.777651	0.387000	10.920000
378	-164.717651	0.387000	11.090000
379	-164.587651	0.389000	11.090000
380	-164.527651	0.389000	11.080000
381	-164.497651	0.391000	11.370000
382	-164.477651	0.391000	11.030000
383	-164.177651	0.391000	11.080000
384	-164.167651	0.393000	11.010000
385	-164.137651	0.395000	11.110000
386	-164.117651	0.395000	11.060000
387	-164.087651	0.397000	10.970000
388	-163.887651	0.399000	11.000000
389	-163.807651	0.401000	11.070000
390	-163.787651	0.401000	11.210000
391	-163.617651	0.403000	11.160000
392	-163.567651	0.405000	11.150000
393	-163.547651	0.405000	11.100000
394	-163.547651	0.407000	11.180000
395	-163.507651	0.407000	11.130000
396	-163.317651	0.409000	11.440000
397	-163.197651	0.409000	10.980000
398	-163.127651	0.411000	11.230000
399	-163.067651	0.411000	11.080000
400	-163.067651	0.413000	11.140000
401	-163.037651	0.413000	11.220000
402	-162.987651	0.415000	11.420000
403	-162.817651	0.415000	11.240000
404	-162.747651	0.417000	11.100000
405	-162.567651	0.417000	11.090000
406	-162.417651	0.418000	11.010000
407	-162.367651	0.418000	11.130000
408	-162.307651	0.420000	11.000000
409	-162.187651	0.420000	11.060000
410	-162.137651	0.422000	11.130000
411	-162.097651	0.424000	11.100000
412	-162.027651	0.424000	11.200000
413	-161.927651	0.426000	11.310000
414	-161.727651	0.426000	11.420000
415	-161.607651	0.428000	11.170000
416	-161.587651	0.428000	11.120000
417	-161.377651	0.430000	11.180000
418	-161.377651	0.430000	11.160000
419	-161.357651	0.432000	11.580000
420	-161.317651	0.432000	11.240000
421	-161.277651	0.434000	11.170000
422	-161.267651	0.434000	11.360000
423	-161.177651	0.436000	11.320000
424	-161.117651	0.436000	10.960000
425	-161.077651	0.438000	11.320000
426	-161.057651	0.438000	11.170000
427	-160.857651	0.440000	11.520000
428	-160.827651	0.440000	11.340000
429	-160.687651	0.442000	11.090000
430	-160.667651	0.444000	11.290000
431	-160.577651	0.444000	11.250000
432	-160.557651	0.446000	11.350000
433	-160.517651	0.446000	11.290000
434	-160.327651	0.448000	11.350000
435	-160.277651	0.448000	11.260000
436	-160.177651	0.450000	11.280000
437	-160.077651	0.450000	11.270000
438	-159.977651	0.452000	11.490000
439	-159.877651	0.452000	11.360000
440	-159.807651	0.454000	11.240000
441	-159.797651	0.454000	11.200000
442	-159.737651	0.456000	11.350000
443	-159.717651	0.456000	11.360000
444	-159.707651	0.458000	11.310000
445	-159.697651	0.458000	11.430000
446	-159.677651	0.459000	11.500000
447	-159.667651	0.459000	11.500000
448	-159.587651	0.461000	11.550000
449	-159.437651	0.461000	11.450000
450	-159.367651	0.463000	11.280000
451	-159.307651	0.465000	11.400000
452	-159.277651	0.465000	11.190000
453	-159.077651	0.467000	11.580000
454	-159.047651	0.467000	11.370000
455	-159.047651	0.469000	11.430000
456	-159.027651	0.469000	11.390000
457	-158.977651	0.471000	11.410000
458	-158.977651	0.471000	11.470000
459	-158.957651	0.471000	11.390000
460	-158.937651	0.473000	11.600000
461	-158.927651	0.475000	11.450000
462	-158.807651	0.475000	11.470000
463	-158.807651	0.477000	11.330000
464	-158.767651	0.477000	11.270000
465	-158.647651	0.479000	11.380000
466	-158.377651	0.479000	11.430000
467	-158.337651	0.483000	11.540000
468	-158.187651	0.483000	11.550000
469	-158.057651	0.485000	11.380000
470	-158.037651	0.487000	11.380000
471	-157.617651	0.487000	11.560000
472	-157.587651	0.489000	11.860000
473	-157.447651	0.489000	11.750000
474	-157.427651	0.491000	11.690000
475	-157.197651	0.491000	11.490000
476	-157.177651	0.493000	11.440000
477	-157.127651	0.493000	11.510000
478	-157.057651	0.493000	11.540000
479	-156.947651	0.495000	11.500000
480	-156.927651	0.497000	11.580000
481	-156.857651	0.497000	12.100000
482	-156.827651	0.499000	11.620000
483	-156.777651	0.499000	11.550000
484	-156.727651	0.500000	11.490000
485	-156.677651	0.500000	11.680000
486	-156.557651	0.500000	11.590000
487	-156.547651	0.502000	11.620000
488	-156.497651	0.506000	11.630000
489	-156.457651	0.504000	11.490000
490	-156.407651	0.506000	11.710000
491	-156.347651	0.506000	11.530000
492	-156.267651	0.508000	11.790000
493	-156.207651	0.508000	11.470000
494	-156.127651	0.508000	11.420000
495	-156.067651	0.510000	11.790000
496	-156.027651	0.512000	11.630000
497	-156.017651	0.512000	11.690000
498	-155.787651	0.514000	11.510000
499	-155.737651	0.514000	11.780000
500	-155.677651	0.516000	11.830000
501	-155.627651	0.516000	11.680000
502	-155.487651	0.518000	11.660000
503	-155.347651	0.520000	11.570000
504	-155.257651	0.520000	11.770000
505	-155.087651	0.522000	11.740000
506	-155.007651	0.522000	11.730000
507	-154.977651	0.524000	11.810000
508	-154.977651	0.524000	11.820000
509	-154.897651	0.524000	11.730000
510	-154.827651	0.526000	11.830000
511	-154.697651	0.528000	11.810000
512	-154.657651	0.528000	11.690000
513	-154.447651	0.530000	11.770000
514	-154.407651	0.530000	11.840000
515	-154.367651	0.532000	11.720000
516	-154.327651	0.532000	11.830000
517	-154.307651	0.532000	11.700000
518	-154.217651	0.534000	11.770000
519	-154.137651	0.536000	11.730000
520	-154.137651	0.538000	11.880000
521	-154.017651	0.538000	11.940000
522	-153.937651	0.540000	11.650000
523	-153.867651	0.540000	11.850000
524	-153.857651	0.540000	11.780000
525	-153.837651	0.542000	11.830000
526	-153.697651	0.543000	11.640000
527	-153.667651	0.543000	11.760000
528	-153.607651	0.545000	11.670000
529	-153.577651	0.545000	11.780000
530	-153.477651	0.547000	11.840000
531	-153.267651	0.547000	11.640000
532	-152.977651	0.547000	11.870000
533	-152.787651	0.549000	11.860000
534	-152.647651	0.551000	11.740000
535	-152.557651	0.551000	11.940000
536	-152.537651	0.553000	11.750000
537	-152.517651	0.553000	11.840000
538	-152.407651	0.555000	11.700000
539	-152.327651	0.555000	11.900000
540	-152.317651	0.557000	11.770000
541	-152.217651	0.559000	11.760000
542	-152.157651	0.559000	11.690000
543	-152.157651	0.561000	11.850000
544	-152.037651	0.561000	11.890000
545	-151.987651	0.565000	11.790000
546	-151.977651	0.565000	11.710000
547	-151.907651	0.567000	11.820000
548	-151.847651	0.567000	11.910000
549	-151.807651	0.569000	11.820000
550	-151.707651	0.569000	11.890000
551	-151.707651	0.571000	11.990000
552	-151.507651	0.571000	11.920000
553	-151.377651	0.573000	11.980000
554	-151.327651	0.573000	11.900000
555	-151.297651	0.575000	11.810000
556	-151.117651	0.575000	11.680000
557	-151.077651	0.577000	12.050000
558	-150.967651	0.577000	11.980000
559	-150.867651	0.579000	12.110000
560	-150.787651	0.581000	11.930000
561	-150.757651	0.581000	11.910000
562	-150.717651	0.583000	12.080000
563	-150.677651	0.583000	12.100000
564	-150.677651	0.584000	12.150000
565	-150.667651	0.584000	12.090000
566	-150.657651	0.586000	12.030000
567	-150.577651	0.586000	11.900000
568	-150.537651	0.588000	11.910000
569	-150.537651	0.588000	12.230000
570	-150.427651	0.590000	11.870000
571	-150.357651	0.592000	12.080000
572	-150.357651	0.592000	12.120000
573	-150.287651	0.594000	11.910000
574	-150.197651	0.594000	12.130000
575	-149.937651	0.596000	11.890000
576	-149.857651	0.596000	11.880000
577	-149.727651	0.598000	12.170000
578	-149.717651	0.598000	11.880000
579	-149.597651	0.600000	11.990000
580	-149.417651	0.600000	11.960000
581	-149.197651	0.602000	11.980000
582	-149.087651	0.602000	12.050000
583	-149.077651	0.604000	12.000000
584	-148.897651	0.604000	12.060000
585	-148.897651	0.606000	11.980000
586	-148.827651	0.606000	12.130000
587	-148.767651	0.608000	12.070000
588	-148.707651	0.608000	12.080000
589	-148.657651	0.610000	12.190000
590	-148.567651	0.610000	12.180000
591	-148.567651	0.612000	12.100000
592	-148.537651	0.612000	12.190000
593	-148.497651	0.614000	12.040000
594	-148.477651	0.614000	12.040000
595	-148.407651	0.616000	12.160000
596	-148.377651	0.616000	12.020000
597	-148.267651	0.618000	11.870000
598	-148.207651	0.618000	12.100000
599	-148.207651	0.620000	12.190000
600	-147.867651	0.622000	12.210000
601	-147.817651	0.622000	12.230000
602	-147.597651	0.624000	12.210000
603	-147.417651	0.624000	12.020000
604	-147.347651	0.626000	11.930000
605	-147.147651	0.626000	12.330000
606	-147.047651	0.627000	12.170000
607	-146.997651	0.627000	12.430000
608	-146.997651	0.629000	12.400000
609	-146.897651	0.631000	12.170000
610	-146.787651	0.631000	12.390000
611	-146.647651	0.633000	12.350000
612	-146.607651	0.633000	12.180000
613	-146.607651	0.635000	12.340000
614	-146.427651	0.635000	12.240000
615	-146.327651	0.637000	12.400000
616	-146.317651	0.637000	12.320000
617	-146.257651	0.639000	12.270000
618	-146.197651	0.639000	12.410000
619	-146.147651	0.641000	12.180000
620	-146.077651	0.641000	12.230000
621	-146.037651	0.643000	12.140000
622	-145.987651	0.643000	12.240000
623	-145.897651	0.645000	12.240000
624	-145.787651	0.645000	12.250000
625	-145.757651	0.649000	12.370000
626	-145.737651	0.649000	12.220000
627	-145.717651	0.649000	12.220000
628	-145.667651	0.651000	12.120000
629	-145.627651	0.651000	12.320000
630	-145.577651	0.655000	12.330000
631	-145.567651	0.655000	12.230000
632	-145.537651	0.657000	12.240000
633	-145.527651	0.657000	12.450000
634	-145.517651	0.657000	12.160000
635	-145.507651	0.659000	12.380000
636	-145.497651	0.663000	12.240000
637	-145.427651	0.663000	12.210000
638	-145.187651	0.663000	12.160000
639	-145.047651	0.663000	12.220000
640	-144.857651	0.665000	12.400000
641	-144.597651	0.665000	12.440000
642	-144.587651	0.665000	12.400000
643	-144.577651	0.667000	12.200000
644	-144.387651	0.667000	12.350000
645	-144.307651	0.667000	12.360000
646	-144.297651	0.670000	12.150000
647	-144.287651	0.670000	12.510000
648	-144.247651	0.672000	12.540000
649	-144.197651	0.672000	12.460000
650	-144.187651	0.674000	12.380000
651	-144.157651	0.676000	12.260000
652	-144.127651	0.676000	12.530000
653	-143.827651	0.678000	12.400000
654	-143.757651	0.678000	12.390000
655	-143.717651	0.680000	12.370000
656	-143.337651	0.680000	12.300000
657	-143.337651	0.682000	12.370000
658	-143.327651	0.682000	12.320000
659	-143.227651	0.684000	12.680000
660	-143.117651	0.684000	12.530000
661	-143.087651	0.686000	12.500000
662	-143.017651	0.686000	12.560000
663	-142.997651	0.688000	12.280000
664	-142.857651	0.688000	12.670000
665	-142.797651	0.688000	12.300000
666	-142.667651	0.690000	12.380000
667	-142.647651	0.692000	12.750000
668	-142.597651	0.692000	12.550000
669	-142.577651	0.694000	12.360000
670	-142.497651	0.696000	12.580000
671	-142.487651	0.696000	12.510000
672	-142.407651	0.696000	12.460000
673	-142.397651	0.698000	12.620000
674	-142.387651	0.700000	12.560000
675	-142.377651	0.700000	12.470000
676	-142.297651	0.702000	12.520000
677	-142.287651	0.702000	12.660000
678	-142.257651	0.704000	12.510000
679	-142.197651	0.704000	12.650000
680	-142.097651	0.706000	12.510000
681	-142.057651	0.706000	12.660000
682	-142.037651	0.708000	12.500000
683	-141.987651	0.708000	12.370000
684	-141.947651	0.709000	12.740000
685	-141.927651	0.709000	12.810000
686	-141.897651	0.711000	12.540000
687	-141.577651	0.711000	12.560000
688	-141.447651	0.711000	12.700000
689	-141.257651	0.713000	12.710000
690	-141.107651	0.715000	12.640000
691	-141.107651	0.715000	12.740000
692	-141.077651	0.717000	12.830000
693	-141.057651	0.717000	12.450000
694	-141.017651	0.719000	12.500000
695	-140.917651	0.719000	12.690000
696	-140.797651	0.719000	12.680000
697	-140.597651	0.721000	12.670000
698	-140.547651	0.723000	12.720000
699	-140.457651	0.723000	12.630000
700	-140.427651	0.723000	12.620000
701	-140.397651	0.727000	12.570000
702	-140.317651	0.727000	12.670000
703	-140.237651	0.731000	12.630000
704	-140.207651	0.731000	12.580000
705	-140.167651	0.733000	12.640000
706	-140.077651	0.733000	12.780000
707	-140.047651	0.735000	12.690000
708	-139.977651	0.735000	12.710000
709	-139.947651	0.737000	12.840000
710	-139.927651	0.739000	12.810000
711	-139.927651	0.739000	12.660000
712	-139.907651	0.741000	12.830000
713	-139.887651	0.741000	12.650000
714	-139.867651	0.743000	12.680000
715	-139.847651	0.743000	12.700000
716	-139.797651	0.745000	12.730000
717	-139.777651	0.745000	12.570000
718	-139.677651	0.747000	12.640000
719	-139.657651	0.747000	12.830000
720	-139.507651	0.749000	12.770000
721	-139.477651	0.749000	12.650000
722	-139.477651	0.750000	12.930000
723	-139.407651	0.750000	12.610000
724	-139.267651	0.752000	12.900000
725	-139.227651	0.752000	12.750000
726	-139.197651	0.754000	12.690000
727	-139.107651	0.754000	12.760000
728	-138.827651	0.756000	12.910000
729	-138.707651	0.756000	12.630000
730	-138.567651	0.758000	12.770000
731	-138.217651	0.760000	12.820000
732	-138.197651	0.760000	12.940000
733	-138.027651	0.762000	12.880000
734	-137.887651	0.762000	12.860000
735	-137.717651	0.764000	13.050000
736	-137.677651	0.764000	12.790000
737	-137.167651	0.766000	12.870000
738	-137.167651	0.766000	12.930000
739	-137.147651	0.768000	12.930000
740	-137.147651	0.768000	12.610000
741	-137.057651	0.770000	12.950000
742	-136.937651	0.770000	13.150000
743	-136.837651	0.772000	13.190000
744	-136.817651	0.772000	12.820000
745	-136.807651	0.774000	13.080000
746	-136.777651	0.774000	13.010000
747	-136.767651	0.776000	13.000000
748	-136.757651	0.776000	12.890000
749	-136.727651	0.778000	12.970000
750	-136.537651	0.780000	13.060000
751	-136.537651	0.780000	13.220000
752	-136.377651	0.782000	13.060000
753	-136.367651	0.782000	13.060000
754	-136.357651	0.784000	12.920000
755	-136.277651	0.784000	13.080000
756	-136.237651	0.786000	12.870000
757	-136.227651	0.788000	13.160000
758	-136.217651	0.788000	12.960000
759	-136.107651	0.788000	13.030000
760	-135.967651	0.790000	13.120000
761	-135.967651	0.790000	13.310000
762	-135.917651	0.792000	13.000000
763	-135.917651	0.792000	13.020000
764	-135.907651	0.793000	12.990000
765	-135.907651	0.793000	13.130000
766	-135.847651	0.795000	13.350000
767	-135.777651	0.795000	13.120000
768	-135.637651	0.797000	13.090000
769	-135.507651	0.799000	12.990000
770	-135.397651	0.799000	13.040000
771	-135.327651	0.801000	13.170000
772	-135.247651	0.801000	12.950000
773	-135.217651	0.803000	13.080000
774	-135.147651	0.803000	13.030000
775	-135.017651	0.805000	13.000000
776	-134.997651	0.805000	13.140000
777	-134.877651	0.807000	13.100000
778	-134.817651	0.807000	13.140000
779	-134.807651	0.809000	13.020000
780	-134.677651	0.809000	13.220000
781	-134.537651	0.811000	12.990000
782	-134.487651	0.811000	13.030000
783	-134.437651	0.813000	13.110000
784	-134.417651	0.815000	13.090000
785	-134.387651	0.817000	13.170000
786	-134.387651	0.817000	13.170000
787	-134.277651	0.819000	13.520000
788	-134.247651	0.819000	13.180000
789	-134.067651	0.821000	13.000000
790	-134.057651	0.821000	13.130000
791	-133.937651	0.823000	13.090000
792	-133.577651	0.825000	13.190000
793	-133.547651	0.825000	13.190000
794	-133.457651	0.827000	13.270000
795	-133.337651	0.827000	13.150000
796	-133.067651	0.829000	13.230000
797	-133.057651	0.829000	13.430000
798	-133.007651	0.829000	13.240000
799	-132.967651	0.831000	13.210000
800	-132.957651	0.833000	13.290000
801	-132.907651	0.833000	13.280000
802	-132.857651	0.834000	13.300000
803	-132.827651	0.834000	13.300000
804	-132.817651	0.836000	13.320000
805	-132.437651	0.836000	13.310000
806	-132.347651	0.836000	13.230000
807	-132.347651	0.838000	13.290000
808	-132.347651	0.840000	13.390000
809	-132.307651	0.842000	13.490000
810	-132.247651	0.842000	13.300000
811	-132.217651	0.844000	13.260000
812	-132.157651	0.844000	13.280000
813	-132.127651	0.844000	13.500000
814	-132.037651	0.846000	13.430000
815	-131.997651	0.848000	13.350000
816	-131.857651	0.848000	13.450000
817	-131.847651	0.850000	13.360000
818	-131.727651	0.850000	13.240000
819	-131.647651	0.852000	13.370000
820	-131.517651	0.852000	13.320000
821	-131.437651	0.854000	13.430000
822	-131.347651	0.856000	13.340000
823	-131.167651	0.856000	13.590000
824	-130.907651	0.858000	13.480000
825	-130.797651	0.858000	13.290000
826	-130.767651	0.860000	13.590000
827	-130.737651	0.860000	13.230000
828	-130.727651	0.862000	13.200000
829	-130.577651	0.862000	13.430000
830	-130.517651	0.864000	13.550000
831	-130.447651	0.864000	13.460000
832	-130.397651	0.866000	13.400000
833	-130.387651	0.866000	13.460000
834	-130.337651	0.868000	13.380000
835	-130.277651	0.868000	13.480000
836	-130.247651	0.868000	13.410000
837	-130.167651	0.870000	13.500000
838	-130.117651	0.870000	13.520000
839	-130.087651	0.874000	13.310000
840	-130.017651	0.874000	13.590000
841	-129.997651	0.876000	13.510000
842	-129.957651	0.876000	13.530000
843	-129.847651	0.876000	13.360000
844	-129.777651	0.877000	13.390000
845	-129.707651	0.879000	13.360000
846	-129.567651	0.879000	13.340000
847	-129.447651	0.881000	13.550000
848	-129.357651	0.881000	13.570000
849	-129.277651	0.883000	13.460000
850	-129.177651	0.883000	13.550000
851	-129.097651	0.885000	13.520000
852	-129.067651	0.887000	13.540000
853	-129.027651	0.887000	13.470000
854	-128.967651	0.889000	13.630000
855	-128.857651	0.889000	13.640000
856	-128.827651	0.891000	13.670000
857	-128.757651	0.891000	13.530000
858	-128.747651	0.893000	13.680000
859	-128.667651	0.895000	13.700000
860	-128.617651	0.895000	13.460000
861	-128.617651	0.897000	13.580000
862	-128.567651	0.899000	13.580000
863	-128.537651	0.901000	13.790000
864	-128.517651	0.901000	13.530000
865	-128.487651	0.903000	13.660000
866	-128.427651	0.903000	13.520000
867	-128.377651	0.905000	13.510000
868	-128.357651	0.907000	13.540000
869	-128.347651	0.907000	13.590000
870	-128.227651	0.909000	13.310000
871	-128.227651	0.909000	13.550000
872	-128.137651	0.911000	13.590000
873	-128.037651	0.911000	13.510000
874	-128.027651	0.913000	13.610000
875	-127.917651	0.913000	13.530000
876	-127.827651	0.915000	13.520000
877	-127.807651	0.915000	13.520000
878	-127.137651	0.917000	13.590000
879	-127.037651	0.918000	13.770000
880	-126.667651	0.918000	13.770000
881	-126.597651	0.920000	13.590000
882	-126.587651	0.920000	13.650000
883	-126.547651	0.922000	13.650000
884	-126.437651	0.922000	13.590000
885	-126.217651	0.924000	13.630000
886	-126.077651	0.924000	13.640000
887	-126.057651	0.926000	13.960000
888	-125.937651	0.926000	13.830000
889	-125.867651	0.928000	13.620000
890	-125.807651	0.928000	13.830000
891	-125.797651	0.930000	14.000000
892	-125.687651	0.930000	13.750000
893	-125.637651	0.932000	13.740000
894	-125.637651	0.932000	13.690000
895	-125.567651	0.934000	13.630000
896	-125.447651	0.932000	13.840000
897	-125.397651	0.936000	13.760000
898	-125.397651	0.938000	13.720000
899	-125.347651	0.938000	13.650000
900	-125.327651	0.940000	13.850000
901	-125.287651	0.940000	13.870000
902	-125.237651	0.942000	13.720000
903	-125.237651	0.942000	13.820000
904	-125.197651	0.944000	13.810000
905	-125.177651	0.944000	13.720000
906	-125.107651	0.946000	13.920000
907	-125.107651	0.948000	13.840000
908	-125.057651	0.948000	13.550000
909	-125.037651	0.950000	13.820000
910	-124.697651	0.950000	13.840000
911	-124.387651	0.952000	13.910000
912	-124.387651	0.952000	13.880000
913	-124.367651	0.954000	13.840000
914	-124.267651	0.954000	13.880000
915	-124.237651	0.956000	13.800000
916	-124.107651	0.956000	14.120000
917	-124.047651	0.958000	13.820000
918	-123.957651	0.958000	13.880000
919	-123.857651	0.959000	13.840000
920	-123.757651	0.959000	13.980000
921	-123.747651	0.961000	13.910000
922	-123.717651	0.961000	14.010000
923	-123.717651	0.963000	13.710000
924	-123.677651	0.963000	13.950000
925	-123.427651	0.963000	13.690000
926	-123.357651	0.965000	13.970000
927	-123.287651	0.967000	13.850000
928	-123.237651	0.967000	14.010000
929	-123.147651	0.969000	13.850000
930	-122.847651	0.969000	13.920000
931	-122.837651	0.971000	13.800000
932	-122.757651	0.971000	14.000000
933	-122.747651	0.973000	13.890000
934	-122.747651	0.973000	14.000000
935	-122.727651	0.975000	14.120000
936	-122.677651	0.975000	14.120000
937	-122.657651	0.977000	13.960000
938	-122.387651	0.977000	13.910000
939	-122.357651	0.981000	14.000000
940	-122.337651	0.981000	14.170000
941	-122.267651	0.983000	13.870000
942	-122.187651	0.983000	14.050000
943	-122.167651	0.985000	14.060000
944	-122.147651	0.985000	14.020000
945	-122.057651	0.987000	14.130000
946	-122.027651	0.987000	13.890000
947	-121.737651	0.989000	13.900000
948	-121.707651	0.991000	14.030000
949	-121.577651	0.991000	14.020000
950	-121.527651	0.993000	14.070000
951	-121.497651	0.993000	14.070000
952	-121.487651	0.993000	14.040000
953	-121.487651	0.995000	14.170000
954	-121.367651	0.997000	14.030000
955	-121.347651	0.997000	14.000000
956	-121.287651	0.997000	14.130000
957	-121.237651	0.999000	14.080000
958	-121.107651	1.000000	14.070000
959	-120.897651	1.000000	14.280000
960	-120.647651	1.000000	14.460000
961	-120.607651	1.002000	14.110000
962	-120.577651	1.004000	14.180000
963	-120.507651	1.004000	14.160000
964	-120.397651	1.006000	14.110000
965	-120.357651	1.006000	14.250000
966	-120.307651	1.008000	14.020000
967	-119.997651	1.010000	14.410000
968	-119.927651	1.010000	14.010000
969	-119.817651	1.012000	14.320000
970	-119.767651	1.012000	14.280000
971	-119.747651	1.014000	14.170000
972	-119.677651	1.014000	14.270000
973	-119.647651	1.016000	14.050000
974	-119.517651	1.016000	14.270000
975	-119.417651	1.016000	14.150000
976	-119.377651	1.018000	14.370000
977	-119.337651	1.020000	14.110000
978	-119.327651	1.020000	14.140000
979	-119.097651	1.022000	14.040000
980	-119.077651	1.022000	14.150000
981	-119.077651	1.024000	14.140000
982	-119.057651	1.024000	14.250000
983	-118.887651	1.024000	14.010000
984	-118.817651	1.026000	14.160000
985	-118.797651	1.026000	14.080000
986	-118.727651	1.028000	14.470000
987	-118.697651	1.030000	14.460000
988	-118.657651	1.032000	14.280000
989	-118.617651	1.032000	14.280000
990	-118.587651	1.032000	14.270000
991	-118.527651	1.034000	14.370000
992	-118.457651	1.036000	14.080000
993	-118.397651	1.036000	14.330000
994	-118.317651	1.038000	14.120000
995	-118.117651	1.038000	14.380000
996	-118.087651	1.040000	14.320000
997	-118.057651	1.040000	14.500000
998	-117.997651	1.040000	14.290000
999	-117.967651	1.042000	14.420000
1000	-117.867651	1.043000	14.210000
1001	-117.657651	1.043000	14.370000
1002	-117.637651	1.045000	14.310000
1003	-117.607651	1.045000	14.210000
1004	-117.597651	1.047000	14.220000
1005	-117.417651	1.047000	14.400000
1006	-117.367651	1.047000	14.410000
1007	-117.367651	1.049000	14.420000
1008	-117.297651	1.051000	14.330000
1009	-116.897651	1.051000	14.160000
1010	-116.897651	1.053000	14.310000
1011	-116.857651	1.053000	14.300000
1012	-116.767651	1.055000	14.410000
1013	-116.737651	1.055000	14.370000
1014	-116.647651	1.055000	14.420000
1015	-116.637651	1.057000	14.420000
1016	-116.507651	1.059000	14.560000
1017	-116.387651	1.059000	14.480000
1018	-116.347651	1.061000	14.430000
1019	-116.047651	1.065000	14.510000
1020	-115.997651	1.065000	14.440000
1021	-115.957651	1.067000	14.540000
1022	-115.947651	1.067000	14.360000
1023	-115.937651	1.069000	14.550000
1024	-115.927651	1.069000	14.560000
1025	-115.907651	1.071000	14.530000
1026	-115.797651	1.071000	14.550000
1027	-115.767651	1.073000	14.500000
1028	-115.677651	1.073000	14.500000
1029	-115.567651	1.075000	14.500000
1030	-115.517651	1.075000	14.390000
1031	-115.487651	1.077000	14.360000
1032	-115.477651	1.077000	14.760000
1033	-115.437651	1.079000	14.380000
1034	-115.417651	1.079000	14.600000
1035	-115.397651	1.081000	14.580000
1036	-115.317651	1.081000	14.570000
1037	-115.257651	1.083000	14.280000
1038	-115.097651	1.084000	14.340000
1039	-114.897651	1.084000	14.430000
1040	-114.697651	1.086000	14.710000
1041	-114.567651	1.086000	14.590000
1042	-114.437651	1.088000	14.640000
1043	-114.347651	1.088000	14.660000
1044	-114.257651	1.090000	14.620000
1045	-114.247651	1.088000	14.610000
1046	-114.187651	1.092000	14.770000
1047	-114.177651	1.094000	14.270000
1048	-114.117651	1.094000	14.570000
1049	-114.047651	1.096000	14.560000
1050	-113.797651	1.096000	14.650000
1051	-113.797651	1.098000	14.550000
1052	-113.677651	1.098000	14.690000
1053	-113.577651	1.100000	14.730000
1054	-113.407651	1.100000	14.700000
1055	-113.377651	1.102000	14.710000
1056	-113.277651	1.102000	14.770000
1057	-113.247651	1.104000	14.520000
1058	-113.217651	1.104000	14.710000
1059	-112.857651	1.106000	14.790000
1060	-112.697651	1.106000	14.710000
1061	-112.667651	1.108000	14.630000
1062	-112.637651	1.108000	14.740000
1063	-112.597651	1.110000	14.690000
1064	-112.507651	1.110000	14.520000
1065	-112.437651	1.112000	14.570000
1066	-112.367651	1.112000	14.910000
1067	-112.247651	1.114000	14.660000
1068	-112.117651	1.116000	14.600000
1069	-112.117651	1.116000	14.910000
1070	-112.117651	1.118000	14.880000
1071	-112.117651	1.118000	14.670000
1072	-112.077651	1.120000	14.790000
1073	-112.047651	1.120000	14.860000
1074	-111.947651	1.122000	14.750000
1075	-111.917651	1.122000	14.920000
1076	-111.827651	1.124000	14.540000
1077	-111.787651	1.124000	14.910000
1078	-111.787651	1.126000	14.810000
1079	-111.597651	1.126000	14.690000
1080	-111.497651	1.127000	14.690000
1081	-111.467651	1.127000	14.980000
1082	-111.397651	1.129000	14.770000
1083	-111.397651	1.129000	14.660000
1084	-111.367651	1.131000	14.810000
1085	-111.337651	1.131000	14.850000
1086	-111.267651	1.133000	14.790000
1087	-111.117651	1.135000	14.760000
1088	-111.077651	1.135000	15.220000
1089	-110.947651	1.137000	14.940000
1090	-110.907651	1.137000	14.800000
1091	-110.887651	1.139000	14.860000
1092	-110.857651	1.139000	14.920000
1093	-110.787651	1.141000	14.810000
1094	-110.687651	1.141000	14.710000
1095	-110.687651	1.143000	14.740000
1096	-110.627651	1.143000	14.760000
1097	-110.397651	1.145000	14.890000
1098	-110.367651	1.149000	14.780000
1099	-110.237651	1.149000	14.820000
1100	-110.237651	1.149000	14.910000
1101	-109.937651	1.151000	14.940000
1102	-109.877651	1.153000	14.860000
1103	-109.877651	1.153000	14.780000
1104	-109.697651	1.155000	14.880000
1105	-109.657651	1.155000	14.930000
1106	-109.657651	1.157000	14.880000
1107	-109.617651	1.157000	14.820000
1108	-109.577651	1.157000	14.880000
1109	-109.427651	1.159000	14.910000
1110	-109.327651	1.163000	14.860000
1111	-109.267651	1.163000	14.770000
1112	-109.097651	1.163000	14.870000
1113	-109.077651	1.163000	15.090000
1114	-108.937651	1.165000	14.780000
1115	-108.877651	1.165000	14.830000
1116	-108.737651	1.167000	14.840000
1117	-108.627651	1.168000	15.170000
1118	-108.587651	1.168000	15.120000
1119	-108.487651	1.170000	14.920000
1120	-108.287651	1.170000	15.000000
1121	-108.237651	1.172000	15.170000
1122	-108.197651	1.172000	15.010000
1123	-107.947651	1.172000	15.120000
1124	-107.907651	1.174000	15.040000
1125	-107.847651	1.176000	15.210000
1126	-107.847651	1.178000	15.130000
1127	-107.807651	1.178000	15.140000
1128	-107.767651	1.180000	15.180000
1129	-107.737651	1.180000	15.150000
1130	-107.647651	1.180000	15.240000
1131	-107.347651	1.182000	15.040000
1132	-107.287651	1.184000	15.130000
1133	-107.187651	1.182000	15.050000
1134	-107.177651	1.184000	15.170000
1135	-107.137651	1.188000	15.130000
1136	-107.127651	1.188000	15.100000
1137	-106.987651	1.188000	15.190000
1138	-106.977651	1.190000	15.220000
1139	-106.907651	1.192000	15.240000
1140	-106.857651	1.192000	15.170000
1141	-106.797651	1.194000	15.150000
1142	-106.627651	1.194000	15.200000
1143	-106.487651	1.196000	15.110000
1144	-106.387651	1.196000	15.050000
1145	-106.357651	1.198000	15.110000
1146	-106.347651	1.198000	14.870000
1147	-106.157651	1.200000	15.400000
1148	-106.037651	1.200000	15.070000
1149	-106.017651	1.202000	15.090000
1150	-105.967651	1.202000	15.090000
1151	-105.847651	1.204000	15.020000
1152	-105.847651	1.204000	15.090000
1153	-105.827651	1.204000	15.260000
1154	-105.817651	1.206000	15.250000
1155	-105.787651	1.208000	15.190000
1156	-105.747651	1.209000	15.250000
1157	-105.637651	1.209000	15.370000
1158	-105.637651	1.211000	15.410000
1159	-105.517651	1.211000	15.210000
1160	-105.457651	1.211000	15.170000
1161	-105.387651	1.213000	15.110000
1162	-105.257651	1.215000	15.180000
1163	-105.187651	1.215000	15.410000
1164	-105.117651	1.215000	15.300000
1165	-104.857651	1.217000	15.320000
1166	-104.837651	1.219000	15.140000
1167	-104.827651	1.219000	15.400000
1168	-104.817651	1.219000	15.390000
1169	-104.797651	1.221000	15.290000
1170	-104.767651	1.225000	15.240000
1171	-104.617651	1.225000	15.470000
1172	-104.537651	1.225000	15.400000
1173	-104.457651	1.225000	15.200000
1174	-104.437651	1.227000	15.360000
1175	-104.077651	1.227000	15.330000
1176	-104.067651	1.229000	15.460000
1177	-104.057651	1.231000	15.500000
1178	-104.017651	1.233000	15.240000
1179	-103.897651	1.233000	15.300000
1180	-103.867651	1.235000	15.500000
1181	-103.817651	1.235000	15.470000
1182	-103.787651	1.237000	15.430000
1183	-103.717651	1.237000	15.510000
1184	-103.447651	1.239000	15.150000
1185	-103.197651	1.239000	15.360000
1186	-103.137651	1.241000	15.340000
1187	-103.097651	1.241000	15.480000
1188	-103.067651	1.243000	15.330000
1189	-103.027651	1.243000	15.600000
1190	-102.937651	1.245000	15.550000
1191	-102.927651	1.245000	15.500000
1192	-102.847651	1.247000	15.510000
1193	-102.817651	1.247000	15.350000
1194	-102.807651	1.249000	15.380000
1195	-102.657651	1.249000	15.470000
1196	-102.607651	1.250000	15.440000
1197	-102.527651	1.252000	15.330000
1198	-102.477651	1.252000	15.400000
1199	-102.417651	1.254000	15.490000
1200	-102.417651	1.254000	15.520000
1201	-102.357651	1.256000	15.360000
1202	-102.227651	1.256000	15.560000
1203	-102.027651	1.258000	15.590000
1204	-101.877651	1.258000	15.290000
1205	-101.817651	1.260000	15.480000
1206	-101.707651	1.262000	15.610000
1207	-101.557651	1.262000	15.460000
1208	-101.547651	1.264000	15.410000
1209	-101.517651	1.264000	15.390000
1210	-101.477651	1.266000	15.490000
1211	-101.287651	1.266000	15.580000
1212	-101.117651	1.268000	15.370000
1213	-101.107651	1.268000	15.550000
1214	-101.087651	1.270000	15.380000
1215	-100.927651	1.270000	15.520000
1216	-100.757651	1.272000	15.590000
1217	-100.757651	1.272000	15.620000
1218	-100.707651	1.274000	15.680000
1219	-100.647651	1.274000	15.490000
1220	-100.577651	1.276000	15.740000
1221	-100.557651	1.276000	15.530000
1222	-100.537651	1.278000	15.450000
1223	-100.517651	1.276000	15.600000
1224	-100.517651	1.280000	15.740000
1225	-100.497651	1.280000	15.740000
1226	-100.417651	1.282000	15.710000
1227	-100.387651	1.282000	15.530000
1228	-100.347651	1.284000	15.750000
1229	-99.957651	1.284000	15.670000
1230	-99.827651	1.286000	15.680000
1231	-99.807651	1.286000	15.500000
1232	-99.737651	1.288000	15.700000
1233	-99.707651	1.288000	15.490000
1234	-99.647651	1.290000	15.670000
1235	-99.537651	1.290000	15.520000
1236	-99.407651	1.292000	15.710000
1237	-99.367651	1.293000	15.580000
1238	-99.297651	1.293000	15.590000
1239	-99.197651	1.295000	15.750000
1240	-99.067651	1.295000	15.640000
1241	-99.017651	1.297000	15.760000
1242	-98.897651	1.297000	15.810000
1243	-98.857651	1.299000	15.610000
1244	-98.847651	1.299000	15.760000
1245	-98.737651	1.301000	15.790000
1246	-98.627651	1.301000	15.670000
1247	-98.617651	1.303000	15.700000
1248	-98.537651	1.303000	15.700000
1249	-98.527651	1.305000	15.620000
1250	-98.477651	1.305000	15.730000
1251	-98.377651	1.307000	15.700000
1252	-98.367651	1.307000	15.880000
1253	-98.277651	1.309000	15.690000
1254	-98.247651	1.309000	15.750000
1255	-98.017651	1.311000	15.590000
1256	-97.877651	1.315000	15.800000
1257	-97.517651	1.315000	15.750000
1258	-97.507651	1.317000	15.630000
1259	-97.477651	1.317000	15.870000
1260	-97.437651	1.319000	15.860000
1261	-97.397651	1.319000	15.700000
1262	-97.387651	1.321000	15.800000
1263	-97.377651	1.321000	15.800000
1264	-97.307651	1.321000	15.720000
1265	-97.237651	1.325000	15.890000
1266	-97.207651	1.325000	15.750000
1267	-97.177651	1.327000	15.840000
1268	-97.107651	1.327000	15.970000
1269	-97.027651	1.329000	16.060000
1270	-97.027651	1.329000	15.760000
1271	-96.957651	1.329000	15.440000
1272	-96.917651	1.331000	15.730000
1273	-96.747651	1.333000	15.820000
1274	-96.717651	1.333000	15.760000
1275	-96.417651	1.334000	15.910000
1276	-96.367651	1.334000	15.940000
1277	-96.227651	1.336000	15.930000
1278	-96.167651	1.336000	15.870000
1279	-96.137651	1.336000	15.820000
1280	-96.127651	1.338000	15.580000
1281	-96.047651	1.340000	15.800000
1282	-96.017651	1.340000	15.900000
1283	-95.957651	1.342000	15.860000
1284	-95.947651	1.342000	15.860000
1285	-95.627651	1.344000	16.090000
1286	-95.597651	1.344000	15.970000
1287	-95.497651	1.346000	16.050000
1288	-95.397651	1.348000	15.890000
1289	-95.387651	1.348000	16.160000
1290	-95.297651	1.350000	16.040000
1291	-95.057651	1.350000	15.850000
1292	-95.007651	1.352000	15.970000
1293	-94.997651	1.352000	16.090000
1294	-94.827651	1.352000	16.020000
1295	-94.817651	1.354000	16.090000
1296	-94.757651	1.356000	16.060000
1297	-94.677651	1.356000	16.130000
1298	-94.657651	1.358000	15.970000
1299	-94.597651	1.358000	15.820000
1300	-94.527651	1.360000	15.980000
1301	-94.307651	1.360000	15.970000
1302	-94.217651	1.362000	16.040000
1303	-94.167651	1.362000	16.010000
1304	-94.097651	1.364000	16.000000
1305	-94.067651	1.366000	15.920000
1306	-94.027651	1.366000	16.160000
1307	-93.997651	1.368000	16.030000
1308	-93.927651	1.368000	16.100000
1309	-93.807651	1.368000	16.120000
1310	-93.797651	1.370000	16.170000
1311	-93.767651	1.372000	15.950000
1312	-93.707651	1.372000	16.130000
1313	-93.657651	1.374000	16.120000
1314	-93.577651	1.374000	16.120000
1315	-93.447651	1.376000	16.240000
1316	-93.417651	1.376000	16.190000
1317	-93.367651	1.376000	16.180000
1318	-93.207651	1.377000	16.230000
1319	-93.197651	1.381000	16.100000
1320	-93.197651	1.381000	16.180000
1321	-93.157651	1.381000	16.220000
1322	-92.987651	1.381000	16.000000
1323	-92.977651	1.383000	15.980000
1324	-92.927651	1.383000	16.040000
1325	-92.837651	1.385000	16.160000
1326	-92.827651	1.385000	16.330000
1327	-92.787651	1.387000	15.960000
1328	-92.757651	1.387000	16.180000
1329	-92.417651	1.389000	16.040000
1330	-92.257651	1.389000	16.060000
1331	-92.227651	1.391000	16.000000
1332	-92.137651	1.391000	16.290000
1333	-92.107651	1.393000	16.140000
1334	-92.057651	1.393000	16.000000
1335	-91.997651	1.395000	16.170000
1336	-91.847651	1.397000	15.990000
1337	-91.827651	1.399000	16.070000
1338	-91.807651	1.401000	16.350000
1339	-91.657651	1.401000	15.900000
1340	-91.547651	1.403000	16.010000
1341	-91.507651	1.403000	16.200000
1342	-91.497651	1.405000	15.610000
1343	-91.487651	1.405000	16.170000
1344	-91.387651	1.407000	16.290000
1345	-91.327651	1.409000	16.170000
1346	-91.277651	1.409000	16.160000
1347	-91.097651	1.411000	16.270000
1348	-90.907651	1.411000	16.270000
1349	-90.817651	1.413000	14.980000
1350	-90.727651	1.413000	14.970000
1351	-90.697651	1.415000	16.160000
1352	-90.567651	1.415000	16.210000
1353	-90.557651	1.417000	15.000000
1354	-90.547651	1.417000	14.910000
1355	-90.417651	1.418000	15.080000
1356	-90.247651	1.418000	14.930000
1357	-89.937651	1.420000	15.000000
1358	-89.877651	1.420000	14.910000
1359	-89.807651	1.422000	14.950000
1360	-89.787651	1.422000	14.970000
1361	-89.747651	1.424000	15.050000
1362	-89.627651	1.424000	16.290000
1363	-89.597651	1.428000	14.900000
1364	-89.597651	1.426000	15.030000
1365	-89.567651	1.428000	14.960000
1366	-89.547651	1.428000	16.170000
1367	-89.487651	1.430000	14.890000
1368	-89.477651	1.430000	15.120000
1369	-89.417651	1.432000	14.930000
1370	-89.407651	1.432000	16.250000
1371	-89.347651	1.434000	16.350000
1372	-89.217651	1.434000	14.920000
1373	-89.147651	1.436000	15.030000
1374	-89.127651	1.436000	14.910000
1375	-89.067651	1.438000	16.240000
1376	-88.887651	1.438000	15.010000
1377	-88.647651	1.440000	15.090000
1378	-88.637651	1.440000	14.930000
1379	-88.587651	1.442000	14.860000
1380	-88.177651	1.442000	14.990000
1381	-88.137651	1.444000	14.930000
1382	-88.127651	1.444000	15.050000
1383	-88.067651	1.446000	15.220000
1384	-87.887651	1.446000	15.190000
1385	-87.867651	1.448000	15.120000
1386	-87.737651	1.448000	15.010000
1387	-87.687651	1.450000	14.900000
1388	-87.637651	1.450000	15.150000
1389	-87.487651	1.452000	15.010000
1390	-87.477651	1.452000	15.320000
1391	-87.457651	1.454000	15.140000
1392	-87.447651	1.454000	15.050000
1393	-87.417651	1.456000	15.140000
1394	-87.377651	1.456000	15.260000
1395	-87.367651	1.459000	15.120000
1396	-87.357651	1.458000	15.070000
1397	-87.327651	1.459000	15.090000
1398	-87.157651	1.461000	15.300000
1399	-87.097651	1.461000	15.190000
1400	-87.077651	1.463000	15.070000
1401	-87.077651	1.463000	15.330000
1402	-86.947651	1.465000	15.120000
1403	-86.867651	1.465000	15.200000
1404	-86.807651	1.467000	15.100000
1405	-86.717651	1.467000	15.310000
1406	-86.637651	1.469000	15.200000
1407	-86.457651	1.469000	15.150000
1408	-86.217651	1.471000	15.430000
1409	-86.187651	1.471000	15.020000
1410	-86.167651	1.473000	15.330000
1411	-86.147651	1.473000	15.350000
1412	-86.037651	1.475000	15.240000
1413	-85.967651	1.475000	15.240000
1414	-85.727651	1.477000	15.250000
1415	-85.727651	1.477000	15.330000
1416	-85.677651	1.481000	15.420000
1417	-85.617651	1.483000	15.240000
1418	-85.427651	1.483000	15.500000
1419	-85.417651	1.485000	15.250000
1420	-85.317651	1.485000	15.280000
1421	-85.157651	1.485000	15.290000
1422	-85.147651	1.487000	15.350000
1423	-85.137651	1.489000	15.380000
1424	-85.067651	1.489000	15.280000
1425	-84.837651	1.491000	15.420000
1426	-84.777651	1.491000	15.230000
1427	-84.417651	1.493000	15.410000
1428	-84.347651	1.493000	15.440000
1429	-84.347651	1.495000	15.420000
1430	-84.287651	1.497000	15.340000
1431	-84.237651	1.497000	15.390000
1432	-84.237651	1.499000	15.440000
1433	-84.197651	1.499000	15.300000
1434	-84.197651	1.500000	15.290000
1435	-84.157651	1.500000	15.410000
1436	-84.137651	1.500000	15.510000
1437	-84.137651	1.502000	15.390000
1438	-84.017651	1.504000	15.420000
1439	-83.977651	1.504000	15.590000
1440	-83.807651	1.506000	15.520000
1441	-83.757651	1.506000	15.490000
1442	-83.757651	1.508000	15.700000
1443	-83.617651	1.508000	15.450000
1444	-83.507651	1.508000	15.580000
1445	-83.207651	1.510000	15.480000
1446	-83.057651	1.512000	15.340000
1447	-82.817651	1.514000	15.410000
1448	-82.747651	1.514000	15.480000
1449	-82.707651	1.516000	15.420000
1450	-82.607651	1.516000	15.410000
1451	-82.557651	1.516000	15.460000
1452	-82.397651	1.518000	15.420000
1453	-82.357651	1.520000	15.560000
1454	-82.317651	1.520000	15.500000
1455	-82.237651	1.520000	15.450000
1456	-82.227651	1.522000	15.410000
1457	-82.207651	1.524000	15.410000
1458	-82.097651	1.524000	15.390000
1459	-82.007651	1.524000	15.500000
1460	-81.917651	1.526000	15.570000
1461	-81.907651	1.526000	15.590000
1462	-81.717651	1.526000	15.460000
1463	-81.657651	1.530000	15.520000
1464	-81.577651	1.530000	15.410000
1465	-81.417651	1.532000	15.390000
1466	-81.347651	1.532000	15.560000
1467	-81.157651	1.532000	15.510000
1468	-81.087651	1.534000	15.530000
1469	-80.927651	1.536000	15.540000
1470	-80.837651	1.536000	15.510000
1471	-80.807651	1.538000	15.370000
1472	-80.447651	1.538000	15.620000
1473	-80.417651	1.540000	15.540000
1474	-80.417651	1.540000	15.520000
1475	-80.407651	1.540000	15.580000
1476	-80.367651	1.542000	15.620000
1477	-80.247651	1.543000	15.590000
1478	-80.247651	1.545000	15.620000
1479	-80.247651	1.545000	15.700000
1480	-80.237651	1.547000	15.480000
1481	-80.227651	1.547000	15.530000
1482	-80.087651	1.547000	15.790000
1483	-80.077651	1.549000	15.600000
1484	-80.027651	1.553000	15.660000
1485	-79.987651	1.553000	15.480000
1486	-79.947651	1.553000	15.630000
1487	-79.917651	1.555000	15.860000
1488	-79.867651	1.555000	15.590000
1489	-79.747651	1.555000	15.670000
1490	-79.717651	1.557000	15.580000
1491	-79.687651	1.559000	15.580000
1492	-79.557651	1.557000	15.570000
1493	-79.507651	1.561000	15.660000
1494	-79.407651	1.561000	15.670000
1495	-79.267651	1.565000	15.540000
1496	-79.187651	1.567000	15.560000
1497	-79.097651	1.567000	15.660000
1498	-78.907651	1.569000	15.650000
1499	-78.667651	1.569000	15.740000
1500	-78.587651	1.571000	15.620000
1501	-78.547651	1.571000	15.640000
1502	-78.427651	1.573000	15.750000
1503	-78.337651	1.573000	15.560000
1504	-78.287651	1.575000	15.550000
1505	-78.247651	1.575000	15.700000
1506	-78.077651	1.577000	15.780000
1507	-78.027651	1.577000	15.790000
1508	-78.017651	1.579000	15.870000
1509	-77.987651	1.579000	15.840000
1510	-77.977651	1.581000	16.000000
1511	-77.967651	1.581000	15.930000
1512	-77.927651	1.583000	15.720000
1513	-77.777651	1.584000	15.720000
1514	-77.747651	1.584000	15.870000
1515	-77.667651	1.586000	15.940000
1516	-77.667651	1.586000	15.720000
1517	-77.637651	1.588000	15.580000
1518	-77.607651	1.588000	15.680000
1519	-77.597651	1.590000	15.650000
1520	-77.287651	1.590000	15.730000
1521	-77.187651	1.592000	15.900000
1522	-77.157651	1.592000	15.800000
1523	-77.027651	1.594000	15.840000
1524	-76.997651	1.594000	15.840000
1525	-76.737651	1.596000	16.030000
1526	-76.557651	1.596000	15.810000
1527	-76.507651	1.598000	15.820000
1528	-76.407651	1.598000	15.700000
1529	-76.187651	1.600000	15.900000
1530	-76.177651	1.600000	15.920000
1531	-76.147651	1.602000	16.020000
1532	-76.127651	1.602000	15.990000
1533	-75.977651	1.604000	16.200000
1534	-75.967651	1.604000	15.980000
1535	-75.957651	1.606000	16.210000
1536	-75.817651	1.606000	16.000000
1537	-75.647651	1.608000	16.020000
1538	-75.627651	1.608000	15.960000
1539	-75.527651	1.610000	15.980000
1540	-75.377651	1.610000	16.070000
1541	-75.347651	1.612000	15.980000
1542	-75.197651	1.612000	15.970000
1543	-75.187651	1.614000	15.940000
1544	-75.167651	1.614000	16.000000
1545	-75.167651	1.616000	16.010000
1546	-75.087651	1.618000	16.100000
1547	-75.077651	1.618000	16.040000
1548	-74.887651	1.620000	16.030000
1549	-74.837651	1.620000	16.080000
1550	-74.827651	1.622000	15.930000
1551	-74.827651	1.622000	16.090000
1552	-74.827651	1.624000	15.840000
1553	-74.767651	1.624000	15.950000
1554	-74.737651	1.626000	16.100000
1555	-74.547651	1.626000	16.000000
1556	-74.487651	1.627000	16.140000
1557	-74.437651	1.627000	15.930000
1558	-74.407651	1.629000	16.090000
1559	-74.147651	1.629000	16.200000
1560	-74.117651	1.631000	15.930000
1561	-74.117651	1.631000	16.020000
1562	-74.077651	1.633000	16.080000
1563	-74.067651	1.633000	16.170000
1564	-74.027651	1.635000	16.050000
1565	-74.007651	1.637000	16.110000
1566	-73.977651	1.637000	16.300000
1567	-73.967651	1.639000	16.100000
1568	-73.967651	1.639000	16.220000
1569	-73.847651	1.641000	16.060000
1570	-73.707651	1.641000	16.260000
1571	-73.637651	1.643000	16.160000
1572	-73.617651	1.643000	16.120000
1573	-73.617651	1.645000	16.130000
1574	-73.597651	1.647000	16.150000
1575	-73.597651	1.649000	16.200000
1576	-73.537651	1.649000	16.140000
1577	-73.367651	1.651000	16.190000
1578	-73.227651	1.653000	16.200000
1579	-73.007651	1.653000	16.160000
1580	-72.907651	1.655000	16.260000
1581	-72.857651	1.655000	16.400000
1582	-72.667651	1.657000	16.170000
1583	-72.607651	1.657000	16.380000
1584	-72.317651	1.657000	16.300000
1585	-72.277651	1.659000	16.340000
1586	-72.137651	1.661000	16.250000
1587	-72.017651	1.661000	16.230000
1588	-72.017651	1.663000	15.980000
1589	-71.957651	1.663000	16.230000
1590	-71.927651	1.665000	16.240000
1591	-71.737651	1.665000	16.510000
1592	-71.717651	1.665000	16.280000
1593	-71.677651	1.667000	16.380000
1594	-71.597651	1.667000	16.170000
1595	-71.487651	1.670000	16.330000
1596	-71.427651	1.670000	16.560000
1597	-71.387651	1.672000	16.400000
1598	-71.357651	1.672000	16.360000
1599	-71.347651	1.672000	16.300000
1600	-71.237651	1.674000	16.300000
1601	-71.137651	1.676000	16.370000
1602	-71.137651	1.676000	16.300000
1603	-71.097651	1.678000	16.210000
1604	-71.087651	1.678000	16.370000
1605	-70.877651	1.680000	16.220000
1606	-70.727651	1.680000	16.360000
1607	-70.667651	1.680000	16.580000
1608	-70.617651	1.682000	16.420000
1609	-70.487651	1.684000	16.440000
1610	-70.427651	1.684000	16.250000
1611	-70.417651	1.686000	16.380000
1612	-70.347651	1.686000	16.360000
1613	-70.327651	1.688000	16.330000
1614	-70.187651	1.688000	16.400000
1615	-69.957651	1.690000	16.340000
1616	-69.877651	1.692000	16.310000
1617	-69.877651	1.692000	16.360000
1618	-69.837651	1.694000	16.340000
1619	-69.837651	1.694000	16.460000
1620	-69.587651	1.696000	16.390000
1621	-69.567651	1.696000	16.510000
1622	-69.527651	1.698000	16.480000
1623	-69.367651	1.698000	16.370000
1624	-69.327651	1.700000	16.490000
1625	-69.287651	1.700000	16.440000
1626	-69.197651	1.702000	16.450000
1627	-69.177651	1.702000	16.440000
1628	-69.167651	1.704000	16.350000
1629	-69.167651	1.704000	16.700000
1630	-69.117651	1.704000	16.220000
1631	-69.027651	1.706000	16.620000
1632	-68.997651	1.709000	16.300000
1633	-68.767651	1.709000	16.550000
1634	-68.627651	1.708000	16.490000
1635	-68.587651	1.709000	16.590000
1636	-68.497651	1.711000	16.480000
1637	-68.457651	1.711000	16.370000
1638	-68.437651	1.711000	16.500000
1639	-68.437651	1.713000	16.630000
1640	-68.417651	1.715000	16.490000
1641	-68.367651	1.715000	16.500000
1642	-68.327651	1.717000	16.650000
1643	-68.257651	1.717000	16.470000
1644	-67.937651	1.719000	16.510000
1645	-67.787651	1.719000	16.380000
1646	-67.747651	1.719000	16.620000
1647	-67.737651	1.721000	16.520000
1648	-67.727651	1.723000	16.470000
1649	-67.697651	1.723000	16.590000
1650	-67.567651	1.725000	16.530000
1651	-67.447651	1.725000	16.650000
1652	-67.427651	1.727000	16.560000
1653	-67.207651	1.727000	16.580000
1654	-67.097651	1.729000	16.820000
1655	-66.967651	1.729000	16.520000
1656	-66.887651	1.733000	16.510000
1657	-66.737651	1.735000	16.570000
1658	-66.607651	1.735000	16.720000
1659	-66.587651	1.737000	16.590000
1660	-66.477651	1.737000	16.800000
1661	-66.417651	1.739000	16.760000
1662	-66.207651	1.739000	16.670000
1663	-66.137651	1.741000	16.630000
1664	-66.117651	1.741000	16.770000
1665	-66.107651	1.743000	16.770000
1666	-66.077651	1.745000	16.560000
1667	-66.007651	1.745000	16.760000
1668	-65.867651	1.747000	16.760000
1669	-65.767651	1.747000	16.750000
1670	-65.587651	1.749000	16.740000
1671	-65.567651	1.749000	16.680000
1672	-65.287651	1.750000	16.810000
1673	-65.277651	1.750000	16.680000
1674	-65.227651	1.752000	16.770000
1675	-65.167651	1.754000	16.750000
1676	-65.147651	1.754000	16.530000
1677	-65.077651	1.756000	16.650000
1678	-64.977651	1.756000	16.720000
1679	-64.877651	1.758000	16.700000
1680	-64.717651	1.758000	16.840000
1681	-64.717651	1.760000	16.820000
1682	-64.717651	1.760000	16.710000
1683	-64.287651	1.762000	16.780000
1684	-64.207651	1.762000	16.950000
1685	-64.177651	1.764000	16.670000
1686	-64.067651	1.766000	16.780000
1687	-63.947651	1.766000	16.770000
1688	-63.947651	1.768000	16.750000
1689	-63.737651	1.768000	16.810000
1690	-63.707651	1.770000	16.830000
1691	-63.657651	1.770000	16.870000
1692	-63.647651	1.772000	16.960000
1693	-63.637651	1.772000	16.930000
1694	-63.497651	1.774000	16.860000
1695	-63.477651	1.774000	16.730000
1696	-63.467651	1.776000	16.970000
1697	-63.297651	1.776000	16.810000
1698	-63.247651	1.778000	17.130000
1699	-63.137651	1.778000	16.820000
1700	-63.097651	1.780000	17.190000
1701	-63.027651	1.780000	17.030000
1702	-63.007651	1.782000	17.120000
1703	-62.937651	1.782000	17.000000
1704	-62.877651	1.784000	16.880000
1705	-62.797651	1.786000	16.940000
1706	-62.787651	1.786000	16.970000
1707	-62.737651	1.788000	17.020000
1708	-62.587651	1.788000	17.120000
1709	-62.567651	1.790000	17.060000
1710	-62.567651	1.790000	17.040000
1711	-62.547651	1.792000	16.870000
1712	-62.537651	1.792000	16.910000
1713	-62.357651	1.792000	16.970000
1714	-62.337651	1.793000	16.970000
1715	-62.307651	1.795000	17.120000
1716	-62.287651	1.797000	16.930000
1717	-62.227651	1.797000	16.920000
1718	-62.207651	1.799000	17.180000
1719	-62.077651	1.799000	17.020000
1720	-61.847651	1.801000	17.120000
1721	-61.737651	1.801000	16.970000
1722	-61.697651	1.803000	17.020000
1723	-61.537651	1.803000	17.020000
1724	-61.447651	1.805000	17.120000
1725	-61.437651	1.805000	17.090000
1726	-61.237651	1.807000	17.360000
1727	-61.237651	1.807000	16.990000
1728	-61.227651	1.807000	17.060000
1729	-61.207651	1.807000	17.050000
1730	-61.117651	1.811000	17.120000
1731	-61.077651	1.811000	17.090000
1732	-60.847651	1.813000	17.110000
1733	-60.817651	1.815000	16.920000
1734	-60.807651	1.817000	17.160000
1735	-60.677651	1.817000	17.190000
1736	-60.507651	1.819000	17.050000
1737	-60.497651	1.819000	17.080000
1738	-60.307651	1.821000	17.140000
1739	-60.147651	1.821000	17.010000
1740	-60.057651	1.821000	17.200000
1741	-60.007651	1.823000	17.090000
1742	-59.937651	1.825000	17.220000
1743	-59.827651	1.825000	17.160000
1744	-59.497651	1.827000	17.110000
1745	-59.407651	1.829000	17.180000
1746	-59.317651	1.829000	17.170000
1747	-59.197651	1.829000	17.170000
1748	-59.127651	1.831000	17.110000
1749	-59.087651	1.833000	17.400000
1750	-59.047651	1.833000	17.340000
1751	-58.927651	1.834000	17.170000
1752	-58.817651	1.834000	17.290000
1753	-58.807651	1.836000	17.240000
1754	-58.767651	1.838000	17.320000
1755	-58.657651	1.838000	17.270000
1756	-58.627651	1.840000	17.190000
1757	-58.627651	1.840000	17.250000
1758	-58.607651	1.842000	17.310000
1759	-58.577651	1.842000	17.180000
1760	-58.467651	1.844000	17.290000
1761	-58.357651	1.844000	17.250000
1762	-58.267651	1.844000	17.180000
1763	-58.237651	1.846000	17.190000
1764	-57.987651	1.848000	17.310000
1765	-57.897651	1.850000	17.340000
1766	-57.837651	1.850000	17.350000
1767	-57.807651	1.852000	17.380000
1768	-57.787651	1.852000	17.380000
1769	-57.547651	1.852000	17.490000
1770	-57.517651	1.854000	17.280000
1771	-57.507651	1.856000	17.420000
1772	-57.417651	1.856000	17.180000
1773	-57.367651	1.858000	17.240000
1774	-57.217651	1.858000	17.360000
1775	-57.207651	1.860000	17.190000
1776	-57.207651	1.860000	17.290000
1777	-57.067651	1.860000	17.190000
1778	-56.987651	1.862000	17.320000
1779	-56.937651	1.864000	17.380000
1780	-56.867651	1.864000	17.310000
1781	-56.707651	1.866000	17.380000
1782	-56.667651	1.866000	17.210000
1783	-56.617651	1.868000	17.380000
1784	-56.417651	1.868000	17.440000
1785	-56.297651	1.868000	17.500000
1786	-56.267651	1.870000	17.320000
1787	-56.237651	1.872000	17.460000
1788	-56.157651	1.872000	17.580000
1789	-56.117651	1.874000	17.260000
1790	-56.087651	1.874000	17.450000
1791	-56.027651	1.876000	17.480000
1792	-55.987651	1.876000	17.340000
1793	-55.817651	1.877000	17.280000
1794	-55.817651	1.879000	17.470000
1795	-55.717651	1.879000	17.390000
1796	-55.717651	1.881000	17.520000
1797	-55.707651	1.881000	17.430000
1798	-55.677651	1.883000	17.290000
1799	-55.567651	1.883000	17.250000
1800	-55.487651	1.883000	17.490000
1801	-55.237651	1.885000	17.540000
1802	-55.047651	1.885000	17.540000
1803	-54.997651	1.887000	17.520000
1804	-54.977651	1.889000	17.620000
1805	-54.947651	1.891000	17.510000
1806	-54.877651	1.891000	17.720000
1807	-54.787651	1.891000	17.550000
1808	-54.677651	1.893000	17.520000
1809	-54.657651	1.895000	17.490000
1810	-54.637651	1.895000	17.580000
1811	-54.517651	1.897000	17.580000
1812	-54.517651	1.899000	17.560000
1813	-54.487651	1.901000	17.530000
1814	-54.267651	1.901000	17.580000
1815	-54.257651	1.903000	17.520000
1816	-54.227651	1.903000	17.580000
1817	-54.137651	1.905000	17.490000
1818	-54.117651	1.905000	17.490000
1819	-53.837651	1.907000	17.520000
1820	-53.827651	1.907000	17.460000
1821	-53.617651	1.909000	17.550000
1822	-53.407651	1.909000	17.760000
1823	-53.387651	1.911000	17.490000
1824	-53.367651	1.913000	17.560000
1825	-53.267651	1.913000	17.800000
1826	-53.267651	1.915000	17.870000
1827	-53.267651	1.915000	17.780000
1828	-53.127651	1.917000	17.800000
1829	-52.957651	1.917000	17.680000
1830	-52.777651	1.918000	17.660000
1831	-52.707651	1.917000	17.620000
1832	-52.617651	1.920000	17.810000
1833	-52.477651	1.920000	17.680000
1834	-52.477651	1.922000	17.730000
1835	-52.437651	1.922000	17.780000
1836	-52.437651	1.924000	17.670000
1837	-52.397651	1.924000	17.820000
1838	-52.387651	1.926000	17.740000
1839	-52.357651	1.926000	17.630000
1840	-52.157651	1.928000	17.670000
1841	-52.047651	1.928000	17.680000
1842	-51.587651	1.930000	17.660000
1843	-51.547651	1.930000	17.850000
1844	-51.477651	1.932000	17.790000
1845	-51.427651	1.932000	17.760000
1846	-51.287651	1.934000	17.670000
1847	-51.117651	1.934000	17.760000
1848	-51.117651	1.936000	17.930000
1849	-51.087651	1.936000	17.610000
1850	-51.057651	1.938000	17.760000
1851	-50.967651	1.938000	17.780000
1852	-50.947651	1.940000	17.700000
1853	-50.937651	1.942000	17.870000
1854	-50.927651	1.942000	17.650000
1855	-50.907651	1.944000	17.770000
1856	-50.907651	1.944000	17.750000
1857	-50.897651	1.946000	17.850000
1858	-50.887651	1.946000	17.880000
1859	-50.867651	1.948000	17.720000
1860	-50.667651	1.948000	17.800000
1861	-50.657651	1.950000	17.790000
1862	-50.617651	1.948000	17.860000
1863	-50.297651	1.952000	17.880000
1864	-50.167651	1.954000	17.740000
1865	-50.097651	1.954000	17.960000
1866	-50.077651	1.956000	17.870000
1867	-50.077651	1.956000	17.790000
1868	-50.027651	1.958000	17.820000
1869	-49.977651	1.958000	17.870000
1870	-49.967651	1.959000	17.910000
1871	-49.867651	1.959000	17.940000
1872	-49.707651	1.961000	17.710000
1873	-49.507651	1.963000	18.070000
1874	-49.157651	1.963000	17.990000
1875	-49.087651	1.965000	17.960000
1876	-48.897651	1.965000	17.840000
1877	-48.897651	1.967000	17.940000
1878	-48.807651	1.967000	17.920000
1879	-48.807651	1.969000	17.970000
1880	-48.757651	1.969000	17.750000
1881	-48.727651	1.971000	18.090000
1882	-48.627651	1.971000	17.980000
1883	-48.507651	1.973000	18.110000
1884	-48.447651	1.973000	17.950000
1885	-48.397651	1.975000	18.040000
1886	-48.337651	1.975000	18.060000
1887	-48.327651	1.977000	18.010000
1888	-48.297651	1.977000	18.110000
1889	-48.237651	1.981000	18.060000
1890	-48.227651	1.981000	18.240000
1891	-48.097651	1.983000	17.970000
1892	-48.047651	1.983000	18.020000
1893	-48.027651	1.985000	18.150000
1894	-48.017651	1.985000	17.900000
1895	-47.927651	1.985000	17.950000
1896	-47.917651	1.987000	18.060000
1897	-47.697651	1.989000	17.960000
1898	-47.677651	1.989000	17.940000
1899	-47.617651	1.991000	18.120000
1900	-47.577651	1.991000	18.070000
1901	-47.467651	1.993000	18.030000
1902	-47.447651	1.993000	18.160000
1903	-47.427651	1.995000	17.940000
1904	-47.207651	1.997000	17.920000
1905	-47.187651	1.997000	18.110000
1906	-47.157651	1.999000	18.050000
1907	-47.127651	1.999000	18.110000
1908	-47.087651	2.000000	18.050000
1909	-47.067651	2.000000	18.130000
1910	-47.007651	2.002000	18.100000
1911	-46.967651	2.002000	18.060000
1912	-46.867651	2.004000	18.010000
1913	-46.787651	2.004000	17.980000
1914	-46.777651	2.006000	18.080000
1915	-46.657651	2.006000	18.150000
1916	-46.547651	2.008000	18.080000
1917	-46.417651	2.008000	18.280000
1918	-46.287651	2.008000	18.140000
1919	-46.207651	2.010000	17.950000
1920	-46.107651	2.012000	18.040000
1921	-46.097651	2.010000	18.010000
1922	-45.997651	2.012000	18.110000
1923	-45.957651	2.014000	18.060000
1924	-45.907651	2.016000	18.160000
1925	-45.897651	2.016000	18.060000
1926	-45.847651	2.018000	18.140000
1927	-45.717651	2.020000	18.230000
1928	-45.607651	2.020000	18.180000
1929	-45.437651	2.022000	18.110000
1930	-45.407651	2.022000	18.210000
1931	-45.357651	2.024000	18.450000
1932	-44.987651	2.024000	18.180000
1933	-44.987651	2.026000	18.260000
1934	-44.937651	2.026000	18.260000
1935	-44.917651	2.028000	18.190000
1936	-44.867651	2.026000	18.280000
1937	-44.757651	2.030000	18.260000
1938	-44.737651	2.030000	18.210000
1939	-44.707651	2.032000	18.310000
1940	-44.587651	2.032000	18.390000
1941	-44.577651	2.032000	18.250000
1942	-44.547651	2.034000	18.130000
1943	-44.447651	2.036000	18.130000
1944	-44.417651	2.038000	18.210000
1945	-44.387651	2.038000	18.010000
1946	-44.307651	2.040000	18.300000
1947	-44.267651	2.040000	18.270000
1948	-44.197651	2.040000	18.260000
1949	-44.167651	2.042000	18.170000
1950	-44.017651	2.043000	18.300000
1951	-43.707651	2.043000	18.320000
1952	-43.497651	2.043000	18.410000
1953	-43.407651	2.047000	18.320000
1954	-43.347651	2.047000	18.180000
1955	-43.217651	2.047000	18.450000
1956	-43.147651	2.049000	18.430000
1957	-43.067651	2.051000	18.490000
1958	-43.017651	2.051000	18.350000
1959	-42.987651	2.053000	18.340000
1960	-42.857651	2.053000	18.380000
1961	-42.727651	2.055000	18.380000
1962	-42.707651	2.055000	18.360000
1963	-42.697651	2.055000	18.480000
1964	-42.657651	2.057000	18.560000
1965	-42.607651	2.059000	18.360000
1966	-42.547651	2.059000	18.430000
1967	-42.517651	2.061000	18.380000
1968	-42.497651	2.061000	18.440000
1969	-42.497651	2.065000	18.450000
1970	-42.467651	2.065000	18.360000
1971	-42.447651	2.067000	18.340000
1972	-41.897651	2.067000	18.480000
1973	-41.827651	2.069000	18.460000
1974	-41.827651	2.071000	18.530000
1975	-41.797651	2.071000	18.360000
1976	-41.747651	2.073000	18.600000
1977	-41.727651	2.073000	18.520000
1978	-41.517651	2.075000	18.410000
1979	-41.337651	2.075000	18.620000
1980	-41.117651	2.077000	18.490000
1981	-41.087651	2.077000	18.510000
1982	-41.027651	2.079000	18.660000
1983	-41.027651	2.079000	18.500000
1984	-40.947651	2.081000	18.520000
1985	-40.927651	2.081000	18.600000
1986	-40.767651	2.083000	18.530000
1987	-40.637651	2.083000	18.590000
1988	-40.417651	2.084000	18.570000
1989	-40.307651	2.084000	18.590000
1990	-40.207651	2.086000	18.620000
1991	-40.167651	2.086000	18.700000
1992	-40.127651	2.088000	18.650000
1993	-40.027651	2.090000	18.620000
1994	-39.997651	2.090000	18.610000
1995	-39.997651	2.092000	18.600000
1996	-39.867651	2.092000	18.610000
1997	-39.817651	2.094000	18.540000
1998	-39.787651	2.094000	18.550000
1999	-39.697651	2.096000	18.670000
2000	-39.627651	2.096000	18.540000
2001	-39.597651	2.096000	18.750000
2002	-39.557651	2.098000	18.670000
2003	-39.527651	2.100000	18.540000
2004	-39.487651	2.100000	18.620000
2005	-39.157651	2.102000	18.470000
2006	-39.157651	2.102000	18.600000
2007	-39.057651	2.104000	18.640000
2008	-38.977651	2.104000	18.660000
2009	-38.847651	2.104000	18.600000
2010	-38.797651	2.104000	18.800000
2011	-38.777651	2.108000	18.720000
2012	-38.727651	2.108000	18.810000
2013	-38.697651	2.110000	18.710000
2014	-38.627651	2.112000	18.780000
2015	-38.517651	2.112000	18.800000
2016	-38.267651	2.114000	18.760000
2017	-38.057651	2.114000	18.790000
2018	-37.897651	2.116000	18.750000
2019	-37.837651	2.116000	18.750000
2020	-37.817651	2.118000	18.780000
2021	-37.747651	2.118000	18.800000
2022	-37.737651	2.120000	18.790000
2023	-37.657651	2.120000	18.620000
2024	-37.607651	2.122000	18.800000
2025	-37.577651	2.122000	18.690000
2026	-37.477651	2.124000	18.720000
2027	-37.347651	2.124000	18.730000
2028	-37.287651	2.126000	18.720000
2029	-37.237651	2.126000	18.770000
2030	-37.167651	2.127000	18.720000
2031	-37.097651	2.127000	18.910000
2032	-36.907651	2.129000	18.740000
2033	-36.887651	2.131000	18.700000
2034	-36.827651	2.131000	18.770000
2035	-36.657651	2.133000	18.700000
2036	-36.557651	2.133000	18.760000
2037	-36.547651	2.135000	18.720000
2038	-36.517651	2.135000	18.970000
2039	-36.357651	2.137000	18.840000
2040	-36.347651	2.137000	18.740000
2041	-36.337651	2.139000	18.780000
2042	-36.077651	2.139000	18.840000
2043	-35.897651	2.141000	18.890000
2044	-35.857651	2.141000	18.820000
2045	-35.847651	2.143000	18.820000
2046	-35.837651	2.143000	18.780000
2047	-35.757651	2.145000	18.890000
2048	-35.637651	2.145000	18.890000
2049	-35.477651	2.149000	18.900000
2050	-35.457651	2.149000	18.880000
2051	-35.447651	2.149000	19.040000
2052	-35.407651	2.151000	18.850000
2053	-35.397651	2.153000	18.780000
2054	-35.387651	2.153000	18.810000
2055	-35.347651	2.155000	18.940000
2056	-35.177651	2.155000	18.790000
2057	-34.997651	2.157000	18.770000
2058	-34.897651	2.157000	18.870000
2059	-34.827651	2.157000	18.910000
2060	-34.787651	2.159000	19.080000
2061	-34.777651	2.161000	18.850000
2062	-34.777651	2.161000	18.970000
2063	-34.697651	2.163000	18.760000
2064	-34.617651	2.165000	18.780000
2065	-34.407651	2.165000	18.980000
2066	-34.287651	2.165000	18.880000
2067	-34.237651	2.167000	18.780000
2068	-34.207651	2.168000	18.890000
2069	-34.147651	2.168000	18.950000
2070	-33.967651	2.170000	18.980000
2071	-33.927651	2.170000	19.050000
2072	-33.917651	2.172000	19.140000
2073	-33.867651	2.172000	19.050000
2074	-33.687651	2.174000	18.950000
2075	-33.597651	2.176000	19.040000
2076	-33.577651	2.176000	19.120000
2077	-33.477651	2.178000	18.900000
2078	-33.317651	2.178000	19.120000
2079	-33.147651	2.180000	18.960000
2080	-33.057651	2.180000	18.960000
2081	-33.017651	2.180000	18.930000
2082	-32.867651	2.182000	19.180000
2083	-32.847651	2.184000	19.010000
2084	-32.807651	2.184000	18.960000
2085	-32.717651	2.186000	19.020000
2086	-32.637651	2.186000	19.030000
2087	-32.557651	2.188000	19.000000
2088	-32.457651	2.188000	18.980000
2089	-32.387651	2.188000	19.020000
2090	-32.257651	2.190000	19.160000
2091	-32.077651	2.194000	19.110000
2092	-31.977651	2.192000	19.040000
2093	-31.917651	2.194000	18.990000
2094	-31.897651	2.196000	18.930000
2095	-31.887651	2.196000	19.140000
2096	-31.707651	2.196000	19.130000
2097	-31.687651	2.198000	19.160000
2098	-31.577651	2.200000	19.090000
2099	-31.487651	2.200000	19.110000
2100	-31.337651	2.202000	19.190000
2101	-31.297651	2.202000	19.140000
2102	-31.137651	2.204000	19.190000
2103	-31.077651	2.204000	19.140000
2104	-31.077651	2.204000	19.250000
2105	-30.867651	2.206000	19.100000
2106	-30.817651	2.208000	19.020000
2107	-30.797651	2.208000	19.180000
2108	-30.767651	2.209000	19.250000
2109	-30.707651	2.209000	19.140000
2110	-30.627651	2.211000	19.100000
2111	-30.437651	2.211000	19.170000
2112	-30.267651	2.213000	19.260000
2113	-30.227651	2.215000	19.240000
2114	-30.197651	2.215000	19.260000
2115	-30.177651	2.217000	19.250000
2116	-30.117651	2.217000	19.360000
2117	-29.847651	2.219000	19.260000
2118	-29.797651	2.219000	19.380000
2119	-29.737651	2.219000	19.270000
2120	-29.667651	2.221000	19.200000
2121	-29.647651	2.223000	19.190000
2122	-29.517651	2.223000	19.230000
2123	-29.457651	2.225000	19.300000
2124	-29.447651	2.225000	19.430000
2125	-29.407651	2.227000	19.450000
2126	-29.257651	2.227000	19.480000
2127	-29.197651	2.231000	19.420000
2128	-29.117651	2.231000	19.240000
2129	-28.997651	2.233000	19.210000
2130	-28.927651	2.233000	19.350000
2131	-28.897651	2.235000	19.330000
2132	-28.887651	2.237000	19.180000
2133	-28.827651	2.237000	19.470000
2134	-28.817651	2.239000	19.420000
2135	-28.807651	2.239000	19.470000
2136	-28.777651	2.241000	19.220000
2137	-28.757651	2.241000	19.350000
2138	-28.637651	2.243000	19.440000
2139	-28.547651	2.243000	19.450000
2140	-28.447651	2.245000	19.340000
2141	-28.437651	2.245000	19.300000
2142	-28.087651	2.245000	19.570000
2143	-27.857651	2.249000	19.410000
2144	-27.727651	2.249000	19.360000
2145	-27.667651	2.250000	19.440000
2146	-27.657651	2.250000	19.480000
2147	-27.367651	2.252000	19.560000
2148	-27.367651	2.252000	19.430000
2149	-27.327651	2.254000	19.590000
2150	-27.237651	2.254000	19.500000
2151	-27.217651	2.256000	19.590000
2152	-27.207651	2.256000	19.510000
2153	-27.177651	2.258000	19.660000
2154	-27.167651	2.258000	19.460000
2155	-27.057651	2.260000	19.390000
2156	-26.927651	2.260000	19.530000
2157	-26.927651	2.262000	19.690000
2158	-26.917651	2.262000	19.480000
2159	-26.857651	2.264000	19.470000
2160	-26.767651	2.264000	19.530000
2161	-26.757651	2.266000	19.580000
2162	-26.707651	2.266000	19.520000
2163	-26.677651	2.268000	19.620000
2164	-26.667651	2.268000	19.430000
2165	-26.637651	2.270000	19.520000
2166	-26.617651	2.270000	19.530000
2167	-26.617651	2.272000	19.520000
2168	-26.607651	2.272000	19.540000
2169	-26.517651	2.274000	19.470000
2170	-26.517651	2.274000	19.600000
2171	-26.487651	2.276000	19.430000
2172	-26.487651	2.278000	19.630000
2173	-26.477651	2.278000	19.510000
2174	-26.427651	2.280000	19.620000
2175	-26.407651	2.280000	19.700000
2176	-26.297651	2.282000	19.690000
2177	-26.277651	2.282000	19.600000
2178	-26.197651	2.284000	19.500000
2179	-26.177651	2.284000	19.620000
2180	-26.047651	2.288000	19.600000
2181	-26.037651	2.288000	19.660000
2182	-25.947651	2.288000	19.450000
2183	-25.947651	2.290000	19.630000
2184	-25.937651	2.290000	19.610000
2185	-25.937651	2.292000	19.590000
2186	-25.937651	2.292000	19.760000
2187	-25.937651	2.293000	19.600000
2188	-25.877651	2.293000	19.540000
2189	-25.807651	2.295000	19.570000
2190	-25.777651	2.295000	19.480000
2191	-25.597651	2.297000	19.590000
2192	-24.627651	2.299000	19.710000
2193	-24.457651	2.299000	19.780000
2194	-24.267651	2.301000	19.890000
2195	-24.207651	2.301000	19.720000
2196	-24.187651	2.303000	19.720000
2197	-23.827651	2.303000	19.780000
2198	-23.607651	2.305000	19.720000
2199	-23.577651	2.305000	19.800000
2200	-23.487651	2.307000	19.690000
2201	-23.487651	2.307000	19.830000
2202	-23.477651	2.307000	19.780000
2203	-23.457651	2.307000	19.630000
2204	-23.457651	2.311000	19.760000
2205	-23.377651	2.311000	19.870000
2206	-23.147651	2.313000	19.840000
2207	-23.117651	2.315000	19.770000
2208	-22.987651	2.319000	19.690000
2209	-22.827651	2.319000	19.810000
2210	-22.737651	2.319000	19.860000
2211	-22.697651	2.319000	19.760000
2212	-22.607651	2.321000	19.680000
2213	-22.547651	2.321000	19.680000
2214	-22.467651	2.321000	19.780000
2215	-22.437651	2.323000	19.820000
2216	-22.387651	2.325000	19.840000
2217	-22.297651	2.325000	19.830000
2218	-22.157651	2.327000	19.990000
2219	-22.147651	2.327000	19.940000
2220	-22.127651	2.329000	19.930000
2221	-22.057651	2.329000	19.780000
2222	-21.997651	2.331000	19.800000
2223	-21.507651	2.333000	19.860000
2224	-21.377651	2.333000	19.870000
2225	-21.347651	2.334000	20.140000
2226	-21.257651	2.334000	19.950000
2227	-21.157651	2.336000	20.000000
2228	-21.087651	2.336000	20.110000
2229	-21.007651	2.336000	19.920000
2230	-20.987651	2.340000	19.930000
2231	-20.977651	2.338000	20.060000
2232	-20.977651	2.342000	20.020000
2233	-20.917651	2.342000	19.950000
2234	-20.867651	2.344000	19.950000
2235	-20.867651	2.344000	19.930000
2236	-20.807651	2.344000	19.980000
2237	-20.777651	2.346000	20.030000
2238	-20.727651	2.350000	20.150000
2239	-20.707651	2.348000	19.910000
2240	-20.667651	2.350000	20.050000
2241	-20.637651	2.350000	20.060000
2242	-20.587651	2.352000	19.980000
2243	-20.527651	2.352000	20.090000
2244	-20.487651	2.352000	19.950000
2245	-20.247651	2.354000	19.960000
2246	-20.247651	2.354000	19.930000
2247	-20.237651	2.354000	19.860000
2248	-20.217651	2.358000	19.960000
2249	-20.187651	2.358000	19.900000
2250	-19.947651	2.360000	19.770000
2251	-19.947651	2.360000	19.970000
2252	-19.937651	2.360000	20.060000
2253	-19.937651	2.362000	20.210000
2254	-19.797651	2.364000	20.060000
2255	-19.707651	2.364000	19.970000
2256	-19.497651	2.366000	20.130000
2257	-19.297651	2.366000	19.970000
2258	-19.267651	2.368000	20.090000
2259	-19.047651	2.368000	20.100000
2260	-18.947651	2.368000	20.220000
2261	-18.917651	2.372000	20.080000
2262	-18.917651	2.372000	20.000000
2263	-18.877651	2.374000	20.170000
2264	-18.847651	2.374000	20.110000
2265	-18.767651	2.376000	20.050000
2266	-18.577651	2.376000	20.120000
2267	-18.407651	2.376000	20.170000
2268	-18.367651	2.377000	20.120000
2269	-18.307651	2.381000	20.130000
2270	-18.307651	2.379000	20.180000
2271	-18.267651	2.379000	20.180000
2272	-18.237651	2.381000	20.190000
2273	-18.207651	2.383000	20.070000
2274	-18.207651	2.383000	20.080000
2275	-18.097651	2.383000	20.230000
2276	-17.957651	2.385000	20.260000
2277	-17.927651	2.387000	20.090000
2278	-17.867651	2.387000	20.150000
2279	-17.867651	2.389000	20.380000
2280	-17.857651	2.389000	20.200000
2281	-17.757651	2.391000	20.280000
2282	-17.727651	2.391000	20.360000
2283	-17.687651	2.393000	20.110000
2284	-17.577651	2.395000	20.170000
2285	-17.537651	2.395000	20.280000
2286	-17.467651	2.397000	20.190000
2287	-17.457651	2.399000	20.030000
2288	-17.217651	2.401000	20.270000
2289	-17.147651	2.401000	20.140000
2290	-17.147651	2.403000	20.280000
2291	-17.097651	2.403000	20.220000
2292	-17.057651	2.405000	20.250000
2293	-17.027651	2.405000	20.310000
2294	-16.907651	2.407000	20.230000
2295	-16.857651	2.407000	20.080000
2296	-16.797651	2.409000	20.280000
2297	-16.747651	2.409000	20.290000
2298	-16.677651	2.411000	20.140000
2299	-16.387651	2.411000	20.190000
2300	-16.287651	2.413000	20.180000
2301	-16.237651	2.415000	20.310000
2302	-15.697651	2.415000	20.370000
2303	-15.637651	2.417000	20.260000
2304	-15.607651	2.417000	20.400000
2305	-15.537651	2.418000	20.390000
2306	-15.437651	2.418000	20.280000
2307	-15.407651	2.420000	20.290000
2308	-15.247651	2.420000	20.330000
2309	-15.177651	2.422000	20.460000
2310	-15.127651	2.422000	20.320000
2311	-15.077651	2.424000	20.290000
2312	-15.027651	2.424000	20.280000
2313	-14.937651	2.426000	20.370000
2314	-14.857651	2.426000	20.410000
2315	-14.807651	2.428000	20.380000
2316	-14.737651	2.428000	20.410000
2317	-14.677651	2.430000	20.410000
2318	-14.657651	2.430000	20.310000
2319	-14.577651	2.432000	20.340000
2320	-14.467651	2.432000	20.420000
2321	-14.407651	2.434000	20.390000
2322	-14.307651	2.434000	20.420000
2323	-14.237651	2.436000	20.290000
2324	-14.147651	2.436000	20.390000
2325	-14.057651	2.438000	20.470000
2326	-14.017651	2.438000	20.400000
2327	-14.017651	2.440000	20.500000
2328	-13.777651	2.440000	20.250000
2329	-13.727651	2.444000	20.360000
2330	-13.717651	2.444000	20.300000
2331	-13.657651	2.444000	20.350000
2332	-13.197651	2.444000	20.530000
2333	-12.977651	2.446000	20.510000
2334	-12.777651	2.446000	20.700000
2335	-12.757651	2.448000	20.420000
2336	-12.737651	2.448000	20.280000
2337	-12.627651	2.450000	20.560000
2338	-12.537651	2.450000	20.540000
2339	-12.387651	2.452000	20.600000
2340	-12.357651	2.452000	20.490000
2341	-12.307651	2.454000	20.590000
2342	-12.227651	2.456000	20.590000
2343	-12.177651	2.456000	20.550000
2344	-12.167651	2.458000	20.520000
2345	-12.137651	2.458000	20.400000
2346	-12.137651	2.459000	20.620000
2347	-11.987651	2.459000	20.730000
2348	-11.957651	2.461000	20.690000
2349	-11.857651	2.461000	20.650000
2350	-11.777651	2.463000	20.580000
2351	-11.707651	2.463000	20.690000
2352	-11.667651	2.465000	20.780000
2353	-11.647651	2.465000	20.660000
2354	-11.637651	2.467000	20.580000
2355	-11.637651	2.467000	20.550000
2356	-11.577651	2.469000	20.600000
2357	-11.507651	2.469000	20.630000
2358	-11.477651	2.471000	20.690000
2359	-11.427651	2.471000	20.700000
2360	-11.307651	2.473000	20.640000
2361	-11.287651	2.473000	20.640000
2362	-11.267651	2.475000	20.660000
2363	-11.267651	2.477000	20.660000
2364	-11.007651	2.477000	20.700000
2365	-10.957651	2.481000	20.710000
2366	-10.957651	2.481000	20.770000
2367	-10.937651	2.483000	20.700000
2368	-10.907651	2.483000	20.680000
2369	-10.877651	2.485000	20.790000
2370	-10.867651	2.485000	20.610000
2371	-10.627651	2.487000	20.730000
2372	-10.607651	2.487000	20.750000
2373	-10.567651	2.489000	20.740000
2374	-10.407651	2.489000	20.790000
2375	-10.377651	2.491000	20.640000
2376	-10.367651	2.491000	20.750000
2377	-10.167651	2.493000	20.680000
2378	-10.137651	2.493000	20.810000
2379	-9.877651	2.495000	20.730000
2380	-9.747651	2.495000	20.630000
2381	-9.687651	2.497000	20.720000
2382	-9.417651	2.499000	20.770000
2383	-9.397651	2.499000	20.860000
2384	-9.257651	2.500000	20.910000
2385	-9.117651	2.500000	20.850000
2386	-9.047651	2.500000	20.960000
2387	-8.747651	2.502000	20.940000
2388	-8.747651	2.504000	20.830000
2389	-8.727651	2.504000	20.700000
2390	-8.647651	2.506000	20.740000
2391	-8.627651	2.508000	20.910000
2392	-8.417651	2.508000	20.970000
2393	-8.287651	2.508000	20.770000
2394	-8.267651	2.510000	20.930000
2395	-8.247651	2.512000	20.870000
2396	-8.247651	2.512000	20.890000
2397	-8.237651	2.514000	20.960000
2398	-8.147651	2.514000	20.940000
2399	-8.127651	2.516000	20.860000
2400	-8.067651	2.516000	20.930000
2401	-8.007651	2.518000	20.870000
2402	-7.997651	2.518000	20.890000
2403	-7.977651	2.520000	20.860000
2404	-7.837651	2.520000	20.900000
2405	-7.777651	2.522000	21.040000
2406	-7.737651	2.522000	20.890000
2407	-7.627651	2.524000	20.850000
2408	-7.607651	2.524000	20.780000
2409	-7.587651	2.524000	20.890000
2410	-7.427651	2.526000	20.890000
2411	-7.347651	2.528000	20.920000
2412	-7.267651	2.530000	20.930000
2413	-6.967651	2.530000	21.050000
2414	-6.667651	2.532000	20.820000
2415	-6.637651	2.532000	20.960000
2416	-6.427651	2.532000	21.030000
2417	-6.387651	2.534000	21.170000
2418	-6.237651	2.536000	20.910000
2419	-6.227651	2.536000	21.110000
2420	-6.137651	2.536000	21.020000
2421	-6.017651	2.538000	20.920000
2422	-5.897651	2.540000	21.000000
2423	-5.827651	2.540000	21.040000
2424	-5.817651	2.540000	20.970000
2425	-5.817651	2.542000	21.040000
2426	-5.777651	2.543000	21.070000
2427	-5.627651	2.543000	20.950000
2428	-5.617651	2.545000	21.080000
2429	-5.607651	2.545000	21.220000
2430	-5.457651	2.547000	21.190000
2431	-5.397651	2.547000	21.020000
2432	-5.317651	2.547000	21.050000
2433	-5.207651	2.549000	21.110000
2434	-5.177651	2.551000	21.200000
2435	-5.147651	2.551000	21.090000
2436	-4.917651	2.553000	21.180000
2437	-4.917651	2.553000	21.070000
2438	-4.677651	2.555000	20.990000
2439	-4.657651	2.555000	21.030000
2440	-4.647651	2.555000	21.000000
2441	-4.647651	2.557000	21.060000
2442	-4.617651	2.559000	21.220000
2443	-4.557651	2.561000	21.090000
2444	-4.397651	2.561000	21.100000
2445	-4.347651	2.565000	21.130000
2446	-4.007651	2.565000	21.130000
2447	-3.857651	2.567000	21.250000
2448	-3.837651	2.567000	21.250000
2449	-3.807651	2.569000	21.180000
2450	-3.697651	2.569000	21.190000
2451	-3.687651	2.571000	21.060000
2452	-3.607651	2.573000	21.100000
2453	-3.577651	2.573000	21.430000
2454	-3.527651	2.575000	21.230000
2455	-3.517651	2.575000	21.180000
2456	-3.487651	2.577000	21.160000
2457	-3.467651	2.577000	21.210000
2458	-3.457651	2.579000	21.170000
2459	-3.377651	2.579000	21.310000
2460	-3.357651	2.581000	21.150000
2461	-3.327651	2.581000	21.110000
2462	-3.177651	2.583000	21.140000
2463	-3.107651	2.583000	21.070000
2464	-3.057651	2.584000	21.230000
2465	-2.837651	2.584000	21.040000
2466	-2.727651	2.586000	21.180000
2467	-2.657651	2.586000	21.260000
2468	-2.617651	2.588000	21.220000
2469	-2.297651	2.588000	21.070000
2470	-2.267651	2.588000	21.260000
2471	-2.147651	2.592000	21.270000
2472	-2.127651	2.592000	21.280000
2473	-2.107651	2.594000	21.140000
2474	-2.067651	2.594000	21.300000
2475	-1.997651	2.596000	21.170000
2476	-1.947651	2.596000	21.340000
2477	-1.837651	2.598000	21.260000
2478	-1.817651	2.598000	21.210000
2479	-1.797651	2.600000	21.470000
2480	-1.787651	2.600000	21.250000
2481	-1.687651	2.602000	21.390000
2482	-1.567651	2.602000	21.270000
2483	-1.547651	2.604000	21.280000
2484	-1.507651	2.604000	21.330000
2485	-1.427651	2.606000	21.230000
2486	-1.277651	2.606000	21.250000
2487	-1.097651	2.608000	21.320000
2488	-0.867651	2.608000	21.130000
2489	-0.827651	2.610000	21.140000
2490	-0.807651	2.610000	21.350000
2491	-0.467651	2.612000	21.370000
2492	-0.447651	2.614000	21.360000
2493	-0.387651	2.614000	21.320000
2494	-0.207651	2.616000	21.320000
2495	-0.157651	2.616000	21.170000
2496	-0.157651	2.618000	21.310000
2497	-0.157651	2.618000	21.550000
2498	-0.047651	2.620000	21.590000
2499	-0.047651	2.620000	21.470000
2500	-0.037651	2.620000	21.350000
2501	-0.007651	2.622000	21.420000
2502	0.452349	2.624000	21.510000
2503	0.502349	2.624000	21.360000
2504	0.742349	2.626000	21.350000
2505	0.902349	2.626000	21.470000
2506	0.902349	2.627000	21.430000
2507	1.172349	2.627000	21.280000
2508	1.292349	2.629000	21.470000
2509	1.502349	2.629000	21.310000
