1	-187.031679	0.000000	9.550000
2	-186.091679	0.002000	9.510000
3	-186.041679	0.004000	9.410000
4	-185.731679	0.004000	9.470000
5	-185.501679	0.006000	9.510000
6	-185.411679	0.006000	9.540000
7	-185.171679	0.008000	9.610000
8	-184.581679	0.008000	9.500000
9	-184.571679	0.010000	9.930000
10	-184.561679	0.010000	9.820000
11	-184.551679	0.012000	10.030000
12	-184.421679	0.012000	9.810000
13	-184.421679	0.014000	9.660000
14	-184.381679	0.016000	9.520000
15	-184.371679	0.016000	9.830000
16	-184.321679	0.020000	9.680000
17	-184.261679	0.020000	9.850000
18	-184.241679	0.020000	9.540000
19	-184.221679	0.022000	9.940000
20	-184.171679	0.024000	9.700000
21	-184.161679	0.022000	10.010000
22	-184.151679	0.026000	9.620000
23	-184.011679	0.026000	9.780000
24	-183.851679	0.028000	9.800000
25	-183.761679	0.028000	9.690000
26	-183.731679	0.028000	9.610000
27	-183.711679	0.030000	9.550000
28	-183.681679	0.032000	9.600000
29	-183.671679	0.032000	9.840000
30	-183.571679	0.034000	9.680000
31	-183.541679	0.034000	9.820000
32	-183.501679	0.036000	9.650000
33	-183.491679	0.036000	9.620000
34	-183.471679	0.036000	9.770000
35	-183.271679	0.038000	9.660000
36	-183.201679	0.039000	10.180000
37	-183.171679	0.039000	9.750000
38	-183.131679	0.041000	9.620000
39	-183.101679	0.041000	9.670000
40	-182.991679	0.043000	9.980000
41	-182.801679	0.043000	10.050000
42	-182.761679	0.043000	9.700000
43	-182.701679	0.045000	9.820000
44	-182.571679	0.047000	9.810000
45	-182.351679	0.047000	9.610000
46	-182.031679	0.049000	10.100000
47	-182.011679	0.049000	9.780000
48	-181.941679	0.051000	9.770000
49	-181.931679	0.051000	9.970000
50	-181.761679	0.051000	9.910000
51	-181.591679	0.053000	9.630000
52	-181.541679	0.055000	9.940000
53	-181.531679	0.055000	9.910000
54	-181.421679	0.055000	10.230000
55	-181.391679	0.057000	9.890000
56	-181.111679	0.059000	9.890000
57	-181.061679	0.059000	9.990000
58	-181.031679	0.059000	9.930000
59	-180.961679	0.061000	9.820000
60	-180.801679	0.063000	9.790000
61	-180.791679	0.063000	10.180000
62	-180.711679	0.065000	9.920000
63	-180.701679	0.065000	10.200000
64	-180.541679	0.067000	9.960000
65	-180.541679	0.067000	10.030000
66	-180.441679	0.067000	9.890000
67	-180.441679	0.069000	10.140000
68	-180.431679	0.071000	10.020000
69	-179.991679	0.071000	10.180000
70	-179.921679	0.073000	9.960000
71	-179.871679	0.073000	9.960000
72	-179.761679	0.075000	10.050000
73	-179.721679	0.075000	9.870000
74	-179.671679	0.077000	9.880000
75	-179.671679	0.079000	10.120000
76	-179.501679	0.079000	10.290000
77	-179.451679	0.080000	9.530000
78	-179.431679	0.080000	10.080000
79	-179.371679	0.082000	10.010000
80	-179.321679	0.082000	10.090000
81	-179.301679	0.082000	10.160000
82	-179.261679	0.084000	10.120000
83	-179.211679	0.084000	9.680000
84	-179.161679	0.086000	9.910000
85	-179.141679	0.086000	9.820000
86	-178.941679	0.088000	9.800000
87	-178.761679	0.090000	10.170000
88	-178.601679	0.090000	9.920000
89	-178.501679	0.090000	9.840000
90	-178.341679	0.092000	9.840000
91	-178.331679	0.094000	9.970000
92	-178.311679	0.094000	9.900000
93	-178.241679	0.096000	10.170000
94	-178.011679	0.096000	10.090000
95	-177.971679	0.098000	9.940000
96	-177.911679	0.102000	9.840000
97	-177.791679	0.102000	10.040000
98	-177.591679	0.104000	10.150000
99	-177.371679	0.104000	9.890000
100	-177.201679	0.106000	10.070000
101	-177.081679	0.106000	10.170000
102	-177.071679	0.108000	10.020000
103	-177.061679	0.108000	9.920000
104	-177.031679	0.110000	10.140000
105	-176.961679	0.112000	10.220000
106	-176.931679	0.112000	10.170000
107	-176.901679	0.114000	10.070000
108	-176.771679	0.114000	10.340000
109	-176.721679	0.116000	10.440000
110	-176.621679	0.116000	10.190000
111	-176.591679	0.118000	10.010000
112	-176.481679	0.118000	10.220000
113	-176.471679	0.120000	10.150000
114	-176.421679	0.120000	10.300000
115	-176.421679	0.121000	10.120000
116	-176.391679	0.121000	9.890000
117	-176.371679	0.123000	10.390000
118	-176.061679	0.123000	10.420000
119	-176.051679	0.125000	10.140000
120	-176.041679	0.125000	10.220000
121	-175.981679	0.127000	10.620000
122	-175.941679	0.127000	10.360000
123	-175.921679	0.129000	10.290000
124	-175.801679	0.131000	10.410000
125	-175.591679	0.131000	10.280000
126	-175.271679	0.133000	10.230000
127	-175.271679	0.133000	10.530000
128	-175.261679	0.135000	10.300000
129	-175.231679	0.135000	10.270000
130	-175.201679	0.137000	10.130000
131	-175.181679	0.137000	10.390000
132	-175.181679	0.139000	10.120000
133	-175.131679	0.139000	10.510000
134	-175.131679	0.141000	10.250000
135	-174.851679	0.141000	10.340000
136	-174.831679	0.143000	10.130000
137	-174.811679	0.143000	10.530000
138	-174.791679	0.145000	10.320000
139	-174.661679	0.145000	10.140000
140	-174.641679	0.147000	10.170000
141	-174.591679	0.147000	10.160000
142	-174.521679	0.147000	10.460000
143	-174.451679	0.147000	10.440000
144	-174.391679	0.151000	10.210000
145	-174.181679	0.151000	10.300000
146	-174.111679	0.153000	10.280000
147	-174.111679	0.153000	10.380000
148	-173.901679	0.155000	10.470000
149	-173.881679	0.155000	10.380000
150	-173.821679	0.157000	10.380000
151	-173.741679	0.157000	10.310000
152	-173.541679	0.159000	10.820000
153	-173.331679	0.159000	10.470000
154	-173.311679	0.161000	10.360000
155	-173.201679	0.163000	10.310000
156	-173.131679	0.163000	10.580000
157	-172.941679	0.164000	10.580000
158	-172.811679	0.164000	10.330000
159	-172.781679	0.166000	10.380000
160	-172.761679	0.166000	10.840000
161	-172.681679	0.168000	10.380000
162	-172.591679	0.168000	10.690000
163	-172.581679	0.170000	10.660000
164	-172.531679	0.170000	10.740000
165	-172.451679	0.172000	10.480000
166	-172.371679	0.174000	10.790000
167	-172.291679	0.174000	10.340000
168	-172.141679	0.176000	10.450000
169	-172.111679	0.176000	11.050000
170	-172.001679	0.178000	10.760000
171	-171.911679	0.178000	10.470000
172	-171.911679	0.180000	10.610000
173	-171.901679	0.180000	10.540000
174	-171.871679	0.182000	10.450000
175	-171.801679	0.182000	10.490000
176	-171.741679	0.184000	10.420000
177	-171.681679	0.186000	10.470000
178	-171.631679	0.188000	10.590000
179	-171.431679	0.188000	10.460000
180	-170.891679	0.190000	10.850000
181	-170.781679	0.190000	10.590000
182	-170.721679	0.192000	10.870000
183	-170.561679	0.192000	10.550000
184	-170.371679	0.194000	10.640000
185	-170.241679	0.194000	10.670000
186	-170.221679	0.196000	10.600000
187	-170.221679	0.196000	10.650000
188	-170.181679	0.198000	10.650000
189	-170.081679	0.198000	10.380000
190	-170.061679	0.200000	10.680000
191	-170.051679	0.200000	10.490000
192	-169.941679	0.202000	10.670000
193	-169.931679	0.202000	10.520000
194	-169.871679	0.204000	10.470000
195	-169.831679	0.204000	10.520000
196	-169.661679	0.205000	10.650000
197	-169.591679	0.205000	10.560000
198	-169.371679	0.207000	10.690000
199	-169.291679	0.207000	10.790000
200	-169.271679	0.207000	10.580000
201	-169.221679	0.209000	10.580000
202	-169.201679	0.211000	10.860000
203	-169.201679	0.209000	10.360000
204	-169.051679	0.213000	10.800000
205	-169.051679	0.215000	10.540000
206	-169.011679	0.215000	10.680000
207	-169.001679	0.215000	10.720000
208	-168.721679	0.217000	10.690000
209	-168.631679	0.219000	10.700000
210	-168.601679	0.219000	10.650000
211	-168.571679	0.221000	10.720000
212	-168.531679	0.221000	10.800000
213	-168.441679	0.223000	10.750000
214	-168.351679	0.223000	10.590000
215	-168.251679	0.225000	10.650000
216	-168.101679	0.227000	10.680000
217	-168.031679	0.227000	10.590000
218	-167.891679	0.229000	10.590000
219	-167.891679	0.229000	10.620000
220	-167.891679	0.231000	10.480000
221	-167.801679	0.231000	10.700000
222	-167.721679	0.233000	10.660000
223	-167.711679	0.233000	10.810000
224	-167.651679	0.235000	10.810000
225	-167.561679	0.235000	10.950000
226	-167.491679	0.237000	10.870000
227	-167.471679	0.237000	10.610000
228	-167.181679	0.239000	10.820000
229	-167.081679	0.239000	10.980000
230	-166.991679	0.239000	10.940000
231	-166.901679	0.241000	10.950000
232	-166.831679	0.243000	11.080000
233	-166.801679	0.243000	10.860000
234	-166.721679	0.243000	10.760000
235	-166.641679	0.247000	10.850000
236	-166.631679	0.247000	10.870000
237	-166.561679	0.247000	10.800000
238	-166.491679	0.248000	10.720000
239	-166.471679	0.250000	10.980000
240	-166.421679	0.250000	11.260000
241	-166.331679	0.252000	11.020000
242	-166.211679	0.252000	11.050000
243	-166.021679	0.254000	11.130000
244	-165.911679	0.256000	11.150000
245	-165.851679	0.256000	10.840000
246	-165.621679	0.258000	10.790000
247	-165.611679	0.258000	11.030000
248	-165.591679	0.260000	10.950000
249	-165.461679	0.260000	11.030000
250	-165.281679	0.262000	10.870000
251	-165.131679	0.262000	10.930000
252	-165.081679	0.262000	10.940000
253	-164.821679	0.264000	10.900000
254	-164.821679	0.266000	10.880000
255	-164.731679	0.266000	11.030000
256	-164.691679	0.268000	11.010000
257	-164.591679	0.270000	11.050000
258	-164.501679	0.272000	10.960000
259	-164.441679	0.272000	11.070000
260	-164.401679	0.274000	11.090000
261	-164.351679	0.274000	10.970000
262	-164.271679	0.276000	10.960000
263	-164.191679	0.276000	11.140000
264	-164.171679	0.278000	10.980000
265	-164.151679	0.280000	11.050000
266	-164.031679	0.280000	10.980000
267	-163.991679	0.282000	10.950000
268	-163.981679	0.282000	11.200000
269	-163.971679	0.284000	11.050000
270	-163.741679	0.284000	11.090000
271	-163.701679	0.286000	11.080000
272	-163.631679	0.286000	10.960000
273	-163.611679	0.288000	11.140000
274	-163.571679	0.288000	11.080000
275	-163.531679	0.289000	11.180000
276	-163.521679	0.289000	11.180000
277	-163.481679	0.291000	11.070000
278	-163.451679	0.291000	11.280000
279	-163.441679	0.293000	11.170000
280	-163.421679	0.293000	11.260000
281	-163.381679	0.295000	11.010000
282	-163.041679	0.295000	11.240000
283	-162.991679	0.299000	11.280000
284	-162.981679	0.297000	11.140000
285	-162.931679	0.299000	11.090000
286	-162.881679	0.301000	11.050000
287	-162.811679	0.301000	11.150000
288	-162.811679	0.303000	11.090000
289	-162.801679	0.303000	11.050000
290	-162.721679	0.303000	11.060000
291	-162.661679	0.305000	11.240000
292	-162.611679	0.307000	11.170000
293	-162.531679	0.307000	11.110000
294	-162.481679	0.309000	11.320000
295	-162.381679	0.309000	11.180000
296	-162.361679	0.311000	11.110000
297	-162.291679	0.311000	11.520000
298	-162.261679	0.313000	11.080000
299	-162.241679	0.313000	11.430000
300	-162.241679	0.315000	10.990000
301	-162.211679	0.315000	11.370000
302	-162.191679	0.317000	11.180000
303	-162.101679	0.317000	11.270000
304	-161.951679	0.319000	11.180000
305	-161.801679	0.321000	11.050000
306	-161.791679	0.321000	11.480000
307	-161.761679	0.323000	11.110000
308	-161.751679	0.323000	11.070000
309	-161.301679	0.325000	11.600000
310	-161.201679	0.325000	11.230000
311	-161.121679	0.327000	11.290000
312	-161.121679	0.327000	11.250000
313	-161.021679	0.329000	11.260000
314	-160.911679	0.330000	11.310000
315	-160.861679	0.330000	11.440000
316	-160.851679	0.332000	11.380000
317	-160.781679	0.332000	11.320000
318	-160.341679	0.334000	11.450000
319	-160.221679	0.334000	11.200000
320	-159.791679	0.336000	11.410000
321	-159.791679	0.336000	11.320000
322	-159.761679	0.338000	11.390000
323	-159.621679	0.338000	11.490000
324	-159.581679	0.340000	11.380000
325	-159.471679	0.340000	11.240000
326	-159.461679	0.342000	11.280000
327	-159.381679	0.342000	11.270000
328	-159.361679	0.344000	11.570000
329	-159.321679	0.344000	11.630000
330	-159.231679	0.346000	11.580000
331	-159.231679	0.346000	11.400000
332	-159.121679	0.348000	11.560000
333	-159.041679	0.348000	11.340000
334	-158.761679	0.352000	11.440000
335	-158.721679	0.354000	11.390000
336	-158.691679	0.354000	11.620000
337	-158.681679	0.356000	11.370000
338	-158.631679	0.356000	11.490000
339	-158.331679	0.356000	11.470000
340	-158.331679	0.358000	11.600000
341	-158.331679	0.362000	11.480000
342	-158.251679	0.362000	11.470000
343	-158.161679	0.362000	11.380000
344	-158.131679	0.364000	11.370000
345	-158.121679	0.364000	11.540000
346	-158.081679	0.364000	11.510000
347	-158.041679	0.366000	11.550000
348	-158.021679	0.368000	11.410000
349	-157.911679	0.368000	11.520000
350	-157.911679	0.370000	11.420000
351	-157.901679	0.370000	11.340000
352	-157.851679	0.371000	11.440000
353	-157.761679	0.371000	11.420000
354	-157.691679	0.373000	11.370000
355	-157.561679	0.375000	11.750000
356	-157.481679	0.375000	11.330000
357	-157.401679	0.377000	11.520000
358	-157.371679	0.377000	11.430000
359	-157.281679	0.379000	11.310000
360	-157.191679	0.379000	11.550000
361	-157.191679	0.379000	11.530000
362	-157.171679	0.381000	11.500000
363	-157.031679	0.383000	11.610000
364	-157.001679	0.383000	11.560000
365	-156.731679	0.385000	11.640000
366	-156.471679	0.385000	11.560000
367	-156.421679	0.387000	11.450000
368	-156.391679	0.387000	11.580000
369	-156.371679	0.387000	11.460000
370	-156.321679	0.389000	11.630000
371	-156.301679	0.393000	11.490000
372	-156.171679	0.391000	11.460000
373	-156.021679	0.391000	11.570000
374	-155.991679	0.393000	11.510000
375	-155.991679	0.395000	11.600000
376	-155.981679	0.395000	11.480000
377	-155.821679	0.395000	11.490000
378	-155.721679	0.397000	11.480000
379	-155.641679	0.399000	11.460000
380	-155.641679	0.399000	11.750000
381	-155.571679	0.401000	11.610000
382	-155.551679	0.401000	11.600000
383	-155.461679	0.403000	11.870000
384	-155.271679	0.403000	11.960000
385	-155.201679	0.405000	11.740000
386	-154.961679	0.407000	11.690000
387	-154.901679	0.407000	11.580000
388	-154.851679	0.409000	11.590000
389	-154.831679	0.409000	11.910000
390	-154.801679	0.411000	11.610000
391	-154.791679	0.411000	11.640000
392	-154.471679	0.411000	11.700000
393	-154.371679	0.414000	11.680000
394	-154.331679	0.414000	11.870000
395	-154.321679	0.416000	11.500000
396	-154.301679	0.416000	11.730000
397	-154.251679	0.418000	11.760000
398	-154.241679	0.418000	11.850000
399	-154.231679	0.418000	11.740000
400	-154.211679	0.420000	12.010000
401	-153.971679	0.424000	11.850000
402	-153.831679	0.422000	11.900000
403	-153.781679	0.424000	11.650000
404	-153.761679	0.426000	11.770000
405	-153.711679	0.426000	11.710000
406	-153.571679	0.426000	11.820000
407	-153.541679	0.428000	11.610000
408	-153.531679	0.430000	11.690000
409	-153.511679	0.430000	11.750000
410	-153.441679	0.432000	11.570000
411	-153.411679	0.432000	11.820000
412	-153.411679	0.436000	11.770000
413	-153.371679	0.436000	11.560000
414	-153.281679	0.438000	11.580000
415	-153.221679	0.438000	11.630000
416	-153.011679	0.440000	11.780000
417	-152.951679	0.440000	11.740000
418	-152.831679	0.442000	11.810000
419	-152.661679	0.442000	11.680000
420	-152.651679	0.444000	11.950000
421	-152.371679	0.444000	11.890000
422	-152.291679	0.446000	11.840000
423	-152.281679	0.448000	11.750000
424	-152.191679	0.448000	11.890000
425	-152.121679	0.450000	11.980000
426	-152.001679	0.450000	11.930000
427	-151.931679	0.452000	12.050000
428	-151.871679	0.452000	11.760000
429	-151.861679	0.454000	11.950000
430	-151.791679	0.454000	11.630000
431	-151.771679	0.455000	11.960000
432	-151.761679	0.457000	11.760000
433	-151.671679	0.457000	11.830000
434	-151.581679	0.459000	11.870000
435	-151.511679	0.459000	11.850000
436	-151.371679	0.461000	11.920000
437	-151.291679	0.461000	11.790000
438	-151.271679	0.463000	11.900000
439	-151.211679	0.463000	11.990000
440	-151.121679	0.465000	12.120000
441	-150.921679	0.465000	12.030000
442	-150.781679	0.467000	11.870000
443	-150.711679	0.467000	12.130000
444	-150.501679	0.469000	11.910000
445	-150.381679	0.469000	12.020000
446	-150.321679	0.471000	11.830000
447	-150.191679	0.471000	11.930000
448	-150.111679	0.473000	11.990000
449	-150.041679	0.473000	12.130000
450	-150.001679	0.475000	12.060000
451	-149.991679	0.475000	11.950000
452	-149.891679	0.477000	11.960000
453	-149.841679	0.479000	12.220000
454	-149.791679	0.479000	12.140000
455	-149.731679	0.481000	12.210000
456	-149.721679	0.481000	12.090000
457	-149.541679	0.483000	12.410000
458	-149.481679	0.483000	12.060000
459	-149.471679	0.487000	12.100000
460	-149.271679	0.485000	12.050000
461	-149.271679	0.487000	12.120000
462	-149.221679	0.487000	12.030000
463	-148.991679	0.489000	12.310000
464	-148.991679	0.489000	12.140000
465	-148.931679	0.491000	12.070000
466	-148.701679	0.491000	12.060000
467	-148.661679	0.493000	11.900000
468	-148.631679	0.493000	11.950000
469	-148.561679	0.495000	12.020000
470	-148.511679	0.495000	12.090000
471	-148.461679	0.497000	12.210000
472	-148.361679	0.498000	12.070000
473	-148.361679	0.498000	12.230000
474	-148.341679	0.500000	12.180000
475	-148.231679	0.500000	12.280000
476	-148.081679	0.502000	12.090000
477	-147.981679	0.502000	12.110000
478	-147.971679	0.504000	12.030000
479	-147.961679	0.504000	12.150000
480	-147.941679	0.506000	12.060000
481	-147.811679	0.506000	12.110000
482	-147.791679	0.508000	12.300000
483	-147.781679	0.508000	12.140000
484	-147.781679	0.510000	12.070000
485	-147.711679	0.510000	12.270000
486	-147.711679	0.512000	12.090000
487	-147.671679	0.512000	12.240000
488	-147.661679	0.514000	12.410000
489	-147.601679	0.514000	12.110000
490	-147.571679	0.516000	12.250000
491	-147.551679	0.516000	12.060000
492	-147.551679	0.520000	11.860000
493	-147.451679	0.520000	12.260000
494	-147.411679	0.520000	12.120000
495	-147.361679	0.522000	12.110000
496	-147.221679	0.524000	11.910000
497	-147.001679	0.524000	12.390000
498	-146.921679	0.526000	12.290000
499	-146.641679	0.526000	12.110000
500	-146.621679	0.528000	12.430000
501	-146.381679	0.528000	12.120000
502	-146.361679	0.530000	12.240000
503	-146.321679	0.530000	12.170000
504	-145.811679	0.532000	12.220000
505	-145.691679	0.532000	12.130000
506	-145.681679	0.534000	12.400000
507	-145.591679	0.534000	12.370000
508	-145.441679	0.536000	12.290000
509	-145.401679	0.536000	12.360000
510	-145.351679	0.538000	12.430000
511	-145.281679	0.538000	12.350000
512	-145.271679	0.539000	12.200000
513	-145.181679	0.539000	12.520000
514	-145.181679	0.541000	12.280000
515	-145.151679	0.541000	12.350000
516	-145.101679	0.543000	12.490000
517	-145.091679	0.543000	12.380000
518	-145.011679	0.543000	12.530000
519	-144.991679	0.545000	12.340000
520	-144.771679	0.547000	12.300000
521	-144.771679	0.549000	12.420000
522	-144.681679	0.549000	12.410000
523	-144.641679	0.549000	12.400000
524	-144.641679	0.551000	12.430000
525	-144.641679	0.551000	12.470000
526	-144.571679	0.553000	12.490000
527	-144.401679	0.555000	12.410000
528	-144.181679	0.555000	12.500000
529	-144.051679	0.557000	12.390000
530	-143.931679	0.557000	12.700000
531	-143.791679	0.559000	12.530000
532	-143.761679	0.559000	12.660000
533	-143.721679	0.559000	12.660000
534	-143.701679	0.561000	12.490000
535	-143.581679	0.563000	12.670000
536	-143.541679	0.563000	12.460000
537	-143.381679	0.565000	12.380000
538	-143.291679	0.565000	12.570000
539	-143.281679	0.567000	12.520000
540	-143.261679	0.567000	12.460000
541	-143.211679	0.567000	12.550000
542	-143.211679	0.569000	12.630000
543	-142.851679	0.571000	12.720000
544	-142.841679	0.573000	12.540000
545	-142.691679	0.573000	12.680000
546	-142.571679	0.575000	12.430000
547	-142.501679	0.575000	12.540000
548	-142.501679	0.575000	12.670000
549	-142.481679	0.577000	12.680000
550	-142.371679	0.579000	12.550000
551	-142.291679	0.579000	12.610000
552	-142.271679	0.579000	12.560000
553	-142.201679	0.580000	12.620000
554	-141.891679	0.582000	12.540000
555	-141.861679	0.582000	12.430000
556	-141.791679	0.582000	12.810000
557	-141.761679	0.584000	12.660000
558	-141.481679	0.586000	12.850000
559	-141.351679	0.584000	12.670000
560	-141.301679	0.588000	12.560000
561	-141.211679	0.588000	12.710000
562	-141.201679	0.590000	12.640000
563	-141.201679	0.590000	12.620000
564	-141.121679	0.592000	12.560000
565	-141.091679	0.594000	12.660000
566	-141.071679	0.596000	12.690000
567	-141.021679	0.596000	12.580000
568	-140.981679	0.596000	12.610000
569	-140.951679	0.598000	12.660000
570	-140.881679	0.598000	12.760000
571	-140.881679	0.602000	12.730000
572	-140.841679	0.600000	12.720000
573	-140.691679	0.604000	12.610000
574	-140.491679	0.604000	12.670000
575	-140.471679	0.606000	12.700000
576	-140.421679	0.606000	12.690000
577	-140.351679	0.608000	12.700000
578	-140.191679	0.608000	12.910000
579	-140.101679	0.612000	12.720000
580	-140.101679	0.612000	12.620000
581	-139.961679	0.612000	12.840000
582	-139.811679	0.612000	12.930000
583	-139.751679	0.614000	12.810000
584	-139.691679	0.616000	12.700000
585	-139.581679	0.616000	12.760000
586	-139.551679	0.618000	12.790000
587	-139.451679	0.618000	13.020000
588	-139.301679	0.620000	12.700000
589	-139.251679	0.620000	12.840000
590	-139.201679	0.621000	12.750000
591	-139.121679	0.621000	12.810000
592	-139.111679	0.623000	12.820000
593	-139.081679	0.623000	12.660000
594	-138.971679	0.625000	12.890000
595	-138.951679	0.625000	12.860000
596	-138.881679	0.627000	12.890000
597	-138.811679	0.627000	12.840000
598	-138.691679	0.629000	13.090000
599	-138.501679	0.629000	12.890000
600	-138.431679	0.631000	12.720000
601	-138.381679	0.631000	12.910000
602	-138.331679	0.631000	12.850000
603	-138.321679	0.633000	12.910000
604	-138.281679	0.635000	12.740000
605	-138.231679	0.635000	12.900000
606	-138.111679	0.637000	12.950000
607	-138.101679	0.637000	12.850000
608	-138.061679	0.639000	13.150000
609	-137.951679	0.639000	12.990000
610	-137.951679	0.641000	12.910000
611	-137.631679	0.641000	12.830000
612	-137.531679	0.643000	12.970000
613	-137.261679	0.643000	13.000000
614	-137.171679	0.645000	12.840000
615	-137.061679	0.647000	13.020000
616	-137.041679	0.647000	12.800000
617	-136.921679	0.649000	12.870000
618	-136.881679	0.649000	13.020000
619	-136.751679	0.651000	12.690000
620	-136.711679	0.651000	13.040000
621	-136.661679	0.653000	13.260000
622	-136.631679	0.653000	13.040000
623	-136.541679	0.655000	12.940000
624	-136.451679	0.657000	12.920000
625	-136.331679	0.657000	13.000000
626	-136.291679	0.659000	13.040000
627	-136.271679	0.659000	13.050000
628	-136.271679	0.661000	12.950000
629	-136.261679	0.661000	13.020000
630	-136.201679	0.663000	12.980000
631	-136.011679	0.663000	12.950000
632	-135.921679	0.664000	13.040000
633	-135.901679	0.664000	13.080000
634	-135.881679	0.666000	13.050000
635	-135.851679	0.666000	13.060000
636	-135.781679	0.668000	13.120000
637	-135.711679	0.668000	13.060000
638	-135.651679	0.670000	13.070000
639	-135.511679	0.670000	12.840000
640	-135.421679	0.672000	13.090000
641	-135.271679	0.672000	13.250000
642	-135.261679	0.674000	13.090000
643	-135.121679	0.676000	13.120000
644	-134.951679	0.676000	13.120000
645	-134.911679	0.678000	13.200000
646	-134.831679	0.678000	13.220000
647	-134.801679	0.680000	13.300000
648	-134.641679	0.680000	13.080000
649	-134.601679	0.682000	13.230000
650	-134.591679	0.682000	13.070000
651	-134.491679	0.684000	13.220000
652	-134.451679	0.686000	13.350000
653	-134.351679	0.688000	13.100000
654	-134.291679	0.688000	13.080000
655	-134.261679	0.690000	13.250000
656	-134.141679	0.690000	13.240000
657	-133.881679	0.692000	13.180000
658	-133.831679	0.692000	13.060000
659	-133.831679	0.692000	13.160000
660	-133.721679	0.694000	13.320000
661	-133.671679	0.696000	13.360000
662	-133.641679	0.696000	13.200000
663	-133.611679	0.698000	13.450000
664	-133.571679	0.700000	13.290000
665	-133.471679	0.700000	13.320000
666	-133.331679	0.700000	13.380000
667	-133.241679	0.702000	13.210000
668	-133.201679	0.704000	13.510000
669	-133.121679	0.704000	13.220000
670	-133.101679	0.705000	13.200000
671	-132.981679	0.705000	13.360000
672	-132.911679	0.707000	13.450000
673	-132.881679	0.707000	13.320000
674	-132.791679	0.709000	13.320000
675	-132.771679	0.711000	13.400000
676	-132.761679	0.711000	13.300000
677	-132.741679	0.713000	13.380000
678	-132.401679	0.713000	13.330000
679	-132.401679	0.715000	13.300000
680	-132.321679	0.715000	13.400000
681	-132.291679	0.715000	13.380000
682	-132.111679	0.717000	13.240000
683	-131.851679	0.719000	13.300000
684	-131.761679	0.719000	13.300000
685	-131.701679	0.721000	13.350000
686	-131.631679	0.721000	13.370000
687	-131.631679	0.723000	13.460000
688	-131.551679	0.723000	13.190000
689	-131.371679	0.723000	13.310000
690	-131.281679	0.725000	13.400000
691	-131.261679	0.727000	13.370000
692	-130.951679	0.729000	13.460000
693	-130.921679	0.729000	13.460000
694	-130.921679	0.731000	13.440000
695	-130.891679	0.731000	13.280000
696	-130.861679	0.731000	13.480000
697	-130.831679	0.733000	13.620000
698	-130.741679	0.735000	13.370000
699	-130.721679	0.735000	13.560000
700	-130.711679	0.737000	13.450000
701	-130.701679	0.737000	13.380000
702	-130.661679	0.739000	13.380000
703	-130.651679	0.739000	13.390000
704	-130.581679	0.739000	13.490000
705	-130.571679	0.741000	13.410000
706	-130.551679	0.743000	13.420000
707	-130.541679	0.743000	13.550000
708	-130.521679	0.745000	13.430000
709	-130.481679	0.745000	13.420000
710	-130.231679	0.747000	13.320000
711	-130.201679	0.747000	13.330000
712	-130.131679	0.747000	13.710000
713	-129.991679	0.748000	13.540000
714	-129.871679	0.750000	13.460000
715	-129.671679	0.750000	13.630000
716	-129.591679	0.752000	13.590000
717	-129.381679	0.752000	13.530000
718	-129.371679	0.754000	13.460000
719	-128.971679	0.754000	13.560000
720	-128.911679	0.754000	13.310000
721	-128.871679	0.756000	13.620000
722	-128.861679	0.758000	13.630000
723	-128.861679	0.760000	13.490000
724	-128.761679	0.760000	13.550000
725	-128.701679	0.762000	13.630000
726	-128.661679	0.762000	13.680000
727	-128.551679	0.762000	13.580000
728	-128.521679	0.764000	13.420000
729	-128.491679	0.766000	13.750000
730	-128.361679	0.766000	13.610000
731	-128.351679	0.768000	13.660000
732	-128.301679	0.770000	13.600000
733	-128.131679	0.772000	13.440000
734	-128.021679	0.772000	13.690000
735	-128.011679	0.774000	13.610000
736	-127.901679	0.774000	13.560000
737	-127.831679	0.776000	13.640000
738	-127.661679	0.776000	13.660000
739	-127.551679	0.778000	13.720000
740	-127.541679	0.778000	13.700000
741	-127.461679	0.780000	13.660000
742	-127.391679	0.780000	13.640000
743	-127.291679	0.782000	13.570000
744	-127.181679	0.784000	13.590000
745	-127.061679	0.784000	13.770000
746	-127.061679	0.786000	13.790000
747	-127.031679	0.786000	13.730000
748	-127.001679	0.788000	13.610000
749	-126.981679	0.788000	13.690000
750	-126.931679	0.789000	13.770000
751	-126.921679	0.789000	13.680000
752	-126.881679	0.791000	13.740000
753	-126.861679	0.791000	13.620000
754	-126.791679	0.793000	13.750000
755	-126.761679	0.793000	13.760000
756	-126.761679	0.795000	13.670000
757	-126.761679	0.795000	13.600000
758	-126.621679	0.797000	13.720000
759	-126.601679	0.797000	13.740000
760	-126.591679	0.799000	13.720000
761	-126.491679	0.799000	13.750000
762	-126.451679	0.801000	13.850000
763	-126.451679	0.801000	13.650000
764	-126.381679	0.803000	13.810000
765	-125.811679	0.803000	13.810000
766	-125.791679	0.805000	13.740000
767	-125.761679	0.805000	13.740000
768	-125.731679	0.807000	13.610000
769	-125.581679	0.807000	13.730000
770	-125.411679	0.809000	13.890000
771	-125.201679	0.809000	13.620000
772	-125.081679	0.811000	13.910000
773	-125.061679	0.813000	13.760000
774	-124.931679	0.813000	13.760000
775	-124.921679	0.815000	13.760000
776	-124.901679	0.815000	13.760000
777	-124.751679	0.817000	13.930000
778	-124.731679	0.817000	13.920000
779	-124.731679	0.819000	13.870000
780	-124.711679	0.819000	13.780000
781	-124.621679	0.821000	13.940000
782	-124.451679	0.821000	13.850000
783	-124.241679	0.823000	13.780000
784	-124.191679	0.825000	13.880000
785	-124.101679	0.825000	13.850000
786	-123.931679	0.827000	13.850000
787	-123.891679	0.827000	13.710000
788	-123.841679	0.829000	13.800000
789	-123.821679	0.829000	13.830000
790	-123.811679	0.830000	13.860000
791	-123.731679	0.830000	13.800000
792	-123.671679	0.832000	13.790000
793	-123.661679	0.832000	13.720000
794	-123.481679	0.834000	13.930000
795	-123.401679	0.834000	13.990000
796	-123.111679	0.836000	13.960000
797	-123.001679	0.836000	13.920000
798	-122.991679	0.838000	13.860000
799	-122.981679	0.838000	13.970000
800	-122.911679	0.840000	13.920000
801	-122.661679	0.840000	13.990000
802	-122.631679	0.842000	13.860000
803	-122.531679	0.844000	13.930000
804	-122.481679	0.844000	13.840000
805	-122.471679	0.846000	14.060000
806	-122.301679	0.846000	14.030000
807	-122.281679	0.848000	13.800000
808	-122.261679	0.848000	14.060000
809	-122.261679	0.852000	13.990000
810	-122.191679	0.852000	13.840000
811	-122.161679	0.854000	13.930000
812	-122.131679	0.856000	13.970000
813	-122.101679	0.856000	14.100000
814	-122.081679	0.856000	13.860000
815	-122.011679	0.858000	13.920000
816	-121.951679	0.860000	13.970000
817	-121.941679	0.860000	14.020000
818	-121.771679	0.862000	14.120000
819	-121.671679	0.862000	13.920000
820	-121.661679	0.864000	14.040000
821	-121.411679	0.864000	14.000000
822	-121.371679	0.864000	14.100000
823	-121.311679	0.866000	14.050000
824	-121.171679	0.868000	13.940000
825	-121.141679	0.868000	14.130000
826	-121.121679	0.870000	13.990000
827	-121.001679	0.870000	14.060000
828	-120.781679	0.871000	13.940000
829	-120.751679	0.871000	13.820000
830	-120.721679	0.871000	14.250000
831	-120.621679	0.873000	14.130000
832	-120.561679	0.875000	14.120000
833	-120.451679	0.877000	14.020000
834	-120.391679	0.877000	14.100000
835	-120.381679	0.879000	13.940000
836	-120.241679	0.879000	14.150000
837	-120.061679	0.879000	14.000000
838	-119.981679	0.881000	14.020000
839	-119.971679	0.883000	13.900000
840	-119.951679	0.883000	13.990000
841	-119.941679	0.883000	14.120000
842	-119.921679	0.885000	14.030000
843	-119.851679	0.887000	14.150000
844	-119.841679	0.887000	14.140000
845	-119.741679	0.887000	14.140000
846	-119.621679	0.889000	14.190000
847	-119.611679	0.891000	14.090000
848	-119.501679	0.891000	14.260000
849	-119.351679	0.893000	13.950000
850	-119.271679	0.893000	14.020000
851	-119.221679	0.895000	14.210000
852	-119.101679	0.895000	14.350000
853	-119.061679	0.897000	14.270000
854	-118.951679	0.899000	14.290000
855	-118.871679	0.899000	14.320000
856	-118.751679	0.901000	14.340000
857	-118.741679	0.901000	14.170000
858	-118.701679	0.903000	14.360000
859	-118.481679	0.903000	14.160000
860	-118.421679	0.903000	14.530000
861	-118.411679	0.905000	14.170000
862	-118.371679	0.907000	14.460000
863	-118.261679	0.907000	14.350000
864	-118.261679	0.909000	14.460000
865	-118.221679	0.909000	14.380000
866	-118.141679	0.911000	14.170000
867	-118.111679	0.911000	14.460000
868	-118.091679	0.913000	14.430000
869	-118.071679	0.913000	14.300000
870	-117.951679	0.914000	14.370000
871	-117.771679	0.914000	14.390000
872	-117.721679	0.916000	14.240000
873	-117.681679	0.916000	14.140000
874	-117.521679	0.918000	14.360000
875	-117.491679	0.918000	14.300000
876	-117.301679	0.918000	14.290000
877	-117.291679	0.920000	14.310000
878	-117.221679	0.922000	14.180000
879	-117.121679	0.924000	14.170000
880	-117.061679	0.924000	14.290000
881	-116.921679	0.924000	14.370000
882	-116.871679	0.926000	14.590000
883	-116.761679	0.926000	14.180000
884	-116.731679	0.928000	14.340000
885	-116.631679	0.930000	14.320000
886	-116.581679	0.930000	14.470000
887	-116.511679	0.932000	14.430000
888	-116.421679	0.932000	14.430000
889	-116.321679	0.936000	14.440000
890	-116.201679	0.936000	14.380000
891	-116.131679	0.938000	14.140000
892	-116.031679	0.938000	14.490000
893	-116.021679	0.940000	14.440000
894	-116.021679	0.940000	14.510000
895	-115.941679	0.942000	14.370000
896	-115.861679	0.942000	14.520000
897	-115.781679	0.944000	14.500000
898	-115.601679	0.944000	14.350000
899	-115.541679	0.944000	14.370000
900	-115.541679	0.944000	14.350000
901	-115.531679	0.948000	14.420000
902	-115.511679	0.948000	13.200000
903	-115.511679	0.950000	14.440000
904	-115.501679	0.950000	14.460000
905	-115.351679	0.952000	14.540000
906	-115.341679	0.952000	14.610000
907	-115.321679	0.954000	14.410000
908	-115.311679	0.954000	14.410000
909	-115.241679	0.955000	14.560000
910	-115.051679	0.955000	14.580000
911	-114.821679	0.957000	14.480000
912	-114.561679	0.959000	14.660000
913	-114.511679	0.959000	14.480000
914	-114.481679	0.961000	13.370000
915	-114.431679	0.961000	13.350000
916	-114.351679	0.963000	14.430000
917	-114.351679	0.963000	14.360000
918	-114.281679	0.965000	13.310000
919	-114.201679	0.965000	13.320000
920	-114.181679	0.967000	13.180000
921	-114.151679	0.967000	14.200000
922	-114.011679	0.969000	14.510000
923	-113.931679	0.969000	13.150000
924	-113.921679	0.971000	13.430000
925	-113.901679	0.971000	13.270000
926	-113.691679	0.973000	13.490000
927	-113.641679	0.973000	13.220000
928	-113.581679	0.975000	13.270000
929	-113.581679	0.975000	13.400000
930	-113.571679	0.975000	13.200000
931	-113.471679	0.977000	13.190000
932	-113.461679	0.979000	13.260000
933	-113.441679	0.979000	13.270000
934	-113.011679	0.981000	13.470000
935	-112.901679	0.981000	13.430000
936	-112.731679	0.983000	13.490000
937	-112.631679	0.983000	13.320000
938	-112.541679	0.987000	13.370000
939	-112.471679	0.987000	13.430000
940	-112.411679	0.987000	13.320000
941	-112.391679	0.987000	13.470000
942	-112.391679	0.989000	13.470000
943	-112.391679	0.991000	13.540000
944	-112.391679	0.991000	13.390000
945	-112.351679	0.993000	13.500000
946	-112.261679	0.993000	13.530000
947	-112.231679	0.995000	13.400000
948	-112.121679	0.995000	13.430000
949	-112.061679	0.997000	13.470000
950	-112.031679	0.997000	13.330000
951	-111.971679	0.998000	13.440000
952	-111.971679	0.998000	13.520000
953	-111.951679	1.000000	13.500000
954	-111.891679	1.000000	13.460000
955	-111.771679	1.002000	13.550000
956	-111.731679	1.002000	13.320000
957	-111.631679	1.004000	13.390000
958	-111.631679	1.004000	13.460000
959	-111.541679	1.006000	13.440000
960	-111.411679	1.006000	13.390000
961	-111.251679	1.006000	13.310000
962	-111.181679	1.008000	13.400000
963	-111.181679	1.010000	13.490000
964	-110.661679	1.012000	13.720000
965	-110.631679	1.012000	13.540000
966	-110.581679	1.014000	13.540000
967	-110.211679	1.014000	13.610000
968	-110.101679	1.016000	13.590000
969	-110.061679	1.016000	13.590000
970	-110.061679	1.020000	13.630000
971	-109.991679	1.020000	13.620000
972	-109.991679	1.020000	13.410000
973	-109.861679	1.022000	13.650000
974	-109.831679	1.024000	13.550000
975	-109.831679	1.024000	13.510000
976	-109.791679	1.026000	13.640000
977	-109.761679	1.026000	13.620000
978	-109.761679	1.028000	13.570000
979	-109.731679	1.028000	13.580000
980	-109.701679	1.030000	13.760000
981	-109.661679	1.030000	13.600000
982	-109.601679	1.032000	13.570000
983	-109.441679	1.032000	13.700000
984	-109.411679	1.034000	13.710000
985	-109.081679	1.034000	13.510000
986	-108.951679	1.036000	13.580000
987	-108.921679	1.036000	13.740000
988	-108.851679	1.036000	13.850000
989	-108.731679	1.038000	13.600000
990	-108.731679	1.039000	13.700000
991	-108.731679	1.039000	13.450000
992	-108.561679	1.041000	13.660000
993	-108.501679	1.043000	13.630000
994	-108.271679	1.043000	13.740000
995	-108.251679	1.043000	13.690000
996	-108.121679	1.045000	13.640000
997	-108.081679	1.047000	13.620000
998	-107.951679	1.047000	13.870000
999	-107.881679	1.049000	13.650000
1000	-107.721679	1.049000	13.900000
1001	-107.691679	1.051000	13.710000
1002	-107.691679	1.051000	13.810000
1003	-107.691679	1.051000	13.870000
1004	-107.621679	1.053000	13.780000
1005	-107.621679	1.055000	13.760000
1006	-107.591679	1.055000	13.810000
1007	-107.591679	1.057000	13.700000
1008	-107.301679	1.057000	13.630000
1009	-107.301679	1.059000	13.740000
1010	-107.241679	1.059000	13.620000
1011	-107.101679	1.059000	13.640000
1012	-106.951679	1.061000	13.940000
1013	-106.821679	1.063000	13.820000
1014	-106.811679	1.063000	13.550000
1015	-106.781679	1.065000	13.780000
1016	-106.751679	1.065000	13.760000
1017	-106.591679	1.067000	14.010000
1018	-106.581679	1.067000	13.760000
1019	-106.531679	1.067000	13.720000
1020	-106.531679	1.069000	14.170000
1021	-106.441679	1.071000	13.770000
1022	-106.401679	1.071000	13.950000
1023	-106.371679	1.073000	14.020000
1024	-106.271679	1.075000	13.950000
1025	-106.201679	1.075000	13.940000
1026	-106.141679	1.075000	13.840000
1027	-105.881679	1.077000	13.810000
1028	-105.811679	1.079000	13.910000
1029	-105.681679	1.079000	13.990000
1030	-105.581679	1.080000	13.910000
1031	-105.551679	1.080000	13.900000
1032	-105.481679	1.082000	13.980000
1033	-105.421679	1.082000	13.790000
1034	-105.391679	1.082000	13.950000
1035	-105.361679	1.084000	14.030000
1036	-105.331679	1.086000	13.830000
1037	-105.271679	1.086000	14.050000
1038	-105.231679	1.088000	13.850000
1039	-105.161679	1.088000	13.840000
1040	-105.101679	1.090000	13.980000
1041	-105.041679	1.090000	13.910000
1042	-105.011679	1.092000	13.940000
1043	-104.871679	1.092000	13.890000
1044	-104.711679	1.094000	13.840000
1045	-104.531679	1.096000	13.990000
1046	-104.501679	1.096000	13.970000
1047	-104.451679	1.098000	13.870000
1048	-104.391679	1.098000	13.860000
1049	-104.321679	1.102000	13.960000
1050	-104.321679	1.102000	14.020000
1051	-104.311679	1.104000	13.900000
1052	-104.311679	1.104000	14.000000
1053	-104.121679	1.106000	13.930000
1054	-104.071679	1.106000	13.930000
1055	-103.991679	1.108000	13.940000
1056	-103.971679	1.108000	13.880000
1057	-103.971679	1.110000	14.080000
1058	-103.931679	1.110000	14.220000
1059	-103.811679	1.112000	13.680000
1060	-103.601679	1.112000	13.890000
1061	-103.541679	1.114000	13.920000
1062	-103.501679	1.114000	13.850000
1063	-103.451679	1.116000	14.030000
1064	-103.411679	1.116000	13.950000
1065	-103.411679	1.118000	14.000000
1066	-103.411679	1.118000	14.010000
1067	-103.261679	1.120000	14.030000
1068	-103.231679	1.120000	14.010000
1069	-103.191679	1.121000	14.060000
1070	-103.141679	1.121000	14.130000
1071	-102.981679	1.123000	14.060000
1072	-102.961679	1.123000	14.150000
1073	-102.841679	1.125000	14.050000
1074	-102.261679	1.127000	14.030000
1075	-102.131679	1.127000	14.060000
1076	-102.081679	1.129000	14.110000
1077	-102.041679	1.129000	13.990000
1078	-102.031679	1.131000	14.160000
1079	-101.951679	1.131000	14.140000
1080	-101.891679	1.133000	14.120000
1081	-101.881679	1.133000	14.120000
1082	-101.711679	1.135000	14.080000
1083	-101.711679	1.135000	14.000000
1084	-101.611679	1.137000	14.090000
1085	-101.421679	1.137000	14.190000
1086	-101.391679	1.139000	14.260000
1087	-101.351679	1.139000	14.070000
1088	-101.191679	1.141000	14.210000
1089	-101.081679	1.141000	14.180000
1090	-101.031679	1.143000	14.210000
1091	-101.021679	1.143000	14.190000
1092	-100.991679	1.145000	14.160000
1093	-100.901679	1.145000	14.110000
1094	-100.651679	1.147000	14.130000
1095	-100.621679	1.147000	14.100000
1096	-100.481679	1.149000	14.220000
1097	-100.421679	1.149000	14.220000
1098	-100.331679	1.151000	14.100000
1099	-100.331679	1.151000	14.080000
1100	-100.321679	1.153000	14.130000
1101	-100.041679	1.153000	14.250000
1102	-99.831679	1.155000	14.100000
1103	-99.811679	1.155000	14.330000
1104	-99.671679	1.157000	14.250000
1105	-99.651679	1.157000	14.150000
1106	-99.621679	1.159000	14.300000
1107	-99.551679	1.159000	14.180000
1108	-99.541679	1.161000	14.410000
1109	-99.521679	1.161000	14.250000
1110	-99.351679	1.163000	14.250000
1111	-99.261679	1.163000	14.200000
1112	-99.191679	1.164000	14.300000
1113	-99.141679	1.164000	14.360000
1114	-99.021679	1.166000	14.290000
1115	-99.001679	1.166000	14.520000
1116	-98.991679	1.168000	14.280000
1117	-98.871679	1.168000	14.400000
1118	-98.801679	1.170000	14.230000
1119	-98.741679	1.170000	14.520000
1120	-98.661679	1.172000	14.510000
1121	-98.601679	1.172000	14.470000
1122	-98.471679	1.174000	14.390000
1123	-98.411679	1.174000	14.340000
1124	-98.361679	1.176000	14.180000
1125	-98.221679	1.178000	14.380000
1126	-98.131679	1.178000	14.370000
1127	-98.031679	1.178000	14.410000
1128	-97.921679	1.180000	14.280000
1129	-97.901679	1.182000	14.390000
1130	-97.861679	1.182000	14.470000
1131	-97.691679	1.184000	14.630000
1132	-97.691679	1.186000	14.500000
1133	-97.631679	1.190000	14.340000
1134	-97.551679	1.188000	14.450000
1135	-97.481679	1.190000	14.370000
1136	-97.371679	1.190000	14.410000
1137	-97.341679	1.192000	14.570000
1138	-97.331679	1.192000	14.440000
1139	-97.291679	1.192000	14.440000
1140	-97.191679	1.194000	14.550000
1141	-97.121679	1.196000	14.590000
1142	-97.091679	1.194000	14.490000
1143	-97.061679	1.198000	14.580000
1144	-96.921679	1.198000	14.500000
1145	-96.821679	1.200000	14.380000
1146	-96.731679	1.200000	14.390000
1147	-96.671679	1.202000	14.570000
1148	-96.531679	1.204000	14.540000
1149	-96.501679	1.205000	14.460000
1150	-96.481679	1.205000	14.440000
1151	-96.441679	1.205000	14.440000
1152	-96.301679	1.207000	14.260000
1153	-96.281679	1.207000	14.520000
1154	-96.271679	1.207000	14.290000
1155	-96.141679	1.209000	14.400000
1156	-96.131679	1.211000	14.560000
1157	-96.081679	1.211000	14.460000
1158	-95.631679	1.213000	14.870000
1159	-95.631679	1.213000	14.600000
1160	-95.501679	1.215000	14.520000
1161	-95.441679	1.215000	14.640000
1162	-95.401679	1.215000	14.610000
1163	-95.271679	1.217000	14.720000
1164	-95.141679	1.221000	14.580000
1165	-95.121679	1.219000	14.630000
1166	-95.091679	1.219000	14.610000
1167	-94.941679	1.221000	14.570000
1168	-94.901679	1.223000	14.600000
1169	-94.881679	1.223000	14.560000
1170	-94.811679	1.223000	14.640000
1171	-94.741679	1.225000	14.840000
1172	-94.711679	1.227000	14.640000
1173	-94.621679	1.227000	14.600000
1174	-94.521679	1.229000	14.760000
1175	-94.471679	1.229000	14.580000
1176	-94.461679	1.231000	14.630000
1177	-94.421679	1.231000	14.640000
1178	-94.331679	1.231000	14.620000
1179	-94.051679	1.233000	14.540000
1180	-93.751679	1.235000	14.880000
1181	-93.701679	1.237000	14.930000
1182	-93.691679	1.237000	14.910000
1183	-93.661679	1.237000	14.810000
1184	-93.651679	1.239000	14.700000
1185	-93.581679	1.239000	14.880000
1186	-93.491679	1.241000	14.620000
1187	-93.461679	1.243000	14.600000
1188	-93.431679	1.243000	14.770000
1189	-93.401679	1.245000	14.570000
1190	-93.341679	1.245000	14.670000
1191	-93.291679	1.247000	14.620000
1192	-93.251679	1.247000	14.760000
1193	-93.131679	1.248000	14.690000
1194	-93.101679	1.248000	14.760000
1195	-93.021679	1.250000	14.690000
1196	-92.981679	1.250000	14.760000
1197	-92.921679	1.252000	14.810000
1198	-92.901679	1.252000	14.750000
1199	-92.841679	1.254000	14.990000
1200	-92.741679	1.254000	14.910000
1201	-92.681679	1.254000	14.870000
1202	-92.581679	1.256000	14.880000
1203	-92.551679	1.258000	14.890000
1204	-92.461679	1.256000	14.990000
1205	-92.451679	1.260000	14.860000
1206	-92.361679	1.260000	14.940000
1207	-92.211679	1.262000	14.730000
1208	-91.871679	1.262000	15.030000
1209	-91.871679	1.262000	14.980000
1210	-91.771679	1.264000	15.130000
1211	-91.621679	1.266000	14.820000
1212	-91.551679	1.266000	14.910000
1213	-91.491679	1.268000	14.870000
1214	-91.471679	1.270000	14.860000
1215	-91.461679	1.272000	14.900000
1216	-91.421679	1.272000	14.790000
1217	-91.321679	1.274000	15.040000
1218	-91.321679	1.276000	14.820000
1219	-91.291679	1.276000	14.860000
1220	-91.091679	1.278000	15.090000
1221	-91.081679	1.278000	14.860000
1222	-91.031679	1.280000	14.860000
1223	-90.971679	1.280000	14.900000
1224	-90.901679	1.284000	14.930000
1225	-90.851679	1.282000	14.910000
1226	-90.751679	1.284000	14.940000
1227	-90.731679	1.286000	14.900000
1228	-90.711679	1.286000	14.950000
1229	-90.521679	1.288000	15.000000
1230	-90.461679	1.288000	14.850000
1231	-90.281679	1.289000	14.850000
1232	-90.231679	1.289000	14.990000
1233	-90.191679	1.291000	15.060000
1234	-90.161679	1.291000	14.950000
1235	-90.131679	1.293000	14.900000
1236	-90.101679	1.293000	14.890000
1237	-90.091679	1.295000	14.890000
1238	-90.041679	1.295000	14.910000
1239	-90.031679	1.297000	15.050000
1240	-89.731679	1.297000	14.990000
1241	-89.681679	1.299000	14.910000
1242	-89.371679	1.299000	15.070000
1243	-89.061679	1.301000	15.310000
1244	-88.911679	1.301000	15.050000
1245	-88.901679	1.303000	15.010000
1246	-88.881679	1.305000	14.920000
1247	-88.771679	1.305000	15.030000
1248	-88.761679	1.307000	15.420000
1249	-88.691679	1.307000	15.170000
1250	-88.681679	1.309000	15.040000
1251	-88.611679	1.309000	15.190000
1252	-88.531679	1.311000	15.070000
1253	-88.481679	1.311000	15.100000
1254	-88.461679	1.313000	14.950000
1255	-88.341679	1.313000	15.190000
1256	-88.311679	1.315000	15.090000
1257	-88.311679	1.317000	15.150000
1258	-88.181679	1.317000	15.160000
1259	-88.061679	1.319000	15.360000
1260	-88.011679	1.319000	15.220000
1261	-87.941679	1.321000	15.190000
1262	-87.831679	1.321000	14.910000
1263	-87.771679	1.323000	15.170000
1264	-87.731679	1.323000	15.240000
1265	-87.721679	1.325000	15.040000
1266	-87.601679	1.327000	15.180000
1267	-87.451679	1.327000	15.120000
1268	-87.331679	1.329000	15.170000
1269	-86.971679	1.329000	15.150000
1270	-86.941679	1.330000	15.130000
1271	-86.851679	1.330000	15.220000
1272	-86.661679	1.332000	15.370000
1273	-86.641679	1.332000	15.070000
1274	-86.441679	1.334000	15.150000
1275	-86.401679	1.336000	15.230000
1276	-86.361679	1.336000	15.270000
1277	-86.291679	1.338000	15.180000
1278	-86.221679	1.338000	15.340000
1279	-86.161679	1.340000	15.460000
1280	-86.161679	1.340000	15.180000
1281	-86.131679	1.342000	15.390000
1282	-86.081679	1.342000	15.160000
1283	-86.061679	1.344000	15.260000
1284	-86.031679	1.344000	15.240000
1285	-85.961679	1.346000	15.050000
1286	-85.941679	1.346000	15.380000
1287	-85.821679	1.348000	15.080000
1288	-85.711679	1.348000	15.220000
1289	-85.691679	1.352000	15.320000
1290	-85.641679	1.352000	15.290000
1291	-85.581679	1.354000	15.110000
1292	-85.521679	1.354000	15.280000
1293	-85.511679	1.356000	15.450000
1294	-85.381679	1.356000	15.540000
1295	-85.271679	1.356000	15.410000
1296	-85.201679	1.358000	15.400000
1297	-84.751679	1.360000	15.400000
1298	-84.741679	1.360000	15.410000
1299	-84.741679	1.362000	15.480000
1300	-84.641679	1.362000	15.400000
1301	-84.421679	1.364000	15.650000
1302	-84.391679	1.364000	15.280000
1303	-84.341679	1.364000	15.460000
1304	-84.311679	1.366000	15.540000
1305	-84.291679	1.366000	15.410000
1306	-84.271679	1.370000	15.590000
1307	-84.221679	1.370000	15.370000
1308	-84.211679	1.371000	15.380000
1309	-84.201679	1.371000	15.570000
1310	-84.181679	1.371000	15.420000
1311	-83.871679	1.373000	15.560000
1312	-83.851679	1.377000	15.540000
1313	-83.801679	1.377000	15.610000
1314	-83.751679	1.377000	15.420000
1315	-83.431679	1.377000	15.560000
1316	-83.391679	1.379000	15.450000
1317	-83.351679	1.379000	15.520000
1318	-83.311679	1.379000	15.270000
1319	-83.121679	1.381000	15.450000
1320	-83.111679	1.383000	15.560000
1321	-83.091679	1.383000	15.460000
1322	-83.051679	1.385000	15.520000
1323	-82.971679	1.385000	15.550000
1324	-82.911679	1.387000	15.490000
1325	-82.791679	1.387000	15.540000
1326	-82.751679	1.387000	15.580000
1327	-82.571679	1.389000	15.470000
1328	-82.561679	1.393000	15.730000
1329	-82.471679	1.393000	15.480000
1330	-82.451679	1.393000	15.380000
1331	-82.431679	1.393000	15.510000
1332	-82.401679	1.395000	15.610000
1333	-82.371679	1.395000	15.540000
1334	-82.361679	1.395000	15.570000
1335	-82.311679	1.399000	15.530000
1336	-82.281679	1.399000	15.560000
1337	-82.281679	1.401000	15.520000
1338	-82.261679	1.401000	15.330000
1339	-82.161679	1.403000	15.510000
1340	-82.041679	1.403000	15.560000
1341	-81.981679	1.403000	15.570000
1342	-81.671679	1.405000	15.560000
1343	-81.541679	1.407000	15.540000
1344	-81.371679	1.407000	15.470000
1345	-81.291679	1.409000	15.540000
1346	-81.201679	1.411000	15.600000
1347	-81.191679	1.411000	15.770000
1348	-81.131679	1.411000	15.620000
1349	-81.061679	1.413000	15.510000
1350	-80.971679	1.414000	15.690000
1351	-80.741679	1.414000	15.710000
1352	-80.601679	1.416000	15.710000
1353	-80.441679	1.416000	15.520000
1354	-80.291679	1.418000	15.640000
1355	-80.131679	1.418000	15.720000
1356	-80.071679	1.420000	15.650000
1357	-79.931679	1.422000	15.570000
1358	-79.851679	1.422000	15.660000
1359	-79.811679	1.424000	15.900000
1360	-79.811679	1.424000	15.830000
1361	-79.731679	1.426000	15.750000
1362	-79.731679	1.426000	15.700000
1363	-79.651679	1.426000	15.660000
1364	-79.561679	1.428000	15.770000
1365	-79.551679	1.430000	15.690000
1366	-79.511679	1.430000	15.790000
1367	-79.511679	1.432000	15.590000
1368	-79.481679	1.432000	15.680000
1369	-79.101679	1.436000	15.660000
1370	-79.021679	1.436000	15.580000
1371	-79.011679	1.438000	15.980000
1372	-78.941679	1.438000	15.790000
1373	-78.871679	1.440000	15.920000
1374	-78.781679	1.440000	15.760000
1375	-78.731679	1.442000	15.830000
1376	-78.551679	1.442000	15.900000
1377	-78.421679	1.444000	15.790000
1378	-78.401679	1.444000	15.760000
1379	-78.371679	1.446000	15.740000
1380	-78.361679	1.446000	16.050000
1381	-78.341679	1.448000	15.870000
1382	-78.321679	1.448000	15.860000
1383	-78.271679	1.450000	15.850000
1384	-78.231679	1.450000	15.760000
1385	-78.161679	1.452000	16.020000
1386	-78.151679	1.452000	15.840000
1387	-78.141679	1.454000	15.940000
1388	-77.981679	1.454000	15.940000
1389	-77.851679	1.455000	15.790000
1390	-77.801679	1.455000	15.960000
1391	-77.781679	1.457000	16.030000
1392	-77.721679	1.457000	16.100000
1393	-77.721679	1.459000	15.900000
1394	-77.701679	1.459000	15.810000
1395	-77.371679	1.461000	16.060000
1396	-77.321679	1.461000	15.950000
1397	-77.211679	1.463000	16.020000
1398	-77.201679	1.463000	15.980000
1399	-77.061679	1.465000	16.040000
1400	-76.951679	1.465000	16.030000
1401	-76.791679	1.467000	15.990000
1402	-76.781679	1.467000	15.930000
1403	-76.721679	1.469000	16.170000
1404	-76.721679	1.469000	16.010000
1405	-76.611679	1.471000	16.000000
1406	-76.551679	1.473000	16.030000
1407	-76.531679	1.473000	15.890000
1408	-76.511679	1.475000	15.930000
1409	-76.401679	1.475000	15.920000
1410	-76.281679	1.477000	15.870000
1411	-76.231679	1.477000	15.980000
1412	-76.201679	1.479000	15.790000
1413	-76.201679	1.479000	15.870000
1414	-76.161679	1.481000	15.890000
1415	-76.121679	1.483000	16.020000
1416	-75.911679	1.483000	16.080000
1417	-75.891679	1.485000	15.970000
1418	-75.881679	1.485000	16.060000
1419	-75.811679	1.487000	16.160000
1420	-75.751679	1.487000	16.070000
1421	-75.711679	1.489000	15.910000
1422	-75.671679	1.489000	16.000000
1423	-75.661679	1.491000	15.980000
1424	-75.581679	1.491000	16.100000
1425	-75.381679	1.493000	15.840000
1426	-75.341679	1.495000	16.190000
1427	-75.341679	1.495000	16.040000
1428	-75.251679	1.497000	16.040000
1429	-74.901679	1.497000	16.190000
1430	-74.561679	1.498000	16.000000
1431	-74.521679	1.498000	16.100000
1432	-74.441679	1.500000	16.010000
1433	-74.301679	1.500000	16.100000
1434	-74.261679	1.502000	16.070000
1435	-74.201679	1.502000	16.100000
1436	-74.161679	1.504000	16.130000
1437	-74.161679	1.504000	16.230000
1438	-74.121679	1.506000	16.240000
1439	-73.941679	1.506000	16.220000
1440	-73.911679	1.508000	16.190000
1441	-73.761679	1.508000	16.100000
1442	-73.681679	1.510000	16.060000
1443	-73.651679	1.510000	16.230000
1444	-73.621679	1.512000	16.010000
1445	-73.591679	1.512000	16.160000
1446	-73.411679	1.514000	16.140000
1447	-73.391679	1.514000	16.110000
1448	-73.321679	1.518000	16.130000
1449	-73.281679	1.518000	16.120000
1450	-73.121679	1.520000	16.150000
1451	-72.971679	1.520000	16.180000
1452	-72.971679	1.520000	16.170000
1453	-72.961679	1.522000	16.140000
1454	-72.931679	1.522000	16.260000
1455	-72.781679	1.526000	16.110000
1456	-72.701679	1.526000	16.200000
1457	-72.501679	1.528000	16.280000
1458	-72.471679	1.528000	16.110000
1459	-72.361679	1.528000	16.130000
1460	-72.101679	1.530000	16.160000
1461	-72.091679	1.532000	16.230000
1462	-71.991679	1.532000	16.160000
1463	-71.951679	1.534000	16.140000
1464	-71.911679	1.534000	16.050000
1465	-71.911679	1.536000	16.100000
1466	-71.841679	1.536000	16.180000
1467	-71.821679	1.536000	16.220000
1468	-71.691679	1.538000	16.260000
1469	-71.661679	1.539000	16.090000
1470	-71.611679	1.538000	16.220000
1471	-71.581679	1.541000	16.200000
1472	-71.571679	1.541000	16.280000
1473	-71.571679	1.543000	16.160000
1474	-71.531679	1.543000	16.340000
1475	-71.511679	1.543000	16.360000
1476	-71.491679	1.545000	16.300000
1477	-71.441679	1.547000	16.180000
1478	-71.371679	1.547000	16.110000
1479	-71.361679	1.549000	16.310000
1480	-70.941679	1.549000	16.400000
1481	-70.881679	1.551000	16.330000
1482	-70.831679	1.551000	16.390000
1483	-70.781679	1.551000	16.430000
1484	-70.631679	1.553000	16.360000
1485	-70.481679	1.555000	16.310000
1486	-70.231679	1.555000	16.390000
1487	-70.211679	1.557000	16.390000
1488	-70.201679	1.557000	16.370000
1489	-70.141679	1.559000	16.520000
1490	-70.061679	1.559000	16.370000
1491	-70.021679	1.559000	16.440000
1492	-69.901679	1.561000	16.380000
1493	-69.851679	1.563000	16.380000
1494	-69.821679	1.563000	16.370000
1495	-69.821679	1.563000	16.350000
1496	-69.821679	1.565000	16.310000
1497	-69.751679	1.567000	16.520000
1498	-69.741679	1.567000	16.480000
1499	-69.691679	1.567000	16.390000
1500	-69.651679	1.569000	16.320000
1501	-69.551679	1.569000	16.400000
1502	-69.531679	1.569000	16.510000
1503	-69.221679	1.573000	16.400000
1504	-69.151679	1.573000	16.330000
1505	-69.131679	1.575000	16.480000
1506	-69.061679	1.575000	16.510000
1507	-69.041679	1.575000	16.530000
1508	-68.961679	1.577000	16.490000
1509	-68.871679	1.579000	16.390000
1510	-68.841679	1.579000	16.480000
1511	-68.731679	1.580000	16.510000
1512	-68.591679	1.580000	16.500000
1513	-68.401679	1.582000	16.540000
1514	-68.381679	1.582000	16.570000
1515	-68.331679	1.582000	16.640000
1516	-68.231679	1.584000	16.530000
1517	-68.211679	1.586000	16.680000
1518	-67.931679	1.586000	16.570000
1519	-67.781679	1.588000	16.430000
1520	-67.711679	1.588000	16.530000
1521	-67.701679	1.590000	16.620000
1522	-67.681679	1.590000	16.690000
1523	-67.611679	1.590000	16.620000
1524	-67.601679	1.592000	16.570000
1525	-67.561679	1.596000	16.490000
1526	-67.481679	1.594000	16.560000
1527	-67.481679	1.596000	16.630000
1528	-67.451679	1.596000	16.560000
1529	-67.381679	1.598000	16.460000
1530	-67.341679	1.598000	16.610000
1531	-67.211679	1.602000	16.570000
1532	-67.161679	1.602000	16.690000
1533	-67.041679	1.604000	16.580000
1534	-67.011679	1.604000	16.690000
1535	-66.901679	1.606000	16.770000
1536	-66.891679	1.606000	16.620000
1537	-66.871679	1.608000	16.790000
1538	-66.761679	1.610000	16.750000
1539	-66.731679	1.610000	16.540000
1540	-66.701679	1.612000	16.650000
1541	-66.391679	1.612000	16.660000
1542	-66.381679	1.614000	16.680000
1543	-66.311679	1.614000	16.790000
1544	-66.191679	1.616000	16.670000
1545	-66.181679	1.616000	16.750000
1546	-66.091679	1.618000	16.740000
1547	-66.071679	1.618000	16.710000
1548	-66.061679	1.620000	16.630000
1549	-66.031679	1.620000	16.750000
1550	-66.001679	1.621000	16.670000
1551	-65.871679	1.621000	16.660000
1552	-65.681679	1.623000	16.780000
1553	-65.651679	1.623000	16.750000
1554	-65.431679	1.625000	16.700000
1555	-65.361679	1.627000	16.720000
1556	-65.341679	1.627000	16.750000
1557	-65.271679	1.627000	16.780000
1558	-65.261679	1.629000	16.780000
1559	-65.231679	1.629000	16.840000
1560	-65.031679	1.631000	16.510000
1561	-64.991679	1.631000	16.680000
1562	-64.991679	1.633000	16.770000
1563	-64.971679	1.633000	16.690000
1564	-64.961679	1.635000	16.730000
1565	-64.961679	1.635000	16.820000
1566	-64.871679	1.637000	16.780000
1567	-64.721679	1.637000	16.900000
1568	-64.631679	1.639000	16.820000
1569	-64.581679	1.641000	16.790000
1570	-64.551679	1.641000	16.840000
1571	-64.521679	1.643000	16.780000
1572	-64.461679	1.643000	16.680000
1573	-64.411679	1.645000	16.780000
1574	-64.111679	1.645000	16.840000
1575	-64.091679	1.647000	16.900000
1576	-64.061679	1.647000	16.830000
1577	-64.051679	1.649000	16.890000
1578	-64.041679	1.649000	16.880000
1579	-64.001679	1.651000	16.750000
1580	-63.901679	1.651000	16.820000
1581	-63.831679	1.653000	16.960000
1582	-63.541679	1.653000	16.940000
1583	-63.471679	1.655000	16.780000
1584	-63.421679	1.655000	16.890000
1585	-63.201679	1.657000	16.910000
1586	-63.201679	1.657000	16.750000
1587	-63.131679	1.659000	16.850000
1588	-62.951679	1.661000	17.180000
1589	-62.821679	1.661000	16.940000
1590	-62.731679	1.663000	16.950000
1591	-62.701679	1.663000	16.970000
1592	-62.651679	1.664000	16.870000
1593	-62.631679	1.664000	17.030000
1594	-62.531679	1.666000	17.000000
1595	-62.451679	1.666000	17.050000
1596	-62.411679	1.668000	16.970000
1597	-62.331679	1.668000	17.000000
1598	-62.281679	1.670000	16.880000
1599	-62.171679	1.670000	16.900000
1600	-62.121679	1.672000	17.060000
1601	-61.981679	1.672000	17.040000
1602	-61.891679	1.674000	17.140000
1603	-61.711679	1.674000	17.090000
1604	-61.711679	1.676000	17.290000
1605	-61.671679	1.676000	17.190000
1606	-61.631679	1.678000	17.030000
1607	-61.441679	1.678000	17.040000
1608	-61.401679	1.680000	17.080000
1609	-61.341679	1.680000	17.060000
1610	-61.331679	1.682000	17.050000
1611	-61.321679	1.682000	16.910000
1612	-61.181679	1.684000	16.960000
1613	-61.171679	1.686000	16.910000
1614	-61.161679	1.688000	17.150000
1615	-61.121679	1.688000	17.020000
1616	-61.111679	1.690000	17.040000
1617	-61.061679	1.690000	17.150000
1618	-61.031679	1.692000	16.940000
1619	-61.011679	1.692000	16.990000
1620	-60.891679	1.692000	17.120000
1621	-60.771679	1.694000	17.010000
1622	-60.671679	1.694000	17.130000
1623	-60.441679	1.694000	16.960000
1624	-60.241679	1.698000	17.120000
1625	-60.141679	1.698000	17.270000
1626	-60.061679	1.700000	17.150000
1627	-60.021679	1.700000	17.120000
1628	-59.921679	1.702000	17.090000
1629	-59.881679	1.702000	17.170000
1630	-59.811679	1.704000	17.190000
1631	-59.741679	1.704000	17.150000
1632	-59.661679	1.705000	17.250000
1633	-59.651679	1.705000	17.150000
1634	-59.651679	1.707000	17.190000
1635	-59.561679	1.707000	17.170000
1636	-59.491679	1.709000	17.000000
1637	-59.341679	1.709000	17.370000
1638	-59.291679	1.711000	17.140000
1639	-59.281679	1.711000	17.120000
1640	-59.211679	1.713000	17.050000
1641	-59.191679	1.713000	17.200000
1642	-59.161679	1.715000	17.120000
1643	-59.051679	1.715000	17.130000
1644	-58.841679	1.715000	17.180000
1645	-58.791679	1.717000	17.200000
1646	-58.741679	1.719000	17.140000
1647	-58.611679	1.721000	17.330000
1648	-58.501679	1.721000	17.300000
1649	-58.421679	1.723000	17.180000
1650	-58.321679	1.723000	17.400000
1651	-58.031679	1.723000	17.110000
1652	-57.981679	1.725000	17.380000
1653	-57.941679	1.727000	17.460000
1654	-57.881679	1.727000	17.160000
1655	-57.831679	1.729000	17.440000
1656	-57.791679	1.729000	17.550000
1657	-57.771679	1.731000	17.420000
1658	-57.721679	1.731000	17.390000
1659	-57.631679	1.733000	17.250000
1660	-57.511679	1.735000	17.450000
1661	-57.461679	1.735000	17.270000
1662	-57.361679	1.737000	17.390000
1663	-57.351679	1.737000	17.350000
1664	-57.091679	1.739000	17.320000
1665	-56.911679	1.739000	17.250000
1666	-56.871679	1.741000	17.390000
1667	-56.861679	1.741000	17.480000
1668	-56.841679	1.743000	17.380000
1669	-56.531679	1.743000	17.420000
1670	-56.491679	1.745000	17.390000
1671	-56.441679	1.745000	17.390000
1672	-56.431679	1.747000	17.490000
1673	-56.311679	1.747000	17.320000
1674	-56.231679	1.747000	17.310000
1675	-56.121679	1.748000	17.370000
1676	-56.081679	1.750000	17.280000
1677	-56.001679	1.750000	17.340000
1678	-56.001679	1.750000	17.330000
1679	-55.971679	1.752000	17.550000
1680	-55.901679	1.754000	17.590000
1681	-55.851679	1.754000	17.430000
1682	-55.801679	1.754000	17.420000
1683	-55.681679	1.756000	17.350000
1684	-55.551679	1.758000	17.240000
1685	-55.451679	1.758000	17.450000
1686	-55.371679	1.760000	17.490000
1687	-55.321679	1.760000	17.440000
1688	-55.291679	1.762000	17.400000
1689	-55.221679	1.762000	17.380000
1690	-55.191679	1.762000	17.450000
1691	-55.141679	1.764000	17.450000
1692	-55.111679	1.766000	17.580000
1693	-54.951679	1.766000	17.460000
1694	-54.891679	1.768000	17.520000
1695	-54.881679	1.770000	17.490000
1696	-54.611679	1.772000	17.240000
1697	-54.481679	1.772000	17.640000
1698	-54.401679	1.774000	17.510000
1699	-54.361679	1.774000	17.390000
1700	-54.341679	1.776000	17.810000
1701	-54.311679	1.778000	17.620000
1702	-54.271679	1.778000	17.590000
1703	-54.251679	1.780000	17.700000
1704	-54.141679	1.780000	17.480000
1705	-54.131679	1.782000	17.450000
1706	-53.951679	1.782000	17.550000
1707	-53.931679	1.784000	17.450000
1708	-53.761679	1.784000	17.670000
1709	-53.671679	1.786000	17.590000
1710	-53.641679	1.786000	17.700000
1711	-53.551679	1.788000	17.610000
1712	-53.521679	1.788000	17.550000
1713	-53.461679	1.789000	17.630000
1714	-53.381679	1.789000	17.560000
1715	-53.371679	1.791000	17.700000
1716	-53.271679	1.791000	17.550000
1717	-53.081679	1.793000	17.700000
1718	-53.071679	1.793000	17.630000
1719	-53.001679	1.795000	17.660000
1720	-52.951679	1.795000	17.750000
1721	-52.781679	1.797000	17.720000
1722	-52.691679	1.797000	17.670000
1723	-52.611679	1.799000	17.690000
1724	-52.561679	1.799000	17.710000
1725	-52.551679	1.801000	17.610000
1726	-52.421679	1.801000	17.740000
1727	-52.341679	1.803000	17.710000
1728	-52.331679	1.803000	17.760000
1729	-52.301679	1.805000	17.710000
1730	-52.051679	1.807000	17.820000
1731	-51.911679	1.807000	17.620000
1732	-51.841679	1.809000	17.670000
1733	-51.781679	1.809000	17.830000
1734	-51.651679	1.811000	17.850000
1735	-51.591679	1.811000	17.740000
1736	-51.521679	1.813000	17.700000
1737	-51.461679	1.813000	17.880000
1738	-51.461679	1.815000	17.950000
1739	-51.381679	1.817000	17.790000
1740	-51.231679	1.817000	17.890000
1741	-51.221679	1.819000	17.780000
1742	-51.161679	1.819000	17.800000
1743	-50.951679	1.821000	17.900000
1744	-50.831679	1.821000	17.720000
1745	-50.691679	1.823000	17.810000
1746	-50.681679	1.823000	18.000000
1747	-50.601679	1.825000	17.830000
1748	-50.541679	1.825000	17.910000
1749	-50.511679	1.827000	17.660000
1750	-50.451679	1.827000	17.830000
1751	-50.141679	1.829000	17.710000
1752	-50.131679	1.829000	17.800000
1753	-50.121679	1.830000	17.800000
1754	-50.091679	1.830000	17.730000
1755	-49.851679	1.832000	17.940000
1756	-49.701679	1.832000	17.870000
1757	-49.681679	1.834000	17.850000
1758	-49.671679	1.834000	17.890000
1759	-49.611679	1.836000	17.840000
1760	-49.561679	1.836000	17.900000
1761	-49.531679	1.838000	17.810000
1762	-49.471679	1.838000	17.950000
1763	-49.431679	1.840000	17.890000
1764	-49.421679	1.840000	17.930000
1765	-49.411679	1.842000	17.850000
1766	-49.391679	1.842000	17.970000
1767	-49.341679	1.844000	18.050000
1768	-49.321679	1.844000	17.920000
1769	-49.281679	1.846000	17.950000
1770	-49.281679	1.846000	17.890000
1771	-49.261679	1.848000	17.960000
1772	-49.161679	1.848000	17.970000
1773	-48.961679	1.852000	17.910000
1774	-48.871679	1.852000	17.790000
1775	-48.681679	1.854000	17.830000
1776	-48.421679	1.854000	18.000000
1777	-47.981679	1.856000	17.960000
1778	-47.891679	1.856000	17.900000
1779	-47.861679	1.856000	18.010000
1780	-47.751679	1.858000	18.110000
1781	-47.681679	1.860000	17.970000
1782	-47.661679	1.862000	17.830000
1783	-47.521679	1.862000	17.870000
1784	-47.501679	1.864000	17.920000
1785	-47.411679	1.864000	18.160000
1786	-47.411679	1.864000	18.030000
1787	-47.381679	1.866000	18.110000
1788	-47.351679	1.868000	18.070000
1789	-47.321679	1.868000	17.890000
1790	-47.241679	1.868000	18.060000
1791	-47.201679	1.870000	18.130000
1792	-47.191679	1.871000	18.110000
1793	-47.151679	1.871000	18.030000
1794	-47.091679	1.871000	18.100000
1795	-47.061679	1.873000	17.980000
1796	-47.051679	1.875000	18.050000
1797	-46.931679	1.875000	18.220000
1798	-46.901679	1.877000	18.110000
1799	-46.731679	1.877000	18.110000
1800	-46.671679	1.879000	17.990000
1801	-46.641679	1.879000	17.990000
1802	-46.561679	1.879000	18.120000
1803	-46.351679	1.881000	18.070000
1804	-46.311679	1.883000	18.200000
1805	-46.241679	1.883000	18.100000
1806	-46.211679	1.885000	18.010000
1807	-46.151679	1.885000	18.240000
1808	-46.111679	1.887000	18.140000
1809	-46.061679	1.887000	18.240000
1810	-46.051679	1.889000	18.160000
1811	-45.951679	1.889000	18.060000
1812	-45.871679	1.891000	18.280000
1813	-45.851679	1.891000	18.160000
1814	-45.711679	1.893000	18.250000
1815	-45.621679	1.893000	18.120000
1816	-45.621679	1.895000	18.320000
1817	-45.481679	1.895000	18.160000
1818	-45.401679	1.895000	18.110000
1819	-45.371679	1.897000	18.140000
1820	-45.341679	1.897000	18.080000
1821	-45.311679	1.899000	18.200000
1822	-45.241679	1.901000	18.120000
1823	-45.231679	1.903000	18.230000
1824	-45.141679	1.903000	18.210000
1825	-45.061679	1.903000	18.210000
1826	-44.921679	1.905000	18.170000
1827	-44.901679	1.907000	18.260000
1828	-44.861679	1.907000	18.310000
1829	-44.841679	1.909000	18.200000
1830	-44.811679	1.909000	18.300000
1831	-44.651679	1.911000	18.250000
1832	-44.511679	1.911000	18.310000
1833	-44.401679	1.911000	18.260000
1834	-44.201679	1.913000	18.200000
1835	-44.121679	1.914000	18.290000
1836	-44.111679	1.914000	18.140000
1837	-43.931679	1.916000	18.190000
1838	-43.861679	1.916000	18.170000
1839	-43.731679	1.918000	18.310000
1840	-43.351679	1.918000	18.330000
1841	-43.271679	1.918000	18.440000
1842	-43.191679	1.920000	18.380000
1843	-42.901679	1.922000	18.590000
1844	-42.821679	1.922000	18.400000
1845	-42.621679	1.924000	18.490000
1846	-42.621679	1.924000	18.480000
1847	-42.591679	1.926000	18.500000
1848	-42.491679	1.926000	18.570000
1849	-42.421679	1.928000	18.340000
1850	-42.381679	1.928000	18.360000
1851	-42.361679	1.930000	18.420000
1852	-42.321679	1.932000	18.430000
1853	-42.241679	1.932000	18.220000
1854	-42.201679	1.936000	18.360000
1855	-42.191679	1.936000	18.380000
1856	-42.161679	1.938000	18.390000
1857	-42.111679	1.938000	18.480000
1858	-42.101679	1.940000	18.520000
1859	-42.001679	1.940000	18.330000
1860	-41.981679	1.942000	18.340000
1861	-41.931679	1.944000	18.300000
1862	-41.851679	1.944000	18.340000
1863	-41.701679	1.946000	18.450000
1864	-41.661679	1.946000	18.380000
1865	-41.651679	1.948000	18.420000
1866	-41.611679	1.948000	18.470000
1867	-41.531679	1.950000	18.530000
1868	-41.501679	1.950000	18.620000
1869	-41.501679	1.952000	18.560000
1870	-41.491679	1.954000	18.480000
1871	-41.431679	1.954000	18.360000
1872	-41.361679	1.955000	18.270000
1873	-41.251679	1.955000	18.420000
1874	-41.231679	1.957000	18.450000
1875	-41.181679	1.957000	18.450000
1876	-40.991679	1.959000	18.590000
1877	-40.851679	1.959000	18.540000
1878	-40.831679	1.961000	18.580000
1879	-40.771679	1.961000	18.610000
1880	-40.761679	1.963000	18.490000
1881	-40.711679	1.963000	18.530000
1882	-40.621679	1.965000	18.590000
1883	-40.471679	1.965000	18.590000
1884	-40.391679	1.967000	18.630000
1885	-40.221679	1.967000	18.560000
1886	-40.211679	1.969000	18.420000
1887	-40.181679	1.969000	18.510000
1888	-40.121679	1.971000	18.470000
1889	-39.861679	1.971000	18.760000
1890	-39.721679	1.973000	18.550000
1891	-39.691679	1.973000	18.500000
1892	-39.661679	1.975000	18.680000
1893	-39.551679	1.975000	18.710000
1894	-39.541679	1.977000	18.620000
1895	-39.531679	1.977000	18.640000
1896	-39.511679	1.979000	18.530000
1897	-39.511679	1.979000	18.530000
1898	-39.431679	1.981000	18.600000
1899	-39.371679	1.981000	18.680000
1900	-39.351679	1.983000	18.650000
1901	-39.301679	1.987000	18.530000
1902	-39.261679	1.985000	18.690000
1903	-39.231679	1.987000	18.630000
1904	-39.191679	1.987000	18.550000
1905	-39.141679	1.989000	18.490000
1906	-39.071679	1.989000	18.560000
1907	-38.931679	1.991000	18.630000
1908	-38.601679	1.991000	18.780000
1909	-38.571679	1.991000	18.730000
1910	-38.471679	1.995000	18.780000
1911	-38.311679	1.995000	18.800000
1912	-38.261679	1.997000	18.780000
1913	-38.241679	1.997000	18.740000
1914	-38.231679	1.998000	18.750000
1915	-38.101679	1.998000	18.770000
1916	-38.031679	2.000000	18.760000
1917	-37.911679	2.000000	18.670000
1918	-37.851679	2.002000	18.790000
1919	-37.811679	2.002000	18.910000
1920	-37.801679	2.004000	18.770000
1921	-37.761679	2.004000	18.680000
1922	-37.741679	2.006000	18.810000
1923	-37.651679	2.006000	18.860000
1924	-37.621679	2.008000	18.700000
1925	-37.521679	2.008000	18.770000
1926	-37.411679	2.010000	18.790000
1927	-37.341679	2.010000	18.750000
1928	-37.121679	2.012000	18.730000
1929	-37.061679	2.012000	18.660000
1930	-36.821679	2.014000	18.790000
1931	-36.801679	2.016000	18.830000
1932	-36.681679	2.016000	18.690000
1933	-36.651679	2.020000	18.730000
1934	-36.591679	2.020000	18.830000
1935	-36.571679	2.020000	18.900000
1936	-36.191679	2.022000	18.760000
1937	-36.161679	2.024000	18.850000
1938	-36.091679	2.024000	19.060000
1939	-36.081679	2.024000	18.910000
1940	-36.011679	2.026000	19.000000
1941	-35.831679	2.028000	18.830000
1942	-35.811679	2.028000	18.830000
1943	-35.701679	2.028000	18.990000
1944	-35.481679	2.030000	18.950000
1945	-35.401679	2.032000	18.890000
1946	-35.381679	2.032000	18.890000
1947	-35.351679	2.034000	18.870000
1948	-35.291679	2.034000	18.960000
1949	-35.201679	2.036000	18.960000
1950	-35.171679	2.038000	18.870000
1951	-35.101679	2.038000	18.940000
1952	-35.071679	2.039000	18.910000
1953	-35.041679	2.039000	19.030000
1954	-35.011679	2.041000	18.940000
1955	-34.991679	2.041000	18.940000
1956	-34.901679	2.043000	18.940000
1957	-34.861679	2.043000	18.920000
1958	-34.741679	2.043000	18.880000
1959	-34.671679	2.045000	19.050000
1960	-34.641679	2.047000	18.930000
1961	-34.621679	2.047000	19.030000
1962	-34.591679	2.049000	18.960000
1963	-34.361679	2.049000	19.090000
1964	-34.281679	2.051000	18.810000
1965	-34.231679	2.051000	18.910000
1966	-34.221679	2.051000	19.060000
1967	-34.121679	2.053000	18.960000
1968	-34.051679	2.053000	19.050000
1969	-34.051679	2.053000	18.920000
1970	-34.021679	2.057000	19.010000
1971	-34.001679	2.059000	19.030000
1972	-33.831679	2.059000	18.950000
1973	-33.711679	2.059000	19.080000
1974	-33.701679	2.061000	18.910000
1975	-33.621679	2.063000	18.940000
1976	-33.511679	2.063000	19.030000
1977	-33.251679	2.065000	19.030000
1978	-33.231679	2.065000	19.110000
1979	-32.931679	2.067000	19.130000
1980	-32.821679	2.067000	19.030000
1981	-32.621679	2.067000	19.100000
1982	-32.621679	2.069000	19.200000
1983	-32.491679	2.071000	18.930000
1984	-32.481679	2.071000	19.090000
1985	-32.451679	2.073000	19.110000
1986	-32.421679	2.073000	19.110000
1987	-32.391679	2.075000	19.070000
1988	-32.381679	2.075000	19.060000
1989	-32.321679	2.075000	19.220000
1990	-32.291679	2.079000	19.140000
1991	-32.241679	2.079000	19.270000
1992	-32.091679	2.080000	19.140000
1993	-32.031679	2.080000	19.130000
1994	-31.981679	2.082000	19.030000
1995	-31.731679	2.082000	19.090000
1996	-31.611679	2.082000	18.970000
1997	-31.601679	2.084000	18.980000
1998	-31.481679	2.086000	19.170000
1999	-31.411679	2.086000	19.290000
2000	-31.391679	2.086000	19.250000
2001	-31.121679	2.088000	19.150000
2002	-31.041679	2.090000	18.990000
2003	-31.011679	2.090000	19.290000
2004	-30.951679	2.090000	19.210000
2005	-30.741679	2.092000	19.300000
2006	-30.711679	2.094000	19.190000
2007	-30.671679	2.094000	18.930000
2008	-30.611679	2.096000	19.110000
2009	-30.561679	2.096000	19.130000
2010	-30.561679	2.098000	19.220000
2011	-30.511679	2.098000	19.170000
2012	-30.501679	2.102000	19.280000
2013	-30.451679	2.102000	19.260000
2014	-30.411679	2.104000	19.140000
2015	-30.411679	2.104000	19.150000
2016	-30.391679	2.106000	19.340000
2017	-30.301679	2.106000	19.230000
2018	-30.231679	2.108000	19.260000
2019	-30.181679	2.108000	19.290000
2020	-30.071679	2.110000	19.240000
2021	-30.051679	2.110000	19.250000
2022	-30.001679	2.112000	19.230000
2023	-29.841679	2.112000	19.380000
2024	-29.831679	2.114000	19.220000
2025	-29.771679	2.114000	19.200000
2026	-29.711679	2.116000	19.220000
2027	-29.701679	2.116000	19.260000
2028	-29.661679	2.118000	19.200000
2029	-29.651679	2.116000	19.570000
2030	-29.571679	2.120000	19.180000
2031	-29.471679	2.120000	19.330000
2032	-29.361679	2.121000	19.300000
2033	-29.171679	2.121000	19.430000
2034	-28.851679	2.123000	19.310000
2035	-28.621679	2.123000	19.290000
2036	-28.591679	2.127000	19.220000
2037	-28.531679	2.125000	19.340000
2038	-28.521679	2.127000	19.330000
2039	-28.431679	2.127000	19.240000
2040	-28.391679	2.129000	19.350000
2041	-28.371679	2.131000	19.360000
2042	-28.361679	2.131000	19.430000
2043	-28.221679	2.133000	19.440000
2044	-28.171679	2.133000	19.250000
2045	-28.131679	2.135000	19.350000
2046	-28.071679	2.135000	19.450000
2047	-27.861679	2.137000	19.330000
2048	-27.801679	2.137000	19.400000
2049	-27.781679	2.139000	19.460000
2050	-27.751679	2.139000	19.310000
2051	-27.661679	2.141000	19.380000
2052	-27.581679	2.141000	19.460000
2053	-27.341679	2.143000	19.530000
2054	-27.331679	2.143000	19.440000
2055	-27.181679	2.145000	19.470000
2056	-27.141679	2.145000	19.490000
2057	-27.131679	2.147000	19.490000
2058	-27.101679	2.147000	19.360000
2059	-26.991679	2.147000	19.480000
2060	-26.971679	2.147000	19.580000
2061	-26.951679	2.151000	19.510000
2062	-26.821679	2.153000	19.470000
2063	-26.761679	2.153000	19.470000
2064	-26.701679	2.155000	19.520000
2065	-26.681679	2.155000	19.450000
2066	-26.651679	2.157000	19.510000
2067	-26.551679	2.157000	19.380000
2068	-26.551679	2.159000	19.490000
2069	-26.511679	2.159000	19.470000
2070	-26.481679	2.161000	19.420000
2071	-26.361679	2.161000	19.540000
2072	-26.271679	2.163000	19.560000
2073	-26.121679	2.163000	19.440000
2074	-26.041679	2.164000	19.460000
2075	-25.921679	2.164000	19.600000
2076	-25.911679	2.166000	19.670000
2077	-25.641679	2.166000	19.440000
2078	-25.451679	2.168000	19.510000
2079	-25.321679	2.168000	19.530000
2080	-25.321679	2.170000	19.550000
2081	-25.181679	2.170000	19.540000
2082	-25.151679	2.172000	19.600000
2083	-25.141679	2.174000	19.710000
2084	-25.141679	2.174000	19.580000
2085	-25.091679	2.176000	19.700000
2086	-25.041679	2.176000	19.480000
2087	-24.851679	2.178000	19.530000
2088	-24.811679	2.178000	19.430000
2089	-24.811679	2.180000	19.390000
2090	-24.811679	2.180000	19.520000
2091	-24.741679	2.182000	19.490000
2092	-24.661679	2.182000	19.570000
2093	-24.661679	2.184000	19.590000
2094	-24.631679	2.186000	19.550000
2095	-24.591679	2.188000	19.530000
2096	-24.421679	2.188000	19.700000
2097	-24.281679	2.190000	19.630000
2098	-24.231679	2.190000	19.540000
2099	-24.141679	2.192000	19.750000
2100	-24.101679	2.192000	19.770000
2101	-23.921679	2.194000	19.690000
2102	-23.901679	2.194000	19.610000
2103	-23.841679	2.196000	19.620000
2104	-23.741679	2.196000	19.790000
2105	-23.691679	2.198000	19.750000
2106	-23.661679	2.198000	19.700000
2107	-23.491679	2.200000	19.510000
2108	-23.341679	2.200000	19.570000
2109	-23.331679	2.200000	19.810000
2110	-23.331679	2.202000	19.700000
2111	-23.311679	2.204000	19.790000
2112	-23.281679	2.204000	19.760000
2113	-23.221679	2.205000	19.720000
2114	-23.181679	2.205000	19.820000
2115	-23.071679	2.207000	19.740000
2116	-22.851679	2.207000	19.840000
2117	-22.781679	2.207000	19.860000
2118	-22.771679	2.209000	19.710000
2119	-22.531679	2.211000	19.790000
2120	-22.511679	2.211000	19.880000
2121	-22.501679	2.211000	19.840000
2122	-22.301679	2.213000	19.870000
2123	-22.151679	2.215000	19.690000
2124	-22.131679	2.215000	19.770000
2125	-22.041679	2.215000	19.800000
2126	-21.961679	2.217000	19.810000
2127	-21.781679	2.221000	19.790000
2128	-21.671679	2.221000	20.060000
2129	-21.561679	2.221000	19.820000
2130	-21.531679	2.221000	19.840000
2131	-21.511679	2.223000	19.860000
2132	-21.401679	2.225000	19.950000
2133	-21.361679	2.225000	19.810000
2134	-21.271679	2.227000	19.970000
2135	-21.211679	2.227000	19.910000
2136	-21.181679	2.229000	20.020000
2137	-21.101679	2.229000	19.970000
2138	-21.001679	2.231000	20.050000
2139	-20.991679	2.231000	19.770000
2140	-20.941679	2.231000	19.980000
2141	-20.911679	2.233000	20.050000
2142	-20.881679	2.235000	19.880000
2143	-20.791679	2.235000	19.880000
2144	-20.791679	2.237000	19.900000
2145	-20.761679	2.237000	19.850000
2146	-20.751679	2.239000	19.770000
2147	-20.651679	2.239000	19.890000
2148	-20.541679	2.239000	20.020000
2149	-20.411679	2.241000	19.890000
2150	-20.301679	2.241000	19.950000
2151	-20.291679	2.241000	19.930000
2152	-20.281679	2.245000	19.980000
2153	-20.181679	2.245000	19.860000
2154	-20.011679	2.247000	20.030000
2155	-19.941679	2.247000	20.020000
2156	-19.671679	2.247000	20.110000
2157	-19.581679	2.248000	20.230000
2158	-19.551679	2.250000	19.920000
2159	-19.491679	2.250000	20.080000
2160	-19.381679	2.252000	20.210000
2161	-19.241679	2.252000	20.160000
2162	-19.181679	2.254000	20.100000
2163	-19.031679	2.254000	20.100000
2164	-18.771679	2.256000	20.140000
2165	-18.671679	2.258000	20.000000
2166	-18.471679	2.258000	20.220000
2167	-18.361679	2.260000	20.200000
2168	-18.091679	2.260000	20.010000
2169	-18.061679	2.262000	20.070000
2170	-18.031679	2.262000	20.100000
2171	-17.971679	2.262000	20.210000
2172	-17.961679	2.266000	20.270000
2173	-17.941679	2.266000	20.250000
2174	-17.761679	2.268000	19.990000
2175	-17.571679	2.270000	20.210000
2176	-17.571679	2.272000	20.200000
2177	-17.481679	2.272000	20.220000
2178	-17.341679	2.274000	20.300000
2179	-17.341679	2.274000	20.170000
2180	-17.231679	2.276000	20.330000
2181	-17.221679	2.276000	20.170000
2182	-17.211679	2.278000	20.210000
2183	-17.181679	2.278000	20.240000
2184	-17.181679	2.280000	20.240000
2185	-17.141679	2.280000	20.210000
2186	-17.111679	2.284000	20.250000
2187	-17.071679	2.284000	20.200000
2188	-17.041679	2.284000	20.210000
2189	-17.041679	2.284000	20.160000
2190	-17.041679	2.286000	20.190000
2191	-17.021679	2.286000	20.150000
2192	-16.991679	2.288000	20.220000
2193	-16.911679	2.289000	20.250000
2194	-16.891679	2.289000	20.120000
2195	-16.841679	2.291000	20.160000
2196	-16.831679	2.291000	20.140000
2197	-16.791679	2.293000	20.240000
2198	-16.781679	2.293000	20.190000
2199	-16.631679	2.295000	20.240000
2200	-16.591679	2.295000	20.200000
2201	-16.571679	2.297000	20.270000
2202	-16.521679	2.297000	20.240000
2203	-16.401679	2.299000	20.190000
2204	-16.391679	2.299000	20.200000
2205	-16.311679	2.301000	20.120000
2206	-16.201679	2.301000	20.300000
2207	-16.061679	2.303000	20.150000
2208	-15.991679	2.303000	20.260000
2209	-15.981679	2.303000	20.380000
2210	-15.781679	2.303000	20.160000
2211	-15.741679	2.307000	20.150000
2212	-15.611679	2.307000	20.160000
2213	-15.391679	2.309000	20.300000
2214	-15.371679	2.309000	20.310000
2215	-15.371679	2.311000	20.240000
2216	-15.241679	2.311000	20.490000
2217	-15.061679	2.313000	20.520000
2218	-15.011679	2.313000	20.380000
2219	-15.001679	2.315000	20.360000
2220	-14.991679	2.315000	20.370000
2221	-14.831679	2.317000	20.350000
2222	-14.751679	2.317000	20.510000
2223	-14.691679	2.319000	20.390000
2224	-14.681679	2.319000	20.310000
2225	-14.661679	2.319000	20.360000
2226	-14.661679	2.319000	20.410000
2227	-14.561679	2.323000	20.400000
2228	-14.511679	2.323000	20.380000
2229	-14.421679	2.325000	20.380000
2230	-14.341679	2.325000	20.420000
2231	-14.271679	2.327000	20.450000
2232	-14.241679	2.327000	20.440000
2233	-14.021679	2.329000	20.380000
2234	-13.991679	2.329000	20.420000
2235	-13.721679	2.330000	20.690000
2236	-13.611679	2.330000	20.440000
2237	-13.551679	2.332000	20.660000
2238	-13.521679	2.332000	20.500000
2239	-13.401679	2.334000	20.530000
2240	-13.361679	2.334000	20.390000
2241	-13.331679	2.336000	20.360000
2242	-13.311679	2.336000	20.450000
2243	-13.241679	2.338000	20.340000
2244	-13.161679	2.340000	20.480000
2245	-13.131679	2.340000	20.620000
2246	-13.121679	2.342000	20.330000
2247	-13.081679	2.342000	20.530000
2248	-13.061679	2.344000	20.410000
2249	-13.021679	2.344000	20.530000
2250	-12.991679	2.346000	20.540000
2251	-12.901679	2.346000	20.560000
2252	-12.881679	2.348000	20.510000
2253	-12.841679	2.348000	20.500000
2254	-12.771679	2.352000	20.360000
2255	-12.761679	2.352000	20.520000
2256	-12.721679	2.354000	20.430000
2257	-12.571679	2.354000	20.570000
2258	-12.551679	2.356000	20.570000
2259	-12.461679	2.356000	20.520000
2260	-12.301679	2.356000	20.580000
2261	-12.211679	2.358000	20.460000
2262	-12.121679	2.360000	20.560000
2263	-11.961679	2.360000	20.560000
2264	-11.871679	2.360000	20.470000
2265	-11.871679	2.362000	20.490000
2266	-11.781679	2.364000	20.550000
2267	-11.631679	2.364000	20.630000
2268	-11.281679	2.364000	20.550000
2269	-11.141679	2.366000	20.560000
2270	-11.121679	2.366000	20.630000
2271	-10.991679	2.366000	20.640000
2272	-10.991679	2.370000	20.580000
2273	-10.921679	2.370000	20.620000
2274	-10.881679	2.371000	20.650000
2275	-10.821679	2.371000	20.580000
2276	-10.751679	2.373000	20.620000
2277	-10.721679	2.375000	20.520000
2278	-10.671679	2.375000	20.510000
2279	-10.621679	2.377000	20.580000
2280	-10.581679	2.377000	20.600000
2281	-10.571679	2.379000	20.630000
2282	-10.511679	2.379000	20.550000
2283	-10.491679	2.381000	20.660000
2284	-10.441679	2.381000	20.600000
2285	-10.391679	2.383000	20.600000
2286	-10.361679	2.383000	20.600000
2287	-10.151679	2.385000	20.770000
2288	-10.131679	2.385000	20.540000
2289	-10.031679	2.387000	20.630000
2290	-9.921679	2.387000	20.540000
2291	-9.831679	2.387000	20.630000
2292	-9.821679	2.389000	20.580000
2293	-9.791679	2.391000	20.630000
2294	-9.701679	2.393000	20.700000
2295	-9.511679	2.393000	20.700000
2296	-9.351679	2.395000	20.790000
2297	-9.011679	2.395000	20.620000
2298	-8.991679	2.395000	20.550000
2299	-8.911679	2.397000	20.760000
2300	-8.791679	2.399000	20.540000
2301	-8.781679	2.399000	20.580000
2302	-8.751679	2.401000	20.710000
2303	-8.671679	2.401000	20.730000
2304	-8.651679	2.403000	20.650000
2305	-8.541679	2.403000	20.660000
2306	-8.341679	2.405000	20.780000
2307	-8.151679	2.407000	20.810000
2308	-8.131679	2.407000	20.720000
2309	-8.081679	2.409000	20.550000
2310	-7.991679	2.409000	20.730000
2311	-7.921679	2.411000	20.640000
2312	-7.911679	2.411000	20.860000
2313	-7.901679	2.413000	20.620000
2314	-7.891679	2.414000	20.720000
2315	-7.881679	2.414000	20.620000
2316	-7.871679	2.416000	20.790000
2317	-7.661679	2.416000	20.780000
2318	-7.571679	2.418000	20.720000
2319	-7.561679	2.418000	20.810000
2320	-7.451679	2.418000	20.760000
2321	-7.241679	2.420000	20.610000
2322	-7.191679	2.422000	20.760000
2323	-7.181679	2.424000	20.850000
2324	-7.151679	2.424000	20.730000
2325	-7.151679	2.426000	20.840000
2326	-7.131679	2.426000	20.680000
2327	-7.011679	2.426000	20.700000
2328	-6.941679	2.428000	20.550000
2329	-6.851679	2.430000	20.670000
2330	-6.821679	2.430000	20.840000
2331	-6.821679	2.432000	20.720000
2332	-6.811679	2.436000	20.820000
2333	-6.801679	2.436000	20.950000
2334	-6.761679	2.438000	20.790000
2335	-6.731679	2.438000	20.780000
2336	-6.641679	2.440000	20.880000
2337	-6.631679	2.440000	20.900000
2338	-6.591679	2.442000	20.670000
2339	-6.561679	2.442000	20.760000
2340	-6.411679	2.444000	20.840000
2341	-6.321679	2.444000	20.760000
2342	-6.321679	2.446000	20.790000
2343	-6.291679	2.446000	20.820000
2344	-6.271679	2.448000	20.910000
2345	-6.231679	2.448000	20.820000
2346	-6.201679	2.450000	20.820000
2347	-6.051679	2.450000	20.810000
2348	-5.991679	2.452000	20.760000
2349	-5.611679	2.452000	20.910000
2350	-5.571679	2.455000	20.860000
2351	-5.311679	2.455000	20.820000
2352	-5.311679	2.455000	20.820000
2353	-5.231679	2.457000	20.890000
2354	-5.171679	2.457000	20.830000
2355	-5.111679	2.459000	21.000000
2356	-5.001679	2.459000	21.000000
2357	-4.961679	2.461000	20.890000
2358	-4.811679	2.461000	20.920000
2359	-4.811679	2.463000	20.810000
2360	-4.691679	2.463000	20.920000
2361	-4.581679	2.465000	20.950000
2362	-4.461679	2.465000	20.950000
2363	-4.451679	2.467000	21.000000
2364	-4.421679	2.467000	21.060000
2365	-4.411679	2.469000	20.800000
2366	-4.391679	2.469000	20.890000
2367	-4.231679	2.471000	21.000000
2368	-4.221679	2.471000	20.850000
2369	-4.141679	2.473000	21.180000
2370	-4.071679	2.473000	20.820000
2371	-4.011679	2.475000	20.960000
2372	-3.991679	2.477000	20.980000
2373	-3.921679	2.477000	21.010000
2374	-3.871679	2.479000	20.920000
2375	-3.831679	2.479000	21.010000
2376	-3.801679	2.481000	20.840000
2377	-3.741679	2.481000	20.770000
2378	-3.631679	2.483000	21.170000
2379	-3.501679	2.483000	21.000000
2380	-3.461679	2.485000	21.050000
2381	-3.421679	2.485000	21.060000
2382	-3.421679	2.487000	21.010000
2383	-3.321679	2.487000	21.050000
2384	-3.151679	2.489000	21.110000
2385	-3.131679	2.489000	21.160000
2386	-2.951679	2.491000	21.020000
2387	-2.941679	2.491000	21.010000
2388	-2.881679	2.493000	21.170000
2389	-2.821679	2.493000	21.170000
2390	-2.761679	2.495000	21.170000
2391	-2.641679	2.495000	21.030000
2392	-2.621679	2.497000	21.150000
2393	-2.561679	2.497000	21.020000
2394	-2.441679	2.498000	21.160000
2395	-2.361679	2.498000	21.110000
2396	-2.121679	2.500000	21.170000
2397	-2.011679	2.500000	21.160000
2398	-1.911679	2.502000	21.140000
2399	-1.841679	2.502000	21.180000
2400	-1.821679	2.504000	21.150000
2401	-1.751679	2.504000	21.190000
2402	-1.631679	2.506000	21.190000
2403	-1.601679	2.508000	21.030000
2404	-1.571679	2.508000	21.180000
2405	-1.461679	2.510000	21.060000
2406	-1.391679	2.510000	21.120000
2407	-1.191679	2.512000	21.140000
2408	-1.131679	2.512000	21.120000
2409	-1.111679	2.514000	21.310000
2410	-1.111679	2.514000	21.340000
2411	-1.091679	2.516000	21.190000
2412	-0.981679	2.520000	21.230000
2413	-0.951679	2.520000	21.290000
2414	-0.711679	2.520000	21.140000
2415	-0.651679	2.522000	21.300000
2416	-0.551679	2.524000	21.200000
2417	-0.471679	2.524000	21.300000
2418	-0.451679	2.526000	21.180000
2419	-0.431679	2.526000	21.170000
2420	-0.421679	2.528000	21.130000
2421	-0.391679	2.528000	21.260000
2422	-0.391679	2.530000	21.350000
2423	-0.381679	2.532000	21.170000
2424	-0.331679	2.532000	21.150000
2425	-0.321679	2.534000	21.270000
2426	-0.221679	2.534000	21.190000
2427	-0.221679	2.536000	21.250000
2428	-0.211679	2.536000	21.280000
2429	-0.091679	2.536000	21.300000
2430	0.058321	2.538000	21.170000
2431	0.088321	2.539000	21.290000
2432	0.198321	2.539000	21.200000
2433	0.238321	2.541000	21.270000
2434	0.398321	2.541000	21.280000
2435	0.548321	2.543000	21.230000
2436	0.628321	2.543000	21.430000
2437	0.668321	2.543000	21.130000
2438	1.068321	2.545000	21.310000
2439	1.088321	2.549000	21.330000
2440	1.188321	2.547000	21.270000
2441	1.348321	2.547000	21.330000
2442	1.368321	2.549000	21.280000
2443	1.378321	2.551000	21.280000
2444	1.388321	2.551000	21.490000
2445	1.458321	2.551000	21.310000
2446	1.458321	2.553000	21.200000
2447	1.478321	2.555000	21.270000
2448	1.608321	2.555000	21.460000
2449	1.738321	2.557000	21.320000
2450	1.748321	2.557000	21.280000
2451	1.828321	2.559000	21.350000
2452	1.838321	2.559000	21.320000
2453	1.858321	2.559000	21.310000
2454	2.028321	2.561000	21.280000
2455	2.058321	2.563000	21.340000
2456	2.068321	2.563000	21.300000
2457	2.118321	2.565000	21.280000
2458	2.138321	2.565000	21.320000
2459	2.148321	2.567000	21.330000
2460	2.158321	2.567000	21.270000
2461	2.228321	2.567000	21.350000
2462	2.388321	2.569000	21.400000
2463	2.418321	2.569000	21.300000
2464	2.458321	2.571000	21.360000
2465	2.508321	2.573000	21.310000
2466	2.618321	2.573000	21.370000
2467	2.688321	2.575000	21.370000
2468	2.758321	2.575000	21.340000
2469	2.878321	2.575000	21.410000
2470	2.878321	2.577000	21.500000
2471	3.028321	2.579000	21.520000
2472	3.088321	2.580000	21.430000
2473	3.088321	2.580000	21.380000
2474	3.128321	2.582000	21.290000
2475	3.128321	2.582000	21.350000
2476	3.148321	2.582000	21.320000
2477	3.158321	2.584000	21.240000
2478	3.158321	2.586000	21.250000
2479	3.338321	2.586000	21.330000
2480	3.348321	2.588000	21.480000
2481	3.418321	2.588000	21.390000
2482	3.418321	2.590000	21.440000
2483	3.598321	2.590000	21.360000
2484	3.618321	2.590000	21.350000
2485	3.738321	2.592000	21.460000
2486	3.748321	2.594000	21.300000
2487	3.828321	2.594000	21.320000
2488	3.938321	2.596000	21.300000
2489	3.958321	2.596000	21.340000
2490	4.228321	2.598000	21.390000
2491	4.288321	2.598000	21.340000
2492	4.398321	2.602000	21.380000
2493	4.418321	2.602000	21.310000
2494	4.468321	2.604000	21.350000
2495	4.568321	2.604000	21.380000
2496	4.568321	2.606000	21.540000
2497	4.598321	2.606000	21.350000
2498	4.688321	2.608000	21.420000
2499	4.988321	2.608000	21.390000
2500	5.348321	2.610000	21.370000
2501	5.408321	2.610000	21.310000
