1	-187.487597	0.000000	9.520000
2	-186.967597	0.000000	9.520000
3	-186.837597	0.002000	9.770000
4	-186.717597	0.002000	9.240000
5	-186.707597	0.004000	9.770000
6	-186.227597	0.006000	9.580000
7	-186.197597	0.006000	9.330000
8	-186.077597	0.008000	9.560000
9	-186.047597	0.008000	9.620000
10	-186.037597	0.010000	9.500000
11	-185.797597	0.010000	9.400000
12	-185.777597	0.014000	9.760000
13	-185.737597	0.012000	9.690000
14	-185.697597	0.014000	9.570000
15	-185.637597	0.014000	9.460000
16	-185.417597	0.016000	9.570000
17	-185.337597	0.016000	9.510000
18	-185.177597	0.018000	9.600000
19	-185.157597	0.018000	9.640000
20	-185.027597	0.020000	9.580000
21	-185.017597	0.020000	9.610000
22	-185.017597	0.022000	9.680000
23	-184.937597	0.024000	9.660000
24	-184.927597	0.024000	9.600000
25	-184.777597	0.026000	9.760000
26	-184.747597	0.026000	9.690000
27	-184.647597	0.028000	9.500000
28	-184.547597	0.028000	9.670000
29	-184.457597	0.029000	9.670000
30	-184.287597	0.029000	9.580000
31	-184.237597	0.031000	9.860000
32	-184.197597	0.031000	9.550000
33	-184.127597	0.033000	9.630000
34	-184.077597	0.033000	9.860000
35	-183.887597	0.035000	9.900000
36	-183.837597	0.035000	9.850000
37	-183.607597	0.037000	9.720000
38	-183.557597	0.037000	9.790000
39	-183.477597	0.039000	9.780000
40	-183.447597	0.039000	9.710000
41	-183.417597	0.041000	9.700000
42	-183.317597	0.041000	10.300000
43	-183.007597	0.043000	9.890000
44	-182.937597	0.045000	9.950000
45	-182.857597	0.045000	9.650000
46	-182.767597	0.047000	10.080000
47	-182.607597	0.047000	9.780000
48	-182.607597	0.051000	9.960000
49	-182.547597	0.051000	9.740000
50	-182.527597	0.053000	9.620000
51	-182.447597	0.053000	9.760000
52	-182.387597	0.055000	9.920000
53	-182.317597	0.057000	10.060000
54	-182.297597	0.057000	9.830000
55	-182.277597	0.059000	9.670000
56	-182.247597	0.059000	9.790000
57	-182.007597	0.061000	9.690000
58	-181.967597	0.061000	10.060000
59	-181.957597	0.063000	9.670000
60	-181.947597	0.063000	9.910000
61	-181.877597	0.063000	9.840000
62	-181.857597	0.067000	9.860000
63	-181.787597	0.065000	9.940000
64	-181.727597	0.069000	10.200000
65	-181.697597	0.069000	9.990000
66	-181.547597	0.070000	9.810000
67	-181.507597	0.070000	9.790000
68	-181.447597	0.070000	9.790000
69	-181.367597	0.072000	9.640000
70	-181.287597	0.076000	10.050000
71	-181.217597	0.074000	10.010000
72	-181.217597	0.076000	9.960000
73	-181.117597	0.076000	9.950000
74	-181.087597	0.078000	9.970000
75	-180.927597	0.078000	9.910000
76	-180.917597	0.078000	9.980000
77	-180.707597	0.080000	9.920000
78	-180.577597	0.082000	9.740000
79	-180.557597	0.082000	9.950000
80	-180.517597	0.084000	9.840000
81	-180.397597	0.084000	9.680000
82	-180.377597	0.086000	9.820000
83	-180.307597	0.086000	9.910000
84	-180.227597	0.086000	10.610000
85	-180.207597	0.088000	9.970000
86	-180.097597	0.090000	9.890000
87	-180.027597	0.090000	10.520000
88	-180.017597	0.092000	10.080000
89	-179.997597	0.092000	10.060000
90	-179.767597	0.094000	10.030000
91	-179.647597	0.094000	9.770000
92	-179.607597	0.096000	9.960000
93	-179.587597	0.096000	10.000000
94	-179.547597	0.096000	10.610000
95	-179.427597	0.098000	9.810000
96	-179.427597	0.100000	9.880000
97	-179.387597	0.100000	10.510000
98	-179.197597	0.102000	10.010000
99	-179.157597	0.102000	9.980000
100	-179.037597	0.102000	9.950000
101	-178.857597	0.104000	9.930000
102	-178.797597	0.106000	10.080000
103	-178.597597	0.108000	9.990000
104	-178.477597	0.108000	9.950000
105	-178.337597	0.110000	10.150000
106	-178.277597	0.110000	10.250000
107	-178.167597	0.110000	9.900000
108	-178.047597	0.112000	10.750000
109	-177.947597	0.112000	10.200000
110	-177.917597	0.113000	10.480000
111	-177.757597	0.115000	10.010000
112	-177.757597	0.115000	10.070000
113	-177.757597	0.117000	10.200000
114	-177.747597	0.117000	10.290000
115	-177.567597	0.117000	10.070000
116	-177.527597	0.119000	10.140000
117	-177.237597	0.121000	10.520000
118	-177.177597	0.121000	10.070000
119	-176.967597	0.123000	10.500000
120	-176.927597	0.123000	10.020000
121	-176.907597	0.125000	10.120000
122	-176.847597	0.125000	10.080000
123	-176.777597	0.127000	10.160000
124	-176.767597	0.129000	10.060000
125	-176.757597	0.129000	10.110000
126	-176.727597	0.131000	10.250000
127	-176.567597	0.131000	10.090000
128	-176.377597	0.135000	10.160000
129	-176.377597	0.135000	10.060000
130	-176.367597	0.137000	10.190000
131	-176.317597	0.137000	10.380000
132	-176.277597	0.139000	10.170000
133	-176.227597	0.139000	10.420000
134	-176.137597	0.141000	10.440000
135	-176.087597	0.141000	10.270000
136	-176.007597	0.143000	10.450000
137	-175.947597	0.143000	10.250000
138	-175.857597	0.145000	10.160000
139	-175.807597	0.145000	10.160000
140	-175.527597	0.147000	10.390000
141	-175.167597	0.147000	10.450000
142	-175.127597	0.149000	10.320000
143	-175.117597	0.149000	10.450000
144	-175.047597	0.151000	10.410000
145	-175.017597	0.151000	10.210000
146	-174.987597	0.153000	10.400000
147	-174.957597	0.153000	10.850000
148	-174.947597	0.154000	10.430000
149	-174.927597	0.154000	10.670000
150	-174.837597	0.156000	10.550000
151	-174.767597	0.156000	10.430000
152	-174.687597	0.158000	10.190000
153	-174.637597	0.158000	10.340000
154	-174.487597	0.158000	10.440000
155	-174.477597	0.162000	10.470000
156	-174.367597	0.162000	10.290000
157	-174.317597	0.164000	10.270000
158	-174.267597	0.164000	10.640000
159	-174.127597	0.166000	10.540000
160	-174.117597	0.166000	10.580000
161	-174.097597	0.168000	10.130000
162	-174.037597	0.168000	10.660000
163	-173.997597	0.170000	10.390000
164	-173.967597	0.172000	10.430000
165	-173.657597	0.172000	10.740000
166	-173.427597	0.174000	10.370000
167	-173.407597	0.174000	10.370000
168	-173.217597	0.174000	11.000000
169	-173.217597	0.174000	10.430000
170	-173.087597	0.178000	10.250000
171	-173.087597	0.178000	10.390000
172	-173.007597	0.180000	10.590000
173	-172.927597	0.180000	10.280000
174	-172.897597	0.182000	10.460000
175	-172.877597	0.182000	10.500000
176	-172.797597	0.184000	10.470000
177	-172.747597	0.184000	10.260000
178	-172.587597	0.186000	10.380000
179	-172.587597	0.186000	10.480000
180	-172.337597	0.188000	10.560000
181	-172.217597	0.188000	10.870000
182	-172.207597	0.190000	10.620000
183	-172.197597	0.190000	10.400000
184	-171.917597	0.192000	10.610000
185	-171.787597	0.194000	11.120000
186	-171.727597	0.194000	10.460000
187	-171.627597	0.196000	11.030000
188	-171.617597	0.196000	10.490000
189	-171.577597	0.197000	10.620000
190	-171.447597	0.197000	10.780000
191	-171.417597	0.199000	10.680000
192	-171.387597	0.199000	10.580000
193	-171.307597	0.201000	10.520000
194	-171.167597	0.201000	10.530000
195	-171.157597	0.203000	10.520000
196	-171.117597	0.203000	10.630000
197	-171.107597	0.205000	10.190000
198	-171.047597	0.205000	10.600000
199	-170.817597	0.207000	10.900000
200	-170.797597	0.207000	10.470000
201	-170.757597	0.209000	10.840000
202	-170.657597	0.209000	10.540000
203	-170.567597	0.211000	10.510000
204	-170.537597	0.211000	10.690000
205	-170.507597	0.213000	10.580000
206	-170.507597	0.213000	10.710000
207	-170.467597	0.215000	10.540000
208	-170.397597	0.215000	10.750000
209	-170.387597	0.219000	10.630000
210	-170.377597	0.219000	10.530000
211	-170.227597	0.219000	10.660000
212	-170.067597	0.221000	10.570000
213	-169.947597	0.223000	10.700000
214	-169.857597	0.225000	10.650000
215	-169.607597	0.225000	10.890000
216	-169.377597	0.227000	10.700000
217	-169.317597	0.227000	10.650000
218	-169.267597	0.227000	10.730000
219	-169.167597	0.229000	10.680000
220	-169.147597	0.231000	10.770000
221	-169.107597	0.231000	10.730000
222	-168.997597	0.233000	10.590000
223	-168.827597	0.233000	10.710000
224	-168.787597	0.235000	10.850000
225	-168.687597	0.235000	10.800000
226	-168.377597	0.235000	10.970000
227	-168.347597	0.237000	11.020000
228	-168.347597	0.238000	10.730000
229	-168.257597	0.238000	10.700000
230	-168.157597	0.240000	10.740000
231	-168.137597	0.240000	11.090000
232	-168.127597	0.242000	10.850000
233	-168.087597	0.242000	10.760000
234	-168.057597	0.244000	10.810000
235	-167.977597	0.246000	10.950000
236	-167.927597	0.246000	10.990000
237	-167.887597	0.248000	10.630000
238	-167.837597	0.248000	10.720000
239	-167.837597	0.250000	10.700000
240	-167.547597	0.250000	10.880000
241	-167.527597	0.250000	11.100000
242	-167.467597	0.252000	11.080000
243	-167.457597	0.254000	10.880000
244	-167.427597	0.252000	10.880000
245	-167.307597	0.256000	10.980000
246	-167.157597	0.256000	10.790000
247	-166.957597	0.258000	10.850000
248	-166.917597	0.258000	10.780000
249	-166.817597	0.258000	11.150000
250	-166.737597	0.260000	10.950000
251	-166.687597	0.264000	11.030000
252	-166.637597	0.262000	10.980000
253	-166.607597	0.264000	10.820000
254	-166.607597	0.264000	10.750000
255	-166.567597	0.266000	10.910000
256	-166.537597	0.266000	10.690000
257	-166.477597	0.266000	10.720000
258	-166.477597	0.268000	11.040000
259	-166.407597	0.270000	10.930000
260	-166.387597	0.270000	10.810000
261	-166.387597	0.272000	10.990000
262	-166.297597	0.272000	10.840000
263	-166.267597	0.274000	10.510000
264	-166.187597	0.276000	10.790000
265	-166.147597	0.276000	10.810000
266	-165.987597	0.278000	11.000000
267	-165.977597	0.279000	10.850000
268	-165.937597	0.279000	10.810000
269	-165.937597	0.279000	10.690000
270	-165.657597	0.281000	10.860000
271	-165.617597	0.281000	11.000000
272	-165.567597	0.281000	10.720000
273	-165.527597	0.283000	10.940000
274	-165.467597	0.285000	10.920000
275	-165.317597	0.283000	11.000000
276	-165.217597	0.287000	10.720000
277	-165.177597	0.287000	11.110000
278	-165.067597	0.289000	10.810000
279	-164.727597	0.289000	11.160000
280	-164.607597	0.289000	11.020000
281	-164.597597	0.291000	11.210000
282	-164.587597	0.293000	10.960000
283	-164.417597	0.293000	10.830000
284	-164.307597	0.295000	11.140000
285	-164.207597	0.297000	10.980000
286	-164.027597	0.297000	11.080000
287	-163.997597	0.301000	11.100000
288	-163.847597	0.301000	11.020000
289	-163.507597	0.303000	11.110000
290	-163.487597	0.303000	10.980000
291	-163.347597	0.305000	11.300000
292	-163.137597	0.305000	11.160000
293	-163.127597	0.307000	11.440000
294	-163.097597	0.311000	11.120000
295	-163.097597	0.309000	11.130000
296	-163.047597	0.311000	11.200000
297	-162.997597	0.311000	11.210000
298	-162.987597	0.313000	11.130000
299	-162.977597	0.313000	11.080000
300	-162.917597	0.315000	11.020000
301	-162.867597	0.315000	11.560000
302	-162.797597	0.315000	11.120000
303	-162.687597	0.317000	11.060000
304	-162.627597	0.319000	11.040000
305	-162.477597	0.319000	11.070000
306	-162.237597	0.320000	11.330000
307	-162.237597	0.320000	11.150000
308	-162.067597	0.322000	11.610000
309	-161.987597	0.322000	11.120000
310	-161.977597	0.324000	11.170000
311	-161.977597	0.324000	11.280000
312	-161.967597	0.326000	11.380000
313	-161.777597	0.326000	11.150000
314	-161.707597	0.328000	11.300000
315	-161.657597	0.328000	11.370000
316	-161.647597	0.330000	11.140000
317	-161.617597	0.330000	11.420000
318	-161.467597	0.332000	11.210000
319	-161.277597	0.332000	11.280000
320	-161.267597	0.334000	11.210000
321	-161.247597	0.334000	11.380000
322	-161.077597	0.336000	11.390000
323	-160.977597	0.336000	11.880000
324	-160.887597	0.338000	11.330000
325	-160.837597	0.338000	11.560000
326	-160.657597	0.340000	11.290000
327	-160.597597	0.340000	11.190000
328	-160.547597	0.342000	11.190000
329	-160.547597	0.342000	11.270000
330	-160.517597	0.344000	11.220000
331	-160.517597	0.344000	11.450000
332	-160.347597	0.346000	11.280000
333	-160.317597	0.346000	11.300000
334	-160.317597	0.348000	11.270000
335	-160.227597	0.348000	11.410000
336	-160.217597	0.350000	11.460000
337	-160.107597	0.350000	11.250000
338	-160.047597	0.352000	11.070000
339	-160.037597	0.352000	11.380000
340	-160.007597	0.354000	11.290000
341	-159.997597	0.354000	11.270000
342	-159.987597	0.356000	11.310000
343	-159.917597	0.356000	11.220000
344	-159.747597	0.358000	11.420000
345	-159.737597	0.360000	11.140000
346	-159.727597	0.360000	11.250000
347	-159.697597	0.362000	11.260000
348	-159.667597	0.362000	11.240000
349	-159.577597	0.363000	11.320000
350	-159.477597	0.363000	11.130000
351	-159.447597	0.365000	11.510000
352	-159.427597	0.365000	11.230000
353	-159.167597	0.367000	11.330000
354	-159.077597	0.367000	11.340000
355	-158.967597	0.369000	11.360000
356	-158.797597	0.371000	11.280000
357	-158.757597	0.371000	11.450000
358	-158.647597	0.373000	11.390000
359	-158.557597	0.373000	11.450000
360	-158.527597	0.375000	11.360000
361	-158.507597	0.375000	11.350000
362	-158.327597	0.377000	11.350000
363	-157.907597	0.377000	11.330000
364	-157.387597	0.379000	11.460000
365	-157.337597	0.377000	12.000000
366	-157.057597	0.381000	11.640000
367	-156.677597	0.381000	11.450000
368	-156.607597	0.383000	11.560000
369	-156.577597	0.385000	11.630000
370	-156.547597	0.387000	11.590000
371	-156.487597	0.387000	11.600000
372	-156.427597	0.389000	11.620000
373	-156.317597	0.389000	11.710000
374	-156.297597	0.391000	11.580000
375	-156.277597	0.391000	11.520000
376	-156.267597	0.393000	12.100000
377	-156.237597	0.393000	11.810000
378	-156.217597	0.395000	11.510000
379	-156.207597	0.395000	11.610000
380	-156.147597	0.397000	11.540000
381	-156.117597	0.397000	11.690000
382	-156.077597	0.399000	11.550000
383	-156.047597	0.399000	11.490000
384	-156.047597	0.399000	11.640000
385	-156.017597	0.401000	11.580000
386	-155.987597	0.404000	11.530000
387	-155.927597	0.403000	11.520000
388	-155.927597	0.404000	11.560000
389	-155.907597	0.404000	11.830000
390	-155.887597	0.406000	11.550000
391	-155.847597	0.406000	11.830000
392	-155.847597	0.406000	11.580000
393	-155.797597	0.408000	11.740000
394	-155.767597	0.410000	11.530000
395	-155.767597	0.410000	11.770000
396	-155.757597	0.412000	11.430000
397	-155.747597	0.414000	11.630000
398	-155.557597	0.414000	11.570000
399	-155.487597	0.414000	11.620000
400	-155.477597	0.416000	11.720000
401	-155.447597	0.418000	11.670000
402	-155.427597	0.418000	11.670000
403	-155.417597	0.420000	11.710000
404	-155.337597	0.420000	11.540000
405	-155.307597	0.422000	11.610000
406	-155.217597	0.422000	11.750000
407	-155.177597	0.422000	11.530000
408	-155.117597	0.424000	11.770000
409	-155.077597	0.426000	11.580000
410	-155.067597	0.426000	11.890000
411	-155.037597	0.428000	11.700000
412	-155.017597	0.428000	11.740000
413	-154.797597	0.430000	11.560000
414	-154.777597	0.430000	11.700000
415	-154.737597	0.432000	11.560000
416	-154.647597	0.432000	11.680000
417	-154.487597	0.436000	11.920000
418	-154.457597	0.434000	11.630000
419	-154.357597	0.436000	11.840000
420	-154.347597	0.436000	11.810000
421	-154.287597	0.438000	11.640000
422	-154.187597	0.438000	11.940000
423	-154.177597	0.438000	11.990000
424	-154.157597	0.440000	11.660000
425	-154.097597	0.440000	11.650000
426	-154.077597	0.444000	11.760000
427	-153.767597	0.444000	11.670000
428	-153.727597	0.446000	11.940000
429	-153.657597	0.446000	11.660000
430	-153.437597	0.446000	11.780000
431	-153.157597	0.447000	11.740000
432	-153.127597	0.449000	11.700000
433	-153.107597	0.449000	11.820000
434	-152.997597	0.451000	11.770000
435	-152.967597	0.451000	11.750000
436	-152.947597	0.453000	11.610000
437	-152.697597	0.453000	11.540000
438	-152.697597	0.453000	11.830000
439	-152.687597	0.455000	12.040000
440	-152.477597	0.457000	11.790000
441	-152.387597	0.457000	11.720000
442	-152.377597	0.459000	11.800000
443	-152.367597	0.459000	11.710000
444	-152.337597	0.461000	11.830000
445	-152.297597	0.461000	11.810000
446	-152.097597	0.463000	11.810000
447	-151.967597	0.463000	11.870000
448	-151.947597	0.465000	12.070000
449	-151.937597	0.465000	12.030000
450	-151.697597	0.467000	11.770000
451	-151.647597	0.469000	11.710000
452	-151.607597	0.471000	11.970000
453	-151.597597	0.471000	11.740000
454	-151.557597	0.473000	11.760000
455	-151.527597	0.473000	11.910000
456	-151.347597	0.475000	12.040000
457	-151.287597	0.477000	11.860000
458	-151.207597	0.477000	12.090000
459	-151.207597	0.479000	11.860000
460	-151.177597	0.479000	11.900000
461	-151.127597	0.481000	11.680000
462	-151.097597	0.481000	11.990000
463	-151.067597	0.483000	11.950000
464	-151.047597	0.483000	11.860000
465	-150.657597	0.485000	11.810000
466	-150.537597	0.487000	11.940000
467	-150.467597	0.487000	12.080000
468	-150.457597	0.488000	12.070000
469	-150.457597	0.488000	11.870000
470	-150.397597	0.490000	11.940000
471	-150.247597	0.490000	11.920000
472	-150.197597	0.492000	11.990000
473	-150.037597	0.492000	12.060000
474	-150.007597	0.494000	11.920000
475	-149.897597	0.494000	12.020000
476	-149.847597	0.496000	12.050000
477	-149.647597	0.498000	12.080000
478	-149.607597	0.498000	11.850000
479	-149.457597	0.498000	12.230000
480	-149.457597	0.500000	11.820000
481	-149.347597	0.500000	12.160000
482	-149.337597	0.502000	11.930000
483	-149.267597	0.502000	12.000000
484	-149.227597	0.504000	12.150000
485	-149.047597	0.502000	12.000000
486	-148.917597	0.506000	11.940000
487	-148.837597	0.508000	12.390000
488	-148.837597	0.508000	12.090000
489	-148.767597	0.510000	11.940000
490	-148.727597	0.510000	12.120000
491	-148.727597	0.512000	12.090000
492	-148.727597	0.512000	12.050000
493	-148.587597	0.514000	12.180000
494	-148.417597	0.514000	12.120000
495	-148.397597	0.516000	12.090000
496	-148.257597	0.518000	12.080000
497	-148.197597	0.518000	12.130000
498	-148.087597	0.520000	12.290000
499	-148.037597	0.520000	12.090000
500	-148.027597	0.522000	12.130000
501	-148.017597	0.522000	12.220000
502	-147.987597	0.524000	12.140000
503	-147.967597	0.524000	12.010000
504	-147.717597	0.526000	12.180000
505	-147.677597	0.529000	12.140000
506	-147.617597	0.528000	12.230000
507	-147.577597	0.529000	12.320000
508	-147.547597	0.529000	12.240000
509	-147.467597	0.531000	12.030000
510	-147.377597	0.531000	12.090000
511	-147.327597	0.533000	12.100000
512	-147.277597	0.533000	12.170000
513	-147.177597	0.535000	12.200000
514	-146.997597	0.537000	12.180000
515	-146.977597	0.537000	12.360000
516	-146.927597	0.539000	12.180000
517	-146.817597	0.539000	12.350000
518	-146.727597	0.541000	12.260000
519	-146.667597	0.541000	12.470000
520	-146.517597	0.543000	12.430000
521	-146.467597	0.543000	12.090000
522	-146.417597	0.545000	12.320000
523	-146.337597	0.545000	12.560000
524	-146.087597	0.547000	12.290000
525	-145.897597	0.547000	12.550000
526	-145.847597	0.551000	12.420000
527	-145.617597	0.551000	12.160000
528	-145.567597	0.553000	12.280000
529	-145.517597	0.553000	12.320000
530	-145.437597	0.555000	12.630000
531	-145.437597	0.555000	12.280000
532	-145.367597	0.557000	12.330000
533	-145.307597	0.557000	12.480000
534	-145.227597	0.559000	12.250000
535	-145.117597	0.559000	12.360000
536	-144.967597	0.561000	12.470000
537	-144.947597	0.561000	12.430000
538	-144.937597	0.563000	12.350000
539	-144.907597	0.563000	12.300000
540	-144.727597	0.563000	12.410000
541	-144.677597	0.565000	12.380000
542	-144.317597	0.567000	12.400000
543	-144.197597	0.567000	12.370000
544	-144.187597	0.569000	12.330000
545	-144.057597	0.569000	12.440000
546	-144.047597	0.570000	12.520000
547	-144.047597	0.570000	12.340000
548	-144.037597	0.570000	12.450000
549	-144.027597	0.572000	12.520000
550	-143.987597	0.576000	12.580000
551	-143.907597	0.576000	12.420000
552	-143.867597	0.576000	12.510000
553	-143.867597	0.576000	12.510000
554	-143.857597	0.578000	12.370000
555	-143.577597	0.578000	12.340000
556	-143.527597	0.580000	12.510000
557	-143.357597	0.580000	12.510000
558	-143.337597	0.582000	12.720000
559	-143.327597	0.582000	12.700000
560	-143.307597	0.584000	12.490000
561	-143.297597	0.584000	12.530000
562	-143.267597	0.586000	12.650000
563	-143.247597	0.586000	12.490000
564	-143.237597	0.586000	12.530000
565	-143.227597	0.588000	12.420000
566	-143.127597	0.590000	12.540000
567	-143.007597	0.592000	12.560000
568	-142.937597	0.592000	12.390000
569	-142.757597	0.592000	12.380000
570	-142.697597	0.594000	12.660000
571	-142.647597	0.594000	12.470000
572	-142.587597	0.594000	12.710000
573	-142.487597	0.596000	12.510000
574	-142.447597	0.598000	12.480000
575	-142.437597	0.598000	12.730000
576	-142.397597	0.600000	12.650000
577	-142.387597	0.600000	12.600000
578	-141.897597	0.602000	12.810000
579	-141.877597	0.602000	12.620000
580	-141.807597	0.602000	12.700000
581	-141.777597	0.604000	12.600000
582	-141.687597	0.606000	12.580000
583	-141.617597	0.606000	12.490000
584	-141.587597	0.608000	12.910000
585	-141.567597	0.608000	12.890000
586	-141.307597	0.610000	12.770000
587	-141.277597	0.612000	12.680000
588	-141.257597	0.612000	12.520000
589	-141.227597	0.613000	12.610000
590	-141.167597	0.613000	12.610000
591	-141.157597	0.615000	12.680000
592	-141.117597	0.615000	12.540000
593	-141.107597	0.617000	12.610000
594	-141.087597	0.617000	12.420000
595	-141.057597	0.617000	12.760000
596	-140.957597	0.621000	12.780000
597	-140.917597	0.623000	12.800000
598	-140.847597	0.623000	12.700000
599	-140.767597	0.623000	12.670000
600	-140.457597	0.625000	12.640000
601	-140.297597	0.625000	12.610000
602	-140.267597	0.625000	12.350000
603	-139.927597	0.627000	12.730000
604	-139.867597	0.629000	12.830000
605	-139.787597	0.627000	12.720000
606	-139.627597	0.631000	12.700000
607	-139.437597	0.631000	12.660000
608	-139.367597	0.635000	12.730000
609	-139.247597	0.635000	12.980000
610	-139.187597	0.637000	12.680000
611	-138.947597	0.637000	12.820000
612	-138.817597	0.639000	12.960000
613	-138.797597	0.639000	12.810000
614	-138.797597	0.641000	12.770000
615	-138.787597	0.641000	12.890000
616	-138.717597	0.643000	12.920000
617	-138.707597	0.643000	12.730000
618	-138.627597	0.643000	12.790000
619	-138.577597	0.645000	12.870000
620	-138.497597	0.647000	12.890000
621	-138.467597	0.647000	12.750000
622	-138.417597	0.649000	12.950000
623	-138.337597	0.649000	12.900000
624	-138.277597	0.651000	13.010000
625	-138.177597	0.651000	12.880000
626	-138.167597	0.654000	12.940000
627	-138.057597	0.654000	12.980000
628	-137.967597	0.654000	12.940000
629	-137.857597	0.656000	13.020000
630	-137.777597	0.656000	13.080000
631	-137.667597	0.658000	12.950000
632	-137.577597	0.658000	13.060000
633	-137.527597	0.660000	12.850000
634	-137.487597	0.660000	12.900000
635	-137.477597	0.662000	13.190000
636	-137.407597	0.662000	12.980000
637	-137.287597	0.664000	13.110000
638	-137.227597	0.664000	13.040000
639	-137.037597	0.666000	12.980000
640	-137.017597	0.666000	12.930000
641	-136.917597	0.668000	13.030000
642	-136.767597	0.668000	12.900000
643	-136.657597	0.670000	12.920000
644	-136.587597	0.670000	13.070000
645	-136.577597	0.672000	13.160000
646	-136.517597	0.672000	13.050000
647	-136.447597	0.674000	12.980000
648	-136.447597	0.676000	12.970000
649	-136.377597	0.676000	12.930000
650	-136.327597	0.678000	12.900000
651	-136.267597	0.678000	12.950000
652	-136.147597	0.680000	13.240000
653	-136.037597	0.680000	12.930000
654	-136.027597	0.682000	13.220000
655	-135.987597	0.682000	13.070000
656	-135.827597	0.684000	13.030000
657	-135.747597	0.686000	13.220000
658	-135.727597	0.686000	12.850000
659	-135.537597	0.688000	13.320000
660	-135.417597	0.688000	13.050000
661	-135.377597	0.690000	13.020000
662	-135.367597	0.690000	13.040000
663	-135.347597	0.692000	13.240000
664	-135.317597	0.692000	12.930000
665	-135.177597	0.694000	12.810000
666	-134.917597	0.694000	13.050000
667	-134.867597	0.696000	13.040000
668	-134.827597	0.696000	13.160000
669	-134.827597	0.697000	13.050000
670	-134.817597	0.697000	13.110000
671	-134.807597	0.699000	12.980000
672	-134.697597	0.699000	13.340000
673	-134.567597	0.701000	12.950000
674	-134.537597	0.701000	13.080000
675	-134.417597	0.703000	13.170000
676	-134.387597	0.703000	13.130000
677	-134.137597	0.705000	13.160000
678	-134.117597	0.705000	13.220000
679	-134.087597	0.707000	13.060000
680	-134.057597	0.707000	13.330000
681	-133.987597	0.709000	13.200000
682	-133.947597	0.709000	13.420000
683	-133.947597	0.711000	13.150000
684	-133.877597	0.711000	13.040000
685	-133.837597	0.713000	13.360000
686	-133.787597	0.713000	13.090000
687	-133.337597	0.715000	13.420000
688	-133.237597	0.717000	13.330000
689	-133.167597	0.719000	13.310000
690	-133.077597	0.719000	13.350000
691	-133.007597	0.719000	13.430000
692	-132.987597	0.721000	13.380000
693	-132.907597	0.723000	13.420000
694	-132.787597	0.723000	13.360000
695	-132.747597	0.725000	13.080000
696	-132.747597	0.725000	13.020000
697	-132.537597	0.727000	13.370000
698	-132.527597	0.729000	13.380000
699	-132.497597	0.729000	13.480000
700	-132.437597	0.731000	13.460000
701	-132.367597	0.731000	13.420000
702	-132.357597	0.733000	13.400000
703	-132.307597	0.733000	13.400000
704	-132.307597	0.735000	13.400000
705	-132.167597	0.735000	13.540000
706	-132.137597	0.735000	13.460000
707	-132.077597	0.737000	13.510000
708	-132.017597	0.738000	13.380000
709	-131.967597	0.740000	13.450000
710	-131.837597	0.740000	13.350000
711	-131.747597	0.742000	13.350000
712	-131.737597	0.742000	13.380000
713	-131.717597	0.742000	13.270000
714	-131.687597	0.744000	13.280000
715	-131.677597	0.746000	13.530000
716	-131.597597	0.746000	13.410000
717	-131.577597	0.748000	13.380000
718	-131.507597	0.748000	13.390000
719	-131.377597	0.750000	13.560000
720	-131.357597	0.750000	13.300000
721	-131.277597	0.750000	13.380000
722	-131.237597	0.752000	13.560000
723	-131.077597	0.754000	13.380000
724	-130.767597	0.754000	13.610000
725	-130.617597	0.756000	13.440000
726	-130.527597	0.756000	13.520000
727	-130.467597	0.758000	13.610000
728	-130.447597	0.758000	13.580000
729	-130.437597	0.758000	13.540000
730	-130.327597	0.760000	13.480000
731	-130.247597	0.762000	13.390000
732	-130.237597	0.762000	13.480000
733	-130.197597	0.764000	13.410000
734	-130.117597	0.764000	13.640000
735	-130.057597	0.766000	13.590000
736	-129.957597	0.766000	13.460000
737	-129.937597	0.768000	13.370000
738	-129.877597	0.768000	13.530000
739	-129.837597	0.770000	13.560000
740	-129.757597	0.772000	13.460000
741	-129.717597	0.772000	13.670000
742	-129.707597	0.774000	13.440000
743	-129.677597	0.774000	13.590000
744	-129.517597	0.774000	13.440000
745	-129.407597	0.776000	13.620000
746	-129.367597	0.779000	13.550000
747	-129.287597	0.778000	13.670000
748	-129.247597	0.779000	13.350000
749	-129.127597	0.779000	13.390000
750	-128.937597	0.781000	13.580000
751	-128.917597	0.781000	13.520000
752	-128.807597	0.781000	13.670000
753	-128.767597	0.783000	13.620000
754	-128.507597	0.785000	13.710000
755	-128.487597	0.785000	13.610000
756	-128.377597	0.787000	13.660000
757	-128.347597	0.789000	13.700000
758	-128.307597	0.789000	13.570000
759	-128.297597	0.789000	13.620000
760	-128.277597	0.791000	13.500000
761	-128.267597	0.793000	13.680000
762	-128.257597	0.793000	13.820000
763	-128.237597	0.795000	13.650000
764	-128.137597	0.795000	13.640000
765	-128.097597	0.797000	13.660000
766	-128.097597	0.797000	13.600000
767	-127.847597	0.801000	13.810000
768	-127.827597	0.799000	13.600000
769	-127.457597	0.803000	13.580000
770	-127.297597	0.803000	13.640000
771	-127.237597	0.805000	13.550000
772	-127.147597	0.805000	13.710000
773	-127.137597	0.807000	13.620000
774	-126.957597	0.807000	13.570000
775	-126.757597	0.809000	13.750000
776	-126.747597	0.811000	13.810000
777	-126.727597	0.811000	13.740000
778	-126.707597	0.813000	13.670000
779	-126.537597	0.813000	13.730000
780	-126.507597	0.815000	13.690000
781	-126.427597	0.815000	13.690000
782	-126.417597	0.817000	13.610000
783	-126.347597	0.817000	13.740000
784	-126.347597	0.819000	13.680000
785	-126.317597	0.819000	13.730000
786	-126.237597	0.820000	13.750000
787	-126.087597	0.822000	13.660000
788	-126.087597	0.822000	13.640000
789	-126.027597	0.824000	13.740000
790	-126.007597	0.824000	13.780000
791	-125.957597	0.826000	13.780000
792	-125.887597	0.826000	13.710000
793	-125.797597	0.828000	13.700000
794	-125.797597	0.828000	13.770000
795	-125.757597	0.830000	13.700000
796	-125.727597	0.830000	13.720000
797	-125.637597	0.832000	13.710000
798	-125.557597	0.834000	13.590000
799	-125.397597	0.834000	13.770000
800	-125.237597	0.836000	13.780000
801	-125.227597	0.836000	13.770000
802	-125.197597	0.838000	13.890000
803	-125.117597	0.838000	13.910000
804	-125.097597	0.840000	13.710000
805	-124.977597	0.840000	13.950000
806	-124.977597	0.842000	13.960000
807	-124.917597	0.844000	13.880000
808	-124.837597	0.844000	13.830000
809	-124.807597	0.846000	14.000000
810	-124.467597	0.846000	13.850000
811	-124.347597	0.848000	13.900000
812	-124.257597	0.848000	13.880000
813	-124.247597	0.850000	13.830000
814	-124.227597	0.850000	13.900000
815	-124.207597	0.852000	13.900000
816	-124.137597	0.852000	13.790000
817	-124.077597	0.854000	13.920000
818	-124.057597	0.854000	13.810000
819	-123.987597	0.856000	13.900000
820	-123.937597	0.856000	13.920000
821	-123.627597	0.858000	13.960000
822	-123.467597	0.858000	14.170000
823	-123.387597	0.860000	13.920000
824	-123.377597	0.860000	13.880000
825	-123.377597	0.862000	13.850000
826	-123.327597	0.862000	13.980000
827	-123.287597	0.863000	13.790000
828	-123.247597	0.863000	13.880000
829	-123.187597	0.865000	14.040000
830	-123.167597	0.865000	13.850000
831	-123.097597	0.867000	13.920000
832	-123.027597	0.867000	14.020000
833	-122.777597	0.869000	13.930000
834	-122.697597	0.869000	13.850000
835	-122.577597	0.873000	14.090000
836	-122.497597	0.873000	14.250000
837	-122.427597	0.873000	13.810000
838	-122.367597	0.875000	14.100000
839	-122.157597	0.875000	13.940000
840	-121.997597	0.877000	14.050000
841	-121.957597	0.877000	14.050000
842	-121.767597	0.879000	13.950000
843	-121.717597	0.879000	14.090000
844	-121.697597	0.881000	14.060000
845	-121.647597	0.881000	14.170000
846	-121.437597	0.885000	14.060000
847	-121.427597	0.885000	14.120000
848	-121.247597	0.887000	14.040000
849	-121.227597	0.887000	14.180000
850	-121.207597	0.889000	13.900000
851	-121.047597	0.889000	13.940000
852	-120.947597	0.891000	14.130000
853	-120.917597	0.891000	14.080000
854	-120.907597	0.891000	14.190000
855	-120.807597	0.893000	14.000000
856	-120.787597	0.893000	14.260000
857	-120.727597	0.897000	14.000000
858	-120.697597	0.897000	13.890000
859	-120.687597	0.899000	14.250000
860	-120.597597	0.899000	14.150000
861	-120.437597	0.899000	14.250000
862	-120.377597	0.901000	14.200000
863	-120.307597	0.903000	14.280000
864	-120.287597	0.904000	14.060000
865	-120.177597	0.904000	14.140000
866	-120.157597	0.904000	14.090000
867	-120.147597	0.906000	14.130000
868	-120.127597	0.906000	14.160000
869	-120.077597	0.906000	14.060000
870	-120.047597	0.908000	14.230000
871	-120.017597	0.910000	14.090000
872	-119.947597	0.910000	14.090000
873	-119.737597	0.912000	14.200000
874	-119.707597	0.912000	14.170000
875	-119.637597	0.914000	14.080000
876	-119.607597	0.914000	14.340000
877	-119.577597	0.916000	14.250000
878	-119.517597	0.916000	14.110000
879	-119.457597	0.918000	14.150000
880	-119.297597	0.918000	14.210000
881	-118.917597	0.920000	14.250000
882	-118.867597	0.920000	14.360000
883	-118.847597	0.922000	14.280000
884	-118.747597	0.922000	14.220000
885	-118.657597	0.922000	14.330000
886	-118.647597	0.924000	14.480000
887	-118.607597	0.926000	14.300000
888	-118.587597	0.926000	14.120000
889	-118.447597	0.928000	14.100000
890	-118.327597	0.928000	14.130000
891	-118.317597	0.930000	14.210000
892	-118.227597	0.930000	14.020000
893	-118.207597	0.930000	14.180000
894	-118.177597	0.932000	14.330000
895	-117.947597	0.936000	14.260000
896	-117.937597	0.936000	14.410000
897	-117.807597	0.936000	14.210000
898	-117.767597	0.938000	14.310000
899	-117.757597	0.938000	14.260000
900	-117.707597	0.938000	14.190000
901	-117.617597	0.940000	14.210000
902	-117.607597	0.942000	14.260000
903	-117.547597	0.942000	14.140000
904	-117.487597	0.944000	14.480000
905	-117.407597	0.944000	14.320000
906	-117.397597	0.946000	14.220000
907	-117.317597	0.946000	14.410000
908	-117.307597	0.946000	14.290000
909	-117.237597	0.947000	14.340000
910	-117.107597	0.949000	13.990000
911	-117.097597	0.949000	14.330000
912	-116.997597	0.951000	14.280000
913	-116.947597	0.951000	14.250000
914	-116.647597	0.953000	14.340000
915	-116.227597	0.953000	14.310000
916	-115.987597	0.955000	14.340000
917	-115.767597	0.957000	14.450000
918	-115.657597	0.957000	14.460000
919	-115.597597	0.959000	14.440000
920	-115.577597	0.959000	14.270000
921	-115.477597	0.961000	14.400000
922	-115.447597	0.961000	14.380000
923	-115.417597	0.963000	14.530000
924	-115.317597	0.963000	14.600000
925	-115.307597	0.965000	14.530000
926	-115.277597	0.965000	14.400000
927	-115.237597	0.969000	14.450000
928	-115.167597	0.969000	14.510000
929	-115.157597	0.971000	14.560000
930	-115.107597	0.971000	14.610000
931	-114.937597	0.973000	14.460000
932	-114.907597	0.973000	14.480000
933	-114.767597	0.975000	14.500000
934	-114.657597	0.975000	14.520000
935	-114.627597	0.977000	14.430000
936	-114.537597	0.979000	14.490000
937	-114.467597	0.979000	14.500000
938	-114.457597	0.981000	14.600000
939	-114.407597	0.981000	14.570000
940	-114.397597	0.983000	14.400000
941	-114.377597	0.983000	14.560000
942	-114.337597	0.985000	14.510000
943	-114.137597	0.985000	14.680000
944	-114.107597	0.987000	14.610000
945	-114.087597	0.987000	14.620000
946	-114.017597	0.987000	14.510000
947	-113.907597	0.990000	14.530000
948	-113.857597	0.990000	14.590000
949	-113.817597	0.992000	14.510000
950	-113.817597	0.992000	14.610000
951	-113.787597	0.994000	14.640000
952	-113.747597	0.994000	14.500000
953	-113.687597	0.996000	14.450000
954	-113.487597	0.996000	14.560000
955	-113.477597	0.998000	14.400000
956	-113.427597	1.000000	14.470000
957	-113.357597	1.000000	14.550000
958	-113.327597	1.002000	14.600000
959	-113.327597	1.002000	14.650000
960	-113.297597	1.002000	14.950000
961	-113.297597	1.002000	14.640000
962	-113.117597	1.006000	14.570000
963	-113.047597	1.006000	14.740000
964	-112.997597	1.008000	14.580000
965	-112.857597	1.010000	14.790000
966	-112.757597	1.010000	14.620000
967	-112.687597	1.012000	14.640000
968	-112.657597	1.012000	14.660000
969	-112.597597	1.014000	14.480000
970	-112.467597	1.014000	14.710000
971	-112.457597	1.016000	14.710000
972	-112.427597	1.016000	14.640000
973	-112.207597	1.018000	14.840000
974	-112.077597	1.018000	14.750000
975	-112.017597	1.018000	14.910000
976	-111.917597	1.020000	14.610000
977	-111.887597	1.022000	14.820000
978	-111.867597	1.022000	14.820000
979	-111.577597	1.024000	14.920000
980	-111.347597	1.024000	14.820000
981	-111.247597	1.026000	14.890000
982	-111.227597	1.026000	14.770000
983	-111.187597	1.028000	14.890000
984	-111.087597	1.028000	14.940000
985	-111.027597	1.029000	14.800000
986	-110.967597	1.029000	14.850000
987	-110.937597	1.031000	14.810000
988	-110.747597	1.031000	14.820000
989	-110.687597	1.033000	14.880000
990	-110.667597	1.033000	14.890000
991	-110.637597	1.035000	14.730000
992	-110.617597	1.035000	14.640000
993	-110.477597	1.037000	14.800000
994	-110.437597	1.037000	14.890000
995	-110.407597	1.039000	14.760000
996	-110.247597	1.041000	14.930000
997	-110.057597	1.041000	14.730000
998	-110.017597	1.043000	14.930000
999	-109.937597	1.043000	14.850000
1000	-109.827597	1.045000	15.150000
1001	-109.817597	1.045000	15.130000
1002	-109.677597	1.047000	15.130000
1003	-109.657597	1.047000	14.900000
1004	-109.507597	1.051000	14.950000
1005	-109.487597	1.053000	15.060000
1006	-109.377597	1.053000	15.020000
1007	-109.317597	1.055000	15.170000
1008	-109.237597	1.055000	15.060000
1009	-109.167597	1.055000	15.050000
1010	-109.147597	1.057000	14.960000
1011	-109.137597	1.059000	15.140000
1012	-109.017597	1.059000	15.110000
1013	-108.957597	1.061000	15.070000
1014	-108.917597	1.061000	14.950000
1015	-108.907597	1.063000	15.010000
1016	-108.867597	1.063000	15.090000
1017	-108.827597	1.063000	15.100000
1018	-108.737597	1.065000	15.080000
1019	-108.687597	1.067000	15.040000
1020	-108.547597	1.067000	15.170000
1021	-108.527597	1.069000	14.980000
1022	-108.527597	1.069000	15.110000
1023	-108.507597	1.070000	14.880000
1024	-108.507597	1.072000	15.040000
1025	-108.377597	1.072000	15.250000
1026	-108.347597	1.074000	15.120000
1027	-108.347597	1.074000	14.900000
1028	-108.197597	1.076000	15.080000
1029	-108.157597	1.076000	15.230000
1030	-108.157597	1.078000	14.990000
1031	-107.937597	1.078000	15.070000
1032	-107.837597	1.078000	14.990000
1033	-107.837597	1.080000	15.040000
1034	-107.807597	1.082000	15.080000
1035	-107.707597	1.080000	15.050000
1036	-107.577597	1.084000	15.180000
1037	-107.577597	1.084000	14.920000
1038	-107.547597	1.086000	15.080000
1039	-107.367597	1.086000	15.090000
1040	-107.317597	1.086000	15.070000
1041	-107.227597	1.088000	15.160000
1042	-107.097597	1.092000	15.060000
1043	-107.097597	1.090000	15.110000
1044	-107.097597	1.092000	15.050000
1045	-106.867597	1.092000	15.150000
1046	-106.687597	1.094000	15.160000
1047	-106.107597	1.094000	15.230000
1048	-106.077597	1.094000	15.140000
1049	-106.077597	1.096000	14.990000
1050	-105.817597	1.098000	13.820000
1051	-105.497597	1.098000	15.100000
1052	-105.407597	1.100000	13.770000
1053	-105.397597	1.100000	15.190000
1054	-105.367597	1.102000	15.150000
1055	-105.357597	1.102000	15.230000
1056	-105.317597	1.104000	13.890000
1057	-105.277597	1.104000	13.910000
1058	-105.207597	1.106000	14.000000
1059	-105.177597	1.106000	15.290000
1060	-105.167597	1.108000	15.210000
1061	-105.137597	1.108000	13.800000
1062	-105.107597	1.110000	14.060000
1063	-105.107597	1.110000	13.900000
1064	-105.037597	1.110000	13.940000
1065	-104.977597	1.112000	13.800000
1066	-104.947597	1.113000	15.400000
1067	-104.927597	1.115000	15.240000
1068	-104.857597	1.115000	13.950000
1069	-104.847597	1.117000	14.040000
1070	-104.627597	1.117000	14.960000
1071	-104.587597	1.117000	14.020000
1072	-104.537597	1.119000	14.080000
1073	-104.497597	1.121000	15.260000
1074	-104.327597	1.121000	13.970000
1075	-104.137597	1.123000	14.080000
1076	-104.107597	1.123000	15.150000
1077	-104.057597	1.125000	14.070000
1078	-103.777597	1.125000	14.160000
1079	-103.747597	1.125000	13.950000
1080	-103.587597	1.127000	14.110000
1081	-103.587597	1.129000	14.020000
1082	-103.487597	1.129000	14.120000
1083	-103.427597	1.131000	14.130000
1084	-103.327597	1.131000	13.990000
1085	-103.287597	1.135000	14.150000
1086	-103.277597	1.137000	14.330000
1087	-103.227597	1.137000	14.100000
1088	-103.147597	1.139000	14.050000
1089	-103.067597	1.139000	14.370000
1090	-102.967597	1.141000	14.150000
1091	-102.937597	1.141000	13.930000
1092	-102.907597	1.143000	14.190000
1093	-102.907597	1.143000	14.170000
1094	-102.907597	1.145000	14.080000
1095	-102.807597	1.145000	14.170000
1096	-102.807597	1.147000	14.140000
1097	-102.807597	1.147000	14.120000
1098	-102.707597	1.149000	14.170000
1099	-102.677597	1.149000	14.210000
1100	-102.517597	1.151000	14.290000
1101	-102.517597	1.151000	14.150000
1102	-102.477597	1.153000	14.130000
1103	-102.287597	1.154000	14.230000
1104	-102.127597	1.154000	14.140000
1105	-102.087597	1.156000	14.230000
1106	-101.957597	1.156000	14.150000
1107	-101.897597	1.158000	14.140000
1108	-101.707597	1.158000	14.300000
1109	-101.607597	1.160000	14.310000
1110	-101.447597	1.160000	14.210000
1111	-101.417597	1.162000	14.280000
1112	-101.297597	1.162000	14.280000
1113	-101.117597	1.164000	14.310000
1114	-101.087597	1.164000	14.260000
1115	-100.797597	1.166000	14.200000
1116	-100.727597	1.166000	14.150000
1117	-100.727597	1.168000	14.290000
1118	-100.727597	1.168000	14.160000
1119	-100.697597	1.170000	14.450000
1120	-100.667597	1.170000	14.380000
1121	-100.567597	1.172000	14.230000
1122	-100.527597	1.172000	14.360000
1123	-100.377597	1.174000	14.240000
1124	-100.367597	1.174000	14.420000
1125	-100.267597	1.174000	14.360000
1126	-100.167597	1.178000	14.360000
1127	-100.087597	1.178000	14.280000
1128	-99.817597	1.180000	14.490000
1129	-99.777597	1.180000	14.300000
1130	-99.767597	1.182000	14.270000
1131	-99.587597	1.182000	14.380000
1132	-99.437597	1.184000	14.300000
1133	-99.437597	1.184000	14.420000
1134	-99.327597	1.186000	14.380000
1135	-99.287597	1.188000	14.340000
1136	-99.207597	1.188000	14.360000
1137	-99.147597	1.190000	14.290000
1138	-99.137597	1.190000	14.380000
1139	-98.967597	1.192000	14.660000
1140	-98.947597	1.192000	14.300000
1141	-98.837597	1.194000	14.290000
1142	-98.817597	1.194000	14.200000
1143	-98.747597	1.196000	14.290000
1144	-98.747597	1.196000	14.380000
1145	-98.677597	1.197000	14.440000
1146	-98.647597	1.197000	14.290000
1147	-98.587597	1.199000	14.500000
1148	-98.577597	1.199000	14.220000
1149	-98.487597	1.201000	14.360000
1150	-98.417597	1.201000	14.440000
1151	-98.387597	1.203000	14.310000
1152	-98.257597	1.203000	14.410000
1153	-98.227597	1.205000	14.410000
1154	-98.127597	1.205000	14.400000
1155	-97.757597	1.205000	14.550000
1156	-97.667597	1.209000	14.440000
1157	-97.387597	1.209000	14.510000
1158	-97.367597	1.211000	14.510000
1159	-97.267597	1.211000	14.510000
1160	-97.197597	1.213000	14.550000
1161	-97.167597	1.213000	14.530000
1162	-96.977597	1.215000	14.670000
1163	-96.847597	1.217000	14.590000
1164	-96.817597	1.219000	14.760000
1165	-96.747597	1.219000	14.560000
1166	-96.707597	1.219000	14.640000
1167	-96.667597	1.221000	14.790000
1168	-96.657597	1.223000	14.680000
1169	-96.657597	1.223000	14.660000
1170	-96.557597	1.225000	14.490000
1171	-96.437597	1.225000	14.650000
1172	-96.327597	1.227000	14.410000
1173	-96.307597	1.227000	14.610000
1174	-96.297597	1.229000	14.610000
1175	-96.287597	1.229000	14.600000
1176	-96.207597	1.233000	14.600000
1177	-96.177597	1.231000	14.490000
1178	-96.147597	1.233000	14.570000
1179	-96.097597	1.233000	14.690000
1180	-95.857597	1.235000	14.680000
1181	-95.847597	1.235000	14.630000
1182	-95.657597	1.235000	14.560000
1183	-95.647597	1.237000	14.470000
1184	-95.627597	1.237000	14.580000
1185	-95.617597	1.240000	14.510000
1186	-95.587597	1.240000	14.620000
1187	-95.557597	1.242000	14.610000
1188	-95.527597	1.242000	14.610000
1189	-95.307597	1.242000	14.560000
1190	-95.257597	1.244000	14.850000
1191	-95.167597	1.246000	14.750000
1192	-95.097597	1.246000	14.690000
1193	-95.017597	1.248000	14.600000
1194	-94.817597	1.248000	14.740000
1195	-94.767597	1.250000	14.670000
1196	-94.707597	1.250000	14.760000
1197	-94.547597	1.250000	14.850000
1198	-94.537597	1.252000	14.750000
1199	-94.517597	1.254000	14.910000
1200	-94.457597	1.254000	14.810000
1201	-94.387597	1.256000	14.750000
1202	-94.067597	1.256000	14.580000
1203	-93.997597	1.258000	14.970000
1204	-93.987597	1.258000	14.770000
1205	-93.937597	1.260000	14.640000
1206	-93.897597	1.262000	14.760000
1207	-93.867597	1.262000	14.820000
1208	-93.837597	1.264000	14.810000
1209	-93.827597	1.264000	14.870000
1210	-93.827597	1.266000	14.720000
1211	-93.707597	1.266000	14.910000
1212	-93.687597	1.266000	14.910000
1213	-93.607597	1.268000	14.710000
1214	-93.437597	1.270000	14.900000
1215	-93.387597	1.272000	14.850000
1216	-93.227597	1.272000	14.860000
1217	-93.147597	1.274000	14.810000
1218	-92.987597	1.274000	15.080000
1219	-92.947597	1.274000	14.870000
1220	-92.887597	1.276000	14.740000
1221	-92.767597	1.278000	14.850000
1222	-92.637597	1.278000	14.840000
1223	-92.577597	1.279000	14.820000
1224	-92.547597	1.279000	14.850000
1225	-92.537597	1.281000	14.910000
1226	-92.487597	1.281000	14.820000
1227	-92.477597	1.281000	14.780000
1228	-92.297597	1.283000	14.850000
1229	-92.127597	1.285000	14.880000
1230	-92.127597	1.285000	14.880000
1231	-92.047597	1.287000	14.980000
1232	-91.937597	1.287000	15.050000
1233	-91.887597	1.289000	14.730000
1234	-91.887597	1.289000	14.940000
1235	-91.847597	1.291000	14.850000
1236	-91.777597	1.291000	14.920000
1237	-91.727597	1.293000	14.910000
1238	-91.537597	1.293000	14.850000
1239	-91.497597	1.295000	14.980000
1240	-91.397597	1.295000	14.890000
1241	-91.147597	1.297000	14.930000
1242	-91.067597	1.297000	14.850000
1243	-90.937597	1.301000	14.940000
1244	-90.857597	1.301000	14.980000
1245	-90.697597	1.303000	14.950000
1246	-90.687597	1.303000	14.980000
1247	-90.637597	1.305000	14.830000
1248	-90.627597	1.305000	14.800000
1249	-90.497597	1.307000	14.920000
1250	-90.437597	1.307000	14.830000
1251	-90.427597	1.311000	14.870000
1252	-90.387597	1.311000	14.930000
1253	-90.297597	1.311000	14.810000
1254	-90.267597	1.311000	15.000000
1255	-90.207597	1.313000	15.010000
1256	-90.097597	1.313000	15.030000
1257	-90.017597	1.315000	15.080000
1258	-89.917597	1.315000	15.040000
1259	-89.887597	1.317000	15.070000
1260	-89.787597	1.317000	15.090000
1261	-89.757597	1.319000	14.900000
1262	-89.647597	1.319000	15.100000
1263	-89.317597	1.320000	15.020000
1264	-89.307597	1.320000	14.990000
1265	-89.247597	1.322000	15.080000
1266	-89.177597	1.326000	15.020000
1267	-89.157597	1.324000	15.240000
1268	-89.157597	1.326000	15.050000
1269	-89.107597	1.326000	14.980000
1270	-89.057597	1.328000	15.200000
1271	-89.007597	1.328000	15.070000
1272	-88.967597	1.330000	15.030000
1273	-88.867597	1.330000	15.180000
1274	-88.767597	1.330000	15.110000
1275	-88.767597	1.332000	15.200000
1276	-88.737597	1.334000	14.920000
1277	-88.717597	1.334000	15.140000
1278	-88.677597	1.336000	15.100000
1279	-88.647597	1.336000	15.370000
1280	-88.527597	1.338000	15.100000
1281	-88.477597	1.338000	15.100000
1282	-88.427597	1.340000	15.000000
1283	-88.417597	1.340000	15.100000
1284	-88.237597	1.342000	15.010000
1285	-88.187597	1.342000	15.250000
1286	-88.067597	1.344000	15.140000
1287	-88.047597	1.344000	15.170000
1288	-87.937597	1.346000	15.120000
1289	-87.697597	1.346000	15.140000
1290	-87.467597	1.348000	15.030000
1291	-87.377597	1.348000	15.060000
1292	-87.367597	1.350000	15.260000
1293	-87.247597	1.350000	15.280000
1294	-87.227597	1.352000	15.060000
1295	-87.217597	1.352000	15.130000
1296	-87.207597	1.354000	15.170000
1297	-87.087597	1.356000	15.090000
1298	-86.917597	1.356000	15.220000
1299	-86.847597	1.358000	15.210000
1300	-86.787597	1.358000	15.430000
1301	-86.787597	1.360000	15.130000
1302	-86.557597	1.360000	15.380000
1303	-86.527597	1.362000	15.280000
1304	-86.477597	1.362000	15.260000
1305	-86.437597	1.363000	15.200000
1306	-86.417597	1.363000	15.290000
1307	-86.397597	1.365000	15.250000
1308	-86.367597	1.365000	15.220000
1309	-86.337597	1.367000	15.210000
1310	-86.337597	1.367000	15.210000
1311	-86.317597	1.369000	15.150000
1312	-86.247597	1.369000	15.270000
1313	-86.217597	1.371000	15.230000
1314	-86.157597	1.371000	15.290000
1315	-85.767597	1.373000	15.250000
1316	-85.737597	1.373000	15.230000
1317	-85.607597	1.375000	15.270000
1318	-85.537597	1.375000	15.330000
1319	-85.517597	1.377000	15.540000
1320	-85.457597	1.377000	15.480000
1321	-85.407597	1.379000	15.520000
1322	-85.307597	1.379000	15.270000
1323	-85.297597	1.381000	15.370000
1324	-85.247597	1.381000	15.500000
1325	-85.127597	1.383000	15.370000
1326	-85.127597	1.387000	15.300000
1327	-84.957597	1.389000	15.390000
1328	-84.927597	1.389000	15.380000
1329	-84.887597	1.389000	15.390000
1330	-84.777597	1.391000	15.430000
1331	-84.627597	1.391000	15.420000
1332	-84.577597	1.391000	15.380000
1333	-84.567597	1.393000	15.600000
1334	-84.537597	1.395000	15.660000
1335	-84.537597	1.395000	15.380000
1336	-84.477597	1.397000	15.390000
1337	-84.297597	1.397000	15.550000
1338	-84.287597	1.399000	15.490000
1339	-83.867597	1.399000	15.390000
1340	-83.827597	1.399000	15.590000
1341	-83.817597	1.401000	15.450000
1342	-83.767597	1.403000	15.390000
1343	-83.747597	1.403000	15.500000
1344	-83.507597	1.404000	15.570000
1345	-83.197597	1.404000	15.570000
1346	-83.187597	1.406000	15.540000
1347	-82.667597	1.408000	15.720000
1348	-82.597597	1.408000	15.660000
1349	-82.557597	1.410000	15.600000
1350	-82.507597	1.410000	15.640000
1351	-82.487597	1.412000	15.700000
1352	-82.417597	1.412000	15.630000
1353	-82.397597	1.414000	15.540000
1354	-82.387597	1.414000	15.640000
1355	-82.387597	1.414000	15.600000
1356	-82.347597	1.420000	15.520000
1357	-82.257597	1.418000	15.560000
1358	-82.227597	1.420000	15.730000
1359	-82.217597	1.420000	15.630000
1360	-82.147597	1.422000	15.670000
1361	-82.127597	1.422000	15.560000
1362	-82.097597	1.422000	15.780000
1363	-82.077597	1.424000	15.590000
1364	-82.047597	1.426000	15.560000
1365	-81.997597	1.426000	15.750000
1366	-81.977597	1.428000	15.630000
1367	-81.887597	1.428000	15.730000
1368	-81.527597	1.430000	15.730000
1369	-81.487597	1.430000	15.660000
1370	-81.447597	1.430000	15.590000
1371	-81.267597	1.432000	15.740000
1372	-81.227597	1.434000	15.690000
1373	-81.197597	1.434000	15.740000
1374	-81.187597	1.436000	15.620000
1375	-81.117597	1.436000	15.700000
1376	-81.107597	1.438000	15.580000
1377	-80.867597	1.438000	15.830000
1378	-80.857597	1.440000	15.620000
1379	-80.767597	1.442000	15.750000
1380	-80.697597	1.442000	15.840000
1381	-80.657597	1.444000	15.720000
1382	-80.647597	1.444000	15.680000
1383	-80.487597	1.446000	15.880000
1384	-80.177597	1.446000	15.810000
1385	-80.157597	1.446000	15.780000
1386	-80.117597	1.447000	15.770000
1387	-80.017597	1.451000	15.820000
1388	-80.007597	1.449000	15.740000
1389	-80.007597	1.451000	15.830000
1390	-79.917597	1.451000	15.760000
1391	-79.867597	1.453000	15.770000
1392	-79.847597	1.453000	15.800000
1393	-79.707597	1.453000	15.810000
1394	-79.707597	1.455000	15.770000
1395	-79.497597	1.457000	15.970000
1396	-79.487597	1.459000	15.800000
1397	-79.407597	1.459000	15.790000
1398	-79.347597	1.461000	15.920000
1399	-79.087597	1.461000	15.960000
1400	-79.087597	1.461000	15.790000
1401	-78.967597	1.463000	15.880000
1402	-78.897597	1.465000	15.940000
1403	-78.847597	1.465000	15.780000
1404	-78.777597	1.467000	15.800000
1405	-78.727597	1.469000	15.900000
1406	-78.717597	1.471000	15.950000
1407	-78.697597	1.473000	15.860000
1408	-78.637597	1.473000	15.800000
1409	-78.427597	1.475000	15.870000
1410	-78.167597	1.475000	15.940000
1411	-78.167597	1.477000	15.810000
1412	-78.117597	1.477000	15.790000
1413	-78.097597	1.479000	15.890000
1414	-78.027597	1.479000	15.880000
1415	-78.027597	1.481000	15.910000
1416	-78.007597	1.483000	15.900000
1417	-77.887597	1.483000	15.980000
1418	-77.867597	1.483000	15.870000
1419	-77.837597	1.485000	15.980000
1420	-77.817597	1.485000	16.010000
1421	-77.767597	1.487000	16.080000
1422	-77.577597	1.487000	15.860000
1423	-77.417597	1.488000	15.980000
1424	-77.367597	1.488000	15.910000
1425	-77.297597	1.490000	16.000000
1426	-77.267597	1.492000	15.970000
1427	-77.207597	1.492000	15.810000
1428	-77.137597	1.494000	16.000000
1429	-77.117597	1.494000	15.870000
1430	-77.037597	1.496000	16.070000
1431	-77.027597	1.496000	15.860000
1432	-77.007597	1.498000	15.990000
1433	-76.847597	1.498000	15.920000
1434	-76.787597	1.500000	15.970000
1435	-76.767597	1.500000	15.970000
1436	-76.737597	1.502000	16.040000
1437	-76.717597	1.502000	16.010000
1438	-76.457597	1.504000	16.080000
1439	-76.217597	1.504000	16.100000
1440	-75.977597	1.506000	16.080000
1441	-75.857597	1.506000	15.970000
1442	-75.827597	1.508000	16.130000
1443	-75.677597	1.508000	16.040000
1444	-75.627597	1.510000	16.150000
1445	-75.537597	1.510000	16.120000
1446	-75.507597	1.512000	16.090000
1447	-75.507597	1.514000	16.080000
1448	-75.397597	1.514000	16.140000
1449	-75.327597	1.514000	16.220000
1450	-75.327597	1.516000	15.990000
1451	-75.297597	1.516000	16.110000
1452	-74.917597	1.518000	16.120000
1453	-74.897597	1.518000	16.160000
1454	-74.857597	1.518000	16.020000
1455	-74.837597	1.520000	16.170000
1456	-74.837597	1.522000	16.120000
1457	-74.827597	1.524000	16.090000
1458	-74.807597	1.524000	16.050000
1459	-74.677597	1.526000	16.300000
1460	-74.567597	1.526000	16.160000
1461	-74.517597	1.528000	16.260000
1462	-74.417597	1.528000	16.140000
1463	-74.217597	1.529000	16.370000
1464	-74.217597	1.529000	16.110000
1465	-74.167597	1.531000	16.200000
1466	-74.057597	1.533000	16.220000
1467	-73.967597	1.533000	16.380000
1468	-73.827597	1.535000	16.250000
1469	-73.597597	1.535000	16.290000
1470	-73.437597	1.537000	16.240000
1471	-73.287597	1.537000	16.220000
1472	-73.287597	1.539000	16.100000
1473	-73.087597	1.539000	16.240000
1474	-73.057597	1.541000	16.350000
1475	-73.007597	1.541000	16.270000
1476	-72.897597	1.545000	16.330000
1477	-72.887597	1.543000	16.530000
1478	-72.787597	1.545000	16.320000
1479	-72.647597	1.545000	16.340000
1480	-72.637597	1.547000	16.210000
1481	-72.627597	1.547000	16.340000
1482	-72.587597	1.551000	16.350000
1483	-72.577597	1.551000	16.310000
1484	-72.557597	1.553000	16.370000
1485	-72.397597	1.553000	16.260000
1486	-72.297597	1.555000	16.250000
1487	-72.247597	1.555000	16.300000
1488	-72.017597	1.555000	16.310000
1489	-71.957597	1.557000	16.360000
1490	-71.947597	1.559000	16.340000
1491	-71.897597	1.559000	16.350000
1492	-71.887597	1.561000	16.420000
1493	-71.827597	1.561000	16.470000
1494	-71.807597	1.563000	16.390000
1495	-71.727597	1.563000	16.210000
1496	-71.707597	1.565000	16.510000
1497	-71.687597	1.565000	16.340000
1498	-71.627597	1.567000	16.460000
1499	-71.567597	1.567000	16.600000
1500	-71.517597	1.569000	16.360000
1501	-71.517597	1.569000	16.460000
1502	-71.437597	1.570000	16.440000
1503	-71.407597	1.570000	16.510000
1504	-71.257597	1.570000	16.340000
1505	-71.127597	1.572000	16.360000
1506	-70.687597	1.574000	16.370000
1507	-70.677597	1.576000	16.390000
1508	-70.657597	1.576000	16.250000
1509	-70.607597	1.578000	16.420000
1510	-70.577597	1.578000	16.520000
1511	-70.317597	1.578000	16.330000
1512	-70.237597	1.580000	16.350000
1513	-70.217597	1.582000	16.490000
1514	-70.207597	1.582000	16.570000
1515	-70.167597	1.584000	16.430000
1516	-70.157597	1.584000	16.370000
1517	-70.147597	1.586000	16.520000
1518	-69.967597	1.586000	16.460000
1519	-69.937597	1.586000	16.350000
1520	-69.697597	1.588000	16.470000
1521	-69.687597	1.590000	16.300000
1522	-69.637597	1.590000	16.430000
1523	-69.617597	1.592000	16.400000
1524	-69.607597	1.592000	16.490000
1525	-69.587597	1.594000	16.420000
1526	-69.467597	1.594000	16.430000
1527	-69.467597	1.596000	16.470000
1528	-69.457597	1.596000	16.590000
1529	-69.337597	1.596000	16.620000
1530	-69.337597	1.596000	16.680000
1531	-69.317597	1.600000	16.620000
1532	-69.247597	1.600000	16.310000
1533	-69.097597	1.602000	16.460000
1534	-69.087597	1.602000	16.450000
1535	-69.077597	1.602000	16.500000
1536	-69.027597	1.604000	16.490000
1537	-68.867597	1.606000	16.560000
1538	-68.667597	1.608000	16.640000
1539	-68.547597	1.608000	16.470000
1540	-68.397597	1.608000	16.670000
1541	-68.247597	1.610000	16.730000
1542	-68.187597	1.610000	16.580000
1543	-68.167597	1.610000	16.580000
1544	-68.137597	1.612000	16.560000
1545	-68.097597	1.613000	16.640000
1546	-68.067597	1.613000	16.610000
1547	-68.067597	1.615000	16.480000
1548	-68.007597	1.617000	16.680000
1549	-67.957597	1.617000	16.680000
1550	-67.917597	1.617000	16.590000
1551	-67.747597	1.619000	16.720000
1552	-67.647597	1.621000	16.710000
1553	-67.617597	1.621000	16.570000
1554	-67.477597	1.623000	16.630000
1555	-67.427597	1.623000	16.600000
1556	-67.217597	1.625000	16.640000
1557	-67.137597	1.625000	16.670000
1558	-67.027597	1.627000	16.770000
1559	-67.007597	1.627000	16.690000
1560	-66.797597	1.629000	16.850000
1561	-66.737597	1.629000	16.650000
1562	-66.387597	1.631000	16.640000
1563	-66.357597	1.631000	16.760000
1564	-66.237597	1.635000	16.660000
1565	-66.207597	1.635000	16.980000
1566	-66.057597	1.637000	16.730000
1567	-65.897597	1.637000	16.750000
1568	-65.837597	1.639000	16.720000
1569	-65.767597	1.641000	16.690000
1570	-65.707597	1.641000	16.720000
1571	-65.697597	1.643000	16.730000
1572	-65.697597	1.643000	16.750000
1573	-65.687597	1.645000	16.880000
1574	-65.677597	1.645000	16.770000
1575	-65.637597	1.647000	16.960000
1576	-65.607597	1.647000	16.850000
1577	-65.147597	1.649000	16.770000
1578	-65.107597	1.649000	16.830000
1579	-64.887597	1.651000	16.800000
1580	-64.717597	1.651000	16.800000
1581	-64.707597	1.653000	16.830000
1582	-64.677597	1.653000	16.760000
1583	-64.647597	1.654000	16.790000
1584	-64.537597	1.654000	16.950000
1585	-64.417597	1.656000	17.010000
1586	-64.417597	1.656000	16.940000
1587	-64.407597	1.658000	16.940000
1588	-64.407597	1.658000	16.820000
1589	-64.407597	1.660000	16.650000
1590	-64.407597	1.662000	16.780000
1591	-64.347597	1.662000	16.890000
1592	-64.207597	1.664000	16.770000
1593	-64.197597	1.664000	16.920000
1594	-64.157597	1.666000	16.750000
1595	-64.137597	1.666000	16.790000
1596	-64.007597	1.668000	16.840000
1597	-63.857597	1.670000	16.970000
1598	-63.857597	1.670000	16.880000
1599	-63.817597	1.672000	16.880000
1600	-63.807597	1.672000	16.910000
1601	-63.727597	1.674000	17.030000
1602	-63.677597	1.674000	16.720000
1603	-63.667597	1.676000	16.860000
1604	-63.657597	1.676000	16.610000
1605	-63.597597	1.678000	16.920000
1606	-63.537597	1.678000	16.650000
1607	-63.407597	1.680000	16.950000
1608	-63.387597	1.680000	16.990000
1609	-63.307597	1.682000	17.000000
1610	-63.197597	1.682000	17.020000
1611	-63.177597	1.684000	16.910000
1612	-63.077597	1.684000	16.950000
1613	-63.047597	1.686000	16.820000
1614	-62.867597	1.686000	17.080000
1615	-62.737597	1.688000	16.950000
1616	-62.487597	1.688000	16.970000
1617	-62.387597	1.690000	16.930000
1618	-62.317597	1.690000	17.050000
1619	-62.137597	1.690000	17.080000
1620	-62.117597	1.692000	17.050000
1621	-62.057597	1.694000	17.000000
1622	-62.047597	1.694000	17.030000
1623	-61.967597	1.696000	17.060000
1624	-61.757597	1.696000	17.060000
1625	-61.717597	1.697000	17.120000
1626	-61.657597	1.697000	17.070000
1627	-61.637597	1.701000	17.140000
1628	-61.627597	1.701000	16.950000
1629	-61.527597	1.701000	17.110000
1630	-61.457597	1.703000	17.040000
1631	-61.407597	1.703000	17.130000
1632	-61.367597	1.705000	17.050000
1633	-61.347597	1.705000	17.010000
1634	-61.237597	1.707000	17.000000
1635	-61.157597	1.707000	17.000000
1636	-60.987597	1.709000	17.140000
1637	-60.977597	1.709000	17.230000
1638	-60.937597	1.711000	17.060000
1639	-60.937597	1.711000	17.140000
1640	-60.877597	1.713000	17.080000
1641	-60.647597	1.713000	17.070000
1642	-60.587597	1.715000	17.030000
1643	-60.497597	1.715000	17.150000
1644	-60.377597	1.719000	17.060000
1645	-60.337597	1.719000	17.100000
1646	-60.257597	1.719000	17.340000
1647	-60.247597	1.721000	17.230000
1648	-60.207597	1.721000	17.220000
1649	-59.857597	1.723000	17.130000
1650	-59.827597	1.725000	17.180000
1651	-59.787597	1.725000	17.240000
1652	-59.777597	1.727000	17.180000
1653	-59.727597	1.727000	17.260000
1654	-59.717597	1.727000	17.240000
1655	-59.697597	1.729000	17.290000
1656	-59.667597	1.733000	17.180000
1657	-59.517597	1.731000	17.230000
1658	-59.487597	1.733000	17.230000
1659	-59.487597	1.733000	17.140000
1660	-59.447597	1.735000	17.180000
1661	-59.367597	1.735000	17.070000
1662	-59.327597	1.735000	17.090000
1663	-59.007597	1.737000	17.390000
1664	-58.997597	1.738000	17.390000
1665	-58.797597	1.738000	17.320000
1666	-58.777597	1.740000	17.310000
1667	-58.577597	1.740000	17.250000
1668	-58.447597	1.742000	17.350000
1669	-58.337597	1.742000	17.240000
1670	-58.277597	1.742000	17.200000
1671	-58.097597	1.744000	17.210000
1672	-58.077597	1.746000	17.280000
1673	-58.047597	1.746000	17.270000
1674	-57.997597	1.748000	17.300000
1675	-57.787597	1.748000	17.170000
1676	-57.787597	1.750000	17.270000
1677	-57.757597	1.750000	17.370000
1678	-57.677597	1.752000	17.280000
1679	-57.637597	1.752000	17.380000
1680	-57.477597	1.754000	17.460000
1681	-57.447597	1.754000	17.460000
1682	-57.437597	1.756000	17.530000
1683	-57.427597	1.756000	17.310000
1684	-57.337597	1.758000	17.280000
1685	-57.317597	1.758000	17.400000
1686	-57.277597	1.760000	17.350000
1687	-57.157597	1.760000	17.490000
1688	-57.077597	1.762000	17.460000
1689	-57.047597	1.762000	17.430000
1690	-56.987597	1.764000	17.280000
1691	-56.977597	1.764000	17.430000
1692	-56.687597	1.766000	17.410000
1693	-56.587597	1.766000	17.510000
1694	-56.547597	1.766000	17.420000
1695	-56.067597	1.768000	17.470000
1696	-56.017597	1.770000	17.450000
1697	-55.977597	1.768000	17.340000
1698	-55.947597	1.770000	17.380000
1699	-55.777597	1.774000	17.450000
1700	-55.737597	1.774000	17.520000
1701	-55.717597	1.774000	17.660000
1702	-55.677597	1.776000	17.560000
1703	-55.637597	1.778000	17.420000
1704	-55.337597	1.778000	17.570000
1705	-55.177597	1.779000	17.600000
1706	-55.167597	1.779000	17.460000
1707	-55.087597	1.781000	17.580000
1708	-55.067597	1.781000	17.490000
1709	-55.027597	1.783000	17.570000
1710	-55.017597	1.783000	17.470000
1711	-54.857597	1.785000	17.490000
1712	-54.797597	1.785000	17.500000
1713	-54.797597	1.787000	17.490000
1714	-54.767597	1.787000	17.450000
1715	-54.747597	1.789000	17.550000
1716	-54.717597	1.789000	17.530000
1717	-54.677597	1.791000	17.560000
1718	-54.677597	1.791000	17.380000
1719	-54.647597	1.793000	17.560000
1720	-54.627597	1.795000	17.450000
1721	-54.557597	1.795000	17.550000
1722	-54.427597	1.795000	17.580000
1723	-54.397597	1.797000	17.550000
1724	-54.397597	1.797000	17.410000
1725	-54.357597	1.799000	17.620000
1726	-54.107597	1.799000	17.580000
1727	-54.107597	1.803000	17.630000
1728	-54.077597	1.803000	17.660000
1729	-53.837597	1.805000	17.550000
1730	-53.737597	1.807000	17.680000
1731	-53.697597	1.807000	17.600000
1732	-53.487597	1.809000	17.630000
1733	-53.477597	1.809000	17.460000
1734	-53.427597	1.811000	17.680000
1735	-53.407597	1.811000	17.790000
1736	-53.367597	1.813000	17.580000
1737	-53.357597	1.813000	17.590000
1738	-53.267597	1.815000	17.710000
1739	-53.187597	1.815000	17.670000
1740	-53.077597	1.815000	17.560000
1741	-53.037597	1.817000	17.670000
1742	-52.967597	1.819000	17.660000
1743	-52.907597	1.819000	17.600000
1744	-52.887597	1.820000	17.620000
1745	-52.787597	1.820000	17.660000
1746	-52.177597	1.822000	17.610000
1747	-52.107597	1.822000	17.600000
1748	-52.017597	1.826000	17.760000
1749	-52.007597	1.826000	17.810000
1750	-51.937597	1.826000	17.880000
1751	-51.897597	1.828000	17.780000
1752	-51.807597	1.828000	17.720000
1753	-51.757597	1.830000	17.750000
1754	-51.727597	1.830000	17.770000
1755	-51.677597	1.832000	17.880000
1756	-51.667597	1.832000	17.820000
1757	-51.587597	1.834000	17.710000
1758	-51.567597	1.834000	17.770000
1759	-51.537597	1.836000	17.740000
1760	-51.517597	1.836000	17.770000
1761	-51.517597	1.838000	17.640000
1762	-51.507597	1.838000	17.870000
1763	-51.507597	1.842000	17.740000
1764	-51.477597	1.842000	17.730000
1765	-51.457597	1.842000	17.640000
1766	-51.407597	1.842000	17.680000
1767	-51.157597	1.844000	17.720000
1768	-51.127597	1.844000	17.820000
1769	-51.057597	1.846000	17.780000
1770	-50.987597	1.846000	17.800000
1771	-50.977597	1.848000	17.800000
1772	-50.967597	1.848000	17.840000
1773	-50.887597	1.850000	17.880000
1774	-50.597597	1.850000	17.790000
1775	-50.287597	1.852000	17.780000
1776	-50.217597	1.852000	17.750000
1777	-50.177597	1.854000	17.780000
1778	-49.977597	1.854000	18.010000
1779	-49.967597	1.856000	17.930000
1780	-49.687597	1.856000	17.980000
1781	-49.647597	1.858000	17.900000
1782	-49.597597	1.858000	17.940000
1783	-49.537597	1.860000	17.960000
1784	-49.487597	1.860000	17.920000
1785	-49.417597	1.862000	17.940000
1786	-49.407597	1.862000	17.910000
1787	-49.377597	1.863000	17.930000
1788	-49.347597	1.863000	17.840000
1789	-49.337597	1.865000	18.070000
1790	-49.317597	1.867000	17.980000
1791	-49.267597	1.867000	17.900000
1792	-49.247597	1.869000	17.830000
1793	-49.197597	1.869000	17.810000
1794	-48.927597	1.871000	17.940000
1795	-48.897597	1.871000	17.940000
1796	-48.837597	1.873000	17.830000
1797	-48.767597	1.873000	17.910000
1798	-48.707597	1.875000	18.000000
1799	-48.307597	1.875000	17.960000
1800	-48.237597	1.877000	17.930000
1801	-48.127597	1.877000	17.950000
1802	-47.987597	1.879000	18.020000
1803	-47.947597	1.879000	17.980000
1804	-47.907597	1.881000	17.990000
1805	-47.897597	1.881000	18.160000
1806	-47.817597	1.883000	17.960000
1807	-47.637597	1.885000	18.010000
1808	-47.627597	1.889000	18.160000
1809	-47.537597	1.889000	18.030000
1810	-47.347597	1.889000	18.070000
1811	-47.347597	1.889000	18.080000
1812	-47.337597	1.891000	18.080000
1813	-47.327597	1.891000	18.170000
1814	-47.247597	1.891000	18.170000
1815	-47.207597	1.893000	18.170000
1816	-46.887597	1.895000	18.010000
1817	-46.787597	1.895000	18.170000
1818	-46.567597	1.897000	18.140000
1819	-46.347597	1.897000	18.150000
1820	-46.317597	1.899000	18.190000
1821	-46.307597	1.899000	18.340000
1822	-46.297597	1.901000	18.120000
1823	-46.287597	1.901000	18.040000
1824	-46.287597	1.903000	18.010000
1825	-46.167597	1.903000	18.270000
1826	-46.007597	1.904000	18.180000
1827	-45.997597	1.904000	18.120000
1828	-45.967597	1.906000	18.160000
1829	-45.917597	1.906000	18.090000
1830	-45.827597	1.906000	18.160000
1831	-45.787597	1.908000	18.160000
1832	-45.707597	1.908000	18.210000
1833	-45.697597	1.910000	18.240000
1834	-45.687597	1.912000	18.250000
1835	-45.597597	1.912000	18.320000
1836	-45.517597	1.914000	18.220000
1837	-45.497597	1.914000	18.160000
1838	-45.417597	1.914000	18.290000
1839	-45.397597	1.916000	18.220000
1840	-45.287597	1.918000	18.350000
1841	-45.237597	1.918000	18.120000
1842	-45.237597	1.920000	18.140000
1843	-45.217597	1.922000	18.220000
1844	-45.047597	1.922000	18.170000
1845	-45.007597	1.922000	18.100000
1846	-44.867597	1.924000	18.240000
1847	-44.827597	1.926000	18.190000
1848	-44.797597	1.926000	18.340000
1849	-44.797597	1.928000	18.190000
1850	-44.737597	1.928000	18.250000
1851	-44.587597	1.930000	18.170000
1852	-44.427597	1.930000	18.210000
1853	-44.387597	1.930000	18.220000
1854	-44.307597	1.932000	18.260000
1855	-44.237597	1.934000	18.300000
1856	-44.187597	1.934000	18.370000
1857	-44.177597	1.936000	18.280000
1858	-44.127597	1.936000	18.320000
1859	-43.937597	1.938000	18.470000
1860	-43.817597	1.938000	18.390000
1861	-43.737597	1.940000	18.440000
1862	-43.517597	1.940000	18.340000
1863	-43.387597	1.940000	18.370000
1864	-43.367597	1.942000	18.420000
1865	-43.167597	1.944000	18.330000
1866	-42.937597	1.944000	18.500000
1867	-42.917597	1.946000	18.540000
1868	-42.857597	1.946000	18.540000
1869	-42.777597	1.946000	18.430000
1870	-42.727597	1.947000	18.370000
1871	-42.607597	1.951000	18.460000
1872	-42.577597	1.949000	18.520000
1873	-42.527597	1.951000	18.380000
1874	-42.497597	1.951000	18.500000
1875	-42.467597	1.953000	18.560000
1876	-42.417597	1.953000	18.460000
1877	-42.397597	1.953000	18.550000
1878	-42.297597	1.955000	18.450000
1879	-42.107597	1.957000	18.530000
1880	-41.877597	1.957000	18.230000
1881	-41.767597	1.959000	18.530000
1882	-41.737597	1.959000	18.590000
1883	-41.717597	1.961000	18.600000
1884	-41.657597	1.961000	18.550000
1885	-41.627597	1.961000	18.640000
1886	-41.507597	1.963000	18.560000
1887	-41.287597	1.965000	18.660000
1888	-41.237597	1.965000	18.670000
1889	-41.117597	1.967000	18.750000
1890	-41.107597	1.969000	18.620000
1891	-40.977597	1.971000	18.690000
1892	-40.927597	1.971000	18.740000
1893	-40.907597	1.973000	18.680000
1894	-40.797597	1.971000	18.570000
1895	-40.717597	1.975000	18.540000
1896	-40.697597	1.975000	18.740000
1897	-40.687597	1.977000	18.710000
1898	-40.667597	1.977000	18.610000
1899	-40.577597	1.979000	18.750000
1900	-40.537597	1.979000	18.660000
1901	-40.527597	1.983000	18.600000
1902	-40.517597	1.983000	18.690000
1903	-40.467597	1.983000	18.620000
1904	-40.367597	1.983000	18.810000
1905	-40.267597	1.985000	18.650000
1906	-40.197597	1.985000	18.780000
1907	-40.147597	1.987000	18.650000
1908	-39.917597	1.987000	18.690000
1909	-39.897597	1.988000	18.600000
1910	-39.897597	1.988000	18.790000
1911	-39.847597	1.990000	18.790000
1912	-39.747597	1.990000	18.630000
1913	-39.697597	1.990000	18.840000
1914	-39.627597	1.992000	18.950000
1915	-39.587597	1.994000	18.680000
1916	-39.537597	1.994000	18.770000
1917	-39.327597	1.996000	18.720000
1918	-39.307597	1.996000	18.740000
1919	-39.277597	1.998000	18.830000
1920	-39.257597	1.998000	18.790000
1921	-39.237597	2.000000	18.630000
1922	-39.237597	2.000000	18.680000
1923	-39.217597	2.002000	18.620000
1924	-39.207597	2.002000	18.820000
1925	-38.907597	2.004000	18.830000
1926	-38.907597	2.006000	18.730000
1927	-38.867597	2.006000	18.730000
1928	-38.837597	2.008000	18.780000
1929	-38.677597	2.008000	18.660000
1930	-38.657597	2.010000	18.790000
1931	-38.657597	2.010000	18.700000
1932	-38.537597	2.012000	18.790000
1933	-38.427597	2.012000	18.700000
1934	-38.427597	2.014000	18.660000
1935	-38.407597	2.016000	18.720000
1936	-38.337597	2.016000	18.790000
1937	-38.197597	2.018000	18.700000
1938	-38.037597	2.018000	18.750000
1939	-37.917597	2.020000	18.740000
1940	-37.827597	2.020000	18.750000
1941	-37.817597	2.022000	18.870000
1942	-37.807597	2.022000	18.740000
1943	-37.747597	2.024000	18.840000
1944	-37.737597	2.024000	18.720000
1945	-37.587597	2.026000	18.750000
1946	-37.297597	2.026000	18.750000
1947	-37.277597	2.028000	18.740000
1948	-37.247597	2.028000	18.690000
1949	-36.987597	2.029000	19.010000
1950	-36.927597	2.029000	18.860000
1951	-36.927597	2.031000	18.920000
1952	-36.897597	2.031000	18.940000
1953	-36.797597	2.033000	18.870000
1954	-36.767597	2.033000	18.820000
1955	-36.667597	2.035000	18.700000
1956	-36.627597	2.037000	18.830000
1957	-36.567597	2.037000	18.800000
1958	-36.557597	2.039000	18.820000
1959	-36.517597	2.039000	18.920000
1960	-36.477597	2.041000	18.870000
1961	-36.427597	2.041000	18.820000
1962	-36.347597	2.045000	18.910000
1963	-36.317597	2.043000	18.710000
1964	-36.167597	2.045000	18.840000
1965	-36.157597	2.045000	18.950000
1966	-35.767597	2.047000	18.890000
1967	-35.737597	2.047000	19.140000
1968	-35.517597	2.051000	19.030000
1969	-35.377597	2.051000	18.910000
1970	-35.307597	2.053000	18.870000
1971	-35.297597	2.053000	19.020000
1972	-35.197597	2.055000	18.910000
1973	-35.117597	2.057000	19.070000
1974	-35.047597	2.057000	19.000000
1975	-34.907597	2.059000	19.010000
1976	-34.877597	2.059000	19.010000
1977	-34.857597	2.061000	18.950000
1978	-34.857597	2.061000	18.990000
1979	-34.817597	2.063000	19.020000
1980	-34.787597	2.063000	18.970000
1981	-34.747597	2.063000	18.970000
1982	-34.487597	2.065000	18.940000
1983	-34.457597	2.067000	18.970000
1984	-34.277597	2.065000	18.920000
1985	-34.077597	2.069000	19.020000
1986	-34.067597	2.069000	19.060000
1987	-33.987597	2.070000	19.020000
1988	-33.947597	2.070000	18.980000
1989	-33.867597	2.070000	18.890000
1990	-33.817597	2.072000	19.100000
1991	-33.807597	2.074000	19.010000
1992	-33.777597	2.076000	19.020000
1993	-33.637597	2.074000	18.920000
1994	-33.627597	2.076000	18.990000
1995	-33.567597	2.078000	18.990000
1996	-33.557597	2.078000	18.950000
1997	-33.397597	2.078000	19.080000
1998	-33.327597	2.080000	19.020000
1999	-33.287597	2.082000	19.080000
2000	-33.257597	2.082000	19.230000
2001	-33.237597	2.084000	19.080000
2002	-33.197597	2.084000	19.120000
2003	-33.127597	2.086000	19.000000
2004	-32.907597	2.086000	19.150000
2005	-32.857597	2.088000	19.020000
2006	-32.837597	2.088000	19.150000
2007	-32.797597	2.090000	19.130000
2008	-32.787597	2.090000	19.160000
2009	-32.727597	2.092000	19.120000
2010	-32.637597	2.092000	19.150000
2011	-32.567597	2.094000	19.110000
2012	-32.527597	2.094000	19.110000
2013	-32.387597	2.094000	19.110000
2014	-32.217597	2.096000	19.080000
2015	-32.167597	2.096000	19.150000
2016	-32.117597	2.100000	19.160000
2017	-32.097597	2.100000	19.220000
2018	-32.017597	2.102000	19.060000
2019	-31.967597	2.102000	19.070000
2020	-31.927597	2.102000	19.080000
2021	-31.927597	2.104000	19.050000
2022	-31.917597	2.106000	19.220000
2023	-31.907597	2.108000	19.030000
2024	-31.807597	2.108000	19.240000
2025	-31.797597	2.108000	19.060000
2026	-31.787597	2.110000	19.040000
2027	-31.157597	2.110000	19.190000
2028	-31.107597	2.110000	19.350000
2029	-30.787597	2.112000	19.210000
2030	-30.767597	2.113000	19.260000
2031	-30.427597	2.113000	19.350000
2032	-30.367597	2.115000	19.390000
2033	-30.317597	2.115000	19.310000
2034	-30.267597	2.117000	19.190000
2035	-30.267597	2.119000	19.280000
2036	-30.257597	2.119000	19.320000
2037	-30.247597	2.121000	19.230000
2038	-30.237597	2.121000	19.200000
2039	-30.217597	2.123000	19.150000
2040	-30.047597	2.123000	19.240000
2041	-29.897597	2.125000	19.380000
2042	-29.897597	2.125000	19.390000
2043	-29.887597	2.125000	19.350000
2044	-29.827597	2.127000	19.300000
2045	-29.787597	2.127000	19.160000
2046	-29.497597	2.129000	19.160000
2047	-29.387597	2.131000	19.290000
2048	-29.327597	2.131000	19.260000
2049	-29.307597	2.135000	19.490000
2050	-29.297597	2.135000	19.440000
2051	-29.227597	2.137000	19.220000
2052	-29.217597	2.137000	19.210000
2053	-28.937597	2.139000	19.430000
2054	-28.937597	2.139000	19.400000
2055	-28.837597	2.141000	19.450000
2056	-28.757597	2.141000	19.360000
2057	-28.697597	2.143000	19.420000
2058	-28.677597	2.143000	19.390000
2059	-28.587597	2.145000	19.260000
2060	-28.547597	2.145000	19.440000
2061	-28.387597	2.147000	19.330000
2062	-28.377597	2.147000	19.420000
2063	-28.377597	2.149000	19.410000
2064	-28.337597	2.149000	19.380000
2065	-28.157597	2.151000	19.380000
2066	-28.127597	2.151000	19.430000
2067	-28.097597	2.153000	19.420000
2068	-27.997597	2.153000	19.440000
2069	-27.977597	2.154000	19.480000
2070	-27.907597	2.154000	19.330000
2071	-27.867597	2.156000	19.380000
2072	-27.847597	2.156000	19.570000
2073	-27.667597	2.158000	19.370000
2074	-27.567597	2.158000	19.440000
2075	-27.547597	2.160000	19.540000
2076	-27.427597	2.160000	19.560000
2077	-27.307597	2.162000	19.490000
2078	-27.257597	2.162000	19.480000
2079	-27.157597	2.164000	19.520000
2080	-27.077597	2.164000	19.670000
2081	-26.937597	2.166000	19.600000
2082	-26.927597	2.166000	19.540000
2083	-26.817597	2.168000	19.470000
2084	-26.797597	2.170000	19.560000
2085	-26.677597	2.170000	19.580000
2086	-26.677597	2.170000	19.530000
2087	-26.657597	2.172000	19.550000
2088	-26.627597	2.172000	19.470000
2089	-26.577597	2.174000	19.420000
2090	-26.547597	2.174000	19.560000
2091	-26.287597	2.174000	19.550000
2092	-26.097597	2.174000	19.390000
2093	-25.947597	2.178000	19.570000
2094	-25.947597	2.178000	19.410000
2095	-25.917597	2.180000	19.480000
2096	-25.907597	2.180000	19.920000
2097	-25.847597	2.182000	19.640000
2098	-25.827597	2.184000	19.370000
2099	-25.797597	2.184000	19.480000
2100	-25.787597	2.186000	19.560000
2101	-25.697597	2.186000	19.410000
2102	-25.427597	2.188000	19.600000
2103	-25.297597	2.188000	19.520000
2104	-25.297597	2.190000	19.620000
2105	-25.217597	2.190000	19.400000
2106	-25.107597	2.192000	19.620000
2107	-24.947597	2.190000	19.620000
2108	-24.857597	2.194000	19.680000
2109	-24.747597	2.194000	19.700000
2110	-24.717597	2.196000	19.770000
2111	-24.697597	2.196000	19.680000
2112	-24.687597	2.197000	19.760000
2113	-24.637597	2.197000	19.670000
2114	-24.627597	2.199000	19.780000
2115	-24.587597	2.199000	19.600000
2116	-24.487597	2.201000	19.850000
2117	-24.427597	2.201000	19.710000
2118	-24.427597	2.203000	19.650000
2119	-24.217597	2.203000	19.790000
2120	-24.217597	2.205000	19.710000
2121	-24.047597	2.205000	19.620000
2122	-23.947597	2.207000	19.740000
2123	-23.937597	2.207000	19.610000
2124	-23.807597	2.209000	19.650000
2125	-23.737597	2.209000	19.640000
2126	-23.517597	2.211000	19.670000
2127	-23.507597	2.211000	19.790000
2128	-23.407597	2.213000	19.860000
2129	-23.377597	2.213000	19.660000
2130	-23.307597	2.215000	19.690000
2131	-23.227597	2.215000	19.940000
2132	-23.197597	2.219000	19.850000
2133	-23.037597	2.219000	19.750000
2134	-23.007597	2.219000	19.720000
2135	-22.997597	2.221000	19.960000
2136	-22.897597	2.223000	19.860000
2137	-22.837597	2.223000	19.810000
2138	-22.797597	2.225000	19.850000
2139	-22.737597	2.225000	19.750000
2140	-22.687597	2.227000	19.820000
2141	-22.667597	2.227000	19.730000
2142	-22.387597	2.227000	19.800000
2143	-22.377597	2.229000	19.700000
2144	-22.327597	2.231000	19.800000
2145	-22.227597	2.231000	19.830000
2146	-22.197597	2.233000	19.960000
2147	-22.167597	2.233000	19.830000
2148	-22.087597	2.235000	19.760000
2149	-22.057597	2.235000	19.690000
2150	-21.987597	2.237000	19.730000
2151	-21.927597	2.238000	19.840000
2152	-21.927597	2.238000	19.870000
2153	-21.827597	2.240000	19.600000
2154	-21.787597	2.240000	19.930000
2155	-21.737597	2.242000	19.890000
2156	-21.707597	2.242000	19.980000
2157	-21.597597	2.242000	19.950000
2158	-21.537597	2.244000	20.030000
2159	-21.267597	2.248000	19.830000
2160	-21.237597	2.246000	20.020000
2161	-21.197597	2.248000	20.020000
2162	-21.127597	2.248000	19.980000
2163	-21.087597	2.250000	19.960000
2164	-20.987597	2.250000	20.040000
2165	-20.977597	2.250000	19.930000
2166	-20.887597	2.252000	20.140000
2167	-20.827597	2.252000	20.020000
2168	-20.767597	2.254000	19.930000
2169	-20.747597	2.256000	19.900000
2170	-20.687597	2.256000	19.950000
2171	-20.617597	2.258000	19.970000
2172	-20.567597	2.258000	19.920000
2173	-20.557597	2.258000	19.900000
2174	-20.527597	2.260000	20.040000
2175	-20.507597	2.262000	19.920000
2176	-20.317597	2.264000	20.010000
2177	-20.227597	2.264000	20.060000
2178	-20.087597	2.264000	20.020000
2179	-19.907597	2.266000	20.080000
2180	-19.877597	2.266000	19.820000
2181	-19.857597	2.266000	19.980000
2182	-19.827597	2.268000	20.090000
2183	-19.717597	2.270000	20.070000
2184	-19.627597	2.270000	20.020000
2185	-19.617597	2.272000	19.940000
2186	-19.527597	2.272000	19.930000
2187	-19.357597	2.274000	20.100000
2188	-19.287597	2.274000	20.030000
2189	-19.237597	2.276000	20.130000
2190	-19.077597	2.276000	20.100000
2191	-18.667597	2.278000	20.000000
2192	-18.657597	2.278000	20.320000
2193	-18.647597	2.279000	20.100000
2194	-18.527597	2.279000	20.020000
2195	-18.447597	2.281000	20.130000
2196	-18.427597	2.281000	20.120000
2197	-18.417597	2.281000	20.050000
2198	-18.407597	2.283000	20.160000
2199	-18.187597	2.285000	20.060000
2200	-18.177597	2.285000	20.330000
2201	-18.147597	2.287000	20.150000
2202	-18.117597	2.287000	20.330000
2203	-18.027597	2.289000	20.070000
2204	-17.977597	2.289000	20.350000
2205	-17.957597	2.289000	20.330000
2206	-17.907597	2.291000	20.080000
2207	-17.887597	2.293000	20.150000
2208	-17.727597	2.295000	20.220000
2209	-17.727597	2.295000	20.130000
2210	-17.677597	2.295000	20.080000
2211	-17.657597	2.297000	20.250000
2212	-17.647597	2.297000	20.210000
2213	-17.647597	2.301000	19.980000
2214	-17.637597	2.301000	20.150000
2215	-17.567597	2.303000	20.050000
2216	-17.387597	2.303000	20.170000
2217	-17.327597	2.305000	20.210000
2218	-17.317597	2.305000	20.310000
2219	-17.287597	2.307000	20.140000
2220	-17.207597	2.307000	20.190000
2221	-17.107597	2.309000	20.180000
2222	-17.097597	2.311000	20.300000
2223	-16.937597	2.311000	20.300000
2224	-16.827597	2.311000	20.210000
2225	-16.737597	2.313000	20.310000
2226	-16.727597	2.313000	20.190000
2227	-16.637597	2.315000	20.320000
2228	-16.627597	2.315000	20.250000
2229	-16.577597	2.315000	20.280000
2230	-16.367597	2.315000	20.220000
2231	-16.277597	2.319000	20.250000
2232	-16.257597	2.319000	20.200000
2233	-16.247597	2.320000	20.350000
2234	-16.087597	2.320000	20.140000
2235	-16.007597	2.322000	20.240000
2236	-15.997597	2.322000	20.260000
2237	-15.947597	2.326000	20.250000
2238	-15.847597	2.326000	20.380000
2239	-15.747597	2.326000	20.270000
2240	-15.727597	2.326000	20.440000
2241	-15.717597	2.326000	20.340000
2242	-15.607597	2.328000	20.300000
2243	-15.557597	2.330000	20.250000
2244	-15.517597	2.330000	20.360000
2245	-15.517597	2.332000	20.400000
2246	-15.497597	2.332000	20.180000
2247	-15.477597	2.334000	20.230000
2248	-15.407597	2.334000	20.330000
2249	-15.167597	2.336000	20.350000
2250	-15.087597	2.336000	20.290000
2251	-14.937597	2.338000	20.290000
2252	-14.847597	2.338000	20.390000
2253	-14.807597	2.342000	20.270000
2254	-14.727597	2.340000	20.330000
2255	-14.707597	2.342000	20.230000
2256	-14.677597	2.342000	20.400000
2257	-14.567597	2.344000	20.430000
2258	-14.567597	2.344000	20.270000
2259	-14.487597	2.346000	20.410000
2260	-14.117597	2.346000	20.320000
2261	-13.987597	2.346000	20.360000
2262	-13.877597	2.348000	20.360000
2263	-13.877597	2.350000	20.250000
2264	-13.657597	2.350000	20.380000
2265	-13.557597	2.352000	20.350000
2266	-13.467597	2.352000	20.530000
2267	-13.467597	2.354000	20.410000
2268	-13.327597	2.354000	20.560000
2269	-13.237597	2.356000	20.390000
2270	-13.117597	2.356000	20.340000
2271	-12.947597	2.358000	20.520000
2272	-12.887597	2.358000	20.480000
2273	-12.687597	2.360000	20.540000
2274	-12.477597	2.360000	20.580000
2275	-12.417597	2.362000	20.370000
2276	-12.357597	2.362000	20.480000
2277	-12.337597	2.363000	20.520000
2278	-12.327597	2.363000	20.390000
2279	-12.287597	2.365000	20.620000
2280	-12.237597	2.365000	20.690000
2281	-12.177597	2.367000	20.410000
2282	-12.167597	2.367000	20.600000
2283	-12.167597	2.369000	20.450000
2284	-12.157597	2.369000	20.520000
2285	-12.117597	2.373000	20.550000
2286	-12.047597	2.371000	20.540000
2287	-12.037597	2.373000	20.520000
2288	-11.977597	2.373000	20.570000
2289	-11.827597	2.375000	20.500000
2290	-11.767597	2.375000	20.600000
2291	-11.757597	2.377000	20.650000
2292	-11.717597	2.377000	20.490000
2293	-11.687597	2.377000	20.690000
2294	-11.647597	2.381000	20.480000
2295	-11.517597	2.381000	20.450000
2296	-11.487597	2.383000	20.520000
2297	-11.357597	2.385000	20.530000
2298	-11.297597	2.387000	20.640000
2299	-11.297597	2.387000	20.600000
2300	-11.207597	2.389000	20.600000
2301	-11.207597	2.389000	20.650000
2302	-10.777597	2.391000	20.500000
2303	-10.717597	2.391000	20.690000
2304	-10.587597	2.393000	20.690000
2305	-10.507597	2.393000	20.610000
2306	-10.507597	2.395000	20.690000
2307	-10.457597	2.395000	20.510000
2308	-10.407597	2.397000	20.610000
2309	-10.397597	2.397000	20.630000
2310	-10.357597	2.399000	20.630000
2311	-10.187597	2.399000	20.540000
2312	-10.177597	2.399000	20.610000
2313	-10.127597	2.401000	20.670000
2314	-10.097597	2.404000	20.580000
2315	-9.937597	2.404000	20.630000
2316	-9.897597	2.404000	20.660000
2317	-9.857597	2.406000	20.710000
2318	-9.857597	2.406000	20.630000
2319	-9.777597	2.406000	20.580000
2320	-9.747597	2.408000	20.640000
2321	-9.627597	2.410000	20.730000
2322	-9.427597	2.410000	20.800000
2323	-9.207597	2.410000	20.570000
2324	-9.087597	2.412000	20.740000
2325	-9.047597	2.414000	20.690000
2326	-8.997597	2.414000	20.650000
2327	-8.937597	2.414000	20.710000
2328	-8.887597	2.416000	20.710000
2329	-8.827597	2.418000	20.680000
2330	-8.787597	2.418000	20.750000
2331	-8.707597	2.420000	20.700000
2332	-8.697597	2.420000	20.720000
2333	-8.697597	2.422000	20.630000
2334	-8.657597	2.424000	20.760000
2335	-8.637597	2.424000	20.550000
2336	-8.617597	2.426000	20.770000
2337	-8.587597	2.426000	20.750000
2338	-8.507597	2.428000	20.580000
2339	-8.497597	2.428000	20.590000
2340	-8.477597	2.430000	20.660000
2341	-8.467597	2.430000	20.810000
2342	-8.377597	2.430000	20.790000
2343	-8.317597	2.432000	20.700000
2344	-8.247597	2.434000	20.790000
2345	-8.037597	2.436000	20.720000
2346	-7.997597	2.436000	20.910000
2347	-7.987597	2.436000	20.860000
2348	-7.967597	2.438000	20.680000
2349	-7.957597	2.438000	20.630000
2350	-7.857597	2.438000	20.710000
2351	-7.837597	2.440000	20.780000
2352	-7.727597	2.440000	20.710000
2353	-7.707597	2.442000	20.790000
2354	-7.587597	2.444000	20.780000
2355	-7.337597	2.444000	20.790000
2356	-7.317597	2.446000	20.830000
2357	-7.237597	2.446000	20.760000
2358	-6.687597	2.446000	20.930000
2359	-6.567597	2.447000	20.930000
2360	-6.337597	2.449000	20.940000
2361	-6.207597	2.449000	20.840000
2362	-6.197597	2.451000	21.020000
2363	-6.197597	2.451000	20.810000
2364	-6.117597	2.453000	20.960000
2365	-6.097597	2.455000	20.880000
2366	-6.017597	2.455000	21.000000
2367	-5.987597	2.457000	20.960000
2368	-5.987597	2.457000	20.940000
2369	-5.887597	2.459000	20.980000
2370	-5.717597	2.459000	20.910000
2371	-5.677597	2.461000	20.950000
2372	-5.667597	2.461000	21.030000
2373	-5.647597	2.461000	20.930000
2374	-5.627597	2.463000	20.960000
2375	-5.547597	2.467000	20.970000
2376	-5.337597	2.465000	20.930000
2377	-5.277597	2.467000	20.960000
2378	-5.227597	2.469000	21.160000
2379	-5.147597	2.471000	21.090000
2380	-5.077597	2.471000	20.900000
2381	-5.067597	2.473000	21.020000
2382	-5.067597	2.473000	20.920000
2383	-4.927597	2.475000	21.030000
2384	-4.907597	2.475000	21.120000
2385	-4.847597	2.477000	21.150000
2386	-4.637597	2.477000	20.950000
2387	-4.637597	2.479000	20.920000
2388	-4.547597	2.479000	21.020000
2389	-4.407597	2.481000	20.980000
2390	-4.407597	2.481000	21.020000
2391	-4.337597	2.483000	21.130000
2392	-4.237597	2.483000	20.970000
2393	-4.167597	2.485000	21.080000
2394	-4.167597	2.485000	21.150000
2395	-4.147597	2.487000	21.000000
2396	-4.137597	2.488000	20.990000
2397	-4.107597	2.488000	20.910000
2398	-4.037597	2.490000	21.030000
2399	-3.947597	2.490000	21.090000
2400	-3.897597	2.492000	21.070000
2401	-3.847597	2.492000	21.010000
2402	-3.817597	2.494000	21.190000
2403	-3.807597	2.494000	21.150000
2404	-3.787597	2.496000	21.140000
2405	-3.727597	2.498000	20.990000
2406	-3.597597	2.498000	20.970000
2407	-3.507597	2.500000	21.070000
2408	-3.397597	2.500000	21.070000
2409	-3.167597	2.502000	20.950000
2410	-3.067597	2.502000	21.010000
2411	-3.047597	2.504000	21.200000
2412	-2.977597	2.504000	21.190000
2413	-2.757597	2.506000	21.150000
2414	-2.687597	2.506000	21.100000
2415	-2.617597	2.508000	21.140000
2416	-2.557597	2.508000	21.230000
2417	-2.487597	2.510000	21.100000
2418	-2.417597	2.510000	21.150000
2419	-2.297597	2.512000	21.090000
2420	-2.267597	2.512000	21.260000
2421	-2.227597	2.514000	21.130000
2422	-2.207597	2.514000	21.110000
2423	-2.067597	2.516000	21.180000
2424	-1.987597	2.516000	21.240000
2425	-1.967597	2.518000	21.150000
2426	-1.907597	2.518000	21.150000
2427	-1.867597	2.520000	21.210000
2428	-1.757597	2.518000	21.340000
2429	-1.727597	2.522000	21.170000
2430	-1.607597	2.522000	21.130000
2431	-1.477597	2.524000	21.240000
2432	-1.427597	2.524000	21.230000
2433	-1.317597	2.526000	21.300000
2434	-1.137597	2.526000	21.190000
2435	-0.977597	2.528000	21.230000
2436	-0.867597	2.529000	21.330000
2437	-0.807597	2.529000	21.160000
2438	-0.787597	2.529000	21.390000
2439	-0.747597	2.531000	21.240000
2440	-0.737597	2.531000	21.140000
2441	-0.557597	2.533000	21.260000
2442	-0.547597	2.533000	21.190000
2443	-0.547597	2.533000	21.230000
2444	-0.517597	2.533000	21.420000
2445	-0.517597	2.537000	21.280000
2446	-0.447597	2.537000	21.370000
2447	-0.337597	2.539000	21.350000
2448	-0.317597	2.539000	21.240000
2449	-0.127597	2.541000	21.410000
2450	-0.127597	2.541000	21.220000
2451	-0.127597	2.543000	21.250000
2452	-0.117597	2.543000	21.270000
2453	-0.067597	2.545000	21.220000
2454	0.192403	2.545000	21.340000
2455	0.222403	2.547000	21.360000
2456	0.272403	2.549000	21.290000
2457	0.312403	2.551000	21.340000
2458	0.362403	2.553000	21.290000
2459	0.402403	2.553000	21.400000
2460	0.622403	2.555000	21.480000
2461	0.672403	2.555000	21.310000
2462	0.702403	2.555000	21.420000
2463	0.702403	2.557000	21.250000
2464	0.722403	2.561000	21.340000
2465	0.832403	2.559000	21.350000
2466	0.872403	2.561000	21.470000
2467	0.962403	2.561000	21.250000
2468	0.992403	2.563000	21.410000
2469	1.032403	2.563000	21.350000
2470	1.062403	2.563000	21.430000
2471	1.082403	2.565000	21.430000
2472	1.092403	2.567000	21.480000
2473	1.152403	2.567000	21.580000
2474	1.212403	2.569000	21.500000
2475	1.242403	2.570000	21.350000
2476	1.362403	2.570000	21.540000
2477	1.392403	2.570000	21.310000
2478	1.442403	2.572000	21.460000
2479	1.452403	2.574000	21.460000
2480	1.572403	2.574000	21.390000
2481	1.662403	2.576000	21.510000
2482	1.722403	2.576000	21.370000
2483	1.892403	2.578000	21.430000
2484	1.922403	2.578000	21.400000
2485	1.942403	2.578000	21.450000
2486	2.072403	2.580000	21.210000
2487	2.182403	2.582000	21.410000
2488	2.312403	2.582000	21.300000
2489	2.662403	2.584000	21.410000
2490	2.752403	2.584000	21.520000
2491	2.942403	2.586000	21.440000
2492	3.002403	2.586000	21.450000
2493	3.022403	2.588000	21.590000
2494	3.082403	2.588000	21.420000
2495	3.322403	2.592000	21.380000
2496	3.382403	2.592000	21.450000
2497	3.472403	2.592000	21.550000
2498	3.582403	2.594000	21.460000
2499	4.032403	2.594000	21.370000
2500	4.162403	2.594000	21.440000
2501	4.592403	2.596000	21.380000
2502	5.272403	2.598000	21.310000
