1	-190.447338	0.000000	9.440000
2	-189.927338	0.000000	9.650000
3	-189.907338	0.002000	9.450000
4	-189.567338	0.004000	9.450000
5	-189.547338	0.004000	9.640000
6	-189.487338	0.004000	9.430000
7	-189.457338	0.006000	9.640000
8	-189.357338	0.010000	9.690000
9	-189.347338	0.010000	9.780000
10	-189.207338	0.008000	9.440000
11	-189.187338	0.010000	9.760000
12	-189.137338	0.010000	9.800000
13	-188.727338	0.012000	9.580000
14	-188.547338	0.014000	9.530000
15	-188.237338	0.016000	9.710000
16	-188.137338	0.016000	9.700000
17	-187.997338	0.016000	9.910000
18	-187.957338	0.018000	9.760000
19	-187.877338	0.020000	9.470000
20	-187.817338	0.020000	9.770000
21	-187.787338	0.020000	9.500000
22	-187.747338	0.022000	9.740000
23	-187.737338	0.024000	9.600000
24	-187.637338	0.024000	9.440000
25	-187.547338	0.026000	9.570000
26	-187.537338	0.026000	9.520000
27	-187.527338	0.026000	10.020000
28	-187.517338	0.028000	9.440000
29	-187.417338	0.028000	9.600000
30	-187.387338	0.030000	9.700000
31	-187.307338	0.032000	10.140000
32	-187.257338	0.032000	9.520000
33	-187.247338	0.034000	9.550000
34	-187.237338	0.036000	9.900000
35	-187.127338	0.036000	9.640000
36	-187.057338	0.036000	9.530000
37	-187.007338	0.038000	9.820000
38	-186.917338	0.040000	9.690000
39	-186.757338	0.040000	9.640000
40	-186.567338	0.041000	9.670000
41	-186.177338	0.041000	9.750000
42	-186.157338	0.041000	9.490000
43	-186.057338	0.043000	9.590000
44	-186.037338	0.043000	9.650000
45	-185.977338	0.045000	9.710000
46	-185.937338	0.047000	9.890000
47	-185.917338	0.047000	9.690000
48	-185.787338	0.047000	9.870000
49	-185.777338	0.049000	9.880000
50	-185.657338	0.051000	9.880000
51	-185.637338	0.051000	9.880000
52	-185.637338	0.051000	9.790000
53	-185.557338	0.055000	9.700000
54	-185.537338	0.055000	9.630000
55	-185.467338	0.057000	10.050000
56	-185.457338	0.057000	10.150000
57	-185.437338	0.057000	9.670000
58	-185.437338	0.059000	9.710000
59	-185.397338	0.059000	9.890000
60	-185.307338	0.063000	9.700000
61	-185.077338	0.065000	9.730000
62	-185.027338	0.065000	9.830000
63	-184.967338	0.067000	10.210000
64	-184.957338	0.067000	9.850000
65	-184.727338	0.067000	10.100000
66	-184.327338	0.069000	9.740000
67	-184.317338	0.069000	9.860000
68	-184.147338	0.073000	9.910000
69	-184.077338	0.073000	9.860000
70	-183.817338	0.073000	9.890000
71	-183.807338	0.073000	9.710000
72	-183.747338	0.075000	10.040000
73	-183.727338	0.075000	9.730000
74	-183.697338	0.077000	9.640000
75	-183.637338	0.079000	9.670000
76	-183.627338	0.079000	9.690000
77	-183.617338	0.081000	9.880000
78	-183.347338	0.081000	9.720000
79	-183.347338	0.081000	9.910000
80	-183.297338	0.082000	10.030000
81	-183.197338	0.082000	9.930000
82	-183.167338	0.084000	9.630000
83	-183.167338	0.086000	9.660000
84	-183.077338	0.086000	9.820000
85	-183.067338	0.088000	9.490000
86	-183.047338	0.088000	9.850000
87	-183.007338	0.088000	9.950000
88	-182.967338	0.090000	9.730000
89	-182.937338	0.090000	10.120000
90	-182.897338	0.092000	9.730000
91	-182.867338	0.094000	10.180000
92	-182.817338	0.094000	9.870000
93	-182.807338	0.094000	9.700000
94	-182.707338	0.096000	9.780000
95	-182.707338	0.098000	9.940000
96	-182.687338	0.098000	9.770000
97	-182.577338	0.098000	9.880000
98	-182.557338	0.100000	9.890000
99	-182.477338	0.102000	9.860000
100	-182.407338	0.102000	9.860000
101	-182.387338	0.104000	9.770000
102	-182.327338	0.104000	10.010000
103	-182.327338	0.104000	9.810000
104	-182.307338	0.106000	9.840000
105	-182.237338	0.108000	9.950000
106	-182.107338	0.108000	9.950000
107	-181.977338	0.110000	10.140000
108	-181.877338	0.110000	10.020000
109	-181.777338	0.112000	10.030000
110	-181.777338	0.112000	10.240000
111	-181.317338	0.112000	9.970000
112	-181.217338	0.114000	10.150000
113	-181.147338	0.114000	10.030000
114	-181.067338	0.116000	10.060000
115	-181.037338	0.118000	10.490000
116	-181.017338	0.118000	9.890000
117	-181.007338	0.120000	9.930000
118	-180.967338	0.120000	9.940000
119	-180.927338	0.120000	10.300000
120	-180.757338	0.122000	10.270000
121	-180.677338	0.122000	10.020000
122	-180.627338	0.124000	9.970000
123	-180.557338	0.125000	9.880000
124	-180.537338	0.124000	9.800000
125	-180.507338	0.125000	9.950000
126	-180.317338	0.127000	10.000000
127	-180.247338	0.127000	10.210000
128	-180.197338	0.129000	10.170000
129	-179.977338	0.129000	10.020000
130	-179.917338	0.131000	10.020000
131	-179.657338	0.133000	10.010000
132	-179.607338	0.133000	10.050000
133	-179.607338	0.135000	10.210000
134	-179.607338	0.135000	10.230000
135	-179.507338	0.135000	10.140000
136	-179.457338	0.137000	9.960000
137	-179.437338	0.139000	10.040000
138	-179.407338	0.141000	10.100000
139	-179.387338	0.141000	10.000000
140	-179.387338	0.143000	10.190000
141	-179.357338	0.143000	10.150000
142	-179.297338	0.143000	10.030000
143	-179.267338	0.147000	10.060000
144	-179.217338	0.147000	10.060000
145	-179.197338	0.149000	10.160000
146	-179.037338	0.149000	10.300000
147	-178.997338	0.151000	9.950000
148	-178.927338	0.151000	9.790000
149	-178.897338	0.153000	10.020000
150	-178.787338	0.153000	10.070000
151	-178.787338	0.155000	10.230000
152	-178.747338	0.157000	10.040000
153	-178.717338	0.157000	10.330000
154	-178.687338	0.155000	10.070000
155	-178.637338	0.159000	10.030000
156	-178.597338	0.161000	10.110000
157	-178.387338	0.161000	10.370000
158	-178.317338	0.163000	10.180000
159	-177.977338	0.165000	10.130000
160	-177.967338	0.165000	10.100000
161	-177.777338	0.166000	9.980000
162	-177.747338	0.166000	10.150000
163	-177.667338	0.166000	10.180000
164	-177.657338	0.168000	10.300000
165	-177.527338	0.168000	10.230000
166	-177.447338	0.170000	10.200000
167	-177.427338	0.172000	10.200000
168	-177.337338	0.172000	10.170000
169	-177.197338	0.172000	10.230000
170	-177.137338	0.174000	10.120000
171	-177.117338	0.176000	10.260000
172	-177.097338	0.176000	10.270000
173	-177.087338	0.176000	10.290000
174	-177.037338	0.178000	10.210000
175	-177.007338	0.178000	10.500000
176	-176.997338	0.180000	10.240000
177	-176.887338	0.180000	10.190000
178	-176.857338	0.182000	10.190000
179	-176.837338	0.182000	10.130000
180	-176.497338	0.184000	10.180000
181	-176.477338	0.184000	10.110000
182	-176.477338	0.186000	10.270000
183	-176.467338	0.188000	10.380000
184	-176.447338	0.188000	10.190000
185	-176.327338	0.186000	10.200000
186	-176.327338	0.190000	10.270000
187	-176.287338	0.192000	10.550000
188	-176.247338	0.192000	10.420000
189	-176.237338	0.192000	10.120000
190	-176.227338	0.194000	10.410000
191	-176.167338	0.196000	10.280000
192	-176.167338	0.196000	10.230000
193	-176.117338	0.198000	10.110000
194	-176.087338	0.198000	10.190000
195	-176.037338	0.198000	10.420000
196	-175.867338	0.200000	10.230000
197	-175.817338	0.202000	10.070000
198	-175.547338	0.202000	10.190000
199	-175.537338	0.204000	10.250000
200	-175.467338	0.204000	10.360000
201	-175.337338	0.206000	10.340000
202	-175.257338	0.208000	10.750000
203	-175.107338	0.208000	10.300000
204	-175.067338	0.208000	10.390000
205	-174.917338	0.209000	10.390000
206	-174.857338	0.211000	10.400000
207	-174.747338	0.211000	10.440000
208	-174.677338	0.213000	10.210000
209	-174.677338	0.213000	10.280000
210	-174.657338	0.213000	10.850000
211	-174.647338	0.215000	10.580000
212	-174.637338	0.215000	10.560000
213	-174.567338	0.217000	10.590000
214	-174.537338	0.219000	10.390000
215	-174.327338	0.219000	10.420000
216	-174.257338	0.219000	10.420000
217	-174.217338	0.221000	10.330000
218	-174.197338	0.223000	10.400000
219	-174.187338	0.223000	10.540000
220	-174.077338	0.223000	10.340000
221	-174.037338	0.225000	10.560000
222	-174.027338	0.227000	10.840000
223	-173.927338	0.227000	10.320000
224	-173.847338	0.229000	10.640000
225	-173.797338	0.231000	10.400000
226	-173.737338	0.231000	10.480000
227	-173.617338	0.233000	10.520000
228	-173.597338	0.235000	10.360000
229	-173.447338	0.235000	10.370000
230	-173.437338	0.237000	10.600000
231	-173.387338	0.237000	10.310000
232	-173.257338	0.237000	10.530000
233	-173.207338	0.239000	10.300000
234	-173.177338	0.239000	10.470000
235	-173.107338	0.241000	10.690000
236	-173.057338	0.243000	10.400000
237	-172.947338	0.243000	10.490000
238	-172.927338	0.245000	10.670000
239	-172.547338	0.245000	10.460000
240	-172.437338	0.245000	10.500000
241	-172.437338	0.247000	10.480000
242	-172.407338	0.247000	10.330000
243	-172.367338	0.249000	10.410000
244	-172.137338	0.250000	10.900000
245	-172.017338	0.250000	10.520000
246	-171.997338	0.252000	10.490000
247	-171.987338	0.252000	10.320000
248	-171.967338	0.252000	10.350000
249	-171.907338	0.254000	10.390000
250	-171.637338	0.254000	10.330000
251	-171.497338	0.256000	10.460000
252	-171.417338	0.258000	10.430000
253	-171.377338	0.258000	10.740000
254	-171.337338	0.260000	10.520000
255	-171.197338	0.260000	10.530000
256	-171.147338	0.262000	10.660000
257	-171.067338	0.262000	10.530000
258	-171.067338	0.262000	10.460000
259	-171.047338	0.264000	10.950000
260	-170.867338	0.266000	10.290000
261	-170.677338	0.266000	10.670000
262	-170.627338	0.268000	10.730000
263	-170.377338	0.268000	10.760000
264	-170.257338	0.268000	10.680000
265	-170.237338	0.270000	10.510000
266	-170.237338	0.270000	10.540000
267	-170.227338	0.272000	10.740000
268	-170.177338	0.272000	10.570000
269	-170.047338	0.274000	10.730000
270	-170.047338	0.276000	10.640000
271	-169.947338	0.276000	10.840000
272	-169.937338	0.276000	10.780000
273	-169.877338	0.278000	10.650000
274	-169.867338	0.278000	10.870000
275	-169.757338	0.280000	10.780000
276	-169.717338	0.282000	10.770000
277	-169.657338	0.282000	10.620000
278	-169.647338	0.284000	10.570000
279	-169.597338	0.286000	10.690000
280	-169.587338	0.286000	10.680000
281	-169.577338	0.286000	10.780000
282	-169.557338	0.288000	10.770000
283	-169.467338	0.290000	10.580000
284	-169.467338	0.291000	10.630000
285	-169.357338	0.291000	10.630000
286	-169.307338	0.291000	10.640000
287	-169.307338	0.291000	10.610000
288	-169.287338	0.293000	10.650000
289	-169.267338	0.295000	10.750000
290	-169.197338	0.295000	10.680000
291	-169.167338	0.297000	10.600000
292	-169.037338	0.297000	10.750000
293	-169.017338	0.299000	10.670000
294	-169.017338	0.299000	10.950000
295	-169.017338	0.301000	10.760000
296	-169.017338	0.301000	10.640000
297	-168.817338	0.301000	10.740000
298	-168.507338	0.303000	10.890000
299	-168.297338	0.305000	10.910000
300	-167.937338	0.305000	10.850000
301	-167.877338	0.307000	10.920000
302	-167.537338	0.307000	10.830000
303	-167.417338	0.307000	10.760000
304	-167.387338	0.309000	10.640000
305	-167.357338	0.313000	10.800000
306	-167.297338	0.313000	11.040000
307	-167.247338	0.315000	10.740000
308	-167.217338	0.315000	10.790000
309	-167.177338	0.317000	10.860000
310	-167.077338	0.317000	10.860000
311	-167.067338	0.319000	10.610000
312	-167.017338	0.321000	10.830000
313	-166.977338	0.321000	10.830000
314	-166.917338	0.323000	10.920000
315	-166.897338	0.323000	10.810000
316	-166.697338	0.325000	10.780000
317	-166.437338	0.325000	10.600000
318	-166.407338	0.325000	11.210000
319	-166.347338	0.327000	10.810000
320	-166.297338	0.329000	11.140000
321	-166.187338	0.329000	11.090000
322	-166.087338	0.329000	11.070000
323	-165.917338	0.331000	11.090000
324	-165.877338	0.332000	10.840000
325	-165.877338	0.332000	11.040000
326	-165.837338	0.332000	11.000000
327	-165.747338	0.334000	10.980000
328	-165.737338	0.334000	10.910000
329	-165.637338	0.336000	10.980000
330	-165.637338	0.336000	11.200000
331	-165.627338	0.338000	10.910000
332	-165.607338	0.338000	11.330000
333	-165.557338	0.340000	11.170000
334	-165.547338	0.340000	11.060000
335	-165.437338	0.342000	11.030000
336	-165.407338	0.344000	10.920000
337	-165.277338	0.344000	11.020000
338	-165.257338	0.342000	10.950000
339	-165.127338	0.346000	11.000000
340	-165.007338	0.348000	10.920000
341	-165.007338	0.348000	10.910000
342	-164.987338	0.348000	11.270000
343	-164.917338	0.350000	10.990000
344	-164.847338	0.352000	11.140000
345	-164.837338	0.352000	10.910000
346	-164.807338	0.354000	11.030000
347	-164.787338	0.354000	11.050000
348	-164.767338	0.354000	11.080000
349	-164.477338	0.356000	11.060000
350	-164.457338	0.356000	11.190000
351	-164.247338	0.358000	11.050000
352	-164.147338	0.360000	11.110000
353	-164.127338	0.360000	10.960000
354	-163.917338	0.360000	11.120000
355	-163.867338	0.362000	10.920000
356	-163.757338	0.364000	10.980000
357	-163.717338	0.364000	10.980000
358	-163.637338	0.364000	10.990000
359	-163.627338	0.366000	10.790000
360	-163.597338	0.368000	11.030000
361	-163.547338	0.370000	10.910000
362	-163.457338	0.370000	11.050000
363	-163.387338	0.372000	11.160000
364	-163.367338	0.372000	11.210000
365	-163.357338	0.372000	10.810000
366	-163.357338	0.374000	11.230000
367	-163.257338	0.375000	11.090000
368	-163.227338	0.374000	11.060000
369	-163.107338	0.375000	11.230000
370	-163.097338	0.377000	11.040000
371	-163.047338	0.379000	11.030000
372	-162.977338	0.379000	11.290000
373	-162.877338	0.379000	11.170000
374	-162.747338	0.381000	11.070000
375	-162.667338	0.383000	11.170000
376	-162.647338	0.383000	11.260000
377	-162.577338	0.385000	11.120000
378	-162.567338	0.385000	11.290000
379	-162.267338	0.387000	11.050000
380	-162.217338	0.387000	11.090000
381	-162.167338	0.387000	11.150000
382	-162.157338	0.389000	11.120000
383	-162.087338	0.391000	11.180000
384	-162.057338	0.391000	11.130000
385	-162.047338	0.391000	11.260000
386	-161.977338	0.393000	11.160000
387	-161.927338	0.395000	11.380000
388	-161.847338	0.397000	11.290000
389	-161.777338	0.399000	11.190000
390	-161.767338	0.399000	11.120000
391	-161.747338	0.399000	11.100000
392	-161.737338	0.401000	11.180000
393	-161.717338	0.401000	10.920000
394	-161.577338	0.403000	11.380000
395	-161.467338	0.403000	10.990000
396	-161.387338	0.405000	11.280000
397	-161.367338	0.407000	11.190000
398	-161.297338	0.407000	11.250000
399	-161.107338	0.409000	11.160000
400	-161.017338	0.409000	11.440000
401	-160.797338	0.411000	11.180000
402	-160.607338	0.411000	11.390000
403	-160.607338	0.411000	11.620000
404	-160.537338	0.413000	11.340000
405	-160.537338	0.415000	11.180000
406	-160.417338	0.415000	11.410000
407	-160.297338	0.416000	11.510000
408	-160.187338	0.416000	11.480000
409	-160.167338	0.416000	11.450000
410	-160.127338	0.418000	11.290000
411	-160.127338	0.418000	11.470000
412	-159.957338	0.420000	11.390000
413	-159.917338	0.422000	11.320000
414	-159.747338	0.422000	11.390000
415	-159.617338	0.424000	11.350000
416	-159.597338	0.424000	11.280000
417	-159.517338	0.424000	11.340000
418	-159.457338	0.426000	11.790000
419	-159.287338	0.426000	11.450000
420	-159.207338	0.428000	11.310000
421	-159.187338	0.430000	11.300000
422	-159.177338	0.430000	11.520000
423	-159.097338	0.430000	11.370000
424	-159.087338	0.432000	11.230000
425	-159.087338	0.432000	11.220000
426	-159.027338	0.434000	11.450000
427	-158.997338	0.434000	11.420000
428	-158.967338	0.436000	11.450000
429	-158.947338	0.438000	11.370000
430	-158.917338	0.438000	11.200000
431	-158.887338	0.440000	11.560000
432	-158.877338	0.440000	11.250000
433	-158.817338	0.440000	11.400000
434	-158.797338	0.442000	11.440000
435	-158.567338	0.442000	11.470000
436	-158.387338	0.444000	11.300000
437	-158.117338	0.446000	11.650000
438	-158.107338	0.446000	11.650000
439	-157.917338	0.448000	11.670000
440	-157.827338	0.448000	11.410000
441	-157.817338	0.448000	11.470000
442	-157.767338	0.450000	11.560000
443	-157.747338	0.450000	11.490000
444	-157.727338	0.452000	11.630000
445	-157.607338	0.454000	11.620000
446	-157.607338	0.454000	11.480000
447	-157.607338	0.456000	11.540000
448	-157.607338	0.456000	11.740000
449	-157.317338	0.456000	11.410000
450	-157.317338	0.458000	11.480000
451	-157.157338	0.459000	11.470000
452	-157.097338	0.459000	11.460000
453	-157.057338	0.461000	11.370000
454	-157.047338	0.461000	11.510000
455	-156.857338	0.463000	11.580000
456	-156.807338	0.463000	11.670000
457	-156.797338	0.463000	11.530000
458	-156.787338	0.465000	11.740000
459	-156.757338	0.465000	11.450000
460	-156.607338	0.467000	11.800000
461	-156.607338	0.469000	11.590000
462	-156.597338	0.469000	11.640000
463	-156.427338	0.471000	11.480000
464	-156.397338	0.471000	11.450000
465	-156.187338	0.473000	11.700000
466	-156.137338	0.473000	11.670000
467	-156.127338	0.473000	11.520000
468	-156.067338	0.475000	11.580000
469	-155.957338	0.477000	11.630000
470	-155.917338	0.477000	11.630000
471	-155.767338	0.479000	11.590000
472	-155.727338	0.481000	11.750000
473	-155.667338	0.481000	11.570000
474	-155.637338	0.485000	11.700000
475	-155.567338	0.485000	11.600000
476	-155.527338	0.485000	11.670000
477	-155.487338	0.487000	11.790000
478	-155.047338	0.489000	11.870000
479	-154.997338	0.489000	11.850000
480	-154.987338	0.489000	11.730000
481	-154.917338	0.491000	11.900000
482	-154.907338	0.495000	11.800000
483	-154.867338	0.493000	11.540000
484	-154.667338	0.493000	11.660000
485	-154.647338	0.495000	11.730000
486	-154.597338	0.495000	11.730000
487	-154.597338	0.497000	11.700000
488	-154.537338	0.497000	11.750000
489	-154.507338	0.499000	11.490000
490	-154.087338	0.500000	11.650000
491	-154.027338	0.500000	11.560000
492	-154.017338	0.500000	11.760000
493	-153.997338	0.502000	11.780000
494	-153.787338	0.504000	11.910000
495	-153.647338	0.504000	11.480000
496	-153.597338	0.504000	11.660000
497	-153.577338	0.506000	11.810000
498	-153.507338	0.508000	11.780000
499	-153.497338	0.508000	11.930000
500	-153.407338	0.510000	11.620000
501	-153.297338	0.510000	11.820000
502	-153.247338	0.510000	11.700000
503	-153.237338	0.512000	11.700000
504	-153.187338	0.512000	11.880000
505	-153.027338	0.514000	11.820000
506	-153.007338	0.516000	11.770000
507	-152.917338	0.516000	11.880000
508	-152.867338	0.516000	11.880000
509	-152.717338	0.518000	11.810000
510	-152.567338	0.520000	11.820000
511	-152.427338	0.520000	11.890000
512	-152.307338	0.520000	12.030000
513	-152.217338	0.522000	11.990000
514	-152.117338	0.524000	11.770000
515	-152.097338	0.524000	11.810000
516	-152.057338	0.526000	12.010000
517	-151.967338	0.526000	11.660000
518	-151.897338	0.526000	11.970000
519	-151.837338	0.528000	11.910000
520	-151.787338	0.528000	11.800000
521	-151.757338	0.530000	11.940000
522	-151.727338	0.532000	11.820000
523	-151.697338	0.532000	12.180000
524	-151.557338	0.532000	11.940000
525	-151.507338	0.534000	11.810000
526	-151.487338	0.534000	11.810000
527	-151.467338	0.536000	11.850000
528	-151.457338	0.536000	12.080000
529	-151.397338	0.538000	12.030000
530	-151.357338	0.540000	11.990000
531	-151.317338	0.540000	11.910000
532	-151.307338	0.541000	11.950000
533	-151.237338	0.541000	11.860000
534	-151.237338	0.543000	12.030000
535	-151.197338	0.543000	12.150000
536	-151.157338	0.543000	11.970000
537	-151.107338	0.545000	11.720000
538	-150.977338	0.547000	11.780000
539	-150.797338	0.547000	12.060000
540	-150.767338	0.547000	11.950000
541	-150.737338	0.549000	12.000000
542	-150.727338	0.551000	12.010000
543	-150.687338	0.551000	11.960000
544	-150.567338	0.551000	11.830000
545	-150.507338	0.553000	12.250000
546	-150.267338	0.553000	11.870000
547	-150.267338	0.555000	12.000000
548	-150.197338	0.557000	12.070000
549	-150.167338	0.557000	12.170000
550	-150.167338	0.557000	11.860000
551	-150.167338	0.559000	12.040000
552	-150.107338	0.559000	11.930000
553	-150.097338	0.563000	12.010000
554	-149.787338	0.565000	12.070000
555	-149.787338	0.565000	11.970000
556	-149.747338	0.565000	11.930000
557	-149.717338	0.569000	12.190000
558	-149.687338	0.569000	11.850000
559	-149.547338	0.571000	11.920000
560	-149.507338	0.571000	12.000000
561	-149.447338	0.573000	12.040000
562	-149.347338	0.573000	12.280000
563	-149.337338	0.573000	12.200000
564	-149.327338	0.575000	11.950000
565	-149.057338	0.575000	12.140000
566	-148.907338	0.577000	12.070000
567	-148.847338	0.579000	12.120000
568	-148.767338	0.581000	12.000000
569	-148.417338	0.581000	12.210000
570	-148.297338	0.581000	12.130000
571	-148.237338	0.582000	12.110000
572	-148.197338	0.582000	12.220000
573	-147.957338	0.584000	12.160000
574	-147.877338	0.586000	12.120000
575	-147.867338	0.586000	12.080000
576	-147.837338	0.586000	12.160000
577	-147.827338	0.588000	12.250000
578	-147.807338	0.588000	12.180000
579	-147.547338	0.590000	12.110000
580	-147.437338	0.590000	12.220000
581	-147.427338	0.592000	12.190000
582	-147.417338	0.594000	12.230000
583	-147.217338	0.594000	12.200000
584	-147.087338	0.596000	12.080000
585	-146.917338	0.596000	12.110000
586	-146.897338	0.596000	12.160000
587	-146.877338	0.598000	12.180000
588	-146.667338	0.598000	12.270000
589	-146.577338	0.600000	12.260000
590	-146.547338	0.602000	12.000000
591	-146.517338	0.602000	12.250000
592	-146.517338	0.604000	12.200000
593	-146.447338	0.604000	12.040000
594	-146.437338	0.604000	12.120000
595	-146.377338	0.606000	12.170000
596	-146.257338	0.606000	12.140000
597	-146.227338	0.608000	12.460000
598	-146.187338	0.610000	12.470000
599	-146.067338	0.610000	12.330000
600	-146.037338	0.612000	12.260000
601	-145.917338	0.612000	12.200000
602	-145.887338	0.612000	12.190000
603	-145.867338	0.614000	12.380000
604	-145.857338	0.614000	12.280000
605	-145.607338	0.616000	12.070000
606	-145.547338	0.618000	12.220000
607	-145.477338	0.620000	12.230000
608	-145.477338	0.618000	12.400000
609	-145.377338	0.620000	12.270000
610	-145.207338	0.620000	12.280000
611	-145.187338	0.622000	12.370000
612	-145.127338	0.622000	12.140000
613	-145.127338	0.624000	12.400000
614	-145.127338	0.625000	12.370000
615	-145.107338	0.625000	12.510000
616	-144.977338	0.627000	12.520000
617	-144.957338	0.627000	12.270000
618	-144.907338	0.629000	12.350000
619	-144.877338	0.629000	12.350000
620	-144.877338	0.629000	12.290000
621	-144.827338	0.631000	12.300000
622	-144.767338	0.633000	12.210000
623	-144.627338	0.633000	12.410000
624	-144.627338	0.635000	12.620000
625	-144.447338	0.635000	12.440000
626	-144.407338	0.635000	12.240000
627	-144.247338	0.637000	12.530000
628	-144.047338	0.637000	12.440000
629	-144.027338	0.641000	12.270000
630	-143.977338	0.641000	12.300000
631	-143.877338	0.643000	12.580000
632	-143.747338	0.643000	12.580000
633	-143.707338	0.643000	12.720000
634	-143.687338	0.647000	12.440000
635	-143.487338	0.649000	12.570000
636	-143.407338	0.649000	12.520000
637	-143.377338	0.651000	12.550000
638	-143.277338	0.651000	12.440000
639	-143.207338	0.653000	12.360000
640	-143.147338	0.653000	12.600000
641	-143.137338	0.653000	12.490000
642	-143.127338	0.655000	12.580000
643	-143.057338	0.657000	12.520000
644	-142.977338	0.657000	12.440000
645	-142.917338	0.657000	12.580000
646	-142.897338	0.659000	12.660000
647	-142.887338	0.661000	12.530000
648	-142.827338	0.661000	12.530000
649	-142.717338	0.661000	12.410000
650	-142.677338	0.663000	12.600000
651	-142.517338	0.665000	12.450000
652	-142.487338	0.665000	12.270000
653	-142.367338	0.666000	12.470000
654	-142.357338	0.666000	12.440000
655	-142.357338	0.666000	12.610000
656	-142.317338	0.668000	12.550000
657	-142.237338	0.668000	12.500000
658	-141.927338	0.670000	12.630000
659	-141.857338	0.670000	12.570000
660	-141.857338	0.672000	12.680000
661	-141.827338	0.672000	12.640000
662	-141.787338	0.674000	12.630000
663	-141.757338	0.676000	12.670000
664	-141.747338	0.676000	12.390000
665	-141.717338	0.676000	12.670000
666	-141.687338	0.678000	12.660000
667	-141.657338	0.680000	12.740000
668	-141.427338	0.680000	12.790000
669	-141.407338	0.682000	12.800000
670	-141.357338	0.682000	12.600000
671	-141.227338	0.684000	12.690000
672	-141.137338	0.684000	12.570000
673	-141.117338	0.684000	12.610000
674	-141.077338	0.686000	12.810000
675	-140.987338	0.688000	12.640000
676	-140.977338	0.688000	12.550000
677	-140.957338	0.688000	12.650000
678	-140.927338	0.690000	12.660000
679	-140.927338	0.692000	12.710000
680	-140.877338	0.692000	12.870000
681	-140.867338	0.694000	12.650000
682	-140.587338	0.694000	12.900000
683	-140.427338	0.696000	12.730000
684	-140.427338	0.696000	12.850000
685	-140.407338	0.698000	12.790000
686	-140.347338	0.698000	12.810000
687	-140.337338	0.698000	12.780000
688	-140.097338	0.700000	12.780000
689	-140.057338	0.700000	12.750000
690	-139.797338	0.702000	12.840000
691	-139.727338	0.702000	12.850000
692	-139.697338	0.704000	12.770000
693	-139.697338	0.704000	12.690000
694	-139.517338	0.706000	12.820000
695	-139.447338	0.708000	12.750000
696	-139.307338	0.708000	12.710000
697	-139.297338	0.708000	12.840000
698	-139.277338	0.709000	12.730000
699	-139.267338	0.711000	12.730000
700	-139.227338	0.711000	13.010000
701	-139.227338	0.711000	12.920000
702	-139.217338	0.713000	12.720000
703	-139.177338	0.713000	12.760000
704	-139.147338	0.715000	12.860000
705	-139.117338	0.715000	12.790000
706	-139.047338	0.717000	12.920000
707	-138.907338	0.719000	12.890000
708	-138.757338	0.719000	12.850000
709	-138.707338	0.719000	12.820000
710	-138.297338	0.721000	12.750000
711	-138.187338	0.721000	12.730000
712	-138.177338	0.723000	12.900000
713	-138.147338	0.723000	12.760000
714	-138.097338	0.725000	13.020000
715	-138.077338	0.727000	12.810000
716	-137.917338	0.727000	12.930000
717	-137.827338	0.729000	12.860000
718	-137.827338	0.731000	12.920000
719	-137.737338	0.731000	12.960000
720	-137.667338	0.733000	12.950000
721	-137.627338	0.735000	13.030000
722	-137.597338	0.735000	12.880000
723	-137.577338	0.737000	12.850000
724	-137.547338	0.737000	12.910000
725	-137.437338	0.737000	12.810000
726	-137.317338	0.739000	12.890000
727	-137.287338	0.739000	12.940000
728	-137.227338	0.741000	13.000000
729	-137.187338	0.743000	13.050000
730	-137.137338	0.743000	13.040000
731	-137.077338	0.745000	12.830000
732	-136.997338	0.745000	13.010000
733	-136.957338	0.745000	13.160000
734	-136.957338	0.747000	12.950000
735	-136.947338	0.747000	12.890000
736	-136.917338	0.749000	12.970000
737	-136.847338	0.750000	12.970000
738	-136.787338	0.750000	12.910000
739	-136.747338	0.752000	12.970000
740	-136.617338	0.752000	12.880000
741	-136.327338	0.752000	13.230000
742	-136.287338	0.754000	13.020000
743	-136.277338	0.754000	13.240000
744	-136.277338	0.756000	13.110000
745	-136.067338	0.758000	13.300000
746	-136.027338	0.758000	13.240000
747	-136.027338	0.760000	13.120000
748	-135.957338	0.760000	13.160000
749	-135.917338	0.760000	12.900000
750	-135.777338	0.762000	13.090000
751	-135.527338	0.764000	13.080000
752	-135.427338	0.764000	13.050000
753	-135.267338	0.766000	13.160000
754	-135.257338	0.766000	13.250000
755	-135.247338	0.768000	13.240000
756	-135.017338	0.768000	13.020000
757	-134.997338	0.768000	13.130000
758	-134.947338	0.770000	13.140000
759	-134.837338	0.770000	13.130000
760	-134.687338	0.772000	13.110000
761	-134.667338	0.774000	13.170000
762	-134.627338	0.776000	13.050000
763	-134.607338	0.776000	13.300000
764	-134.557338	0.776000	13.190000
765	-134.537338	0.778000	13.280000
766	-134.517338	0.778000	13.220000
767	-134.357338	0.778000	13.070000
768	-134.317338	0.780000	13.200000
769	-134.237338	0.782000	13.310000
770	-133.957338	0.782000	13.340000
771	-133.957338	0.784000	13.530000
772	-133.867338	0.784000	13.290000
773	-133.807338	0.784000	13.110000
774	-133.777338	0.786000	13.210000
775	-133.697338	0.786000	13.260000
776	-133.697338	0.788000	13.280000
777	-133.507338	0.790000	13.270000
778	-133.447338	0.790000	13.060000
779	-133.437338	0.791000	13.130000
780	-133.347338	0.791000	13.460000
781	-133.197338	0.791000	13.310000
782	-133.167338	0.793000	13.310000
783	-133.157338	0.793000	13.370000
784	-133.097338	0.795000	13.140000
785	-133.067338	0.797000	13.230000
786	-133.037338	0.797000	13.290000
787	-132.927338	0.799000	13.460000
788	-132.797338	0.799000	13.180000
789	-132.777338	0.799000	13.390000
790	-132.667338	0.801000	13.180000
791	-132.597338	0.801000	13.160000
792	-132.547338	0.803000	13.430000
793	-132.527338	0.805000	13.320000
794	-132.517338	0.805000	13.220000
795	-132.507338	0.805000	13.420000
796	-132.337338	0.807000	13.290000
797	-132.287338	0.807000	13.410000
798	-132.267338	0.809000	13.340000
799	-132.217338	0.813000	13.230000
800	-132.097338	0.813000	13.450000
801	-131.997338	0.813000	13.190000
802	-131.847338	0.815000	13.410000
803	-131.837338	0.817000	13.230000
804	-131.827338	0.817000	13.220000
805	-131.747338	0.817000	13.450000
806	-131.617338	0.819000	13.520000
807	-131.607338	0.821000	13.260000
808	-131.587338	0.821000	13.190000
809	-131.387338	0.823000	13.360000
810	-131.237338	0.823000	13.140000
811	-131.217338	0.823000	13.390000
812	-131.117338	0.825000	13.310000
813	-131.097338	0.825000	13.420000
814	-131.037338	0.827000	13.360000
815	-130.857338	0.829000	13.240000
816	-130.847338	0.829000	13.310000
817	-130.697338	0.831000	13.390000
818	-130.627338	0.831000	13.400000
819	-130.527338	0.832000	13.340000
820	-130.347338	0.832000	13.370000
821	-130.317338	0.832000	13.380000
822	-130.027338	0.834000	13.500000
823	-130.007338	0.836000	13.390000
824	-130.007338	0.836000	13.350000
825	-129.927338	0.838000	13.290000
826	-129.817338	0.838000	13.460000
827	-129.707338	0.840000	13.580000
828	-129.637338	0.840000	13.310000
829	-129.427338	0.840000	13.540000
830	-129.407338	0.842000	13.500000
831	-129.387338	0.844000	13.600000
832	-129.347338	0.844000	13.610000
833	-129.237338	0.844000	13.460000
834	-129.217338	0.846000	13.480000
835	-129.107338	0.848000	13.540000
836	-129.097338	0.848000	13.400000
837	-129.057338	0.848000	13.510000
838	-129.047338	0.850000	13.540000
839	-128.907338	0.852000	13.490000
840	-128.787338	0.852000	13.390000
841	-128.747338	0.854000	13.300000
842	-128.747338	0.854000	13.500000
843	-128.727338	0.854000	13.660000
844	-128.627338	0.856000	13.680000
845	-128.537338	0.856000	13.570000
846	-128.527338	0.858000	13.400000
847	-128.437338	0.858000	13.670000
848	-128.367338	0.860000	13.520000
849	-128.317338	0.860000	13.540000
850	-128.317338	0.862000	13.380000
851	-128.297338	0.864000	13.430000
852	-128.247338	0.864000	13.420000
853	-128.207338	0.864000	13.620000
854	-128.197338	0.866000	13.590000
855	-128.147338	0.868000	13.570000
856	-128.107338	0.868000	13.680000
857	-128.077338	0.870000	13.460000
858	-127.957338	0.870000	13.600000
859	-127.937338	0.872000	13.850000
860	-127.937338	0.872000	13.620000
861	-127.847338	0.872000	13.730000
862	-127.717338	0.874000	13.670000
863	-127.667338	0.875000	13.710000
864	-127.657338	0.875000	13.660000
865	-127.607338	0.875000	13.820000
866	-127.567338	0.877000	13.680000
867	-127.507338	0.879000	13.740000
868	-127.497338	0.879000	13.690000
869	-127.437338	0.879000	13.590000
870	-127.377338	0.881000	13.700000
871	-127.207338	0.883000	13.640000
872	-127.157338	0.883000	13.700000
873	-127.087338	0.885000	13.720000
874	-126.917338	0.885000	13.630000
875	-126.847338	0.887000	13.670000
876	-126.807338	0.887000	13.770000
877	-126.717338	0.887000	13.910000
878	-126.417338	0.889000	13.800000
879	-126.397338	0.889000	13.770000
880	-126.387338	0.891000	13.580000
881	-126.337338	0.891000	13.670000
882	-126.327338	0.893000	13.710000
883	-126.167338	0.895000	13.890000
884	-126.037338	0.897000	13.790000
885	-126.037338	0.899000	13.680000
886	-125.937338	0.899000	13.850000
887	-125.867338	0.901000	13.690000
888	-125.867338	0.901000	13.830000
889	-125.727338	0.901000	13.710000
890	-125.697338	0.903000	13.850000
891	-125.587338	0.905000	13.750000
892	-125.497338	0.905000	13.760000
893	-125.497338	0.907000	13.700000
894	-125.427338	0.907000	13.920000
895	-125.227338	0.909000	13.800000
896	-125.177338	0.909000	13.800000
897	-125.167338	0.909000	13.650000
898	-125.127338	0.911000	13.630000
899	-125.107338	0.911000	13.900000
900	-125.107338	0.913000	13.750000
901	-125.077338	0.915000	13.700000
902	-125.027338	0.915000	13.860000
903	-125.017338	0.916000	13.850000
904	-124.687338	0.916000	13.850000
905	-124.647338	0.916000	13.750000
906	-124.647338	0.918000	13.830000
907	-124.607338	0.918000	13.590000
908	-124.527338	0.920000	13.920000
909	-124.357338	0.922000	13.810000
910	-124.287338	0.922000	13.710000
911	-124.257338	0.922000	13.740000
912	-124.257338	0.924000	13.830000
913	-123.827338	0.924000	14.000000
914	-123.777338	0.926000	14.050000
915	-123.587338	0.926000	14.050000
916	-123.457338	0.928000	14.080000
917	-123.287338	0.930000	13.950000
918	-123.137338	0.930000	14.050000
919	-123.097338	0.932000	14.090000
920	-123.057338	0.932000	14.210000
921	-122.987338	0.932000	13.890000
922	-122.967338	0.934000	13.890000
923	-122.927338	0.934000	13.910000
924	-122.907338	0.936000	14.000000
925	-122.837338	0.938000	13.830000
926	-122.817338	0.938000	14.010000
927	-122.767338	0.940000	13.840000
928	-122.737338	0.940000	13.980000
929	-122.717338	0.940000	13.990000
930	-122.717338	0.942000	14.100000
931	-122.707338	0.942000	14.040000
932	-122.647338	0.944000	14.120000
933	-122.587338	0.946000	14.040000
934	-122.547338	0.946000	14.120000
935	-122.507338	0.948000	14.100000
936	-122.417338	0.948000	14.120000
937	-122.307338	0.948000	14.040000
938	-122.257338	0.950000	14.040000
939	-122.127338	0.950000	14.220000
940	-122.087338	0.952000	14.270000
941	-122.027338	0.952000	14.150000
942	-122.017338	0.954000	14.030000
943	-121.887338	0.956000	14.080000
944	-121.647338	0.956000	13.940000
945	-121.507338	0.956000	14.340000
946	-121.497338	0.958000	14.240000
947	-121.387338	0.958000	14.120000
948	-121.347338	0.959000	14.270000
949	-121.337338	0.961000	14.130000
950	-121.297338	0.961000	14.290000
951	-121.287338	0.963000	14.260000
952	-121.227338	0.963000	14.230000
953	-121.157338	0.963000	14.130000
954	-120.867338	0.965000	14.170000
955	-120.817338	0.965000	14.190000
956	-120.797338	0.967000	14.150000
957	-120.717338	0.969000	14.040000
958	-120.597338	0.969000	14.130000
959	-120.487338	0.971000	14.340000
960	-120.447338	0.971000	14.170000
961	-120.407338	0.973000	14.250000
962	-120.387338	0.973000	14.250000
963	-120.357338	0.973000	14.340000
964	-120.237338	0.975000	14.120000
965	-120.217338	0.977000	14.390000
966	-120.187338	0.977000	14.420000
967	-120.147338	0.979000	14.130000
968	-120.097338	0.981000	14.230000
969	-120.077338	0.981000	14.210000
970	-119.907338	0.983000	14.290000
971	-119.877338	0.985000	14.290000
972	-119.807338	0.985000	14.280000
973	-119.687338	0.985000	14.330000
974	-119.547338	0.987000	14.360000
975	-119.547338	0.989000	14.230000
976	-119.157338	0.989000	14.300000
977	-119.077338	0.989000	14.270000
978	-119.057338	0.991000	14.250000
979	-119.037338	0.993000	14.220000
980	-118.897338	0.993000	14.250000
981	-118.897338	0.995000	14.260000
982	-118.847338	0.995000	14.450000
983	-118.817338	0.995000	14.170000
984	-118.807338	0.997000	14.300000
985	-118.587338	0.997000	14.480000
986	-118.517338	0.999000	14.340000
987	-118.487338	1.000000	14.260000
988	-118.477338	1.000000	14.490000
989	-118.287338	1.000000	14.300000
990	-118.227338	1.002000	14.270000
991	-118.217338	1.004000	14.420000
992	-118.207338	1.004000	14.380000
993	-118.157338	1.004000	14.440000
994	-118.057338	1.006000	14.220000
995	-118.037338	1.006000	14.240000
996	-118.007338	1.008000	14.220000
997	-117.807338	1.010000	14.370000
998	-117.797338	1.010000	14.220000
999	-117.797338	1.010000	14.590000
1000	-117.487338	1.012000	14.420000
1001	-117.417338	1.012000	14.350000
1002	-117.417338	1.014000	14.580000
1003	-117.357338	1.016000	14.340000
1004	-117.227338	1.016000	14.320000
1005	-117.217338	1.016000	14.610000
1006	-117.127338	1.018000	14.390000
1007	-117.067338	1.020000	14.450000
1008	-116.967338	1.020000	14.480000
1009	-116.927338	1.020000	14.340000
1010	-116.907338	1.022000	14.290000
1011	-116.827338	1.024000	14.480000
1012	-116.797338	1.024000	14.530000
1013	-116.647338	1.026000	14.370000
1014	-116.637338	1.026000	14.450000
1015	-116.577338	1.026000	14.510000
1016	-116.447338	1.028000	14.540000
1017	-116.357338	1.028000	14.440000
1018	-116.317338	1.030000	14.290000
1019	-116.317338	1.032000	14.380000
1020	-116.227338	1.032000	14.410000
1021	-116.117338	1.032000	14.220000
1022	-116.087338	1.034000	14.540000
1023	-116.057338	1.036000	14.370000
1024	-115.827338	1.036000	14.700000
1025	-115.807338	1.036000	14.360000
1026	-115.737338	1.038000	14.530000
1027	-115.667338	1.040000	14.550000
1028	-115.607338	1.040000	14.580000
1029	-115.477338	1.041000	14.470000
1030	-115.347338	1.041000	14.540000
1031	-115.287338	1.041000	14.520000
1032	-115.027338	1.043000	14.540000
1033	-114.957338	1.043000	14.510000
1034	-114.927338	1.045000	14.620000
1035	-114.857338	1.047000	14.540000
1036	-114.827338	1.045000	14.530000
1037	-114.737338	1.047000	14.410000
1038	-114.637338	1.049000	14.450000
1039	-114.637338	1.051000	14.490000
1040	-114.637338	1.051000	14.570000
1041	-114.607338	1.051000	14.460000
1042	-114.567338	1.053000	14.550000
1043	-114.507338	1.055000	14.500000
1044	-114.477338	1.055000	14.430000
1045	-114.437338	1.055000	14.590000
1046	-114.347338	1.057000	14.450000
1047	-114.317338	1.059000	14.530000
1048	-114.277338	1.059000	14.470000
1049	-114.217338	1.059000	14.520000
1050	-114.147338	1.063000	14.710000
1051	-114.117338	1.065000	14.540000
1052	-113.987338	1.065000	14.420000
1053	-113.987338	1.065000	14.440000
1054	-113.817338	1.067000	14.570000
1055	-113.697338	1.067000	14.440000
1056	-113.597338	1.069000	14.600000
1057	-113.477338	1.069000	14.770000
1058	-113.437338	1.071000	14.520000
1059	-113.337338	1.073000	14.430000
1060	-113.247338	1.073000	14.750000
1061	-113.117338	1.073000	14.630000
1062	-113.017338	1.075000	14.770000
1063	-113.017338	1.075000	14.740000
1064	-112.887338	1.077000	14.590000
1065	-112.827338	1.079000	14.680000
1066	-112.757338	1.079000	14.540000
1067	-112.687338	1.081000	14.500000
1068	-112.637338	1.081000	14.600000
1069	-112.407338	1.082000	14.520000
1070	-112.377338	1.082000	14.590000
1071	-112.137338	1.082000	14.800000
1072	-112.117338	1.084000	14.690000
1073	-112.077338	1.086000	14.630000
1074	-112.077338	1.086000	14.740000
1075	-112.047338	1.088000	14.830000
1076	-112.047338	1.088000	14.750000
1077	-111.987338	1.088000	14.730000
1078	-111.987338	1.090000	14.710000
1079	-111.797338	1.092000	14.690000
1080	-111.557338	1.094000	14.790000
1081	-111.527338	1.094000	14.930000
1082	-111.517338	1.096000	14.940000
1083	-111.307338	1.096000	14.740000
1084	-111.277338	1.096000	14.860000
1085	-111.227338	1.098000	14.910000
1086	-111.167338	1.098000	14.720000
1087	-111.087338	1.100000	15.000000
1088	-110.987338	1.100000	14.950000
1089	-110.947338	1.102000	14.730000
1090	-110.887338	1.104000	14.930000
1091	-110.877338	1.104000	14.780000
1092	-110.867338	1.104000	14.830000
1093	-110.827338	1.106000	14.900000
1094	-110.747338	1.106000	14.970000
1095	-110.737338	1.108000	14.830000
1096	-110.687338	1.110000	14.720000
1097	-110.637338	1.110000	15.120000
1098	-110.627338	1.110000	15.050000
1099	-110.567338	1.112000	14.940000
1100	-110.557338	1.112000	14.830000
1101	-110.327338	1.114000	14.830000
1102	-110.237338	1.114000	15.010000
1103	-110.117338	1.116000	15.000000
1104	-110.107338	1.118000	14.800000
1105	-110.067338	1.118000	14.700000
1106	-110.047338	1.120000	14.970000
1107	-109.777338	1.120000	14.750000
1108	-109.717338	1.120000	15.100000
1109	-109.707338	1.122000	14.890000
1110	-109.677338	1.124000	14.810000
1111	-109.187338	1.124000	14.800000
1112	-109.057338	1.125000	15.030000
1113	-108.947338	1.125000	14.910000
1114	-108.927338	1.127000	15.060000
1115	-108.707338	1.127000	14.830000
1116	-108.657338	1.127000	15.050000
1117	-108.587338	1.129000	14.960000
1118	-108.587338	1.129000	14.880000
1119	-108.477338	1.131000	14.830000
1120	-108.447338	1.133000	15.010000
1121	-108.357338	1.133000	14.820000
1122	-108.307338	1.135000	15.090000
1123	-108.207338	1.135000	15.040000
1124	-108.127338	1.135000	15.070000
1125	-108.127338	1.137000	14.900000
1126	-108.107338	1.137000	15.050000
1127	-107.957338	1.139000	15.000000
1128	-107.957338	1.141000	15.110000
1129	-107.937338	1.141000	15.020000
1130	-107.827338	1.141000	15.180000
1131	-107.747338	1.143000	14.940000
1132	-107.737338	1.143000	15.130000
1133	-107.577338	1.147000	15.010000
1134	-107.577338	1.149000	15.140000
1135	-107.537338	1.149000	15.000000
1136	-107.527338	1.151000	14.930000
1137	-107.437338	1.151000	15.030000
1138	-107.407338	1.151000	15.060000
1139	-107.327338	1.153000	15.260000
1140	-107.297338	1.153000	15.210000
1141	-107.277338	1.155000	15.190000
1142	-107.247338	1.157000	15.060000
1143	-107.067338	1.157000	14.940000
1144	-106.957338	1.157000	15.180000
1145	-106.867338	1.159000	14.900000
1146	-106.817338	1.161000	15.010000
1147	-106.787338	1.161000	15.190000
1148	-106.527338	1.161000	15.090000
1149	-106.497338	1.163000	15.210000
1150	-106.467338	1.163000	15.140000
1151	-106.357338	1.165000	15.100000
1152	-106.327338	1.165000	15.100000
1153	-106.317338	1.166000	15.100000
1154	-106.277338	1.166000	15.260000
1155	-106.197338	1.168000	14.960000
1156	-106.077338	1.168000	15.170000
1157	-106.047338	1.170000	15.130000
1158	-105.927338	1.172000	15.150000
1159	-105.857338	1.172000	15.150000
1160	-105.567338	1.170000	15.120000
1161	-105.417338	1.174000	15.060000
1162	-105.407338	1.176000	15.380000
1163	-105.397338	1.176000	15.300000
1164	-105.327338	1.176000	15.220000
1165	-105.317338	1.178000	15.060000
1166	-105.207338	1.180000	15.120000
1167	-105.037338	1.180000	15.380000
1168	-104.917338	1.182000	15.390000
1169	-104.757338	1.182000	15.430000
1170	-104.747338	1.184000	15.240000
1171	-104.517338	1.184000	15.190000
1172	-104.487338	1.184000	15.300000
1173	-104.437338	1.186000	15.310000
1174	-104.437338	1.188000	15.290000
1175	-104.397338	1.188000	15.320000
1176	-104.387338	1.188000	15.050000
1177	-104.237338	1.190000	15.270000
1178	-104.197338	1.192000	15.230000
1179	-104.157338	1.192000	15.480000
1180	-104.137338	1.192000	15.430000
1181	-104.097338	1.194000	15.270000
1182	-103.987338	1.196000	15.190000
1183	-103.987338	1.196000	15.500000
1184	-103.847338	1.198000	15.380000
1185	-103.817338	1.198000	15.450000
1186	-103.747338	1.198000	15.520000
1187	-103.687338	1.200000	15.470000
1188	-103.677338	1.200000	15.210000
1189	-103.587338	1.202000	15.330000
1190	-103.587338	1.204000	15.500000
1191	-103.427338	1.204000	15.280000
1192	-103.397338	1.204000	15.320000
1193	-103.257338	1.208000	15.330000
1194	-103.007338	1.208000	15.420000
1195	-102.877338	1.208000	15.360000
1196	-102.757338	1.209000	15.370000
1197	-102.587338	1.211000	15.370000
1198	-102.557338	1.211000	15.380000
1199	-102.527338	1.213000	15.540000
1200	-102.497338	1.213000	15.450000
1201	-102.437338	1.213000	15.260000
1202	-102.417338	1.215000	15.460000
1203	-102.357338	1.217000	15.410000
1204	-102.187338	1.217000	15.450000
1205	-101.967338	1.219000	15.330000
1206	-101.927338	1.219000	15.480000
1207	-101.867338	1.219000	15.310000
1208	-101.827338	1.221000	15.420000
1209	-101.747338	1.223000	15.450000
1210	-101.637338	1.223000	15.600000
1211	-101.637338	1.223000	15.450000
1212	-101.617338	1.225000	15.390000
1213	-101.537338	1.227000	15.350000
1214	-101.517338	1.227000	15.270000
1215	-101.507338	1.229000	15.610000
1216	-101.427338	1.231000	15.310000
1217	-101.427338	1.231000	15.360000
1218	-101.377338	1.233000	15.330000
1219	-101.287338	1.235000	15.390000
1220	-101.287338	1.235000	15.230000
1221	-101.227338	1.237000	15.340000
1222	-101.097338	1.237000	15.440000
1223	-101.067338	1.237000	15.350000
1224	-101.067338	1.239000	15.530000
1225	-100.977338	1.239000	15.600000
1226	-100.817338	1.241000	15.310000
1227	-100.717338	1.243000	15.670000
1228	-100.667338	1.243000	15.650000
1229	-100.647338	1.245000	15.400000
1230	-100.417338	1.245000	15.280000
1231	-100.297338	1.245000	15.580000
1232	-100.267338	1.247000	15.530000
1233	-100.267338	1.247000	15.310000
1234	-100.227338	1.249000	15.380000
1235	-100.217338	1.250000	15.360000
1236	-100.217338	1.250000	15.470000
1237	-100.207338	1.252000	15.350000
1238	-100.197338	1.252000	15.550000
1239	-100.167338	1.252000	15.520000
1240	-99.997338	1.254000	15.570000
1241	-99.997338	1.254000	15.530000
1242	-99.917338	1.256000	15.480000
1243	-99.827338	1.256000	15.360000
1244	-99.817338	1.258000	15.610000
1245	-99.647338	1.260000	15.520000
1246	-99.597338	1.260000	15.540000
1247	-99.297338	1.260000	15.530000
1248	-99.157338	1.262000	15.470000
1249	-99.037338	1.262000	15.610000
1250	-98.957338	1.264000	15.590000
1251	-98.887338	1.266000	15.610000
1252	-98.857338	1.266000	15.390000
1253	-98.637338	1.268000	15.520000
1254	-98.607338	1.268000	15.610000
1255	-98.607338	1.270000	15.590000
1256	-98.547338	1.270000	15.730000
1257	-98.497338	1.270000	15.600000
1258	-98.317338	1.272000	15.820000
1259	-98.307338	1.274000	15.780000
1260	-98.237338	1.274000	15.700000
1261	-98.227338	1.276000	15.430000
1262	-98.117338	1.276000	15.770000
1263	-98.107338	1.276000	15.730000
1264	-98.047338	1.278000	15.810000
1265	-97.977338	1.280000	15.590000
1266	-97.967338	1.282000	15.550000
1267	-97.927338	1.282000	15.810000
1268	-97.907338	1.284000	15.570000
1269	-97.897338	1.284000	15.880000
1270	-97.787338	1.284000	15.860000
1271	-97.457338	1.286000	15.710000
1272	-97.277338	1.286000	15.700000
1273	-97.177338	1.288000	15.740000
1274	-97.097338	1.288000	15.630000
1275	-97.087338	1.290000	15.790000
1276	-97.007338	1.291000	15.660000
1277	-96.907338	1.291000	15.750000
1278	-96.877338	1.291000	15.800000
1279	-96.807338	1.293000	15.640000
1280	-96.807338	1.293000	15.560000
1281	-96.667338	1.295000	15.770000
1282	-96.617338	1.297000	15.720000
1283	-96.537338	1.297000	15.650000
1284	-96.507338	1.297000	15.820000
1285	-96.417338	1.299000	15.880000
1286	-96.407338	1.299000	15.750000
1287	-96.277338	1.301000	15.750000
1288	-96.277338	1.301000	15.640000
1289	-96.267338	1.303000	15.860000
1290	-96.237338	1.305000	15.860000
1291	-96.187338	1.305000	15.660000
1292	-96.057338	1.307000	15.760000
1293	-96.037338	1.307000	15.620000
1294	-95.957338	1.307000	15.610000
1295	-95.637338	1.309000	15.800000
1296	-95.487338	1.311000	16.000000
1297	-95.227338	1.313000	15.860000
1298	-95.207338	1.313000	15.900000
1299	-94.997338	1.315000	15.760000
1300	-94.967338	1.317000	16.000000
1301	-94.947338	1.317000	15.910000
1302	-94.787338	1.317000	16.050000
1303	-94.787338	1.319000	15.870000
1304	-94.667338	1.323000	15.830000
1305	-94.607338	1.321000	15.890000
1306	-94.497338	1.323000	15.850000
1307	-94.287338	1.323000	16.100000
1308	-94.277338	1.325000	16.020000
1309	-94.217338	1.325000	15.960000
1310	-93.997338	1.327000	16.070000
1311	-93.997338	1.329000	15.820000
1312	-93.977338	1.329000	16.060000
1313	-93.927338	1.329000	15.980000
1314	-93.897338	1.331000	16.140000
1315	-93.697338	1.332000	16.040000
1316	-93.687338	1.332000	15.850000
1317	-93.587338	1.332000	15.840000
1318	-93.577338	1.334000	15.860000
1319	-93.547338	1.336000	15.960000
1320	-93.327338	1.336000	16.070000
1321	-93.277338	1.338000	16.040000
1322	-93.137338	1.338000	16.010000
1323	-93.067338	1.340000	15.960000
1324	-92.987338	1.340000	16.090000
1325	-92.867338	1.340000	15.860000
1326	-92.857338	1.342000	16.020000
1327	-92.787338	1.344000	15.860000
1328	-92.677338	1.344000	15.980000
1329	-92.657338	1.344000	16.040000
1330	-92.647338	1.346000	15.870000
1331	-92.597338	1.348000	16.110000
1332	-92.527338	1.348000	15.970000
1333	-92.367338	1.348000	15.900000
1334	-92.277338	1.350000	15.860000
1335	-92.277338	1.350000	16.030000
1336	-92.257338	1.352000	16.090000
1337	-92.117338	1.352000	16.160000
1338	-92.097338	1.354000	15.900000
1339	-92.027338	1.354000	16.110000
1340	-92.007338	1.356000	16.110000
1341	-91.997338	1.356000	16.000000
1342	-91.987338	1.358000	16.110000
1343	-91.897338	1.360000	16.030000
1344	-91.837338	1.360000	16.150000
1345	-91.697338	1.358000	15.970000
1346	-91.627338	1.362000	16.180000
1347	-91.517338	1.364000	16.180000
1348	-91.487338	1.364000	16.120000
1349	-91.457338	1.364000	15.920000
1350	-91.407338	1.366000	16.150000
1351	-91.327338	1.368000	16.200000
1352	-91.287338	1.368000	16.020000
1353	-91.217338	1.370000	16.130000
1354	-90.957338	1.370000	16.370000
1355	-90.757338	1.370000	15.940000
1356	-90.697338	1.372000	16.130000
1357	-90.697338	1.372000	16.210000
1358	-90.477338	1.374000	16.340000
1359	-90.377338	1.375000	16.110000
1360	-90.347338	1.375000	16.190000
1361	-90.247338	1.375000	16.160000
1362	-90.177338	1.377000	16.480000
1363	-90.017338	1.379000	16.220000
1364	-89.937338	1.379000	16.160000
1365	-89.907338	1.379000	16.290000
1366	-89.787338	1.381000	16.080000
1367	-89.777338	1.381000	16.290000
1368	-89.717338	1.383000	16.300000
1369	-89.707338	1.385000	16.210000
1370	-89.597338	1.385000	16.330000
1371	-89.587338	1.385000	16.160000
1372	-89.587338	1.387000	16.530000
1373	-89.577338	1.387000	16.460000
1374	-89.577338	1.389000	16.170000
1375	-89.547338	1.391000	16.430000
1376	-89.427338	1.389000	16.330000
1377	-89.367338	1.391000	16.300000
1378	-89.257338	1.393000	16.240000
1379	-89.207338	1.395000	16.430000
1380	-89.207338	1.397000	16.370000
1381	-89.167338	1.399000	16.490000
1382	-89.097338	1.399000	16.370000
1383	-89.087338	1.401000	16.230000
1384	-88.987338	1.401000	16.340000
1385	-88.947338	1.401000	16.390000
1386	-88.947338	1.403000	16.490000
1387	-88.757338	1.403000	16.390000
1388	-88.487338	1.405000	16.390000
1389	-88.467338	1.407000	16.430000
1390	-88.447338	1.407000	16.470000
1391	-88.387338	1.409000	16.470000
1392	-88.237338	1.409000	16.360000
1393	-88.237338	1.409000	16.180000
1394	-88.167338	1.411000	16.590000
1395	-88.147338	1.411000	16.360000
1396	-87.997338	1.413000	16.450000
1397	-87.937338	1.415000	16.440000
1398	-87.797338	1.416000	16.530000
1399	-87.737338	1.415000	16.280000
1400	-87.477338	1.416000	16.590000
1401	-87.457338	1.416000	16.510000
1402	-87.407338	1.418000	16.390000
1403	-87.387338	1.418000	16.420000
1404	-87.377338	1.420000	16.390000
1405	-87.357338	1.422000	16.560000
1406	-87.357338	1.422000	16.420000
1407	-87.307338	1.424000	16.460000
1408	-86.997338	1.424000	16.400000
1409	-86.867338	1.424000	16.460000
1410	-86.847338	1.426000	16.270000
1411	-86.847338	1.426000	16.440000
1412	-86.837338	1.428000	16.420000
1413	-86.737338	1.428000	16.450000
1414	-86.727338	1.432000	16.450000
1415	-86.707338	1.432000	16.480000
1416	-86.617338	1.432000	16.480000
1417	-86.537338	1.432000	16.650000
1418	-86.437338	1.434000	16.430000
1419	-86.337338	1.434000	16.530000
1420	-86.277338	1.436000	16.540000
1421	-86.197338	1.438000	16.510000
1422	-86.117338	1.438000	16.650000
1423	-85.997338	1.440000	16.540000
1424	-85.837338	1.440000	16.500000
1425	-85.827338	1.440000	16.590000
1426	-85.827338	1.442000	16.550000
1427	-85.767338	1.442000	16.700000
1428	-85.717338	1.444000	16.720000
1429	-85.707338	1.446000	16.300000
1430	-85.657338	1.446000	16.630000
1431	-85.577338	1.446000	16.670000
1432	-85.477338	1.448000	16.500000
1433	-85.477338	1.448000	16.690000
1434	-85.457338	1.450000	16.530000
1435	-85.407338	1.450000	16.580000
1436	-85.147338	1.452000	16.760000
1437	-85.077338	1.454000	16.610000
1438	-84.797338	1.454000	16.480000
1439	-84.617338	1.456000	16.520000
1440	-84.597338	1.456000	16.620000
1441	-84.497338	1.456000	16.510000
1442	-84.367338	1.458000	16.600000
1443	-84.347338	1.458000	16.770000
1444	-84.187338	1.459000	16.690000
1445	-84.127338	1.461000	16.640000
1446	-83.877338	1.461000	16.780000
1447	-83.837338	1.463000	15.440000
1448	-83.797338	1.463000	16.780000
1449	-83.797338	1.463000	16.680000
1450	-83.647338	1.465000	16.780000
1451	-83.607338	1.465000	16.850000
1452	-83.577338	1.467000	16.540000
1453	-83.427338	1.469000	16.760000
1454	-83.397338	1.469000	16.860000
1455	-83.387338	1.471000	16.800000
1456	-83.297338	1.471000	16.710000
1457	-83.257338	1.471000	16.720000
1458	-83.187338	1.473000	16.840000
1459	-83.137338	1.473000	16.720000
1460	-83.087338	1.475000	16.740000
1461	-83.077338	1.475000	16.700000
1462	-83.067338	1.477000	16.800000
1463	-83.037338	1.479000	16.610000
1464	-82.927338	1.481000	16.620000
1465	-82.897338	1.481000	16.600000
1466	-82.867338	1.483000	16.700000
1467	-82.847338	1.483000	16.870000
1468	-82.767338	1.483000	16.660000
1469	-82.697338	1.487000	15.570000
1470	-82.437338	1.487000	16.130000
1471	-82.277338	1.489000	15.590000
1472	-82.217338	1.489000	15.430000
1473	-82.147338	1.491000	15.600000
1474	-82.127338	1.493000	15.520000
1475	-82.117338	1.493000	15.360000
1476	-82.087338	1.495000	15.510000
1477	-82.007338	1.495000	15.540000
1478	-81.697338	1.495000	15.350000
1479	-81.527338	1.497000	15.460000
1480	-81.527338	1.497000	15.600000
1481	-81.427338	1.499000	15.400000
1482	-81.427338	1.499000	15.520000
1483	-81.367338	1.500000	15.650000
1484	-81.337338	1.500000	15.530000
1485	-81.317338	1.502000	15.610000
1486	-81.217338	1.504000	15.580000
1487	-81.047338	1.504000	15.360000
1488	-81.007338	1.504000	15.590000
1489	-80.997338	1.506000	15.610000
1490	-80.957338	1.508000	15.540000
1491	-80.807338	1.508000	15.460000
1492	-80.777338	1.508000	15.370000
1493	-80.727338	1.510000	15.600000
1494	-80.417338	1.510000	15.500000
1495	-80.357338	1.512000	15.700000
1496	-80.087338	1.512000	15.760000
1497	-80.077338	1.514000	15.710000
1498	-80.077338	1.516000	15.600000
1499	-80.037338	1.516000	15.550000
1500	-79.787338	1.516000	15.670000
1501	-79.717338	1.518000	15.760000
1502	-79.627338	1.520000	15.630000
1503	-79.597338	1.520000	15.590000
1504	-79.487338	1.520000	15.870000
1505	-79.347338	1.522000	15.720000
1506	-79.277338	1.524000	15.780000
1507	-79.157338	1.524000	15.850000
1508	-79.067338	1.526000	15.650000
1509	-79.057338	1.526000	15.660000
1510	-78.957338	1.526000	15.810000
1511	-78.817338	1.528000	15.760000
1512	-78.747338	1.528000	15.720000
1513	-78.717338	1.530000	15.740000
1514	-78.647338	1.532000	15.800000
1515	-78.627338	1.532000	15.810000
1516	-78.607338	1.532000	15.850000
1517	-78.607338	1.534000	15.700000
1518	-78.507338	1.536000	15.790000
1519	-78.507338	1.536000	15.700000
1520	-78.437338	1.536000	15.780000
1521	-78.237338	1.538000	15.820000
1522	-78.237338	1.540000	15.720000
1523	-78.207338	1.540000	16.050000
1524	-78.197338	1.541000	15.910000
1525	-78.067338	1.541000	15.760000
1526	-78.057338	1.543000	15.840000
1527	-78.017338	1.543000	15.970000
1528	-78.017338	1.545000	15.840000
1529	-77.877338	1.547000	15.780000
1530	-77.867338	1.547000	15.660000
1531	-77.847338	1.547000	15.730000
1532	-77.767338	1.549000	15.770000
1533	-77.757338	1.549000	15.750000
1534	-77.297338	1.551000	16.120000
1535	-77.287338	1.551000	15.790000
1536	-77.207338	1.553000	15.950000
1537	-77.137338	1.555000	15.900000
1538	-77.137338	1.555000	16.020000
1539	-77.067338	1.557000	16.000000
1540	-76.927338	1.557000	15.890000
1541	-76.897338	1.557000	15.990000
1542	-76.827338	1.559000	15.950000
1543	-76.827338	1.561000	16.050000
1544	-76.797338	1.563000	16.040000
1545	-76.787338	1.565000	15.890000
1546	-76.727338	1.565000	15.940000
1547	-76.727338	1.565000	15.960000
1548	-76.717338	1.567000	15.910000
1549	-76.587338	1.567000	15.840000
1550	-76.477338	1.569000	15.890000
1551	-76.267338	1.571000	15.820000
1552	-76.077338	1.571000	16.030000
1553	-76.037338	1.573000	15.920000
1554	-75.937338	1.573000	16.020000
1555	-75.917338	1.575000	16.040000
1556	-75.887338	1.575000	16.060000
1557	-75.807338	1.575000	15.990000
1558	-75.787338	1.577000	16.090000
1559	-75.637338	1.579000	15.960000
1560	-75.507338	1.579000	15.960000
1561	-75.507338	1.581000	16.100000
1562	-75.427338	1.581000	15.910000
1563	-75.347338	1.581000	16.180000
1564	-75.337338	1.582000	15.920000
1565	-75.317338	1.582000	16.000000
1566	-75.077338	1.584000	15.950000
1567	-75.037338	1.586000	15.990000
1568	-75.017338	1.586000	16.100000
1569	-74.987338	1.588000	16.030000
1570	-74.937338	1.588000	15.960000
1571	-74.917338	1.588000	15.970000
1572	-74.867338	1.590000	16.240000
1573	-74.847338	1.590000	16.030000
1574	-74.717338	1.592000	16.130000
1575	-74.687338	1.594000	16.060000
1576	-74.587338	1.594000	16.210000
1577	-74.577338	1.596000	16.270000
1578	-74.437338	1.596000	16.050000
1579	-74.417338	1.596000	16.020000
1580	-74.357338	1.598000	16.110000
1581	-74.347338	1.598000	16.130000
1582	-74.057338	1.600000	15.980000
1583	-74.047338	1.602000	16.070000
1584	-73.947338	1.604000	16.180000
1585	-73.907338	1.602000	16.270000
1586	-73.847338	1.604000	16.050000
1587	-73.657338	1.604000	16.060000
1588	-73.467338	1.606000	16.000000
1589	-73.337338	1.606000	16.060000
1590	-73.237338	1.608000	16.230000
1591	-73.227338	1.610000	16.230000
1592	-73.207338	1.610000	16.450000
1593	-73.117338	1.612000	16.380000
1594	-72.977338	1.612000	16.240000
1595	-72.787338	1.612000	16.180000
1596	-72.737338	1.614000	16.140000
1597	-72.657338	1.616000	16.070000
1598	-72.577338	1.618000	16.260000
1599	-72.547338	1.618000	16.290000
1600	-72.537338	1.620000	16.330000
1601	-72.487338	1.620000	16.170000
1602	-72.477338	1.620000	16.280000
1603	-72.417338	1.622000	16.220000
1604	-72.297338	1.622000	16.290000
1605	-72.267338	1.624000	16.260000
1606	-72.017338	1.625000	16.340000
1607	-71.987338	1.625000	16.300000
1608	-71.837338	1.627000	16.250000
1609	-71.827338	1.627000	16.290000
1610	-71.807338	1.627000	16.240000
1611	-71.767338	1.629000	16.230000
1612	-71.667338	1.629000	16.300000
1613	-71.617338	1.631000	16.240000
1614	-71.417338	1.633000	16.250000
1615	-71.337338	1.635000	16.330000
1616	-71.317338	1.633000	16.400000
1617	-71.287338	1.635000	16.310000
1618	-71.267338	1.635000	16.320000
1619	-71.267338	1.637000	16.360000
1620	-71.247338	1.637000	16.330000
1621	-71.217338	1.639000	16.270000
1622	-71.087338	1.641000	16.400000
1623	-71.027338	1.641000	16.320000
1624	-70.807338	1.643000	16.430000
1625	-70.797338	1.643000	16.200000
1626	-70.787338	1.645000	16.120000
1627	-70.777338	1.647000	16.230000
1628	-70.757338	1.649000	16.360000
1629	-70.757338	1.649000	16.520000
1630	-70.477338	1.651000	16.400000
1631	-70.437338	1.651000	16.430000
1632	-70.367338	1.651000	16.680000
1633	-70.327338	1.653000	16.400000
1634	-70.227338	1.653000	16.420000
1635	-70.177338	1.655000	16.340000
1636	-70.157338	1.655000	16.420000
1637	-70.087338	1.657000	16.450000
1638	-70.047338	1.659000	16.510000
1639	-69.937338	1.661000	16.660000
1640	-69.747338	1.661000	16.490000
1641	-69.707338	1.661000	16.530000
1642	-69.667338	1.663000	16.480000
1643	-69.627338	1.665000	16.520000
1644	-69.587338	1.665000	16.430000
1645	-69.527338	1.666000	16.270000
1646	-69.387338	1.666000	16.650000
1647	-69.367338	1.668000	16.450000
1648	-69.267338	1.668000	16.380000
1649	-68.967338	1.668000	16.800000
1650	-68.947338	1.670000	16.460000
1651	-68.587338	1.672000	16.520000
1652	-68.577338	1.672000	16.580000
1653	-68.537338	1.672000	16.550000
1654	-68.347338	1.674000	16.610000
1655	-68.287338	1.676000	16.360000
1656	-68.257338	1.676000	16.650000
1657	-68.227338	1.678000	16.400000
1658	-68.207338	1.680000	16.480000
1659	-68.117338	1.680000	16.560000
1660	-67.967338	1.682000	16.400000
1661	-67.947338	1.682000	16.460000
1662	-67.877338	1.682000	16.670000
1663	-67.737338	1.684000	16.560000
1664	-67.737338	1.686000	16.490000
1665	-67.627338	1.686000	16.430000
1666	-67.547338	1.686000	16.870000
1667	-67.547338	1.688000	16.440000
1668	-67.477338	1.688000	16.530000
1669	-67.387338	1.690000	16.580000
1670	-67.267338	1.692000	16.700000
1671	-67.047338	1.692000	16.650000
1672	-67.007338	1.692000	16.620000
1673	-66.807338	1.694000	16.740000
1674	-66.787338	1.698000	16.640000
1675	-66.677338	1.698000	16.550000
1676	-66.597338	1.696000	16.630000
1677	-66.537338	1.700000	16.810000
1678	-66.517338	1.700000	16.800000
1679	-66.507338	1.700000	16.620000
1680	-66.437338	1.702000	16.620000
1681	-66.397338	1.704000	16.670000
1682	-66.377338	1.704000	16.650000
1683	-66.377338	1.704000	16.620000
1684	-66.247338	1.706000	16.660000
1685	-66.207338	1.708000	16.460000
1686	-66.157338	1.708000	16.560000
1687	-66.107338	1.708000	16.540000
1688	-65.957338	1.709000	16.650000
1689	-65.927338	1.711000	16.860000
1690	-65.847338	1.711000	16.630000
1691	-65.787338	1.713000	16.640000
1692	-65.697338	1.713000	16.540000
1693	-65.637338	1.713000	16.610000
1694	-65.487338	1.715000	16.690000
1695	-65.287338	1.715000	16.670000
1696	-65.147338	1.717000	16.690000
1697	-65.057338	1.719000	16.720000
1698	-65.037338	1.719000	16.850000
1699	-65.037338	1.721000	16.750000
1700	-64.987338	1.723000	16.890000
1701	-64.857338	1.723000	16.730000
1702	-64.857338	1.723000	16.890000
1703	-64.797338	1.725000	16.720000
1704	-64.677338	1.727000	16.790000
1705	-64.607338	1.729000	16.650000
1706	-64.597338	1.727000	16.990000
1707	-64.357338	1.731000	16.730000
1708	-64.327338	1.731000	16.830000
1709	-64.307338	1.733000	16.680000
1710	-64.277338	1.735000	16.820000
1711	-64.227338	1.735000	16.920000
1712	-64.157338	1.737000	16.900000
1713	-64.107338	1.737000	16.760000
1714	-64.037338	1.737000	16.780000
1715	-63.917338	1.739000	16.850000
1716	-63.757338	1.739000	16.850000
1717	-63.737338	1.741000	16.750000
1718	-63.677338	1.743000	16.730000
1719	-63.627338	1.743000	16.840000
1720	-63.537338	1.745000	16.720000
1721	-63.507338	1.745000	16.880000
1722	-63.487338	1.745000	17.080000
1723	-63.407338	1.747000	16.840000
1724	-63.387338	1.747000	16.920000
1725	-63.307338	1.749000	16.910000
1726	-63.197338	1.749000	16.660000
1727	-62.987338	1.750000	16.890000
1728	-62.687338	1.752000	17.160000
1729	-62.667338	1.752000	16.840000
1730	-62.567338	1.752000	17.120000
1731	-62.557338	1.754000	16.800000
1732	-62.487338	1.754000	16.940000
1733	-62.477338	1.756000	17.030000
1734	-62.457338	1.758000	17.190000
1735	-62.367338	1.758000	16.920000
1736	-62.317338	1.760000	17.250000
1737	-62.287338	1.760000	16.960000
1738	-62.137338	1.762000	16.880000
1739	-62.077338	1.762000	17.060000
1740	-61.867338	1.762000	16.870000
1741	-61.857338	1.764000	17.120000
1742	-61.817338	1.766000	17.130000
1743	-61.807338	1.766000	16.820000
1744	-61.757338	1.768000	17.200000
1745	-61.757338	1.768000	16.940000
1746	-61.697338	1.770000	16.980000
1747	-61.607338	1.770000	17.090000
1748	-61.497338	1.770000	16.930000
1749	-61.397338	1.772000	17.100000
1750	-61.347338	1.774000	17.150000
1751	-61.317338	1.774000	16.870000
1752	-61.317338	1.776000	17.150000
1753	-61.287338	1.776000	17.130000
1754	-61.057338	1.776000	17.020000
1755	-60.977338	1.778000	17.020000
1756	-60.917338	1.778000	17.150000
1757	-60.727338	1.780000	17.140000
1758	-60.697338	1.782000	17.050000
1759	-60.417338	1.782000	17.080000
1760	-60.317338	1.784000	17.080000
1761	-60.307338	1.784000	17.110000
1762	-60.247338	1.784000	17.050000
1763	-60.097338	1.786000	16.920000
1764	-60.077338	1.786000	16.900000
1765	-60.077338	1.788000	16.960000
1766	-60.067338	1.790000	16.970000
1767	-60.027338	1.791000	17.100000
1768	-59.937338	1.791000	17.050000
1769	-59.827338	1.793000	17.050000
1770	-59.727338	1.793000	17.050000
1771	-59.607338	1.793000	17.060000
1772	-59.577338	1.795000	17.010000
1773	-59.557338	1.797000	17.100000
1774	-59.297338	1.797000	17.040000
1775	-59.297338	1.799000	17.020000
1776	-59.297338	1.799000	17.120000
1777	-59.167338	1.799000	17.180000
1778	-58.957338	1.801000	17.120000
1779	-58.907338	1.801000	17.150000
1780	-58.897338	1.803000	17.150000
1781	-58.767338	1.805000	17.370000
1782	-58.697338	1.805000	17.060000
1783	-58.637338	1.807000	17.210000
1784	-58.567338	1.807000	17.180000
1785	-58.537338	1.807000	17.280000
1786	-58.387338	1.809000	17.230000
1787	-58.307338	1.811000	17.180000
1788	-58.287338	1.813000	17.320000
1789	-58.177338	1.813000	17.280000
1790	-58.137338	1.815000	17.050000
1791	-57.987338	1.817000	17.330000
1792	-57.967338	1.817000	17.370000
1793	-57.947338	1.817000	17.300000
1794	-57.907338	1.819000	17.170000
1795	-57.857338	1.821000	17.150000
1796	-57.837338	1.821000	17.180000
1797	-57.797338	1.823000	17.220000
1798	-57.567338	1.823000	17.060000
1799	-57.567338	1.825000	17.300000
1800	-57.547338	1.825000	17.240000
1801	-57.547338	1.825000	17.080000
1802	-57.357338	1.827000	17.280000
1803	-57.337338	1.829000	17.230000
1804	-57.237338	1.829000	17.280000
1805	-57.217338	1.829000	17.290000
1806	-57.187338	1.831000	17.390000
1807	-57.107338	1.832000	17.220000
1808	-56.987338	1.832000	17.230000
1809	-56.847338	1.832000	17.110000
1810	-56.567338	1.836000	17.420000
1811	-56.567338	1.836000	17.360000
1812	-56.487338	1.838000	17.390000
1813	-56.367338	1.838000	17.190000
1814	-56.297338	1.838000	17.240000
1815	-56.227338	1.840000	17.330000
1816	-55.897338	1.840000	17.330000
1817	-55.777338	1.842000	17.230000
1818	-55.617338	1.842000	17.350000
1819	-55.597338	1.844000	17.410000
1820	-55.457338	1.846000	17.450000
1821	-55.437338	1.848000	17.370000
1822	-55.387338	1.848000	17.380000
1823	-55.327338	1.848000	17.450000
1824	-55.147338	1.850000	17.440000
1825	-55.097338	1.852000	17.460000
1826	-55.047338	1.852000	17.330000
1827	-55.007338	1.854000	17.670000
1828	-54.907338	1.854000	17.440000
1829	-54.877338	1.856000	17.380000
1830	-54.857338	1.856000	17.430000
1831	-54.817338	1.856000	17.550000
1832	-54.817338	1.858000	17.470000
1833	-54.797338	1.860000	17.530000
1834	-54.757338	1.858000	17.440000
1835	-54.457338	1.862000	17.540000
1836	-54.387338	1.862000	17.760000
1837	-54.367338	1.864000	17.410000
1838	-54.357338	1.864000	17.440000
1839	-54.227338	1.864000	17.480000
1840	-54.197338	1.866000	17.460000
1841	-54.147338	1.868000	17.380000
1842	-54.047338	1.868000	17.540000
1843	-53.847338	1.870000	17.590000
1844	-53.737338	1.870000	17.620000
1845	-53.607338	1.870000	17.400000
1846	-53.557338	1.872000	17.440000
1847	-53.547338	1.872000	17.550000
1848	-53.527338	1.874000	17.500000
1849	-53.517338	1.875000	17.590000
1850	-53.457338	1.875000	17.610000
1851	-53.457338	1.875000	17.770000
1852	-53.397338	1.877000	17.680000
1853	-53.377338	1.879000	17.420000
1854	-53.337338	1.879000	17.510000
1855	-53.327338	1.879000	17.560000
1856	-53.207338	1.881000	17.640000
1857	-53.187338	1.883000	17.570000
1858	-53.127338	1.885000	17.680000
1859	-52.777338	1.883000	17.480000
1860	-52.747338	1.885000	17.560000
1861	-52.587338	1.885000	17.550000
1862	-52.407338	1.887000	17.500000
1863	-52.407338	1.887000	17.520000
1864	-52.387338	1.889000	17.670000
1865	-52.347338	1.891000	17.810000
1866	-52.327338	1.891000	17.690000
1867	-52.327338	1.891000	17.610000
1868	-52.267338	1.893000	17.620000
1869	-52.177338	1.895000	17.820000
1870	-51.947338	1.897000	17.520000
1871	-51.767338	1.899000	17.670000
1872	-51.627338	1.899000	17.720000
1873	-51.627338	1.901000	17.760000
1874	-51.617338	1.901000	17.770000
1875	-51.587338	1.901000	17.760000
1876	-51.417338	1.903000	17.590000
1877	-51.367338	1.903000	17.880000
1878	-51.347338	1.905000	17.770000
1879	-51.227338	1.907000	17.730000
1880	-51.187338	1.907000	17.690000
1881	-51.187338	1.907000	17.900000
1882	-51.147338	1.909000	17.730000
1883	-51.107338	1.909000	17.880000
1884	-51.097338	1.911000	17.710000
1885	-50.897338	1.911000	17.830000
1886	-50.837338	1.913000	17.860000
1887	-50.817338	1.915000	17.850000
1888	-50.807338	1.915000	17.600000
1889	-50.737338	1.916000	17.720000
1890	-50.577338	1.916000	17.770000
1891	-50.497338	1.918000	17.680000
1892	-50.387338	1.918000	17.800000
1893	-50.257338	1.918000	17.880000
1894	-50.107338	1.920000	17.810000
1895	-49.927338	1.922000	17.820000
1896	-49.877338	1.922000	17.840000
1897	-49.817338	1.924000	17.850000
1898	-49.717338	1.924000	17.850000
1899	-49.677338	1.926000	17.950000
1900	-49.657338	1.926000	17.820000
1901	-49.447338	1.926000	17.830000
1902	-49.397338	1.928000	17.950000
1903	-49.357338	1.930000	17.910000
1904	-49.347338	1.930000	17.990000
1905	-49.317338	1.932000	17.890000
1906	-49.297338	1.932000	17.870000
1907	-49.297338	1.932000	18.050000
1908	-49.257338	1.934000	17.880000
1909	-49.237338	1.934000	17.830000
1910	-49.027338	1.936000	17.840000
1911	-48.927338	1.936000	17.850000
1912	-48.797338	1.938000	17.930000
1913	-48.787338	1.940000	18.020000
1914	-48.767338	1.940000	17.930000
1915	-48.667338	1.942000	18.160000
1916	-48.637338	1.942000	18.150000
1917	-48.607338	1.944000	18.080000
1918	-48.507338	1.946000	17.930000
1919	-48.247338	1.946000	18.050000
1920	-48.097338	1.948000	18.030000
1921	-48.077338	1.948000	18.120000
1922	-47.947338	1.950000	18.060000
1923	-47.917338	1.950000	18.050000
1924	-47.817338	1.950000	18.080000
1925	-47.817338	1.952000	18.170000
1926	-47.797338	1.954000	18.050000
1927	-47.737338	1.954000	18.170000
1928	-47.727338	1.956000	17.970000
1929	-47.707338	1.956000	18.080000
1930	-47.597338	1.958000	18.020000
1931	-47.527338	1.958000	18.050000
1932	-47.527338	1.958000	18.040000
1933	-47.507338	1.959000	17.960000
1934	-47.477338	1.961000	18.230000
1935	-47.447338	1.961000	17.990000
1936	-47.307338	1.963000	17.970000
1937	-47.277338	1.963000	18.050000
1938	-47.137338	1.963000	18.130000
1939	-47.097338	1.965000	18.070000
1940	-46.887338	1.967000	18.110000
1941	-46.807338	1.967000	18.170000
1942	-46.767338	1.967000	18.030000
1943	-46.597338	1.969000	18.030000
1944	-46.567338	1.971000	18.030000
1945	-46.327338	1.971000	18.040000
1946	-46.277338	1.971000	18.180000
1947	-46.207338	1.973000	18.190000
1948	-45.937338	1.973000	18.300000
1949	-45.907338	1.975000	18.300000
1950	-45.857338	1.977000	18.270000
1951	-45.737338	1.977000	18.280000
1952	-45.587338	1.979000	18.360000
1953	-45.547338	1.981000	18.290000
1954	-45.527338	1.983000	18.360000
1955	-45.377338	1.985000	18.180000
1956	-45.347338	1.985000	18.290000
1957	-45.177338	1.985000	18.290000
1958	-45.137338	1.987000	18.180000
1959	-45.107338	1.989000	18.280000
1960	-44.967338	1.989000	18.220000
1961	-44.957338	1.989000	18.260000
1962	-44.927338	1.991000	18.270000
1963	-44.847338	1.993000	18.240000
1964	-44.797338	1.993000	18.260000
1965	-44.787338	1.995000	18.250000
1966	-44.537338	1.995000	18.270000
1967	-44.397338	1.995000	18.370000
1968	-44.317338	1.997000	18.270000
1969	-44.217338	1.997000	18.300000
1970	-44.127338	1.999000	18.360000
1971	-44.097338	2.000000	18.280000
1972	-44.097338	1.999000	18.130000
1973	-44.057338	2.002000	18.390000
1974	-43.977338	2.004000	18.440000
1975	-43.977338	2.004000	18.330000
1976	-43.837338	2.004000	18.350000
1977	-43.827338	2.006000	18.420000
1978	-43.787338	2.008000	18.420000
1979	-43.697338	2.008000	18.460000
1980	-43.537338	2.010000	18.360000
1981	-43.457338	2.010000	18.400000
1982	-43.397338	2.012000	18.300000
1983	-43.387338	2.012000	18.280000
1984	-43.217338	2.012000	18.390000
1985	-43.167338	2.014000	18.300000
1986	-43.157338	2.016000	18.290000
1987	-43.017338	2.016000	18.250000
1988	-42.967338	2.016000	18.460000
1989	-42.777338	2.018000	18.370000
1990	-42.727338	2.020000	18.360000
1991	-42.677338	2.020000	18.320000
1992	-42.677338	2.020000	18.250000
1993	-42.667338	2.024000	18.410000
1994	-42.647338	2.024000	18.370000
1995	-42.637338	2.026000	18.440000
1996	-42.457338	2.026000	18.350000
1997	-42.337338	2.026000	18.440000
1998	-42.197338	2.028000	18.480000
1999	-42.027338	2.028000	18.640000
2000	-41.877338	2.030000	18.490000
2001	-41.827338	2.032000	18.430000
2002	-41.707338	2.032000	18.570000
2003	-41.547338	2.034000	18.530000
2004	-41.487338	2.034000	18.550000
2005	-41.437338	2.036000	18.480000
2006	-41.437338	2.036000	18.530000
2007	-41.317338	2.036000	18.510000
2008	-41.207338	2.038000	18.630000
2009	-41.177338	2.040000	18.540000
2010	-41.157338	2.040000	18.500000
2011	-41.137338	2.041000	18.490000
2012	-41.077338	2.041000	18.490000
2013	-41.067338	2.043000	18.550000
2014	-41.017338	2.043000	18.520000
2015	-41.017338	2.045000	18.740000
2016	-40.927338	2.047000	18.490000
2017	-40.747338	2.047000	18.600000
2018	-40.707338	2.047000	18.650000
2019	-40.677338	2.049000	18.620000
2020	-40.667338	2.051000	18.550000
2021	-40.547338	2.051000	18.590000
2022	-40.547338	2.051000	18.610000
2023	-40.527338	2.053000	18.580000
2024	-40.387338	2.055000	18.580000
2025	-40.327338	2.055000	18.530000
2026	-40.137338	2.057000	18.650000
2027	-39.947338	2.057000	18.690000
2028	-39.947338	2.059000	18.740000
2029	-39.927338	2.059000	18.700000
2030	-39.837338	2.061000	18.690000
2031	-39.787338	2.061000	18.590000
2032	-39.697338	2.063000	18.630000
2033	-39.127338	2.065000	18.720000
2034	-39.047338	2.067000	18.760000
2035	-39.047338	2.067000	18.630000
2036	-38.997338	2.067000	18.740000
2037	-38.887338	2.069000	18.820000
2038	-38.777338	2.071000	18.750000
2039	-38.747338	2.071000	18.620000
2040	-38.707338	2.073000	18.750000
2041	-38.707338	2.073000	18.670000
2042	-38.687338	2.073000	18.890000
2043	-38.657338	2.075000	18.660000
2044	-38.577338	2.077000	18.750000
2045	-38.517338	2.077000	18.660000
2046	-38.447338	2.079000	18.790000
2047	-38.397338	2.079000	18.660000
2048	-38.367338	2.081000	18.730000
2049	-38.337338	2.081000	19.040000
2050	-38.277338	2.081000	18.780000
2051	-38.077338	2.082000	18.680000
2052	-37.887338	2.082000	18.700000
2053	-37.687338	2.084000	18.780000
2054	-37.677338	2.086000	18.810000
2055	-37.677338	2.086000	18.800000
2056	-37.517338	2.088000	18.780000
2057	-37.377338	2.088000	18.870000
2058	-37.297338	2.088000	18.890000
2059	-37.007338	2.090000	18.940000
2060	-36.857338	2.090000	18.920000
2061	-36.777338	2.092000	18.910000
2062	-36.757338	2.094000	18.830000
2063	-36.687338	2.092000	18.840000
2064	-36.667338	2.094000	18.950000
2065	-36.567338	2.096000	18.840000
2066	-36.547338	2.096000	18.980000
2067	-36.447338	2.098000	18.970000
2068	-36.437338	2.098000	18.900000
2069	-36.417338	2.100000	18.910000
2070	-36.127338	2.102000	18.860000
2071	-36.047338	2.102000	18.840000
2072	-36.027338	2.104000	18.890000
2073	-35.997338	2.104000	18.840000
2074	-35.927338	2.106000	18.990000
2075	-35.857338	2.106000	19.170000
2076	-35.847338	2.106000	18.960000
2077	-35.677338	2.108000	18.940000
2078	-35.647338	2.110000	19.120000
2079	-35.617338	2.110000	19.020000
2080	-35.497338	2.112000	18.960000
2081	-35.487338	2.112000	18.990000
2082	-35.457338	2.112000	19.100000
2083	-35.267338	2.114000	18.980000
2084	-35.267338	2.114000	19.000000
2085	-35.197338	2.116000	19.050000
2086	-35.007338	2.118000	19.160000
2087	-34.957338	2.118000	18.960000
2088	-34.857338	2.120000	18.940000
2089	-34.797338	2.120000	19.000000
2090	-34.777338	2.120000	18.870000
2091	-34.777338	2.122000	19.150000
2092	-34.727338	2.122000	19.130000
2093	-34.477338	2.124000	19.130000
2094	-34.337338	2.125000	19.070000
2095	-34.267338	2.125000	19.030000
2096	-34.257338	2.127000	19.020000
2097	-34.197338	2.127000	18.980000
2098	-34.127338	2.129000	19.180000
2099	-34.067338	2.129000	19.130000
2100	-34.057338	2.131000	19.000000
2101	-34.017338	2.133000	18.970000
2102	-33.997338	2.133000	18.970000
2103	-33.977338	2.135000	18.910000
2104	-33.957338	2.135000	19.060000
2105	-33.947338	2.137000	19.100000
2106	-33.807338	2.137000	19.100000
2107	-33.787338	2.137000	19.070000
2108	-33.687338	2.139000	19.070000
2109	-33.657338	2.141000	19.090000
2110	-33.567338	2.141000	18.970000
2111	-33.457338	2.143000	19.010000
2112	-33.457338	2.143000	19.120000
2113	-33.407338	2.143000	19.040000
2114	-33.367338	2.147000	18.980000
2115	-33.367338	2.149000	19.130000
2116	-33.327338	2.151000	19.050000
2117	-33.027338	2.151000	19.140000
2118	-32.947338	2.151000	18.980000
2119	-32.887338	2.153000	18.920000
2120	-32.767338	2.153000	19.100000
2121	-32.707338	2.155000	19.070000
2122	-32.607338	2.157000	19.070000
2123	-32.587338	2.157000	19.030000
2124	-32.547338	2.157000	19.040000
2125	-32.387338	2.159000	19.070000
2126	-32.207338	2.161000	19.030000
2127	-32.157338	2.161000	19.010000
2128	-32.057338	2.161000	19.060000
2129	-31.977338	2.163000	19.210000
2130	-31.967338	2.165000	19.100000
2131	-31.797338	2.165000	19.130000
2132	-31.767338	2.166000	19.040000
2133	-31.627338	2.166000	19.270000
2134	-31.617338	2.166000	19.160000
2135	-31.467338	2.168000	19.340000
2136	-30.987338	2.170000	19.280000
2137	-30.937338	2.172000	19.250000
2138	-30.777338	2.172000	19.170000
2139	-30.777338	2.172000	19.370000
2140	-30.757338	2.174000	19.210000
2141	-30.707338	2.176000	19.110000
2142	-30.397338	2.176000	19.280000
2143	-30.307338	2.176000	19.310000
2144	-30.247338	2.178000	19.220000
2145	-30.157338	2.180000	19.200000
2146	-30.067338	2.180000	19.370000
2147	-29.977338	2.182000	19.380000
2148	-29.787338	2.182000	19.370000
2149	-29.607338	2.182000	19.320000
2150	-29.577338	2.184000	19.330000
2151	-29.507338	2.184000	19.240000
2152	-29.487338	2.186000	19.290000
2153	-29.467338	2.188000	19.390000
2154	-29.427338	2.186000	19.310000
2155	-29.407338	2.188000	19.270000
2156	-29.397338	2.190000	19.320000
2157	-29.367338	2.192000	19.230000
2158	-29.337338	2.192000	19.160000
2159	-29.307338	2.192000	19.380000
2160	-29.107338	2.194000	19.410000
2161	-29.077338	2.196000	19.360000
2162	-29.027338	2.196000	19.310000
2163	-29.007338	2.198000	19.280000
2164	-28.947338	2.198000	19.350000
2165	-28.857338	2.198000	19.370000
2166	-28.827338	2.200000	19.230000
2167	-28.747338	2.200000	19.450000
2168	-28.737338	2.202000	19.220000
2169	-28.707338	2.202000	19.190000
2170	-28.657338	2.202000	19.270000
2171	-28.567338	2.206000	19.410000
2172	-28.417338	2.206000	19.380000
2173	-28.407338	2.208000	19.370000
2174	-28.357338	2.208000	19.330000
2175	-28.307338	2.208000	19.400000
2176	-28.267338	2.211000	19.300000
2177	-28.147338	2.211000	19.530000
2178	-27.877338	2.213000	19.430000
2179	-27.847338	2.213000	19.530000
2180	-27.807338	2.213000	19.420000
2181	-27.667338	2.215000	19.550000
2182	-27.647338	2.215000	19.420000
2183	-27.637338	2.217000	19.360000
2184	-27.547338	2.219000	19.300000
2185	-27.527338	2.219000	19.490000
2186	-27.427338	2.219000	19.460000
2187	-27.407338	2.221000	19.480000
2188	-27.327338	2.223000	19.380000
2189	-27.307338	2.223000	19.380000
2190	-27.207338	2.223000	19.370000
2191	-27.067338	2.225000	19.520000
2192	-27.057338	2.229000	19.440000
2193	-27.047338	2.229000	19.350000
2194	-27.047338	2.229000	19.510000
2195	-26.937338	2.231000	19.360000
2196	-26.837338	2.233000	19.460000
2197	-26.697338	2.235000	19.460000
2198	-26.697338	2.235000	19.540000
2199	-26.687338	2.237000	19.490000
2200	-26.667338	2.237000	19.460000
2201	-26.617338	2.237000	19.460000
2202	-26.517338	2.239000	19.430000
2203	-26.517338	2.241000	19.480000
2204	-26.497338	2.241000	19.550000
2205	-26.407338	2.243000	19.360000
2206	-26.377338	2.243000	19.510000
2207	-26.277338	2.245000	19.470000
2208	-26.257338	2.245000	19.400000
2209	-26.237338	2.245000	19.480000
2210	-26.097338	2.247000	19.380000
2211	-25.947338	2.247000	19.540000
2212	-25.747338	2.249000	19.560000
2213	-25.617338	2.250000	19.430000
2214	-25.547338	2.250000	19.500000
2215	-25.347338	2.252000	19.480000
2216	-24.947338	2.254000	19.600000
2217	-24.947338	2.254000	19.570000
2218	-24.877338	2.254000	19.660000
2219	-24.857338	2.256000	19.580000
2220	-24.817338	2.258000	19.540000
2221	-24.807338	2.258000	19.550000
2222	-24.777338	2.260000	19.610000
2223	-24.767338	2.260000	19.550000
2224	-24.747338	2.260000	19.600000
2225	-24.547338	2.262000	19.640000
2226	-24.517338	2.262000	19.740000
2227	-24.417338	2.264000	19.570000
2228	-24.337338	2.266000	19.610000
2229	-24.317338	2.266000	19.630000
2230	-24.287338	2.268000	19.650000
2231	-23.927338	2.268000	19.600000
2232	-23.887338	2.268000	19.520000
2233	-23.777338	2.270000	19.540000
2234	-23.767338	2.270000	19.810000
2235	-23.727338	2.272000	19.650000
2236	-23.687338	2.272000	19.660000
2237	-23.607338	2.276000	19.520000
2238	-23.557338	2.276000	19.520000
2239	-23.347338	2.276000	19.620000
2240	-23.277338	2.278000	19.530000
2241	-23.237338	2.278000	19.540000
2242	-23.057338	2.280000	19.550000
2243	-23.047338	2.282000	19.560000
2244	-22.937338	2.282000	19.610000
2245	-22.917338	2.282000	19.980000
2246	-22.897338	2.284000	19.730000
2247	-22.827338	2.284000	19.870000
2248	-22.737338	2.286000	19.580000
2249	-22.637338	2.286000	19.860000
2250	-22.417338	2.288000	19.770000
2251	-22.357338	2.288000	19.730000
2252	-21.957338	2.291000	19.720000
2253	-21.877338	2.291000	19.810000
2254	-21.867338	2.291000	19.820000
2255	-21.847338	2.291000	19.860000
2256	-21.797338	2.293000	19.720000
2257	-21.767338	2.295000	19.930000
2258	-21.757338	2.297000	19.870000
2259	-21.757338	2.297000	19.900000
2260	-21.637338	2.299000	19.800000
2261	-21.597338	2.299000	19.930000
2262	-21.597338	2.299000	19.820000
2263	-21.577338	2.301000	19.880000
2264	-21.267338	2.301000	19.730000
2265	-21.267338	2.303000	19.840000
2266	-21.217338	2.305000	19.790000
2267	-21.097338	2.305000	19.690000
2268	-20.957338	2.307000	19.740000
2269	-20.797338	2.307000	19.920000
2270	-20.777338	2.307000	19.740000
2271	-20.777338	2.309000	19.910000
2272	-20.727338	2.313000	19.730000
2273	-20.707338	2.313000	19.750000
2274	-20.667338	2.313000	19.860000
2275	-20.647338	2.315000	19.870000
2276	-20.467338	2.317000	19.870000
2277	-20.357338	2.317000	19.760000
2278	-20.337338	2.319000	19.940000
2279	-20.077338	2.321000	19.850000
2280	-20.047338	2.321000	19.890000
2281	-19.917338	2.323000	19.860000
2282	-19.857338	2.323000	19.810000
2283	-19.827338	2.325000	19.790000
2284	-19.817338	2.325000	19.940000
2285	-19.807338	2.325000	19.830000
2286	-19.777338	2.327000	19.910000
2287	-19.767338	2.329000	19.970000
2288	-19.547338	2.329000	19.910000
2289	-19.527338	2.329000	19.810000
2290	-19.487338	2.331000	20.050000
2291	-19.367338	2.332000	19.900000
2292	-19.237338	2.332000	20.080000
2293	-19.217338	2.332000	19.980000
2294	-19.127338	2.334000	19.990000
2295	-19.087338	2.334000	20.050000
2296	-18.997338	2.336000	19.870000
2297	-18.967338	2.338000	19.890000
2298	-18.777338	2.338000	19.990000
2299	-18.717338	2.340000	19.920000
2300	-18.677338	2.340000	20.070000
2301	-18.567338	2.342000	19.930000
2302	-18.457338	2.344000	20.030000
2303	-18.337338	2.344000	20.040000
2304	-18.327338	2.344000	19.830000
2305	-18.307338	2.346000	20.030000
2306	-18.167338	2.348000	19.970000
2307	-18.037338	2.348000	20.050000
2308	-18.027338	2.348000	20.140000
2309	-17.907338	2.350000	20.070000
2310	-17.817338	2.352000	19.890000
2311	-17.757338	2.352000	20.100000
2312	-17.707338	2.354000	20.070000
2313	-17.677338	2.354000	19.960000
2314	-17.657338	2.354000	20.060000
2315	-17.657338	2.356000	20.120000
2316	-17.647338	2.356000	20.090000
2317	-17.597338	2.358000	20.010000
2318	-17.517338	2.360000	20.050000
2319	-17.437338	2.360000	19.930000
2320	-17.227338	2.360000	20.170000
2321	-17.157338	2.362000	20.070000
2322	-17.047338	2.364000	20.060000
2323	-16.957338	2.364000	20.060000
2324	-16.937338	2.366000	20.210000
2325	-16.897338	2.366000	20.080000
2326	-16.637338	2.368000	20.180000
2327	-16.517338	2.370000	20.100000
2328	-16.257338	2.370000	20.300000
2329	-15.977338	2.370000	20.390000
2330	-15.887338	2.372000	20.200000
2331	-15.887338	2.372000	20.310000
2332	-15.857338	2.374000	20.320000
2333	-15.857338	2.375000	20.200000
2334	-15.507338	2.375000	20.150000
2335	-15.507338	2.374000	20.250000
2336	-15.497338	2.379000	20.310000
2337	-15.447338	2.379000	20.310000
2338	-15.417338	2.379000	20.140000
2339	-15.417338	2.381000	20.370000
2340	-15.367338	2.383000	20.270000
2341	-15.357338	2.383000	20.240000
2342	-15.307338	2.385000	20.200000
2343	-15.267338	2.385000	20.270000
2344	-15.237338	2.385000	20.210000
2345	-15.167338	2.387000	20.220000
2346	-15.117338	2.387000	20.250000
2347	-14.977338	2.389000	20.200000
2348	-14.967338	2.391000	20.260000
2349	-14.937338	2.391000	20.200000
2350	-14.907338	2.391000	20.100000
2351	-14.887338	2.393000	20.220000
2352	-14.837338	2.395000	20.400000
2353	-14.827338	2.397000	20.260000
2354	-14.737338	2.399000	20.300000
2355	-14.737338	2.401000	20.380000
2356	-14.667338	2.401000	20.220000
2357	-14.557338	2.401000	20.410000
2358	-14.467338	2.403000	20.430000
2359	-14.347338	2.403000	20.590000
2360	-14.227338	2.405000	20.360000
2361	-14.017338	2.407000	20.330000
2362	-13.937338	2.407000	20.280000
2363	-13.937338	2.409000	20.380000
2364	-13.917338	2.409000	20.480000
2365	-13.807338	2.411000	20.500000
2366	-13.787338	2.411000	20.450000
2367	-13.557338	2.411000	20.400000
2368	-13.527338	2.413000	20.470000
2369	-13.487338	2.415000	20.490000
2370	-13.427338	2.415000	20.610000
2371	-13.397338	2.416000	20.470000
2372	-13.347338	2.416000	20.350000
2373	-13.327338	2.416000	20.520000
2374	-13.187338	2.418000	20.470000
2375	-13.077338	2.418000	20.700000
2376	-13.047338	2.420000	20.310000
2377	-13.037338	2.422000	20.380000
2378	-12.717338	2.422000	20.540000
2379	-12.427338	2.424000	20.440000
2380	-12.247338	2.424000	20.510000
2381	-12.197338	2.424000	20.690000
2382	-12.177338	2.426000	20.710000
2383	-11.947338	2.426000	20.650000
2384	-11.817338	2.428000	20.600000
2385	-11.747338	2.430000	20.570000
2386	-11.707338	2.430000	20.690000
2387	-11.587338	2.430000	20.570000
2388	-11.587338	2.432000	20.660000
2389	-11.587338	2.432000	20.680000
2390	-11.467338	2.434000	20.680000
2391	-11.417338	2.434000	20.710000
2392	-11.267338	2.436000	20.640000
2393	-11.197338	2.436000	20.570000
2394	-11.147338	2.438000	20.750000
2395	-11.117338	2.440000	20.620000
2396	-11.097338	2.440000	20.590000
2397	-10.967338	2.442000	20.640000
2398	-10.947338	2.442000	20.470000
2399	-10.907338	2.442000	20.450000
2400	-10.877338	2.444000	20.570000
2401	-10.867338	2.446000	20.640000
2402	-10.837338	2.446000	20.650000
2403	-10.787338	2.448000	20.660000
2404	-10.587338	2.448000	20.770000
2405	-10.507338	2.450000	20.670000
2406	-10.317338	2.450000	20.590000
2407	-10.177338	2.450000	20.540000
2408	-9.877338	2.452000	20.700000
2409	-9.787338	2.454000	20.660000
2410	-9.717338	2.454000	20.590000
2411	-9.667338	2.456000	20.790000
2412	-9.597338	2.456000	20.840000
2413	-9.537338	2.456000	20.820000
2414	-9.497338	2.458000	20.690000
2415	-9.457338	2.458000	20.770000
2416	-9.387338	2.459000	20.730000
2417	-9.337338	2.459000	20.520000
2418	-9.207338	2.461000	20.730000
2419	-9.197338	2.463000	20.850000
2420	-9.157338	2.463000	20.880000
2421	-9.127338	2.465000	20.680000
2422	-9.097338	2.465000	20.640000
2423	-9.047338	2.467000	20.720000
2424	-9.047338	2.469000	20.710000
2425	-9.027338	2.469000	20.640000
2426	-8.787338	2.471000	20.730000
2427	-8.787338	2.471000	20.950000
2428	-8.727338	2.473000	20.710000
2429	-8.627338	2.473000	20.830000
2430	-8.387338	2.473000	20.850000
2431	-8.317338	2.475000	20.680000
2432	-8.207338	2.477000	20.690000
2433	-8.187338	2.477000	20.740000
2434	-8.177338	2.479000	20.690000
2435	-8.157338	2.481000	20.730000
2436	-7.987338	2.481000	20.910000
2437	-7.837338	2.483000	20.580000
2438	-7.827338	2.485000	20.770000
2439	-7.817338	2.485000	20.990000
2440	-7.797338	2.485000	21.030000
2441	-7.787338	2.487000	21.040000
2442	-7.667338	2.489000	20.700000
2443	-7.547338	2.489000	20.930000
2444	-7.387338	2.489000	21.080000
2445	-7.347338	2.491000	20.650000
2446	-7.207338	2.493000	20.990000
2447	-7.087338	2.493000	21.000000
2448	-7.027338	2.495000	20.820000
2449	-7.007338	2.495000	20.890000
2450	-6.957338	2.497000	20.800000
2451	-6.947338	2.497000	21.020000
2452	-6.937338	2.499000	20.930000
2453	-6.867338	2.500000	20.790000
2454	-6.727338	2.500000	20.950000
2455	-6.607338	2.500000	20.890000
2456	-6.527338	2.502000	21.000000
2457	-6.467338	2.504000	20.780000
2458	-6.447338	2.504000	21.150000
2459	-6.037338	2.506000	21.040000
2460	-5.957338	2.508000	20.930000
2461	-5.737338	2.508000	21.040000
2462	-5.727338	2.510000	21.030000
2463	-5.617338	2.510000	21.020000
2464	-5.547338	2.510000	21.040000
2465	-5.477338	2.512000	20.900000
2466	-5.187338	2.512000	21.140000
2467	-5.177338	2.514000	21.020000
2468	-4.797338	2.516000	21.070000
2469	-4.717338	2.516000	21.060000
2470	-4.687338	2.518000	21.070000
2471	-4.667338	2.518000	21.200000
2472	-4.597338	2.520000	21.170000
2473	-4.577338	2.520000	21.080000
2474	-4.577338	2.520000	21.100000
2475	-4.497338	2.522000	21.070000
2476	-4.437338	2.526000	21.080000
2477	-4.377338	2.524000	20.920000
2478	-4.327338	2.524000	21.280000
2479	-4.317338	2.526000	21.180000
2480	-4.317338	2.528000	21.180000
2481	-4.297338	2.528000	21.100000
2482	-4.207338	2.528000	21.060000
2483	-4.167338	2.530000	21.280000
2484	-4.137338	2.530000	21.220000
2485	-4.097338	2.530000	21.030000
2486	-3.967338	2.532000	21.230000
2487	-3.897338	2.534000	21.040000
2488	-3.887338	2.536000	21.180000
2489	-3.867338	2.536000	21.110000
2490	-3.847338	2.536000	21.310000
2491	-3.817338	2.538000	21.170000
2492	-3.787338	2.541000	21.140000
2493	-3.777338	2.541000	21.210000
2494	-3.687338	2.541000	21.250000
2495	-3.667338	2.541000	21.140000
2496	-3.607338	2.543000	21.110000
2497	-3.547338	2.543000	21.120000
2498	-3.417338	2.543000	21.190000
2499	-3.417338	2.545000	21.160000
2500	-3.377338	2.547000	21.150000
2501	-3.307338	2.547000	21.230000
2502	-3.197338	2.547000	21.100000
2503	-3.097338	2.549000	21.170000
2504	-2.917338	2.551000	21.220000
2505	-2.897338	2.551000	21.170000
2506	-2.857338	2.551000	21.280000
2507	-2.777338	2.553000	21.230000
2508	-2.707338	2.555000	21.250000
2509	-2.677338	2.555000	21.200000
2510	-2.657338	2.555000	21.210000
2511	-2.567338	2.557000	21.260000
2512	-2.537338	2.557000	21.320000
2513	-2.407338	2.559000	21.370000
2514	-2.407338	2.559000	21.190000
2515	-2.237338	2.563000	21.270000
2516	-2.237338	2.565000	21.390000
2517	-1.977338	2.565000	21.190000
2518	-1.947338	2.565000	21.140000
2519	-1.827338	2.567000	21.210000
2520	-1.787338	2.567000	21.230000
2521	-1.617338	2.569000	21.340000
2522	-1.417338	2.571000	21.140000
2523	-1.317338	2.571000	21.570000
2524	-1.287338	2.573000	21.390000
2525	-1.227338	2.573000	21.400000
2526	-1.167338	2.573000	21.450000
2527	-1.017338	2.575000	21.470000
2528	-0.967338	2.575000	21.250000
2529	-0.817338	2.577000	21.340000
2530	-0.697338	2.577000	21.340000
2531	-0.667338	2.581000	21.270000
2532	-0.547338	2.581000	21.460000
2533	-0.547338	2.581000	21.380000
2534	-0.547338	2.582000	21.430000
2535	-0.017338	2.582000	21.270000
2536	0.132662	2.584000	21.440000
2537	0.282662	2.586000	21.400000
2538	0.702662	2.586000	21.400000
