1	-190.935885	0.000000	9.460000
2	-190.635885	0.000000	9.270000
3	-190.515885	0.004000	9.330000
4	-190.495885	0.004000	9.600000
5	-190.335885	0.006000	9.650000
6	-190.235885	0.006000	9.750000
7	-190.125885	0.006000	9.340000
8	-190.125885	0.008000	9.870000
9	-190.115885	0.010000	9.390000
10	-190.115885	0.010000	9.920000
11	-190.105885	0.012000	9.800000
12	-190.045885	0.012000	9.620000
13	-189.975885	0.014000	9.720000
14	-189.895885	0.014000	9.570000
15	-189.775885	0.016000	9.530000
16	-189.735885	0.017000	9.470000
17	-189.715885	0.017000	9.490000
18	-189.705885	0.017000	9.790000
19	-189.695885	0.019000	9.590000
20	-189.665885	0.021000	9.600000
21	-189.575885	0.021000	9.410000
22	-189.525885	0.021000	9.570000
23	-189.495885	0.023000	9.830000
24	-189.415885	0.027000	9.450000
25	-189.415885	0.025000	9.400000
26	-189.255885	0.027000	9.350000
27	-189.245885	0.027000	9.400000
28	-189.165885	0.027000	9.880000
29	-189.145885	0.029000	9.600000
30	-188.995885	0.029000	9.700000
31	-188.925885	0.031000	9.980000
32	-188.885885	0.031000	9.550000
33	-188.685885	0.033000	9.470000
34	-188.625885	0.035000	9.580000
35	-188.385885	0.035000	9.590000
36	-188.365885	0.037000	9.550000
37	-188.335885	0.037000	9.480000
38	-188.245885	0.037000	9.550000
39	-188.205885	0.039000	9.770000
40	-188.175885	0.041000	9.650000
41	-188.115885	0.041000	9.590000
42	-188.105885	0.043000	9.800000
43	-188.095885	0.043000	9.630000
44	-188.065885	0.045000	10.360000
45	-187.925885	0.045000	9.480000
46	-187.885885	0.045000	9.680000
47	-187.855885	0.047000	9.830000
48	-187.855885	0.049000	9.640000
49	-187.665885	0.049000	9.680000
50	-187.645885	0.049000	9.790000
51	-187.645885	0.051000	9.620000
52	-187.575885	0.053000	10.050000
53	-187.475885	0.053000	9.810000
54	-187.465885	0.055000	9.890000
55	-187.385885	0.055000	9.540000
56	-187.355885	0.057000	9.530000
57	-187.325885	0.057000	9.750000
58	-187.255885	0.058000	9.830000
59	-187.245885	0.058000	9.840000
60	-187.205885	0.058000	9.960000
61	-187.165885	0.060000	9.870000
62	-187.145885	0.060000	9.610000
63	-187.115885	0.062000	9.560000
64	-186.895885	0.064000	9.710000
65	-186.855885	0.066000	9.740000
66	-186.645885	0.066000	9.650000
67	-186.505885	0.068000	9.770000
68	-186.485885	0.068000	9.810000
69	-186.435885	0.068000	9.820000
70	-186.385885	0.070000	9.720000
71	-186.295885	0.072000	9.700000
72	-186.235885	0.072000	9.760000
73	-186.215885	0.074000	9.820000
74	-186.175885	0.074000	9.770000
75	-186.165885	0.076000	9.820000
76	-186.155885	0.076000	9.770000
77	-186.015885	0.076000	9.660000
78	-186.015885	0.080000	9.540000
79	-185.935885	0.082000	10.070000
80	-185.895885	0.082000	9.780000
81	-185.705885	0.082000	9.830000
82	-185.645885	0.084000	9.910000
83	-185.605885	0.084000	9.870000
84	-185.485885	0.086000	9.780000
85	-185.235885	0.086000	9.940000
86	-185.155885	0.088000	10.400000
87	-185.065885	0.090000	10.330000
88	-185.015885	0.090000	10.210000
89	-184.565885	0.090000	9.820000
90	-184.415885	0.092000	10.000000
91	-184.385885	0.092000	10.190000
92	-184.275885	0.094000	9.830000
93	-184.225885	0.096000	9.880000
94	-184.205885	0.096000	10.530000
95	-184.005885	0.098000	9.710000
96	-183.995885	0.098000	9.720000
97	-183.935885	0.098000	9.770000
98	-183.895885	0.099000	9.930000
99	-183.755885	0.099000	9.720000
100	-183.665885	0.101000	10.200000
101	-183.565885	0.103000	10.180000
102	-183.525885	0.103000	10.200000
103	-183.515885	0.105000	9.830000
104	-183.465885	0.105000	9.940000
105	-183.405885	0.107000	10.040000
106	-183.385885	0.107000	9.900000
107	-183.375885	0.107000	10.060000
108	-183.365885	0.109000	9.730000
109	-183.335885	0.111000	9.890000
110	-183.315885	0.111000	10.260000
111	-183.295885	0.113000	10.030000
112	-183.275885	0.113000	9.890000
113	-183.175885	0.113000	10.010000
114	-183.175885	0.115000	9.760000
115	-183.145885	0.115000	9.700000
116	-183.065885	0.117000	9.750000
117	-182.935885	0.117000	9.880000
118	-182.905885	0.119000	10.550000
119	-182.805885	0.121000	9.900000
120	-182.765885	0.121000	10.120000
121	-182.515885	0.121000	9.890000
122	-182.495885	0.123000	10.450000
123	-182.485885	0.123000	9.890000
124	-182.465885	0.125000	9.930000
125	-182.455885	0.125000	9.720000
126	-182.335885	0.127000	10.070000
127	-182.255885	0.129000	10.430000
128	-182.145885	0.129000	10.090000
129	-182.055885	0.129000	10.180000
130	-181.935885	0.131000	10.300000
131	-181.895885	0.131000	10.170000
132	-181.835885	0.133000	10.150000
133	-181.795885	0.135000	10.060000
134	-181.735885	0.135000	9.780000
135	-181.735885	0.137000	10.120000
136	-181.615885	0.137000	10.120000
137	-181.385885	0.139000	10.250000
138	-181.365885	0.139000	10.070000
139	-181.335885	0.139000	10.000000
140	-181.255885	0.141000	10.140000
141	-181.235885	0.142000	10.090000
142	-181.205885	0.142000	10.100000
143	-181.185885	0.144000	9.990000
144	-181.145885	0.144000	9.980000
145	-181.125885	0.144000	9.810000
146	-180.975885	0.146000	10.200000
147	-180.925885	0.148000	10.270000
148	-180.875885	0.150000	10.150000
149	-180.525885	0.150000	10.010000
150	-180.455885	0.152000	10.050000
151	-180.405885	0.152000	10.080000
152	-180.355885	0.152000	10.090000
153	-180.355885	0.154000	10.000000
154	-180.305885	0.156000	9.990000
155	-180.145885	0.156000	9.900000
156	-180.105885	0.158000	10.320000
157	-180.095885	0.158000	10.100000
158	-180.075885	0.160000	10.070000
159	-180.035885	0.160000	10.070000
160	-180.035885	0.160000	10.280000
161	-179.865885	0.164000	10.330000
162	-179.765885	0.166000	10.250000
163	-179.665885	0.166000	10.460000
164	-179.655885	0.168000	9.970000
165	-179.595885	0.168000	10.270000
166	-179.385885	0.168000	9.850000
167	-178.965885	0.170000	10.180000
168	-178.945885	0.172000	10.160000
169	-178.925885	0.174000	10.410000
170	-178.815885	0.174000	10.320000
171	-178.675885	0.174000	10.420000
172	-178.625885	0.176000	10.350000
173	-178.555885	0.178000	10.200000
174	-178.525885	0.178000	10.250000
175	-178.505885	0.178000	10.300000
176	-178.505885	0.180000	10.180000
177	-178.305885	0.182000	10.170000
178	-178.245885	0.183000	10.240000
179	-178.205885	0.183000	10.180000
180	-178.115885	0.183000	10.230000
181	-178.085885	0.183000	10.210000
182	-178.025885	0.185000	10.280000
183	-178.015885	0.185000	10.470000
184	-177.975885	0.187000	10.560000
185	-177.965885	0.187000	10.220000
186	-177.945885	0.187000	10.270000
187	-177.765885	0.191000	10.240000
188	-177.765885	0.191000	10.160000
189	-177.745885	0.193000	10.360000
190	-177.695885	0.193000	10.520000
191	-177.585885	0.193000	9.890000
192	-177.585885	0.195000	10.320000
193	-177.365885	0.195000	10.390000
194	-177.345885	0.199000	10.430000
195	-177.115885	0.199000	10.380000
196	-177.065885	0.199000	10.490000
197	-176.975885	0.199000	10.350000
198	-176.975885	0.201000	10.610000
199	-176.935885	0.201000	10.370000
200	-176.915885	0.203000	10.490000
201	-176.875885	0.205000	10.390000
202	-176.685885	0.205000	10.520000
203	-176.615885	0.205000	10.820000
204	-176.405885	0.207000	10.300000
205	-176.215885	0.209000	10.360000
206	-176.195885	0.209000	10.450000
207	-176.165885	0.209000	10.400000
208	-176.105885	0.211000	10.190000
209	-176.065885	0.215000	10.370000
210	-176.035885	0.213000	10.170000
211	-176.035885	0.215000	10.520000
212	-176.035885	0.215000	10.370000
213	-176.005885	0.215000	10.300000
214	-175.825885	0.217000	10.670000
215	-175.785885	0.217000	10.510000
216	-175.715885	0.219000	10.290000
217	-175.665885	0.219000	10.290000
218	-175.575885	0.221000	10.540000
219	-175.425885	0.223000	10.460000
220	-175.305885	0.225000	10.480000
221	-175.045885	0.225000	10.510000
222	-174.975885	0.225000	10.320000
223	-174.975885	0.226000	10.620000
224	-174.785885	0.228000	10.430000
225	-174.745885	0.228000	10.380000
226	-174.665885	0.230000	10.680000
227	-174.665885	0.230000	10.470000
228	-174.645885	0.232000	10.720000
229	-174.615885	0.232000	10.640000
230	-174.565885	0.232000	10.470000
231	-174.485885	0.234000	10.500000
232	-174.305885	0.236000	10.530000
233	-174.235885	0.236000	10.540000
234	-174.195885	0.236000	10.480000
235	-174.035885	0.238000	10.330000
236	-173.985885	0.240000	10.550000
237	-173.985885	0.240000	10.710000
238	-173.975885	0.240000	10.480000
239	-173.945885	0.242000	10.750000
240	-173.895885	0.244000	10.690000
241	-173.855885	0.244000	10.460000
242	-173.805885	0.246000	10.400000
243	-173.795885	0.248000	10.530000
244	-173.765885	0.248000	10.370000
245	-173.685885	0.250000	10.790000
246	-173.665885	0.252000	10.460000
247	-173.635885	0.252000	10.410000
248	-173.475885	0.254000	10.450000
249	-173.435885	0.256000	10.520000
250	-173.395885	0.256000	10.580000
251	-173.095885	0.256000	10.550000
252	-173.035885	0.258000	10.540000
253	-172.955885	0.260000	10.760000
254	-172.955885	0.260000	10.900000
255	-172.885885	0.262000	10.390000
256	-172.805885	0.262000	10.530000
257	-172.775885	0.262000	10.630000
258	-172.745885	0.264000	10.980000
259	-172.695885	0.264000	10.560000
260	-172.535885	0.266000	10.640000
261	-172.515885	0.267000	10.770000
262	-172.355885	0.267000	10.450000
263	-172.315885	0.269000	10.440000
264	-172.245885	0.269000	10.480000
265	-172.195885	0.269000	10.490000
266	-172.185885	0.271000	10.500000
267	-172.155885	0.271000	10.420000
268	-172.085885	0.273000	11.090000
269	-172.065885	0.275000	10.760000
270	-171.915885	0.277000	10.640000
271	-171.855885	0.277000	10.630000
272	-171.835885	0.277000	10.610000
273	-171.805885	0.277000	10.670000
274	-171.615885	0.279000	10.730000
275	-171.535885	0.279000	10.480000
276	-171.425885	0.281000	10.690000
277	-171.355885	0.281000	10.530000
278	-171.335885	0.281000	10.810000
279	-171.175885	0.285000	10.610000
280	-171.035885	0.285000	10.840000
281	-170.985885	0.285000	10.530000
282	-170.925885	0.287000	10.680000
283	-170.675885	0.287000	10.740000
284	-170.625885	0.289000	10.710000
285	-170.625885	0.291000	10.890000
286	-170.625885	0.293000	10.710000
287	-170.475885	0.293000	10.630000
288	-170.455885	0.293000	10.950000
289	-170.455885	0.295000	10.730000
290	-170.435885	0.295000	10.710000
291	-170.345885	0.297000	10.730000
292	-170.265885	0.299000	10.810000
293	-170.205885	0.299000	10.780000
294	-170.185885	0.301000	10.610000
295	-170.175885	0.301000	10.720000
296	-170.175885	0.301000	10.720000
297	-170.165885	0.303000	10.980000
298	-170.145885	0.303000	10.930000
299	-170.135885	0.305000	10.540000
300	-170.105885	0.307000	10.760000
301	-170.095885	0.307000	10.920000
302	-170.075885	0.308000	10.650000
303	-170.055885	0.308000	10.660000
304	-169.835885	0.308000	10.840000
305	-169.835885	0.310000	10.710000
306	-169.835885	0.310000	10.740000
307	-169.795885	0.312000	10.690000
308	-169.775885	0.314000	10.800000
309	-169.755885	0.316000	10.620000
310	-169.755885	0.316000	10.900000
311	-169.735885	0.316000	10.900000
312	-169.705885	0.318000	10.730000
313	-169.695885	0.318000	10.730000
314	-169.695885	0.320000	10.820000
315	-169.635885	0.322000	10.700000
316	-169.575885	0.322000	11.380000
317	-169.545885	0.324000	10.870000
318	-169.525885	0.324000	10.730000
319	-169.505885	0.326000	10.950000
320	-169.465885	0.326000	10.640000
321	-169.435885	0.330000	10.660000
322	-169.405885	0.330000	10.850000
323	-169.355885	0.330000	10.810000
324	-169.325885	0.332000	10.790000
325	-169.105885	0.334000	10.740000
326	-168.995885	0.334000	11.000000
327	-168.955885	0.334000	10.850000
328	-168.765885	0.336000	10.850000
329	-168.745885	0.336000	10.770000
330	-168.615885	0.338000	10.590000
331	-167.435885	0.340000	10.670000
332	-167.395885	0.340000	10.720000
333	-167.285885	0.340000	10.940000
334	-167.225885	0.342000	11.130000
335	-167.185885	0.342000	10.890000
336	-167.095885	0.344000	10.810000
337	-166.685885	0.346000	10.780000
338	-166.435885	0.346000	11.230000
339	-166.325885	0.346000	10.950000
340	-166.305885	0.349000	10.880000
341	-166.285885	0.349000	11.360000
342	-166.245885	0.349000	10.900000
343	-166.235885	0.351000	10.930000
344	-166.195885	0.353000	10.940000
345	-166.005885	0.353000	10.850000
346	-165.945885	0.355000	10.920000
347	-165.925885	0.355000	10.890000
348	-165.905885	0.355000	10.950000
349	-165.815885	0.357000	10.830000
350	-165.735885	0.359000	10.920000
351	-165.685885	0.359000	11.000000
352	-165.595885	0.361000	10.820000
353	-165.555885	0.361000	10.950000
354	-165.545885	0.361000	10.950000
355	-165.535885	0.363000	10.840000
356	-165.475885	0.365000	10.940000
357	-165.465885	0.365000	11.200000
358	-165.445885	0.365000	10.880000
359	-165.435885	0.367000	10.980000
360	-165.265885	0.369000	11.050000
361	-165.115885	0.371000	10.900000
362	-165.095885	0.371000	10.880000
363	-165.025885	0.371000	11.150000
364	-165.015885	0.371000	10.890000
365	-164.755885	0.373000	10.880000
366	-164.755885	0.373000	11.030000
367	-164.715885	0.375000	11.000000
368	-164.575885	0.375000	11.110000
369	-164.495885	0.375000	11.050000
370	-164.455885	0.377000	11.380000
371	-164.085885	0.379000	10.960000
372	-164.075885	0.381000	10.950000
373	-164.035885	0.381000	11.010000
374	-164.015885	0.381000	11.580000
375	-163.985885	0.383000	11.210000
376	-163.915885	0.385000	11.170000
377	-163.915885	0.385000	11.250000
378	-163.875885	0.387000	11.220000
379	-163.865885	0.387000	11.000000
380	-163.855885	0.387000	11.100000
381	-163.725885	0.389000	10.860000
382	-163.715885	0.391000	10.960000
383	-163.675885	0.391000	11.070000
384	-163.605885	0.391000	11.150000
385	-163.505885	0.391000	10.860000
386	-163.325885	0.394000	10.980000
387	-163.305885	0.396000	11.300000
388	-163.225885	0.396000	11.190000
389	-163.195885	0.396000	11.160000
390	-163.155885	0.398000	11.230000
391	-163.095885	0.402000	11.110000
392	-163.095885	0.402000	11.130000
393	-163.075885	0.402000	11.280000
394	-163.075885	0.402000	11.190000
395	-162.955885	0.404000	11.170000
396	-162.935885	0.404000	11.020000
397	-162.715885	0.406000	11.190000
398	-162.545885	0.408000	11.210000
399	-162.535885	0.406000	11.210000
400	-162.455885	0.408000	11.210000
401	-162.385885	0.410000	11.310000
402	-162.345885	0.412000	11.160000
403	-162.095885	0.414000	11.180000
404	-162.075885	0.416000	11.310000
405	-161.995885	0.416000	11.180000
406	-161.915885	0.418000	11.160000
407	-161.885885	0.418000	11.120000
408	-161.835885	0.420000	11.290000
409	-161.815885	0.420000	11.300000
410	-161.715885	0.420000	11.170000
411	-161.675885	0.422000	11.150000
412	-161.565885	0.422000	11.150000
413	-161.475885	0.424000	10.910000
414	-161.455885	0.426000	11.220000
415	-161.345885	0.426000	11.120000
416	-160.985885	0.426000	11.210000
417	-160.925885	0.428000	11.250000
418	-160.905885	0.428000	11.220000
419	-160.835885	0.430000	11.250000
420	-160.835885	0.432000	11.300000
421	-160.795885	0.433000	11.340000
422	-160.695885	0.433000	11.240000
423	-160.595885	0.433000	11.260000
424	-160.565885	0.435000	11.130000
425	-160.475885	0.435000	11.240000
426	-160.405885	0.437000	11.370000
427	-160.345885	0.439000	11.300000
428	-160.325885	0.439000	11.330000
429	-160.295885	0.441000	11.400000
430	-160.285885	0.441000	11.180000
431	-160.115885	0.443000	11.890000
432	-160.015885	0.443000	11.510000
433	-159.935885	0.443000	11.340000
434	-159.875885	0.445000	11.250000
435	-159.675885	0.447000	11.510000
436	-159.615885	0.447000	11.300000
437	-159.555885	0.449000	11.510000
438	-159.525885	0.449000	11.240000
439	-159.435885	0.449000	11.620000
440	-159.405885	0.451000	11.240000
441	-159.395885	0.453000	11.320000
442	-159.335885	0.453000	11.460000
443	-159.315885	0.455000	11.170000
444	-158.825885	0.455000	11.380000
445	-158.825885	0.457000	11.710000
446	-158.785885	0.457000	11.540000
447	-158.765885	0.457000	11.420000
448	-158.755885	0.459000	11.550000
449	-158.595885	0.459000	11.400000
450	-158.555885	0.461000	11.390000
451	-158.475885	0.461000	11.330000
452	-158.465885	0.463000	11.350000
453	-158.415885	0.465000	11.380000
454	-158.315885	0.465000	11.510000
455	-158.245885	0.465000	11.560000
456	-158.205885	0.467000	11.430000
457	-158.205885	0.467000	11.600000
458	-158.165885	0.469000	11.230000
459	-158.145885	0.471000	11.690000
460	-158.045885	0.469000	11.470000
461	-158.035885	0.473000	11.470000
462	-158.005885	0.473000	11.590000
463	-157.905885	0.475000	11.330000
464	-157.885885	0.475000	11.510000
465	-157.745885	0.475000	11.400000
466	-157.725885	0.476000	11.330000
467	-157.665885	0.478000	11.360000
468	-157.655885	0.478000	11.530000
469	-157.565885	0.480000	11.570000
470	-157.365885	0.480000	11.610000
471	-157.315885	0.480000	11.550000
472	-157.175885	0.482000	11.420000
473	-157.155885	0.482000	11.590000
474	-157.125885	0.484000	11.380000
475	-157.125885	0.486000	11.520000
476	-157.015885	0.486000	11.630000
477	-157.015885	0.488000	11.540000
478	-156.975885	0.488000	11.770000
479	-156.925885	0.488000	11.480000
480	-156.755885	0.490000	11.560000
481	-156.635885	0.490000	11.460000
482	-156.605885	0.492000	11.800000
483	-156.605885	0.494000	11.570000
484	-156.545885	0.496000	11.540000
485	-156.535885	0.496000	11.410000
486	-156.535885	0.498000	11.470000
487	-156.505885	0.498000	11.570000
488	-155.985885	0.500000	11.610000
489	-155.975885	0.502000	11.760000
490	-155.975885	0.502000	11.720000
491	-155.945885	0.502000	11.660000
492	-155.925885	0.504000	11.750000
493	-155.855885	0.504000	11.760000
494	-155.815885	0.506000	11.550000
495	-155.795885	0.506000	11.790000
496	-155.795885	0.508000	11.620000
497	-155.515885	0.510000	11.710000
498	-155.435885	0.510000	11.480000
499	-155.395885	0.512000	11.770000
500	-155.375885	0.512000	11.690000
501	-155.345885	0.512000	11.670000
502	-155.225885	0.514000	11.740000
503	-155.195885	0.514000	11.560000
504	-155.185885	0.516000	11.760000
505	-154.985885	0.517000	11.720000
506	-154.925885	0.517000	11.730000
507	-154.915885	0.519000	11.680000
508	-154.915885	0.521000	11.610000
509	-154.725885	0.521000	11.680000
510	-154.425885	0.521000	11.740000
511	-154.415885	0.523000	11.660000
512	-154.415885	0.525000	11.750000
513	-154.225885	0.525000	12.010000
514	-154.215885	0.525000	11.720000
515	-153.895885	0.527000	11.780000
516	-153.875885	0.527000	12.070000
517	-153.855885	0.529000	11.840000
518	-153.835885	0.529000	11.660000
519	-153.825885	0.531000	11.580000
520	-153.735885	0.533000	11.790000
521	-153.635885	0.533000	11.730000
522	-153.615885	0.535000	12.030000
523	-153.585885	0.535000	11.860000
524	-153.325885	0.537000	11.830000
525	-153.265885	0.537000	11.750000
526	-153.145885	0.537000	12.020000
527	-153.125885	0.539000	12.010000
528	-153.105885	0.541000	11.790000
529	-153.065885	0.541000	11.900000
530	-153.025885	0.543000	11.680000
531	-152.995885	0.543000	11.720000
532	-152.935885	0.543000	11.710000
533	-152.835885	0.545000	11.750000
534	-152.835885	0.545000	11.770000
535	-152.625885	0.547000	11.910000
536	-152.555885	0.549000	11.770000
537	-152.275885	0.549000	12.010000
538	-152.265885	0.549000	11.800000
539	-152.235885	0.551000	11.870000
540	-152.185885	0.553000	11.770000
541	-152.105885	0.553000	11.830000
542	-152.095885	0.553000	11.900000
543	-152.085885	0.555000	12.010000
544	-151.955885	0.555000	11.990000
545	-151.935885	0.558000	11.880000
546	-151.935885	0.558000	11.910000
547	-151.915885	0.558000	11.880000
548	-151.875885	0.560000	11.980000
549	-151.815885	0.560000	11.820000
550	-151.775885	0.562000	11.920000
551	-151.725885	0.562000	11.890000
552	-151.685885	0.564000	12.050000
553	-151.525885	0.562000	12.020000
554	-151.485885	0.566000	11.840000
555	-151.465885	0.566000	11.900000
556	-150.725885	0.568000	11.990000
557	-150.665885	0.568000	12.110000
558	-150.625885	0.570000	11.860000
559	-150.615885	0.572000	11.880000
560	-150.465885	0.572000	12.000000
561	-150.415885	0.574000	11.820000
562	-150.415885	0.574000	11.820000
563	-150.395885	0.574000	12.020000
564	-150.375885	0.576000	11.920000
565	-150.265885	0.578000	12.210000
566	-150.225885	0.582000	12.020000
567	-150.125885	0.582000	11.830000
568	-150.065885	0.582000	12.030000
569	-150.065885	0.584000	11.940000
570	-150.065885	0.584000	12.210000
571	-150.055885	0.586000	12.110000
572	-149.955885	0.588000	11.820000
573	-149.925885	0.588000	12.000000
574	-149.725885	0.588000	12.210000
575	-149.725885	0.590000	11.970000
576	-149.605885	0.590000	12.040000
577	-149.445885	0.592000	12.140000
578	-149.425885	0.592000	12.040000
579	-149.395885	0.594000	11.930000
580	-149.355885	0.596000	11.830000
581	-149.285885	0.596000	11.830000
582	-149.265885	0.598000	12.080000
583	-149.225885	0.598000	12.120000
584	-149.135885	0.598000	11.950000
585	-149.085885	0.599000	12.150000
586	-149.085885	0.601000	12.160000
587	-148.915885	0.601000	12.100000
588	-148.725885	0.603000	12.170000
589	-148.715885	0.603000	12.170000
590	-148.705885	0.605000	12.140000
591	-148.625885	0.605000	12.180000
592	-148.515885	0.605000	11.910000
593	-148.385885	0.607000	12.270000
594	-148.205885	0.607000	12.220000
595	-148.175885	0.609000	12.110000
596	-148.055885	0.611000	12.110000
597	-147.985885	0.609000	12.290000
598	-147.975885	0.613000	12.160000
599	-147.915885	0.613000	12.030000
600	-147.795885	0.613000	12.290000
601	-147.775885	0.615000	12.210000
602	-147.765885	0.615000	12.210000
603	-147.755885	0.617000	12.190000
604	-147.545885	0.617000	12.030000
605	-147.495885	0.621000	12.130000
606	-147.415885	0.621000	11.990000
607	-147.405885	0.621000	12.320000
608	-147.225885	0.621000	12.250000
609	-147.075885	0.623000	12.190000
610	-146.965885	0.623000	12.130000
611	-146.685885	0.625000	12.130000
612	-146.515885	0.625000	12.340000
613	-146.495885	0.625000	12.380000
614	-146.435885	0.629000	12.150000
615	-146.335885	0.629000	12.340000
616	-146.295885	0.631000	12.160000
617	-146.285885	0.631000	12.300000
618	-146.245885	0.631000	12.240000
619	-145.975885	0.633000	12.230000
620	-145.835885	0.635000	12.280000
621	-145.775885	0.635000	12.260000
622	-145.695885	0.637000	12.230000
623	-145.595885	0.637000	12.400000
624	-145.565885	0.637000	12.300000
625	-145.545885	0.639000	12.350000
626	-145.535885	0.639000	12.380000
627	-145.355885	0.641000	12.440000
628	-145.315885	0.641000	12.450000
629	-145.295885	0.642000	12.320000
630	-145.255885	0.644000	12.370000
631	-145.115885	0.644000	12.340000
632	-145.045885	0.644000	12.310000
633	-145.045885	0.646000	12.500000
634	-144.965885	0.646000	12.370000
635	-144.845885	0.648000	12.200000
636	-144.835885	0.650000	12.310000
637	-144.815885	0.650000	12.430000
638	-144.755885	0.650000	12.480000
639	-144.615885	0.652000	12.240000
640	-144.575885	0.652000	12.560000
641	-144.575885	0.654000	12.600000
642	-144.315885	0.654000	12.630000
643	-144.245885	0.656000	12.360000
644	-144.135885	0.658000	12.510000
645	-144.125885	0.658000	12.330000
646	-144.105885	0.660000	12.400000
647	-143.995885	0.660000	12.580000
648	-143.985885	0.664000	12.600000
649	-143.975885	0.666000	12.490000
650	-143.945885	0.666000	12.540000
651	-143.935885	0.668000	12.410000
652	-143.935885	0.668000	12.390000
653	-143.915885	0.668000	12.530000
654	-143.885885	0.670000	12.340000
655	-143.885885	0.670000	12.460000
656	-143.725885	0.672000	12.430000
657	-143.685885	0.672000	12.510000
658	-143.635885	0.674000	12.530000
659	-143.505885	0.676000	12.710000
660	-143.415885	0.676000	12.560000
661	-143.405885	0.678000	12.430000
662	-143.395885	0.678000	12.490000
663	-143.315885	0.678000	12.680000
664	-143.305885	0.680000	12.650000
665	-143.085885	0.682000	12.500000
666	-142.905885	0.682000	12.460000
667	-142.905885	0.683000	12.440000
668	-142.875885	0.683000	12.580000
669	-142.725885	0.685000	12.470000
670	-142.695885	0.685000	12.510000
671	-142.675885	0.685000	12.610000
672	-142.565885	0.687000	12.440000
673	-142.525885	0.689000	12.500000
674	-142.465885	0.689000	12.530000
675	-142.415885	0.689000	12.430000
676	-142.255885	0.691000	12.470000
677	-142.215885	0.693000	12.650000
678	-142.185885	0.693000	12.490000
679	-142.155885	0.695000	12.390000
680	-142.055885	0.695000	12.510000
681	-142.035885	0.697000	12.500000
682	-142.025885	0.697000	12.550000
683	-141.825885	0.699000	12.570000
684	-141.795885	0.699000	12.440000
685	-141.765885	0.699000	12.380000
686	-141.475885	0.701000	12.570000
687	-141.465885	0.701000	12.660000
688	-141.455885	0.703000	12.490000
689	-141.385885	0.703000	12.790000
690	-141.265885	0.705000	12.590000
691	-141.105885	0.707000	12.800000
692	-141.035885	0.709000	12.440000
693	-140.965885	0.709000	12.830000
694	-140.855885	0.709000	12.790000
695	-140.745885	0.711000	12.610000
696	-140.565885	0.713000	12.680000
697	-140.505885	0.713000	12.760000
698	-140.495885	0.713000	12.490000
699	-140.495885	0.715000	12.670000
700	-140.435885	0.717000	12.520000
701	-140.425885	0.717000	12.580000
702	-140.355885	0.717000	12.640000
703	-140.065885	0.719000	12.650000
704	-140.035885	0.721000	12.690000
705	-140.005885	0.721000	12.630000
706	-139.985885	0.721000	12.690000
707	-139.915885	0.723000	12.700000
708	-139.895885	0.725000	12.610000
709	-139.865885	0.725000	12.720000
710	-139.705885	0.725000	12.960000
711	-139.645885	0.726000	12.750000
712	-139.645885	0.728000	12.740000
713	-139.625885	0.728000	12.800000
714	-139.575885	0.730000	12.940000
715	-139.535885	0.730000	12.660000
716	-139.495885	0.730000	12.800000
717	-139.455885	0.732000	12.840000
718	-139.445885	0.732000	12.810000
719	-139.275885	0.734000	12.770000
720	-139.235885	0.736000	12.490000
721	-139.205885	0.734000	12.760000
722	-139.135885	0.736000	12.730000
723	-139.045885	0.738000	12.720000
724	-139.045885	0.740000	12.640000
725	-139.015885	0.740000	12.660000
726	-138.995885	0.740000	13.140000
727	-138.915885	0.742000	12.810000
728	-138.805885	0.744000	12.840000
729	-138.735885	0.746000	12.880000
730	-138.675885	0.748000	12.790000
731	-138.565885	0.748000	12.730000
732	-138.565885	0.750000	12.850000
733	-138.555885	0.752000	12.760000
734	-138.525885	0.752000	12.890000
735	-138.525885	0.754000	12.880000
736	-138.485885	0.754000	12.940000
737	-138.285885	0.756000	12.820000
738	-138.175885	0.756000	12.970000
739	-138.155885	0.756000	12.880000
740	-138.155885	0.758000	12.780000
741	-138.105885	0.758000	12.750000
742	-137.885885	0.760000	13.050000
743	-137.595885	0.762000	12.890000
744	-137.565885	0.762000	13.000000
745	-137.495885	0.762000	13.030000
746	-137.325885	0.764000	12.900000
747	-137.285885	0.764000	13.000000
748	-137.285885	0.766000	12.860000
749	-137.285885	0.766000	12.940000
750	-137.145885	0.767000	13.020000
751	-137.125885	0.769000	12.930000
752	-137.035885	0.769000	13.120000
753	-136.775885	0.769000	13.090000
754	-136.755885	0.771000	12.970000
755	-136.675885	0.771000	12.790000
756	-136.675885	0.773000	13.220000
757	-136.465885	0.775000	13.090000
758	-136.285885	0.775000	13.030000
759	-136.225885	0.777000	13.200000
760	-136.195885	0.777000	12.900000
761	-136.195885	0.779000	13.100000
762	-136.115885	0.779000	13.170000
763	-136.115885	0.779000	13.000000
764	-135.965885	0.781000	12.980000
765	-135.885885	0.783000	12.990000
766	-135.845885	0.783000	12.850000
767	-135.825885	0.785000	13.010000
768	-135.715885	0.785000	13.030000
769	-135.615885	0.787000	13.160000
770	-135.545885	0.787000	13.170000
771	-135.365885	0.787000	13.130000
772	-135.345885	0.789000	13.210000
773	-135.325885	0.791000	13.240000
774	-135.265885	0.791000	13.030000
775	-135.265885	0.793000	13.110000
776	-135.215885	0.793000	13.130000
777	-135.215885	0.793000	13.040000
778	-135.215885	0.795000	13.080000
779	-135.105885	0.797000	13.090000
780	-135.045885	0.797000	13.290000
781	-134.915885	0.797000	13.090000
782	-134.915885	0.799000	13.170000
783	-134.825885	0.801000	13.290000
784	-134.735885	0.801000	12.920000
785	-134.575885	0.801000	13.270000
786	-134.565885	0.803000	13.350000
787	-134.515885	0.803000	13.290000
788	-134.505885	0.805000	13.280000
789	-134.485885	0.807000	13.250000
790	-134.355885	0.807000	13.170000
791	-134.335885	0.808000	13.280000
792	-134.325885	0.808000	13.190000
793	-134.305885	0.810000	13.260000
794	-134.205885	0.810000	13.130000
795	-134.145885	0.812000	13.080000
796	-134.115885	0.814000	13.280000
797	-133.965885	0.814000	13.370000
798	-133.855885	0.816000	13.240000
799	-133.835885	0.816000	13.190000
800	-133.715885	0.816000	13.210000
801	-133.485885	0.818000	13.320000
802	-133.365885	0.818000	13.260000
803	-133.325885	0.820000	13.350000
804	-133.195885	0.822000	13.320000
805	-133.085885	0.822000	13.320000
806	-133.035885	0.824000	13.240000
807	-133.025885	0.824000	13.210000
808	-133.015885	0.824000	13.300000
809	-132.805885	0.826000	13.490000
810	-132.795885	0.830000	13.340000
811	-132.735885	0.828000	13.390000
812	-132.605885	0.830000	13.170000
813	-132.595885	0.832000	13.350000
814	-132.585885	0.834000	13.350000
815	-132.485885	0.834000	13.350000
816	-132.355885	0.834000	13.260000
817	-132.195885	0.836000	13.430000
818	-132.185885	0.838000	13.420000
819	-132.085885	0.838000	13.280000
820	-132.055885	0.840000	13.400000
821	-132.005885	0.840000	13.210000
822	-131.985885	0.840000	13.130000
823	-131.885885	0.842000	13.520000
824	-131.865885	0.842000	13.360000
825	-131.835885	0.844000	13.450000
826	-131.825885	0.846000	13.140000
827	-131.745885	0.846000	13.240000
828	-131.515885	0.846000	13.290000
829	-131.505885	0.848000	13.290000
830	-131.405885	0.849000	13.430000
831	-131.195885	0.849000	13.440000
832	-131.145885	0.849000	13.570000
833	-131.035885	0.851000	13.520000
834	-130.995885	0.855000	13.550000
835	-130.915885	0.853000	13.410000
836	-130.735885	0.855000	13.290000
837	-130.635885	0.855000	13.380000
838	-130.495885	0.855000	13.410000
839	-130.385885	0.857000	13.510000
840	-130.315885	0.857000	13.520000
841	-130.205885	0.859000	13.370000
842	-130.075885	0.861000	13.100000
843	-130.075885	0.861000	13.490000
844	-130.055885	0.863000	13.610000
845	-129.955885	0.863000	13.320000
846	-129.945885	0.865000	13.510000
847	-129.895885	0.865000	13.360000
848	-129.855885	0.865000	13.530000
849	-129.795885	0.867000	13.620000
850	-129.775885	0.869000	13.550000
851	-129.765885	0.869000	13.520000
852	-129.645885	0.871000	13.570000
853	-129.355885	0.871000	13.480000
854	-129.345885	0.873000	13.340000
855	-129.295885	0.873000	13.690000
856	-129.225885	0.873000	13.500000
857	-129.055885	0.875000	13.590000
858	-129.045885	0.877000	13.640000
859	-129.015885	0.877000	13.490000
860	-128.925885	0.875000	13.540000
861	-128.925885	0.879000	13.590000
862	-128.785885	0.881000	13.650000
863	-128.755885	0.881000	13.430000
864	-128.485885	0.881000	13.560000
865	-128.385885	0.883000	13.410000
866	-128.355885	0.887000	13.490000
867	-128.345885	0.885000	13.690000
868	-128.305885	0.887000	13.570000
869	-128.305885	0.887000	13.640000
870	-128.235885	0.887000	13.510000
871	-128.055885	0.889000	13.530000
872	-127.995885	0.889000	13.810000
873	-127.895885	0.891000	13.760000
874	-127.875885	0.891000	13.840000
875	-127.795885	0.892000	13.590000
876	-127.745885	0.894000	13.460000
877	-127.615885	0.894000	13.780000
878	-127.495885	0.896000	13.770000
879	-127.365885	0.896000	13.640000
880	-127.345885	0.896000	13.640000
881	-127.315885	0.898000	13.770000
882	-127.275885	0.900000	13.840000
883	-127.265885	0.900000	13.840000
884	-127.135885	0.902000	13.870000
885	-127.095885	0.902000	13.620000
886	-126.985885	0.904000	13.770000
887	-126.945885	0.904000	13.790000
888	-126.945885	0.904000	13.800000
889	-126.915885	0.906000	13.680000
890	-126.875885	0.908000	13.790000
891	-126.855885	0.908000	13.950000
892	-126.795885	0.908000	13.840000
893	-126.705885	0.910000	13.960000
894	-126.695885	0.912000	13.730000
895	-126.635885	0.914000	13.620000
896	-126.565885	0.918000	13.830000
897	-126.545885	0.918000	13.840000
898	-126.525885	0.918000	13.880000
899	-126.455885	0.918000	13.830000
900	-126.405885	0.920000	13.670000
901	-126.295885	0.920000	13.730000
902	-126.285885	0.922000	13.800000
903	-125.835885	0.924000	13.680000
904	-125.795885	0.924000	13.880000
905	-125.775885	0.924000	13.780000
906	-125.645885	0.926000	13.750000
907	-125.565885	0.928000	13.690000
908	-125.505885	0.928000	13.700000
909	-125.325885	0.928000	13.920000
910	-125.275885	0.930000	13.680000
911	-125.035885	0.932000	14.040000
912	-124.995885	0.932000	13.950000
913	-124.975885	0.933000	13.940000
914	-124.915885	0.933000	13.920000
915	-124.875885	0.933000	13.880000
916	-124.675885	0.935000	13.780000
917	-124.655885	0.935000	13.960000
918	-124.635885	0.937000	13.950000
919	-124.585885	0.939000	13.730000
920	-124.565885	0.939000	13.940000
921	-124.535885	0.941000	13.930000
922	-124.515885	0.941000	13.710000
923	-124.445885	0.941000	13.780000
924	-124.425885	0.943000	13.890000
925	-124.295885	0.943000	13.880000
926	-124.265885	0.945000	13.810000
927	-124.075885	0.947000	13.820000
928	-124.035885	0.949000	13.890000
929	-123.995885	0.949000	13.780000
930	-123.965885	0.949000	13.900000
931	-123.705885	0.949000	13.990000
932	-123.495885	0.951000	13.820000
933	-123.475885	0.951000	13.960000
934	-123.425885	0.953000	13.840000
935	-123.315885	0.953000	14.000000
936	-123.275885	0.953000	13.830000
937	-123.255885	0.955000	13.880000
938	-123.025885	0.957000	13.890000
939	-122.995885	0.957000	13.840000
940	-122.965885	0.959000	14.150000
941	-122.935885	0.959000	13.960000
942	-122.885885	0.961000	13.890000
943	-122.845885	0.963000	13.910000
944	-122.805885	0.965000	13.930000
945	-122.715885	0.963000	13.880000
946	-122.545885	0.965000	14.000000
947	-122.535885	0.965000	13.880000
948	-122.485885	0.967000	13.920000
949	-122.435885	0.969000	14.000000
950	-122.415885	0.969000	14.020000
951	-122.295885	0.971000	13.850000
952	-121.835885	0.971000	13.960000
953	-121.835885	0.973000	14.090000
954	-121.805885	0.973000	13.890000
955	-121.795885	0.973000	14.330000
956	-121.785885	0.975000	13.950000
957	-121.685885	0.975000	14.160000
958	-121.655885	0.976000	14.100000
959	-121.565885	0.978000	14.230000
960	-121.545885	0.980000	14.090000
961	-121.535885	0.980000	14.090000
962	-121.515885	0.980000	13.940000
963	-121.415885	0.982000	14.150000
964	-121.375885	0.982000	14.050000
965	-121.365885	0.984000	14.060000
966	-121.355885	0.986000	14.020000
967	-121.305885	0.986000	14.230000
968	-121.195885	0.988000	14.100000
969	-121.195885	0.988000	14.090000
970	-121.145885	0.988000	14.180000
971	-121.125885	0.990000	14.130000
972	-121.085885	0.990000	13.930000
973	-121.005885	0.992000	14.100000
974	-120.995885	0.994000	14.240000
975	-120.985885	0.994000	14.050000
976	-120.925885	0.996000	13.960000
977	-120.915885	0.998000	14.180000
978	-120.855885	0.998000	14.010000
979	-120.835885	1.000000	14.080000
980	-120.805885	1.002000	14.240000
981	-120.765885	1.002000	14.040000
982	-120.755885	1.002000	14.240000
983	-120.735885	1.004000	14.140000
984	-120.675885	1.006000	14.150000
985	-120.515885	1.006000	14.110000
986	-120.375885	1.006000	14.050000
987	-120.135885	1.008000	14.240000
988	-119.995885	1.010000	13.970000
989	-119.215885	1.012000	14.150000
990	-119.205885	1.012000	14.200000
991	-119.075885	1.012000	14.100000
992	-119.055885	1.014000	14.280000
993	-118.935885	1.014000	14.250000
994	-118.865885	1.016000	14.110000
995	-118.825885	1.017000	14.230000
996	-118.745885	1.016000	14.300000
997	-118.695885	1.016000	14.100000
998	-118.675885	1.019000	14.270000
999	-118.525885	1.021000	14.250000
1000	-118.515885	1.021000	14.290000
1001	-118.505885	1.021000	14.140000
1002	-118.475885	1.023000	14.150000
1003	-118.455885	1.025000	14.370000
1004	-118.435885	1.025000	14.150000
1005	-118.235885	1.027000	14.210000
1006	-118.205885	1.027000	14.220000
1007	-117.955885	1.027000	14.140000
1008	-117.875885	1.029000	14.290000
1009	-117.615885	1.031000	14.360000
1010	-117.605885	1.031000	14.380000
1011	-117.595885	1.033000	14.410000
1012	-117.515885	1.033000	14.390000
1013	-117.325885	1.033000	14.390000
1014	-117.325885	1.035000	14.440000
1015	-117.275885	1.037000	14.710000
1016	-117.215885	1.037000	14.330000
1017	-117.195885	1.037000	14.290000
1018	-117.155885	1.039000	14.410000
1019	-117.115885	1.043000	14.310000
1020	-117.065885	1.043000	14.450000
1021	-117.055885	1.043000	14.350000
1022	-117.015885	1.043000	14.410000
1023	-117.015885	1.045000	14.370000
1024	-116.985885	1.045000	14.430000
1025	-116.895885	1.047000	14.370000
1026	-116.895885	1.049000	14.430000
1027	-116.765885	1.049000	14.310000
1028	-116.765885	1.049000	14.500000
1029	-116.745885	1.051000	14.360000
1030	-116.515885	1.053000	14.520000
1031	-116.455885	1.053000	14.490000
1032	-116.415885	1.053000	14.320000
1033	-116.415885	1.055000	14.400000
1034	-116.385885	1.057000	14.050000
1035	-116.255885	1.057000	14.270000
1036	-116.155885	1.058000	14.440000
1037	-116.125885	1.058000	14.270000
1038	-115.955885	1.058000	14.440000
1039	-115.925885	1.060000	14.640000
1040	-115.895885	1.060000	14.540000
1041	-115.785885	1.062000	14.290000
1042	-115.765885	1.062000	14.310000
1043	-115.505885	1.062000	14.510000
1044	-115.295885	1.062000	14.430000
1045	-115.165885	1.066000	14.720000
1046	-115.165885	1.068000	14.480000
1047	-115.145885	1.068000	14.540000
1048	-114.985885	1.068000	14.530000
1049	-114.955885	1.070000	14.470000
1050	-114.865885	1.072000	14.380000
1051	-114.825885	1.074000	14.390000
1052	-114.695885	1.074000	14.680000
1053	-114.665885	1.074000	14.490000
1054	-114.515885	1.074000	14.500000
1055	-114.405885	1.076000	14.520000
1056	-114.305885	1.076000	14.480000
1057	-114.305885	1.080000	14.590000
1058	-114.265885	1.082000	14.560000
1059	-114.245885	1.082000	14.470000
1060	-114.235885	1.084000	14.690000
1061	-114.215885	1.084000	14.380000
1062	-114.215885	1.084000	14.500000
1063	-114.175885	1.086000	14.660000
1064	-113.985885	1.088000	14.660000
1065	-113.985885	1.088000	14.740000
1066	-113.985885	1.090000	14.640000
1067	-113.925885	1.090000	14.480000
1068	-113.785885	1.092000	14.650000
1069	-113.755885	1.092000	14.630000
1070	-113.725885	1.092000	14.600000
1071	-113.725885	1.094000	14.520000
1072	-113.615885	1.094000	14.660000
1073	-113.565885	1.096000	14.540000
1074	-113.485885	1.098000	14.620000
1075	-113.405885	1.098000	14.420000
1076	-113.275885	1.098000	14.480000
1077	-113.235885	1.099000	14.640000
1078	-113.205885	1.099000	14.670000
1079	-113.075885	1.101000	14.760000
1080	-112.815885	1.101000	14.630000
1081	-112.595885	1.103000	14.750000
1082	-112.295885	1.105000	14.610000
1083	-112.235885	1.105000	14.590000
1084	-112.045885	1.105000	14.800000
1085	-112.015885	1.107000	14.610000
1086	-111.945885	1.107000	14.740000
1087	-111.715885	1.109000	14.730000
1088	-111.715885	1.111000	14.790000
1089	-111.685885	1.111000	14.820000
1090	-111.655885	1.113000	14.700000
1091	-111.525885	1.113000	14.760000
1092	-111.465885	1.115000	14.950000
1093	-111.395885	1.115000	14.880000
1094	-111.395885	1.115000	14.710000
1095	-111.355885	1.117000	14.900000
1096	-111.335885	1.119000	14.920000
1097	-111.335885	1.119000	14.880000
1098	-111.295885	1.121000	14.840000
1099	-111.265885	1.121000	15.060000
1100	-111.245885	1.121000	14.760000
1101	-111.135885	1.123000	15.080000
1102	-111.015885	1.123000	14.760000
1103	-110.935885	1.125000	14.730000
1104	-110.935885	1.127000	14.770000
1105	-110.815885	1.127000	14.770000
1106	-110.745885	1.129000	14.940000
1107	-110.715885	1.129000	15.040000
1108	-110.685885	1.129000	14.870000
1109	-110.625885	1.131000	14.890000
1110	-110.595885	1.133000	14.940000
1111	-110.555885	1.133000	14.730000
1112	-110.515885	1.135000	14.650000
1113	-110.495885	1.137000	14.860000
1114	-110.485885	1.137000	14.940000
1115	-110.325885	1.137000	14.930000
1116	-110.255885	1.139000	14.820000
1117	-110.065885	1.139000	14.870000
1118	-110.065885	1.141000	14.880000
1119	-109.985885	1.141000	14.960000
1120	-109.925885	1.141000	15.040000
1121	-109.875885	1.142000	14.990000
1122	-109.595885	1.146000	15.000000
1123	-109.515885	1.146000	14.830000
1124	-109.355885	1.146000	14.990000
1125	-109.295885	1.148000	14.930000
1126	-109.285885	1.150000	15.030000
1127	-109.255885	1.150000	14.900000
1128	-109.075885	1.152000	15.060000
1129	-108.995885	1.152000	15.080000
1130	-108.945885	1.152000	14.800000
1131	-108.875885	1.154000	14.870000
1132	-108.875885	1.156000	14.910000
1133	-108.785885	1.156000	14.980000
1134	-108.765885	1.158000	14.870000
1135	-108.675885	1.158000	14.950000
1136	-108.635885	1.160000	15.050000
1137	-108.635885	1.160000	14.900000
1138	-108.615885	1.160000	14.940000
1139	-108.305885	1.164000	14.950000
1140	-108.185885	1.168000	14.890000
1141	-108.035885	1.168000	14.840000
1142	-107.885885	1.166000	14.870000
1143	-107.845885	1.168000	14.940000
1144	-107.705885	1.168000	15.030000
1145	-107.665885	1.170000	15.110000
1146	-107.535885	1.170000	15.120000
1147	-107.405885	1.172000	15.100000
1148	-107.395885	1.174000	15.130000
1149	-107.345885	1.174000	15.090000
1150	-107.305885	1.174000	15.350000
1151	-107.175885	1.176000	15.200000
1152	-107.065885	1.178000	15.350000
1153	-106.925885	1.178000	15.110000
1154	-106.925885	1.180000	15.290000
1155	-106.825885	1.182000	15.120000
1156	-106.795885	1.182000	15.180000
1157	-106.715885	1.183000	15.140000
1158	-106.695885	1.183000	15.050000
1159	-106.615885	1.183000	15.010000
1160	-106.605885	1.185000	15.060000
1161	-106.505885	1.185000	15.400000
1162	-106.445885	1.187000	15.160000
1163	-106.435885	1.187000	15.220000
1164	-106.425885	1.189000	15.310000
1165	-106.325885	1.189000	14.980000
1166	-106.075885	1.191000	15.150000
1167	-106.005885	1.193000	15.040000
1168	-105.785885	1.193000	15.050000
1169	-105.775885	1.193000	15.170000
1170	-105.775885	1.195000	15.180000
1171	-105.745885	1.197000	15.100000
1172	-105.715885	1.197000	15.100000
1173	-105.655885	1.199000	15.320000
1174	-105.255885	1.199000	15.350000
1175	-105.235885	1.199000	15.190000
1176	-105.165885	1.201000	15.240000
1177	-105.025885	1.201000	15.360000
1178	-104.965885	1.203000	15.160000
1179	-104.905885	1.205000	15.280000
1180	-104.885885	1.203000	15.540000
1181	-104.845885	1.207000	15.270000
1182	-104.805885	1.207000	15.330000
1183	-104.775885	1.209000	15.230000
1184	-104.745885	1.209000	15.220000
1185	-104.715885	1.211000	15.430000
1186	-104.705885	1.213000	15.310000
1187	-104.685885	1.213000	15.210000
1188	-104.675885	1.215000	15.290000
1189	-104.645885	1.215000	15.210000
1190	-104.615885	1.217000	15.360000
1191	-104.585885	1.217000	15.250000
1192	-104.575885	1.217000	15.380000
1193	-104.525885	1.219000	15.360000
1194	-104.485885	1.219000	15.240000
1195	-104.445885	1.221000	15.220000
1196	-104.275885	1.221000	15.220000
1197	-104.255885	1.223000	15.390000
1198	-104.175885	1.225000	15.240000
1199	-104.085885	1.225000	15.290000
1200	-104.045885	1.225000	15.310000
1201	-103.975885	1.226000	15.310000
1202	-103.815885	1.226000	15.330000
1203	-103.805885	1.228000	15.470000
1204	-103.485885	1.230000	15.530000
1205	-103.285885	1.230000	15.570000
1206	-103.205885	1.230000	15.550000
1207	-103.165885	1.232000	15.370000
1208	-103.115885	1.232000	15.510000
1209	-102.985885	1.234000	15.310000
1210	-102.935885	1.236000	15.500000
1211	-102.805885	1.236000	15.460000
1212	-102.805885	1.236000	15.550000
1213	-102.765885	1.238000	15.640000
1214	-102.745885	1.240000	15.580000
1215	-102.635885	1.240000	15.480000
1216	-102.615885	1.240000	15.480000
1217	-102.605885	1.242000	15.360000
1218	-102.605885	1.244000	15.590000
1219	-102.555885	1.244000	15.380000
1220	-102.415885	1.246000	15.560000
1221	-102.245885	1.248000	15.560000
1222	-102.155885	1.248000	15.650000
1223	-102.005885	1.250000	15.600000
1224	-101.775885	1.250000	15.700000
1225	-101.745885	1.250000	15.580000
1226	-101.705885	1.254000	15.410000
1227	-101.635885	1.254000	15.620000
1228	-101.625885	1.254000	15.590000
1229	-101.485885	1.256000	15.750000
1230	-101.215885	1.256000	15.380000
1231	-101.115885	1.258000	15.780000
1232	-101.085885	1.260000	15.680000
1233	-100.905885	1.260000	15.700000
1234	-100.905885	1.260000	15.570000
1235	-100.885885	1.262000	15.580000
1236	-100.695885	1.262000	15.520000
1237	-100.605885	1.264000	15.790000
1238	-100.545885	1.264000	15.700000
1239	-100.405885	1.266000	15.720000
1240	-100.315885	1.267000	15.560000
1241	-100.165885	1.267000	15.360000
1242	-100.145885	1.269000	15.510000
1243	-100.135885	1.269000	15.680000
1244	-100.085885	1.269000	15.600000
1245	-99.965885	1.271000	15.850000
1246	-99.865885	1.271000	15.680000
1247	-99.745885	1.273000	15.520000
1248	-99.665885	1.275000	15.510000
1249	-99.595885	1.275000	15.650000
1250	-99.495885	1.277000	15.520000
1251	-99.485885	1.277000	15.600000
1252	-99.465885	1.277000	15.720000
1253	-99.385885	1.279000	15.520000
1254	-99.155885	1.279000	15.750000
1255	-99.155885	1.281000	15.760000
1256	-99.125885	1.283000	15.770000
1257	-99.095885	1.281000	15.700000
1258	-99.085885	1.285000	15.720000
1259	-98.885885	1.285000	15.570000
1260	-98.885885	1.285000	15.510000
1261	-98.805885	1.287000	15.700000
1262	-98.795885	1.287000	15.740000
1263	-98.755885	1.289000	15.670000
1264	-98.755885	1.291000	15.630000
1265	-98.755885	1.293000	16.040000
1266	-98.705885	1.291000	15.730000
1267	-98.675885	1.293000	15.670000
1268	-98.665885	1.293000	15.770000
1269	-98.525885	1.295000	15.650000
1270	-98.525885	1.295000	15.800000
1271	-98.275885	1.297000	15.790000
1272	-98.235885	1.299000	15.600000
1273	-97.985885	1.299000	15.810000
1274	-97.975885	1.301000	15.700000
1275	-97.965885	1.301000	15.630000
1276	-97.935885	1.303000	15.700000
1277	-97.855885	1.303000	15.750000
1278	-97.795885	1.305000	15.710000
1279	-97.715885	1.307000	15.550000
1280	-97.695885	1.307000	15.640000
1281	-97.685885	1.308000	15.680000
1282	-97.575885	1.308000	15.750000
1283	-97.545885	1.308000	14.690000
1284	-97.525885	1.310000	15.790000
1285	-97.415885	1.310000	15.820000
1286	-97.405885	1.312000	15.740000
1287	-97.275885	1.314000	15.850000
1288	-97.155885	1.314000	15.690000
1289	-96.975885	1.316000	14.520000
1290	-96.925885	1.316000	14.430000
1291	-96.875885	1.316000	14.370000
1292	-96.835885	1.318000	15.860000
1293	-96.825885	1.318000	15.810000
1294	-96.795885	1.320000	14.430000
1295	-96.735885	1.322000	15.860000
1296	-96.685885	1.324000	15.760000
1297	-96.645885	1.324000	14.600000
1298	-96.585885	1.324000	15.480000
1299	-96.585885	1.326000	14.800000
1300	-96.535885	1.330000	14.430000
1301	-96.465885	1.330000	14.820000
1302	-96.455885	1.330000	14.600000
1303	-96.415885	1.332000	15.930000
1304	-96.335885	1.334000	15.630000
1305	-96.255885	1.334000	15.910000
1306	-96.225885	1.336000	15.850000
1307	-96.085885	1.336000	14.560000
1308	-96.035885	1.338000	14.600000
1309	-96.025885	1.340000	15.720000
1310	-95.935885	1.340000	14.440000
1311	-95.775885	1.340000	14.550000
1312	-95.775885	1.340000	14.660000
1313	-95.755885	1.342000	14.730000
1314	-95.575885	1.342000	14.460000
1315	-95.525885	1.344000	14.710000
1316	-95.375885	1.344000	14.620000
1317	-95.295885	1.346000	14.490000
1318	-94.795885	1.348000	14.700000
1319	-94.715885	1.348000	14.540000
1320	-94.595885	1.349000	14.620000
1321	-94.345885	1.349000	14.610000
1322	-94.225885	1.349000	14.710000
1323	-94.205885	1.351000	14.750000
1324	-94.195885	1.353000	14.750000
1325	-94.195885	1.355000	14.600000
1326	-94.145885	1.355000	14.780000
1327	-94.125885	1.355000	14.800000
1328	-94.085885	1.357000	14.680000
1329	-93.955885	1.357000	14.600000
1330	-93.855885	1.357000	14.760000
1331	-93.805885	1.359000	14.770000
1332	-93.685885	1.361000	14.520000
1333	-93.665885	1.361000	14.660000
1334	-93.655885	1.361000	14.610000
1335	-93.615885	1.363000	14.670000
1336	-93.405885	1.365000	14.680000
1337	-93.345885	1.365000	14.600000
1338	-93.345885	1.365000	14.660000
1339	-93.215885	1.367000	14.590000
1340	-93.205885	1.369000	15.010000
1341	-93.115885	1.369000	14.920000
1342	-93.035885	1.371000	14.630000
1343	-92.695885	1.371000	14.910000
1344	-92.615885	1.371000	14.810000
1345	-92.595885	1.373000	14.940000
1346	-92.555885	1.373000	14.890000
1347	-92.515885	1.375000	14.690000
1348	-92.475885	1.377000	14.830000
1349	-92.365885	1.375000	14.920000
1350	-92.315885	1.377000	14.780000
1351	-92.275885	1.379000	14.910000
1352	-92.175885	1.381000	14.810000
1353	-92.135885	1.381000	14.640000
1354	-92.105885	1.381000	14.840000
1355	-92.045885	1.383000	14.970000
1356	-92.005885	1.385000	14.790000
1357	-92.005885	1.385000	14.770000
1358	-91.975885	1.385000	14.890000
1359	-91.955885	1.387000	14.820000
1360	-91.935885	1.389000	14.750000
1361	-91.915885	1.389000	14.820000
1362	-91.785885	1.389000	14.780000
1363	-91.715885	1.391000	14.920000
1364	-91.625885	1.392000	14.790000
1365	-91.465885	1.392000	14.820000
1366	-91.445885	1.392000	14.780000
1367	-91.425885	1.394000	14.910000
1368	-91.315885	1.394000	14.890000
1369	-91.245885	1.396000	14.820000
1370	-91.075885	1.396000	15.020000
1371	-90.825885	1.398000	14.780000
1372	-90.825885	1.400000	14.780000
1373	-90.415885	1.400000	14.950000
1374	-90.335885	1.402000	15.080000
1375	-90.285885	1.402000	15.000000
1376	-90.225885	1.402000	15.060000
1377	-90.215885	1.404000	15.230000
1378	-90.025885	1.404000	15.040000
1379	-90.005885	1.406000	14.890000
1380	-89.945885	1.408000	14.940000
1381	-89.905885	1.406000	14.880000
1382	-89.845885	1.408000	14.790000
1383	-89.845885	1.410000	15.030000
1384	-89.835885	1.412000	14.920000
1385	-89.825885	1.414000	15.090000
1386	-89.615885	1.416000	15.040000
1387	-89.595885	1.416000	15.070000
1388	-89.485885	1.418000	15.190000
1389	-89.365885	1.418000	15.140000
1390	-89.355885	1.418000	14.930000
1391	-89.225885	1.420000	15.030000
1392	-89.225885	1.420000	15.210000
1393	-89.065885	1.422000	15.140000
1394	-89.055885	1.424000	15.050000
1395	-89.025885	1.424000	14.890000
1396	-89.025885	1.426000	15.060000
1397	-88.975885	1.426000	15.100000
1398	-88.945885	1.428000	14.980000
1399	-88.895885	1.428000	15.040000
1400	-88.755885	1.428000	15.070000
1401	-88.745885	1.430000	15.200000
1402	-88.745885	1.430000	15.070000
1403	-88.525885	1.432000	15.100000
1404	-88.255885	1.433000	15.300000
1405	-88.245885	1.433000	15.120000
1406	-88.105885	1.433000	15.150000
1407	-88.075885	1.435000	15.180000
1408	-87.985885	1.435000	15.140000
1409	-87.855885	1.437000	15.160000
1410	-87.695885	1.437000	15.290000
1411	-87.595885	1.441000	15.200000
1412	-87.575885	1.441000	15.200000
1413	-87.505885	1.441000	15.130000
1414	-87.445885	1.443000	15.170000
1415	-87.425885	1.443000	15.120000
1416	-87.405885	1.445000	15.260000
1417	-87.355885	1.447000	15.190000
1418	-87.345885	1.447000	15.240000
1419	-87.255885	1.449000	15.130000
1420	-87.225885	1.449000	15.240000
1421	-87.115885	1.449000	15.390000
1422	-86.935885	1.451000	15.240000
1423	-86.845885	1.451000	15.320000
1424	-86.705885	1.453000	15.310000
1425	-86.695885	1.455000	15.250000
1426	-86.565885	1.455000	15.160000
1427	-86.415885	1.457000	15.310000
1428	-86.395885	1.457000	15.300000
1429	-86.355885	1.457000	15.440000
1430	-86.305885	1.459000	15.290000
1431	-86.305885	1.461000	15.290000
1432	-86.305885	1.461000	15.460000
1433	-86.215885	1.463000	15.280000
1434	-86.145885	1.463000	15.160000
1435	-86.005885	1.465000	15.240000
1436	-85.985885	1.465000	15.270000
1437	-85.935885	1.465000	15.340000
1438	-85.815885	1.467000	15.290000
1439	-85.725885	1.469000	15.310000
1440	-85.675885	1.469000	15.320000
1441	-85.605885	1.469000	15.200000
1442	-85.595885	1.471000	15.350000
1443	-85.535885	1.473000	15.310000
1444	-85.475885	1.473000	15.390000
1445	-85.435885	1.473000	15.360000
1446	-85.345885	1.475000	15.310000
1447	-85.345885	1.475000	15.280000
1448	-85.215885	1.476000	15.600000
1449	-85.165885	1.478000	15.230000
1450	-85.015885	1.480000	15.300000
1451	-84.935885	1.480000	15.310000
1452	-84.905885	1.480000	15.370000
1453	-84.865885	1.482000	15.430000
1454	-84.625885	1.482000	15.430000
1455	-84.555885	1.482000	15.550000
1456	-84.455885	1.484000	15.270000
1457	-84.455885	1.486000	15.480000
1458	-84.165885	1.486000	15.450000
1459	-83.975885	1.488000	15.480000
1460	-83.955885	1.488000	15.720000
1461	-83.765885	1.488000	15.630000
1462	-83.695885	1.492000	15.610000
1463	-83.445885	1.492000	15.400000
1464	-83.385885	1.494000	15.460000
1465	-83.375885	1.494000	15.510000
1466	-83.275885	1.496000	15.580000
1467	-83.235885	1.498000	15.530000
1468	-83.165885	1.498000	15.330000
1469	-83.155885	1.500000	15.520000
1470	-83.105885	1.500000	15.470000
1471	-83.065885	1.500000	15.370000
1472	-83.065885	1.502000	15.510000
1473	-82.965885	1.504000	15.500000
1474	-82.945885	1.506000	15.560000
1475	-82.905885	1.506000	15.600000
1476	-82.765885	1.506000	15.560000
1477	-82.615885	1.508000	15.420000
1478	-82.595885	1.510000	15.570000
1479	-82.565885	1.510000	15.300000
1480	-82.465885	1.512000	15.540000
1481	-82.425885	1.512000	15.460000
1482	-82.425885	1.512000	15.470000
1483	-82.255885	1.514000	15.570000
1484	-82.205885	1.514000	15.660000
1485	-82.105885	1.516000	15.700000
1486	-82.035885	1.517000	15.510000
1487	-81.895885	1.517000	15.710000
1488	-81.875885	1.517000	15.720000
1489	-81.855885	1.519000	15.780000
1490	-81.845885	1.521000	15.680000
1491	-81.805885	1.521000	15.700000
1492	-81.645885	1.521000	15.580000
1493	-81.555885	1.523000	15.830000
1494	-81.515885	1.527000	15.620000
1495	-81.435885	1.525000	15.650000
1496	-81.405885	1.527000	15.570000
1497	-81.365885	1.527000	15.610000
1498	-81.305885	1.527000	15.650000
1499	-81.275885	1.529000	15.730000
1500	-81.265885	1.529000	15.640000
1501	-81.225885	1.531000	15.630000
1502	-81.135885	1.533000	15.670000
1503	-81.085885	1.533000	15.550000
1504	-81.015885	1.533000	15.590000
1505	-81.015885	1.535000	15.710000
1506	-80.535885	1.537000	15.630000
1507	-80.525885	1.537000	15.600000
1508	-80.435885	1.537000	15.760000
1509	-80.335885	1.539000	15.710000
1510	-80.255885	1.541000	15.610000
1511	-80.095885	1.541000	15.660000
1512	-80.085885	1.543000	15.630000
1513	-79.735885	1.543000	15.730000
1514	-79.715885	1.545000	15.770000
1515	-79.695885	1.545000	15.590000
1516	-79.605885	1.545000	15.780000
1517	-79.435885	1.547000	15.780000
1518	-79.375885	1.549000	15.790000
1519	-79.325885	1.549000	15.830000
1520	-79.235885	1.549000	15.790000
1521	-79.225885	1.551000	15.610000
1522	-79.225885	1.553000	15.880000
1523	-78.945885	1.553000	15.880000
1524	-78.925885	1.553000	15.850000
1525	-78.915885	1.555000	15.920000
1526	-78.915885	1.557000	15.810000
1527	-78.915885	1.557000	15.820000
1528	-78.835885	1.558000	15.910000
1529	-78.805885	1.558000	16.070000
1530	-78.775885	1.558000	15.970000
1531	-78.765885	1.560000	15.870000
1532	-78.745885	1.560000	15.800000
1533	-78.735885	1.562000	15.800000
1534	-78.715885	1.562000	15.820000
1535	-78.535885	1.564000	15.780000
1536	-78.475885	1.566000	15.900000
1537	-78.415885	1.566000	15.920000
1538	-78.105885	1.568000	15.800000
1539	-78.035885	1.568000	15.980000
1540	-77.995885	1.568000	15.770000
1541	-77.905885	1.570000	15.880000
1542	-77.765885	1.572000	15.930000
1543	-77.725885	1.572000	15.980000
1544	-77.715885	1.574000	15.680000
1545	-77.455885	1.574000	15.820000
1546	-77.365885	1.576000	15.880000
1547	-77.365885	1.576000	16.130000
1548	-77.315885	1.576000	15.950000
1549	-77.245885	1.580000	15.810000
1550	-77.125885	1.582000	15.960000
1551	-77.105885	1.582000	15.800000
1552	-77.085885	1.582000	15.960000
1553	-76.925885	1.584000	15.920000
1554	-76.875885	1.584000	15.820000
1555	-76.875885	1.586000	15.780000
1556	-76.835885	1.588000	15.870000
1557	-76.775885	1.590000	16.030000
1558	-76.765885	1.590000	15.800000
1559	-76.755885	1.590000	15.900000
1560	-76.735885	1.590000	15.710000
1561	-76.735885	1.592000	16.030000
1562	-76.665885	1.592000	15.900000
1563	-76.625885	1.594000	15.910000
1564	-76.455885	1.594000	15.940000
1565	-76.305885	1.594000	15.840000
1566	-75.935885	1.596000	16.010000
1567	-75.905885	1.598000	15.910000
1568	-75.885885	1.599000	15.950000
1569	-75.805885	1.599000	16.010000
1570	-75.685885	1.599000	15.900000
1571	-75.675885	1.601000	16.160000
1572	-75.555885	1.603000	15.950000
1573	-75.555885	1.603000	15.890000
1574	-75.505885	1.605000	16.140000
1575	-75.465885	1.605000	16.240000
1576	-75.425885	1.605000	16.080000
1577	-75.305885	1.607000	15.770000
1578	-75.305885	1.609000	16.050000
1579	-75.265885	1.609000	15.930000
1580	-75.255885	1.611000	16.150000
1581	-75.235885	1.611000	15.920000
1582	-74.985885	1.613000	16.100000
1583	-74.895885	1.613000	15.980000
1584	-74.865885	1.613000	15.970000
1585	-74.845885	1.615000	16.070000
1586	-74.725885	1.615000	16.130000
1587	-74.575885	1.617000	16.040000
1588	-74.485885	1.617000	15.940000
1589	-74.425885	1.621000	15.920000
1590	-74.415885	1.621000	15.870000
1591	-74.365885	1.621000	16.010000
1592	-74.345885	1.621000	15.980000
1593	-74.195885	1.623000	16.010000
1594	-74.135885	1.623000	16.020000
1595	-74.075885	1.625000	16.080000
1596	-74.005885	1.625000	16.070000
1597	-73.985885	1.627000	16.050000
1598	-73.885885	1.629000	16.030000
1599	-73.765885	1.629000	16.170000
1600	-73.745885	1.629000	16.210000
1601	-73.625885	1.631000	15.860000
1602	-73.375885	1.631000	16.020000
1603	-73.365885	1.633000	16.250000
1604	-73.205885	1.635000	16.230000
1605	-73.175885	1.635000	16.030000
1606	-73.125885	1.637000	16.240000
1607	-73.095885	1.637000	16.330000
1608	-73.065885	1.637000	16.230000
1609	-73.045885	1.639000	16.290000
1610	-72.845885	1.641000	16.150000
1611	-72.835885	1.641000	16.280000
1612	-72.735885	1.642000	16.230000
1613	-72.685885	1.642000	16.190000
1614	-72.655885	1.644000	16.080000
1615	-72.605885	1.644000	16.380000
1616	-72.495885	1.644000	16.390000
1617	-72.365885	1.646000	16.240000
1618	-72.285885	1.646000	16.240000
1619	-72.225885	1.648000	16.270000
1620	-72.205885	1.648000	16.130000
1621	-72.145885	1.650000	16.300000
1622	-72.145885	1.652000	16.290000
1623	-72.125885	1.652000	16.170000
1624	-72.075885	1.652000	16.280000
1625	-72.055885	1.654000	16.260000
1626	-72.015885	1.654000	16.220000
1627	-71.865885	1.656000	16.420000
1628	-71.615885	1.658000	16.550000
1629	-71.565885	1.658000	16.140000
1630	-71.455885	1.660000	16.340000
1631	-71.405885	1.660000	16.410000
1632	-71.395885	1.662000	16.410000
1633	-71.305885	1.664000	16.360000
1634	-71.225885	1.666000	16.340000
1635	-71.155885	1.666000	16.320000
1636	-71.045885	1.668000	16.390000
1637	-70.965885	1.668000	16.310000
1638	-70.945885	1.668000	16.510000
1639	-70.875885	1.670000	16.350000
1640	-70.865885	1.670000	16.300000
1641	-70.765885	1.672000	16.390000
1642	-70.735885	1.674000	16.400000
1643	-70.665885	1.674000	16.400000
1644	-70.515885	1.674000	16.340000
1645	-70.485885	1.676000	16.400000
1646	-70.485885	1.678000	16.480000
1647	-70.475885	1.678000	16.390000
1648	-70.455885	1.678000	16.270000
1649	-70.425885	1.680000	16.360000
1650	-70.365885	1.680000	16.470000
1651	-70.355885	1.682000	16.390000
1652	-70.235885	1.683000	16.350000
1653	-70.205885	1.683000	16.460000
1654	-70.165885	1.683000	16.440000
1655	-70.115885	1.685000	16.490000
1656	-70.035885	1.685000	16.420000
1657	-69.705885	1.687000	16.340000
1658	-69.625885	1.689000	16.440000
1659	-69.585885	1.689000	16.320000
1660	-69.485885	1.689000	16.550000
1661	-69.285885	1.691000	16.410000
1662	-69.065885	1.693000	16.520000
1663	-68.875885	1.693000	16.470000
1664	-68.635885	1.693000	16.620000
1665	-68.575885	1.695000	16.530000
1666	-68.415885	1.697000	16.410000
1667	-68.395885	1.697000	16.560000
1668	-68.385885	1.699000	16.470000
1669	-68.385885	1.699000	16.460000
1670	-68.375885	1.699000	16.500000
1671	-68.365885	1.701000	16.500000
1672	-68.185885	1.701000	16.490000
1673	-68.115885	1.703000	16.460000
1674	-68.005885	1.705000	16.210000
1675	-67.945885	1.705000	16.610000
1676	-67.925885	1.705000	16.520000
1677	-67.895885	1.707000	16.480000
1678	-67.765885	1.709000	16.470000
1679	-67.755885	1.709000	16.600000
1680	-67.655885	1.709000	16.530000
1681	-67.385885	1.711000	16.450000
1682	-67.385885	1.713000	16.650000
1683	-67.315885	1.715000	16.670000
1684	-67.295885	1.715000	16.670000
1685	-67.265885	1.715000	16.650000
1686	-67.255885	1.715000	16.490000
1687	-67.235885	1.717000	16.980000
1688	-67.205885	1.717000	16.800000
1689	-67.145885	1.719000	16.660000
1690	-67.095885	1.721000	16.690000
1691	-67.065885	1.719000	16.530000
1692	-67.065885	1.721000	16.680000
1693	-66.865885	1.723000	16.590000
1694	-66.845885	1.725000	16.590000
1695	-66.755885	1.725000	16.730000
1696	-66.615885	1.725000	16.510000
1697	-66.605885	1.726000	16.700000
1698	-66.545885	1.728000	16.770000
1699	-66.455885	1.728000	16.750000
1700	-66.435885	1.730000	16.800000
1701	-66.345885	1.730000	16.630000
1702	-66.285885	1.730000	16.640000
1703	-66.105885	1.732000	16.740000
1704	-65.965885	1.732000	16.600000
1705	-65.855885	1.734000	16.900000
1706	-65.725885	1.736000	16.690000
1707	-65.725885	1.736000	16.720000
1708	-65.725885	1.736000	16.660000
1709	-65.655885	1.738000	16.780000
1710	-65.465885	1.740000	16.960000
1711	-65.405885	1.740000	16.740000
1712	-65.125885	1.740000	17.010000
1713	-65.075885	1.742000	16.880000
1714	-64.845885	1.742000	16.750000
1715	-64.845885	1.744000	16.780000
1716	-64.815885	1.746000	16.920000
1717	-64.685885	1.748000	16.760000
1718	-64.685885	1.748000	16.910000
1719	-64.635885	1.750000	16.710000
1720	-64.605885	1.752000	16.890000
1721	-64.475885	1.752000	17.000000
1722	-64.335885	1.754000	16.970000
1723	-64.315885	1.754000	16.750000
1724	-64.295885	1.754000	16.880000
1725	-64.225885	1.756000	16.730000
1726	-64.155885	1.756000	16.870000
1727	-64.115885	1.758000	16.850000
1728	-64.065885	1.760000	16.900000
1729	-63.955885	1.760000	16.850000
1730	-63.945885	1.762000	16.940000
1731	-63.885885	1.762000	16.990000
1732	-63.875885	1.764000	16.940000
1733	-63.825885	1.764000	16.880000
1734	-63.655885	1.764000	17.260000
1735	-63.635885	1.766000	16.800000
1736	-63.605885	1.766000	17.060000
1737	-63.555885	1.767000	16.900000
1738	-63.505885	1.769000	17.050000
1739	-63.465885	1.769000	16.950000
1740	-63.455885	1.769000	16.900000
1741	-63.445885	1.771000	16.880000
1742	-63.425885	1.771000	16.840000
1743	-63.005885	1.773000	17.000000
1744	-62.875885	1.773000	16.920000
1745	-62.875885	1.775000	16.860000
1746	-62.585885	1.777000	16.840000
1747	-62.465885	1.777000	16.990000
1748	-62.435885	1.777000	17.040000
1749	-62.435885	1.779000	17.110000
1750	-62.375885	1.779000	17.010000
1751	-62.265885	1.781000	17.100000
1752	-62.225885	1.781000	16.860000
1753	-62.205885	1.783000	16.930000
1754	-62.145885	1.785000	17.080000
1755	-62.145885	1.785000	16.960000
1756	-62.095885	1.787000	17.070000
1757	-61.955885	1.787000	17.040000
1758	-61.875885	1.787000	16.950000
1759	-61.875885	1.789000	17.040000
1760	-61.855885	1.791000	16.980000
1761	-61.815885	1.791000	17.000000
1762	-61.645885	1.793000	17.060000
1763	-61.425885	1.793000	17.060000
1764	-61.345885	1.793000	17.050000
1765	-61.285885	1.795000	17.090000
1766	-61.195885	1.795000	17.150000
1767	-61.165885	1.797000	17.090000
1768	-61.105885	1.799000	17.070000
1769	-60.985885	1.799000	17.200000
1770	-60.925885	1.801000	17.050000
1771	-60.905885	1.801000	17.020000
1772	-60.855885	1.801000	17.100000
1773	-60.845885	1.803000	17.210000
1774	-60.765885	1.803000	17.190000
1775	-60.745885	1.805000	17.140000
1776	-60.725885	1.807000	17.150000
1777	-60.685885	1.808000	17.240000
1778	-60.465885	1.808000	17.120000
1779	-60.415885	1.808000	17.330000
1780	-60.285885	1.808000	17.000000
1781	-60.285885	1.810000	17.210000
1782	-60.245885	1.810000	17.050000
1783	-60.175885	1.812000	17.060000
1784	-60.165885	1.814000	17.060000
1785	-60.145885	1.814000	17.120000
1786	-60.105885	1.816000	17.430000
1787	-60.045885	1.816000	17.020000
1788	-60.025885	1.818000	17.120000
1789	-59.975885	1.818000	17.110000
1790	-59.685885	1.818000	17.150000
1791	-59.595885	1.820000	17.070000
1792	-59.455885	1.822000	17.240000
1793	-59.445885	1.822000	17.140000
1794	-59.435885	1.824000	17.320000
1795	-58.945885	1.824000	17.430000
1796	-58.875885	1.824000	17.320000
1797	-58.835885	1.826000	17.130000
1798	-58.585885	1.828000	17.270000
1799	-58.545885	1.830000	17.350000
1800	-58.395885	1.830000	17.300000
1801	-58.355885	1.832000	17.380000
1802	-58.335885	1.834000	17.220000
1803	-58.195885	1.834000	17.390000
1804	-58.155885	1.834000	17.350000
1805	-58.055885	1.836000	17.280000
1806	-58.045885	1.836000	17.450000
1807	-58.025885	1.838000	17.080000
1808	-57.975885	1.838000	17.380000
1809	-57.955885	1.840000	17.440000
1810	-57.895885	1.840000	17.300000
1811	-57.875885	1.842000	17.400000
1812	-57.845885	1.842000	17.460000
1813	-57.745885	1.844000	17.230000
1814	-57.715885	1.844000	17.200000
1815	-57.625885	1.844000	17.270000
1816	-57.505885	1.844000	17.440000
1817	-57.445885	1.848000	17.390000
1818	-57.265885	1.848000	17.370000
1819	-57.265885	1.849000	17.190000
1820	-57.235885	1.849000	17.290000
1821	-57.165885	1.851000	17.390000
1822	-57.145885	1.853000	17.460000
1823	-57.075885	1.853000	17.350000
1824	-56.995885	1.855000	17.480000
1825	-56.975885	1.855000	17.270000
1826	-56.915885	1.855000	17.330000
1827	-56.855885	1.857000	17.510000
1828	-56.785885	1.857000	17.440000
1829	-56.785885	1.859000	17.310000
1830	-56.725885	1.861000	17.240000
1831	-56.705885	1.861000	17.340000
1832	-56.595885	1.861000	17.580000
1833	-56.585885	1.863000	17.470000
1834	-56.445885	1.865000	17.430000
1835	-56.305885	1.865000	17.270000
1836	-56.195885	1.867000	17.290000
1837	-56.125885	1.867000	17.480000
1838	-56.085885	1.867000	17.370000
1839	-56.045885	1.869000	17.250000
1840	-55.965885	1.871000	17.490000
1841	-55.865885	1.871000	17.490000
1842	-55.585885	1.871000	17.620000
1843	-55.585885	1.873000	17.380000
1844	-55.435885	1.873000	17.530000
1845	-55.375885	1.875000	17.400000
1846	-55.335885	1.877000	17.610000
1847	-55.165885	1.875000	17.470000
1848	-55.155885	1.877000	17.120000
1849	-54.955885	1.879000	17.430000
1850	-54.955885	1.881000	17.550000
1851	-54.835885	1.881000	17.530000
1852	-54.815885	1.881000	17.560000
1853	-54.665885	1.883000	17.620000
1854	-54.535885	1.885000	17.540000
1855	-54.495885	1.885000	17.610000
1856	-54.495885	1.887000	17.630000
1857	-54.475885	1.887000	17.880000
1858	-54.445885	1.887000	17.470000
1859	-54.265885	1.889000	17.550000
1860	-54.165885	1.889000	17.560000
1861	-54.135885	1.891000	17.540000
1862	-54.125885	1.892000	17.540000
1863	-54.075885	1.892000	17.570000
1864	-53.985885	1.892000	17.700000
1865	-53.785885	1.894000	17.800000
1866	-53.755885	1.896000	17.610000
1867	-53.495885	1.896000	17.660000
1868	-53.465885	1.896000	17.670000
1869	-53.435885	1.898000	17.680000
1870	-53.305885	1.900000	17.640000
1871	-53.295885	1.902000	17.650000
1872	-53.265885	1.902000	17.630000
1873	-53.245885	1.902000	17.590000
1874	-53.245885	1.902000	17.460000
1875	-53.055885	1.904000	17.690000
1876	-53.025885	1.904000	17.610000
1877	-52.875885	1.906000	17.720000
1878	-52.845885	1.908000	17.710000
1879	-52.835885	1.906000	17.690000
1880	-52.785885	1.908000	17.690000
1881	-52.785885	1.910000	17.680000
1882	-52.565885	1.912000	17.520000
1883	-52.565885	1.914000	17.790000
1884	-52.465885	1.916000	17.690000
1885	-52.455885	1.916000	17.770000
1886	-52.065885	1.918000	17.660000
1887	-52.065885	1.918000	17.870000
1888	-52.055885	1.918000	17.620000
1889	-51.925885	1.920000	17.700000
1890	-51.895885	1.920000	17.760000
1891	-51.885885	1.922000	17.700000
1892	-51.625885	1.922000	17.650000
1893	-51.615885	1.924000	17.720000
1894	-51.535885	1.926000	17.770000
1895	-51.535885	1.926000	17.730000
1896	-51.265885	1.926000	17.580000
1897	-51.205885	1.928000	17.590000
1898	-51.125885	1.928000	17.730000
1899	-51.105885	1.930000	17.720000
1900	-51.055885	1.930000	17.600000
1901	-50.955885	1.932000	17.660000
1902	-50.915885	1.932000	17.870000
1903	-50.875885	1.933000	17.610000
1904	-50.755885	1.933000	17.670000
1905	-50.615885	1.935000	17.810000
1906	-50.605885	1.935000	17.720000
1907	-50.555885	1.937000	17.670000
1908	-50.525885	1.939000	17.830000
1909	-50.515885	1.939000	17.710000
1910	-50.515885	1.941000	17.870000
1911	-50.445885	1.941000	17.690000
1912	-50.335885	1.941000	17.610000
1913	-50.285885	1.943000	17.780000
1914	-50.225885	1.943000	17.930000
1915	-50.105885	1.945000	17.480000
1916	-49.965885	1.947000	17.840000
1917	-49.955885	1.947000	17.790000
1918	-49.845885	1.949000	17.990000
1919	-49.815885	1.949000	17.820000
1920	-49.775885	1.951000	17.780000
1921	-49.765885	1.951000	17.710000
1922	-49.725885	1.951000	17.710000
1923	-49.655885	1.953000	17.830000
1924	-49.625885	1.953000	17.930000
1925	-49.615885	1.955000	18.010000
1926	-49.575885	1.957000	17.720000
1927	-49.455885	1.957000	17.740000
1928	-49.415885	1.957000	17.740000
1929	-49.125885	1.959000	18.070000
1930	-49.075885	1.959000	17.770000
1931	-49.045885	1.961000	17.900000
1932	-49.015885	1.961000	17.810000
1933	-48.865885	1.963000	17.990000
1934	-48.775885	1.965000	17.710000
1935	-48.735885	1.965000	18.080000
1936	-48.585885	1.965000	18.040000
1937	-48.545885	1.967000	18.130000
1938	-48.465885	1.967000	17.840000
1939	-48.425885	1.969000	17.860000
1940	-48.415885	1.971000	17.940000
1941	-48.295885	1.971000	17.910000
1942	-48.115885	1.973000	17.980000
1943	-48.045885	1.973000	18.040000
1944	-47.895885	1.975000	17.950000
1945	-47.865885	1.975000	18.280000
1946	-47.615885	1.976000	18.080000
1947	-47.595885	1.978000	18.030000
1948	-47.585885	1.978000	18.080000
1949	-47.445885	1.980000	18.120000
1950	-47.445885	1.980000	17.970000
1951	-47.385885	1.980000	17.910000
1952	-47.385885	1.982000	18.140000
1953	-47.345885	1.982000	18.270000
1954	-47.145885	1.984000	17.950000
1955	-47.045885	1.986000	18.140000
1956	-47.025885	1.986000	18.040000
1957	-46.945885	1.988000	18.170000
1958	-46.925885	1.988000	17.870000
1959	-46.915885	1.988000	18.050000
1960	-46.895885	1.990000	18.190000
1961	-46.755885	1.992000	17.990000
1962	-46.645885	1.992000	18.060000
1963	-46.605885	1.992000	18.040000
1964	-46.535885	1.994000	18.150000
1965	-46.305885	1.996000	17.920000
1966	-46.255885	1.998000	18.110000
1967	-46.235885	1.998000	18.180000
1968	-46.215885	2.000000	18.110000
1969	-46.155885	2.002000	17.990000
1970	-46.025885	2.002000	18.320000
1971	-45.925885	2.002000	18.170000
1972	-45.915885	2.004000	18.170000
1973	-45.815885	2.006000	18.120000
1974	-45.805885	2.006000	18.230000
1975	-45.755885	2.006000	18.080000
1976	-45.685885	2.008000	18.030000
1977	-45.595885	2.010000	18.290000
1978	-45.525885	2.010000	18.160000
1979	-45.515885	2.012000	18.200000
1980	-45.505885	2.012000	18.060000
1981	-45.445885	2.012000	18.150000
1982	-45.435885	2.014000	18.260000
1983	-45.415885	2.014000	18.220000
1984	-45.375885	2.017000	18.290000
1985	-45.205885	2.016000	18.180000
1986	-45.145885	2.017000	18.340000
1987	-44.885885	2.019000	18.280000
1988	-44.575885	2.021000	18.300000
1989	-44.495885	2.021000	18.370000
1990	-44.455885	2.021000	18.200000
1991	-44.455885	2.023000	18.280000
1992	-44.345885	2.027000	18.260000
1993	-44.345885	2.025000	18.360000
1994	-44.315885	2.027000	18.400000
1995	-44.105885	2.027000	18.410000
1996	-44.095885	2.027000	18.360000
1997	-43.995885	2.029000	18.380000
1998	-43.925885	2.029000	18.370000
1999	-43.915885	2.031000	18.420000
2000	-43.845885	2.033000	18.370000
2001	-43.765885	2.033000	18.370000
2002	-43.755885	2.033000	18.450000
2003	-43.735885	2.035000	18.360000
2004	-43.375885	2.035000	18.420000
2005	-43.335885	2.037000	18.360000
2006	-43.285885	2.037000	18.360000
2007	-43.075885	2.039000	18.300000
2008	-43.055885	2.041000	18.320000
2009	-42.945885	2.041000	18.360000
2010	-42.865885	2.043000	18.360000
2011	-42.825885	2.043000	18.350000
2012	-42.645885	2.043000	18.320000
2013	-42.635885	2.045000	18.300000
2014	-42.575885	2.045000	18.360000
2015	-42.425885	2.047000	18.360000
2016	-42.315885	2.047000	18.410000
2017	-42.145885	2.049000	18.430000
2018	-42.135885	2.049000	18.450000
2019	-42.095885	2.051000	18.200000
2020	-42.025885	2.053000	18.380000
2021	-41.965885	2.053000	18.270000
2022	-41.955885	2.053000	18.350000
2023	-41.945885	2.055000	18.500000
2024	-41.935885	2.057000	18.620000
2025	-41.915885	2.057000	18.380000
2026	-41.835885	2.057000	18.360000
2027	-41.785885	2.058000	18.470000
2028	-41.625885	2.058000	18.400000
2029	-41.545885	2.060000	18.570000
2030	-41.405885	2.060000	18.480000
2031	-41.355885	2.062000	18.370000
2032	-41.295885	2.064000	18.570000
2033	-41.215885	2.064000	18.580000
2034	-40.965885	2.066000	18.400000
2035	-40.935885	2.066000	18.700000
2036	-40.905885	2.068000	18.500000
2037	-40.895885	2.068000	18.420000
2038	-40.805885	2.068000	18.450000
2039	-40.785885	2.070000	18.680000
2040	-40.605885	2.072000	18.350000
2041	-40.585885	2.072000	18.540000
2042	-40.585885	2.074000	18.560000
2043	-40.555885	2.074000	18.560000
2044	-40.555885	2.076000	18.590000
2045	-40.465885	2.076000	18.580000
2046	-40.385885	2.076000	18.530000
2047	-40.365885	2.080000	18.450000
2048	-40.355885	2.082000	18.570000
2049	-40.315885	2.082000	18.560000
2050	-40.215885	2.082000	18.590000
2051	-40.085885	2.084000	18.630000
2052	-39.905885	2.084000	18.780000
2053	-39.875885	2.086000	18.590000
2054	-39.695885	2.088000	18.700000
2055	-39.545885	2.088000	18.800000
2056	-39.535885	2.090000	18.670000
2057	-39.295885	2.090000	18.690000
2058	-39.165885	2.090000	18.710000
2059	-39.105885	2.092000	18.700000
2060	-39.035885	2.092000	18.700000
2061	-38.905885	2.094000	18.880000
2062	-38.865885	2.096000	18.900000
2063	-38.855885	2.096000	18.590000
2064	-38.805885	2.098000	18.650000
2065	-38.795885	2.098000	18.810000
2066	-38.735885	2.098000	18.660000
2067	-38.725885	2.099000	18.800000
2068	-38.705885	2.101000	18.750000
2069	-38.655885	2.101000	18.720000
2070	-38.565885	2.103000	18.630000
2071	-38.545885	2.103000	18.740000
2072	-38.325885	2.105000	18.660000
2073	-38.205885	2.105000	18.660000
2074	-38.115885	2.105000	18.720000
2075	-38.095885	2.107000	18.730000
2076	-37.925885	2.107000	18.690000
2077	-37.845885	2.109000	18.660000
2078	-37.725885	2.109000	18.780000
2079	-37.725885	2.111000	18.700000
2080	-37.465885	2.113000	18.800000
2081	-37.145885	2.113000	18.900000
2082	-37.065885	2.113000	18.740000
2083	-37.055885	2.115000	18.880000
2084	-37.045885	2.115000	18.780000
2085	-36.955885	2.117000	18.930000
2086	-36.905885	2.119000	18.780000
2087	-36.765885	2.119000	18.890000
2088	-36.695885	2.121000	18.830000
2089	-36.685885	2.121000	18.800000
2090	-36.645885	2.123000	18.910000
2091	-36.555885	2.123000	18.890000
2092	-36.515885	2.125000	18.890000
2093	-36.495885	2.127000	18.790000
2094	-36.125885	2.127000	18.890000
2095	-36.105885	2.129000	18.850000
2096	-36.085885	2.129000	18.890000
2097	-36.045885	2.129000	18.760000
2098	-36.025885	2.131000	19.070000
2099	-35.935885	2.131000	18.790000
2100	-35.885885	2.133000	18.940000
2101	-35.835885	2.135000	18.850000
2102	-35.765885	2.135000	18.860000
2103	-35.675885	2.137000	18.980000
2104	-35.635885	2.137000	19.100000
2105	-35.385885	2.137000	18.850000
2106	-35.365885	2.139000	18.860000
2107	-35.235885	2.139000	18.850000
2108	-35.105885	2.141000	19.030000
2109	-35.045885	2.141000	18.990000
2110	-35.035885	2.141000	19.000000
2111	-34.845885	2.144000	18.860000
2112	-34.765885	2.144000	18.920000
2113	-34.615885	2.144000	18.870000
2114	-34.615885	2.146000	18.950000
2115	-34.585885	2.146000	19.080000
2116	-34.545885	2.148000	19.030000
2117	-34.525885	2.148000	19.180000
2118	-34.485885	2.150000	19.000000
2119	-34.425885	2.152000	19.070000
2120	-34.355885	2.152000	19.030000
2121	-34.335885	2.152000	19.080000
2122	-34.255885	2.154000	19.000000
2123	-34.245885	2.154000	19.170000
2124	-34.245885	2.156000	19.000000
2125	-34.245885	2.158000	19.210000
2126	-34.215885	2.158000	18.910000
2127	-34.215885	2.160000	18.940000
2128	-34.145885	2.160000	19.180000
2129	-34.135885	2.160000	19.050000
2130	-34.105885	2.164000	18.960000
2131	-34.085885	2.166000	19.160000
2132	-33.675885	2.166000	19.030000
2133	-33.345885	2.168000	19.000000
2134	-33.285885	2.168000	19.080000
2135	-33.255885	2.168000	19.150000
2136	-33.055885	2.170000	19.310000
2137	-33.005885	2.170000	19.050000
2138	-32.945885	2.172000	19.070000
2139	-32.695885	2.172000	19.010000
2140	-32.625885	2.174000	19.070000
2141	-32.625885	2.176000	19.060000
2142	-32.505885	2.176000	19.070000
2143	-32.455885	2.178000	19.010000
2144	-32.415885	2.178000	18.990000
2145	-32.305885	2.178000	19.120000
2146	-32.275885	2.180000	19.170000
2147	-32.265885	2.182000	19.060000
2148	-32.245885	2.182000	19.290000
2149	-32.225885	2.183000	18.950000
2150	-32.195885	2.183000	19.080000
2151	-32.135885	2.185000	19.080000
2152	-31.935885	2.185000	19.220000
2153	-31.915885	2.185000	19.230000
2154	-31.895885	2.187000	19.240000
2155	-31.805885	2.189000	19.100000
2156	-31.665885	2.189000	19.060000
2157	-31.565885	2.189000	19.170000
2158	-31.525885	2.191000	19.150000
2159	-31.355885	2.193000	19.160000
2160	-31.335885	2.193000	19.130000
2161	-31.315885	2.195000	19.110000
2162	-31.275885	2.195000	19.210000
2163	-31.235885	2.197000	19.220000
2164	-31.165885	2.197000	19.300000
2165	-31.015885	2.199000	19.160000
2166	-30.925885	2.199000	19.200000
2167	-30.775885	2.199000	19.250000
2168	-30.665885	2.201000	19.120000
2169	-30.535885	2.201000	19.310000
2170	-30.335885	2.203000	19.190000
2171	-30.315885	2.203000	19.240000
2172	-30.185885	2.205000	19.130000
2173	-30.135885	2.207000	19.240000
2174	-30.125885	2.207000	19.430000
2175	-30.075885	2.209000	19.240000
2176	-30.065885	2.209000	19.390000
2177	-30.015885	2.209000	19.230000
2178	-29.905885	2.211000	19.430000
2179	-29.905885	2.213000	19.240000
2180	-29.875885	2.215000	19.210000
2181	-29.775885	2.213000	19.100000
2182	-29.735885	2.215000	19.140000
2183	-29.715885	2.217000	19.250000
2184	-29.665885	2.217000	19.270000
2185	-29.615885	2.217000	19.270000
2186	-29.605885	2.219000	19.350000
2187	-29.605885	2.221000	19.210000
2188	-29.515885	2.221000	19.310000
2189	-29.335885	2.221000	19.310000
2190	-29.265885	2.223000	19.280000
2191	-29.265885	2.225000	19.200000
2192	-29.225885	2.225000	19.270000
2193	-29.115885	2.226000	19.350000
2194	-29.025885	2.226000	19.440000
2195	-29.005885	2.228000	19.360000
2196	-29.005885	2.228000	19.360000
2197	-28.805885	2.230000	19.200000
2198	-28.695885	2.230000	19.300000
2199	-28.685885	2.230000	19.190000
2200	-28.585885	2.232000	19.490000
2201	-28.475885	2.232000	19.420000
2202	-28.435885	2.234000	19.340000
2203	-28.395885	2.236000	19.480000
2204	-28.055885	2.234000	19.440000
2205	-28.025885	2.236000	19.320000
2206	-27.975885	2.238000	19.470000
2207	-27.955885	2.240000	19.430000
2208	-27.915885	2.240000	19.510000
2209	-27.835885	2.240000	19.390000
2210	-27.695885	2.242000	19.290000
2211	-27.665885	2.244000	19.590000
2212	-27.645885	2.246000	19.590000
2213	-27.575885	2.244000	19.240000
2214	-27.555885	2.248000	19.380000
2215	-27.415885	2.248000	19.330000
2216	-27.365885	2.250000	19.400000
2217	-27.315885	2.252000	19.430000
2218	-27.275885	2.252000	19.430000
2219	-27.245885	2.254000	19.390000
2220	-27.225885	2.254000	19.440000
2221	-27.095885	2.254000	19.480000
2222	-26.955885	2.256000	19.420000
2223	-26.945885	2.256000	19.350000
2224	-26.905885	2.258000	19.310000
2225	-26.905885	2.258000	19.480000
2226	-26.665885	2.260000	19.480000
2227	-26.485885	2.262000	19.440000
2228	-26.315885	2.262000	19.430000
2229	-26.275885	2.262000	19.550000
2230	-26.205885	2.264000	19.450000
2231	-26.155885	2.264000	19.580000
2232	-26.095885	2.266000	19.550000
2233	-26.065885	2.267000	19.610000
2234	-26.045885	2.267000	19.550000
2235	-25.935885	2.269000	19.610000
2236	-25.885885	2.269000	19.710000
2237	-25.865885	2.269000	19.630000
2238	-25.835885	2.271000	19.640000
2239	-25.685885	2.271000	19.640000
2240	-25.675885	2.273000	19.580000
2241	-25.535885	2.275000	19.610000
2242	-25.525885	2.275000	19.570000
2243	-25.505885	2.277000	19.750000
2244	-25.265885	2.277000	19.610000
2245	-25.215885	2.279000	19.680000
2246	-25.145885	2.279000	19.650000
2247	-25.075885	2.279000	19.560000
2248	-24.665885	2.281000	19.630000
2249	-24.645885	2.281000	19.440000
2250	-24.605885	2.281000	19.760000
2251	-24.485885	2.285000	19.410000
2252	-24.395885	2.285000	19.660000
2253	-24.365885	2.285000	19.690000
2254	-24.265885	2.287000	19.550000
2255	-24.195885	2.287000	19.850000
2256	-24.175885	2.289000	19.770000
2257	-24.105885	2.291000	19.730000
2258	-24.015885	2.291000	19.740000
2259	-23.985885	2.293000	19.760000
2260	-23.925885	2.293000	19.910000
2261	-23.925885	2.293000	19.890000
2262	-23.905885	2.295000	19.730000
2263	-23.885885	2.295000	19.920000
2264	-23.815885	2.297000	19.660000
2265	-23.675885	2.297000	19.820000
2266	-23.675885	2.299000	19.610000
2267	-23.645885	2.301000	19.590000
2268	-23.635885	2.301000	19.760000
2269	-23.595885	2.301000	19.820000
2270	-23.465885	2.303000	19.680000
2271	-23.345885	2.303000	19.800000
2272	-23.235885	2.305000	19.770000
2273	-23.115885	2.307000	19.660000
2274	-23.095885	2.307000	19.790000
2275	-23.055885	2.308000	19.690000
2276	-22.885885	2.308000	19.870000
2277	-22.835885	2.308000	19.850000
2278	-22.825885	2.310000	19.860000
2279	-22.575885	2.310000	20.140000
2280	-22.485885	2.312000	19.890000
2281	-22.445885	2.314000	19.900000
2282	-22.435885	2.314000	19.770000
2283	-22.435885	2.316000	19.890000
2284	-22.325885	2.316000	20.050000
2285	-22.245885	2.316000	19.770000
2286	-22.165885	2.318000	19.890000
2287	-22.155885	2.318000	19.870000
2288	-22.045885	2.320000	19.900000
2289	-21.995885	2.322000	19.940000
2290	-21.905885	2.322000	19.920000
2291	-21.825885	2.324000	19.870000
2292	-21.825885	2.324000	20.000000
2293	-21.825885	2.324000	19.990000
2294	-21.715885	2.326000	20.000000
2295	-21.645885	2.330000	19.910000
2296	-21.545885	2.330000	20.180000
2297	-21.535885	2.330000	20.020000
2298	-21.505885	2.332000	19.890000
2299	-21.485885	2.334000	19.900000
2300	-21.435885	2.334000	19.820000
2301	-21.435885	2.334000	19.970000
2302	-21.425885	2.336000	20.010000
2303	-21.355885	2.338000	20.030000
2304	-21.335885	2.338000	20.050000
2305	-21.315885	2.340000	19.870000
2306	-21.265885	2.340000	19.850000
2307	-21.265885	2.340000	20.280000
2308	-21.015885	2.342000	19.870000
2309	-21.005885	2.342000	19.900000
2310	-20.985885	2.344000	20.080000
2311	-20.585885	2.346000	20.160000
2312	-20.455885	2.346000	20.150000
2313	-20.435885	2.346000	19.970000
2314	-20.415885	2.348000	20.120000
2315	-20.405885	2.349000	20.010000
2316	-20.365885	2.349000	20.170000
2317	-20.335885	2.349000	20.080000
2318	-20.255885	2.351000	20.050000
2319	-20.245885	2.355000	20.280000
2320	-19.925885	2.353000	19.980000
2321	-19.825885	2.355000	20.030000
2322	-19.635885	2.355000	20.030000
2323	-19.455885	2.355000	20.040000
2324	-19.345885	2.357000	20.170000
2325	-19.185885	2.357000	20.150000
2326	-19.135885	2.359000	20.100000
2327	-19.015885	2.359000	20.150000
2328	-18.895885	2.361000	20.060000
2329	-18.885885	2.361000	20.100000
2330	-18.845885	2.363000	20.070000
2331	-18.775885	2.365000	20.070000
2332	-18.715885	2.365000	20.070000
2333	-18.695885	2.365000	20.080000
2334	-18.635885	2.367000	20.130000
2335	-18.565885	2.369000	20.160000
2336	-18.505885	2.369000	20.170000
2337	-18.215885	2.371000	20.180000
2338	-18.185885	2.371000	20.160000
2339	-18.165885	2.373000	20.160000
2340	-17.915885	2.373000	20.350000
2341	-17.905885	2.373000	20.180000
2342	-17.885885	2.375000	20.110000
2343	-17.845885	2.377000	20.110000
2344	-17.725885	2.377000	20.200000
2345	-17.685885	2.377000	20.280000
2346	-17.685885	2.379000	20.200000
2347	-17.645885	2.381000	20.250000
2348	-17.545885	2.381000	20.250000
2349	-17.525885	2.381000	20.390000
2350	-17.475885	2.383000	20.210000
2351	-17.355885	2.387000	20.120000
2352	-17.275885	2.385000	20.220000
2353	-17.235885	2.387000	20.210000
2354	-17.225885	2.387000	20.270000
2355	-17.205885	2.387000	20.210000
2356	-17.175885	2.389000	20.200000
2357	-17.155885	2.389000	20.170000
2358	-16.995885	2.391000	20.310000
2359	-16.895885	2.391000	20.230000
2360	-16.665885	2.392000	20.380000
2361	-16.475885	2.394000	20.250000
2362	-16.195885	2.394000	20.370000
2363	-16.145885	2.396000	20.300000
2364	-16.115885	2.396000	20.420000
2365	-16.095885	2.396000	20.260000
2366	-15.985885	2.398000	20.230000
2367	-15.865885	2.398000	20.380000
2368	-15.845885	2.402000	20.360000
2369	-15.695885	2.402000	20.370000
2370	-15.645885	2.402000	20.340000
2371	-15.625885	2.402000	20.490000
2372	-15.575885	2.404000	20.410000
2373	-15.555885	2.404000	20.440000
2374	-15.555885	2.406000	20.180000
2375	-15.555885	2.408000	20.370000
2376	-15.505885	2.408000	20.300000
2377	-15.505885	2.408000	20.310000
2378	-15.375885	2.410000	20.420000
2379	-15.055885	2.412000	20.270000
2380	-15.025885	2.414000	20.490000
2381	-15.015885	2.418000	20.310000
2382	-14.975885	2.418000	20.330000
2383	-14.895885	2.418000	20.390000
2384	-14.855885	2.418000	20.410000
2385	-14.835885	2.420000	20.260000
2386	-14.815885	2.420000	20.330000
2387	-14.685885	2.422000	20.230000
2388	-14.585885	2.422000	20.440000
2389	-14.565885	2.422000	20.590000
2390	-14.515885	2.424000	20.350000
2391	-14.345885	2.426000	20.430000
2392	-14.225885	2.428000	20.630000
2393	-13.835885	2.428000	20.560000
2394	-13.775885	2.428000	20.790000
2395	-13.745885	2.430000	20.440000
2396	-13.715885	2.432000	20.510000
2397	-13.625885	2.432000	20.500000
2398	-13.625885	2.433000	20.650000
2399	-13.415885	2.433000	20.500000
2400	-13.405885	2.433000	20.650000
2401	-13.185885	2.435000	20.540000
2402	-13.105885	2.435000	20.510000
2403	-13.105885	2.437000	20.640000
2404	-13.095885	2.439000	20.540000
2405	-13.055885	2.437000	20.510000
2406	-12.865885	2.441000	20.560000
2407	-12.845885	2.441000	20.610000
2408	-12.835885	2.441000	20.560000
2409	-12.745885	2.443000	20.710000
2410	-12.725885	2.443000	20.580000
2411	-12.655885	2.445000	20.410000
2412	-12.555885	2.447000	20.630000
2413	-12.505885	2.449000	20.570000
2414	-12.495885	2.449000	20.520000
2415	-12.395885	2.449000	20.830000
2416	-12.315885	2.449000	20.580000
2417	-12.185885	2.451000	20.570000
2418	-12.115885	2.451000	20.820000
2419	-12.095885	2.453000	20.500000
2420	-12.085885	2.455000	20.630000
2421	-12.075885	2.453000	20.670000
2422	-11.965885	2.455000	20.510000
2423	-11.945885	2.457000	20.610000
2424	-11.905885	2.457000	20.670000
2425	-11.885885	2.459000	20.800000
2426	-11.875885	2.459000	20.640000
2427	-11.805885	2.461000	20.620000
2428	-11.795885	2.463000	20.720000
2429	-11.645885	2.463000	20.490000
2430	-11.595885	2.465000	20.610000
2431	-11.545885	2.465000	20.740000
2432	-11.465885	2.465000	20.660000
2433	-11.225885	2.467000	20.720000
2434	-11.225885	2.467000	20.860000
2435	-11.165885	2.469000	20.890000
2436	-11.075885	2.471000	20.690000
2437	-11.075885	2.471000	20.770000
2438	-11.055885	2.473000	20.610000
2439	-10.895885	2.473000	20.680000
2440	-10.855885	2.475000	20.760000
2441	-10.815885	2.475000	20.650000
2442	-10.345885	2.475000	20.770000
2443	-10.305885	2.476000	20.640000
2444	-10.235885	2.476000	20.770000
2445	-10.205885	2.478000	20.920000
2446	-10.095885	2.480000	20.860000
2447	-9.855885	2.480000	20.980000
2448	-9.635885	2.480000	20.940000
2449	-9.595885	2.482000	20.920000
2450	-9.425885	2.482000	20.890000
2451	-9.355885	2.484000	20.930000
2452	-9.325885	2.484000	20.760000
2453	-9.265885	2.486000	20.950000
2454	-9.245885	2.488000	20.870000
2455	-9.245885	2.488000	20.850000
2456	-9.235885	2.488000	21.000000
2457	-9.225885	2.490000	20.860000
2458	-9.205885	2.490000	20.830000
2459	-9.165885	2.492000	21.020000
2460	-9.165885	2.494000	20.900000
2461	-9.105885	2.494000	20.990000
2462	-9.035885	2.496000	20.990000
2463	-8.975885	2.498000	20.950000
2464	-8.855885	2.498000	20.810000
2465	-8.855885	2.500000	21.010000
2466	-8.815885	2.502000	20.870000
2467	-8.675885	2.502000	21.030000
2468	-8.605885	2.502000	21.020000
2469	-8.555885	2.504000	21.020000
2470	-8.535885	2.506000	20.850000
2471	-8.285885	2.506000	20.930000
2472	-8.235885	2.506000	21.030000
2473	-8.115885	2.508000	20.960000
2474	-8.055885	2.510000	21.090000
2475	-7.875885	2.512000	21.100000
2476	-7.775885	2.512000	20.910000
2477	-7.625885	2.512000	21.120000
2478	-7.615885	2.512000	20.970000
2479	-7.425885	2.514000	21.120000
2480	-7.365885	2.514000	21.110000
2481	-7.365885	2.516000	21.080000
2482	-7.275885	2.517000	20.990000
2483	-7.165885	2.516000	20.970000
2484	-6.995885	2.517000	21.000000
2485	-6.865885	2.519000	21.170000
2486	-6.845885	2.521000	20.980000
2487	-6.775885	2.521000	20.910000
2488	-6.655885	2.521000	20.980000
2489	-6.625885	2.523000	20.960000
2490	-6.485885	2.525000	20.960000
2491	-6.485885	2.525000	21.060000
2492	-6.425885	2.525000	20.950000
2493	-6.395885	2.527000	21.090000
2494	-6.355885	2.529000	21.120000
2495	-6.305885	2.529000	20.980000
2496	-6.165885	2.529000	21.080000
2497	-6.155885	2.531000	21.010000
2498	-5.905885	2.533000	21.100000
2499	-5.835885	2.533000	21.060000
2500	-5.825885	2.533000	21.170000
2501	-5.815885	2.535000	21.110000
2502	-5.795885	2.537000	20.960000
2503	-5.785885	2.537000	21.170000
2504	-5.735885	2.537000	21.180000
2505	-5.705885	2.539000	20.960000
2506	-5.655885	2.541000	21.200000
2507	-5.585885	2.541000	21.080000
2508	-5.405885	2.543000	21.250000
2509	-5.265885	2.543000	21.150000
2510	-5.235885	2.543000	21.210000
2511	-5.225885	2.545000	21.010000
2512	-5.205885	2.545000	21.060000
2513	-5.165885	2.547000	21.190000
2514	-5.115885	2.547000	21.190000
2515	-5.065885	2.549000	21.170000
2516	-4.925885	2.551000	21.090000
2517	-4.875885	2.551000	21.210000
2518	-4.775885	2.553000	21.150000
2519	-4.645885	2.553000	21.210000
2520	-4.485885	2.553000	21.330000
2521	-4.345885	2.555000	21.190000
2522	-4.305885	2.557000	21.100000
2523	-4.285885	2.557000	21.230000
2524	-4.255885	2.558000	21.100000
2525	-4.145885	2.558000	21.280000
2526	-3.995885	2.560000	21.290000
2527	-3.795885	2.560000	21.110000
2528	-3.665885	2.560000	21.240000
2529	-3.575885	2.562000	21.500000
2530	-3.515885	2.564000	21.410000
2531	-3.445885	2.564000	21.100000
2532	-3.435885	2.564000	21.260000
2533	-3.355885	2.566000	21.340000
2534	-3.315885	2.568000	21.300000
2535	-3.275885	2.568000	21.230000
2536	-3.225885	2.568000	21.320000
2537	-3.035885	2.570000	21.390000
2538	-3.035885	2.572000	21.310000
2539	-3.025885	2.572000	21.390000
2540	-3.005885	2.574000	21.300000
2541	-2.915885	2.574000	21.510000
2542	-2.795885	2.574000	21.300000
2543	-2.695885	2.576000	21.220000
2544	-2.685885	2.578000	21.500000
2545	-2.625885	2.578000	21.380000
2546	-2.605885	2.580000	21.290000
2547	-2.605885	2.582000	21.300000
2548	-2.365885	2.582000	21.290000
2549	-2.305885	2.584000	21.260000
2550	-2.135885	2.584000	21.350000
2551	-2.125885	2.586000	21.390000
2552	-1.985885	2.588000	21.220000
2553	-1.815885	2.588000	21.340000
2554	-1.785885	2.590000	21.340000
2555	-1.725885	2.590000	21.180000
