1	-193.226608	0.000000	9.420000
2	-192.686608	0.002000	9.900000
3	-192.586608	0.004000	10.020000
4	-192.476608	0.004000	10.050000
5	-192.396608	0.004000	9.500000
6	-192.356608	0.006000	9.460000
7	-192.226608	0.008000	9.750000
8	-192.156608	0.008000	9.800000
9	-191.916608	0.009000	9.580000
10	-191.846608	0.009000	9.340000
11	-191.806608	0.011000	10.020000
12	-191.796608	0.011000	9.610000
13	-191.796608	0.011000	9.940000
14	-191.346608	0.013000	9.320000
15	-191.326608	0.015000	9.460000
16	-190.926608	0.015000	9.690000
17	-190.926608	0.015000	9.420000
18	-190.906608	0.017000	9.440000
19	-190.826608	0.019000	9.500000
20	-190.806608	0.019000	9.440000
21	-190.476608	0.019000	9.530000
22	-190.456608	0.021000	9.480000
23	-190.366608	0.021000	9.450000
24	-190.286608	0.023000	10.130000
25	-190.216608	0.025000	9.640000
26	-190.096608	0.025000	9.470000
27	-190.016608	0.025000	9.390000
28	-189.876608	0.027000	9.850000
29	-189.846608	0.027000	9.650000
30	-189.836608	0.031000	9.360000
31	-189.796608	0.033000	9.760000
32	-189.726608	0.033000	9.390000
33	-189.656608	0.033000	9.360000
34	-189.576608	0.035000	9.530000
35	-189.516608	0.035000	9.430000
36	-189.506608	0.037000	9.340000
37	-189.466608	0.039000	9.430000
38	-189.456608	0.039000	9.760000
39	-189.456608	0.041000	9.420000
40	-189.386608	0.041000	9.460000
41	-189.326608	0.041000	9.820000
42	-189.286608	0.043000	9.400000
43	-189.266608	0.045000	9.170000
44	-189.176608	0.045000	9.400000
45	-189.166608	0.045000	9.300000
46	-189.056608	0.045000	9.440000
47	-189.056608	0.049000	9.810000
48	-188.996608	0.049000	9.250000
49	-188.976608	0.049000	9.240000
50	-188.856608	0.050000	9.740000
51	-188.856608	0.050000	9.490000
52	-188.716608	0.052000	9.450000
53	-188.616608	0.054000	9.360000
54	-188.586608	0.054000	9.800000
55	-188.556608	0.054000	9.530000
56	-188.446608	0.056000	9.700000
57	-188.396608	0.058000	9.530000
58	-188.296608	0.058000	9.810000
59	-188.126608	0.058000	9.540000
60	-188.076608	0.060000	9.690000
61	-188.026608	0.062000	9.500000
62	-188.026608	0.062000	9.620000
63	-188.006608	0.064000	9.400000
64	-187.916608	0.064000	9.430000
65	-187.916608	0.064000	9.500000
66	-187.856608	0.066000	9.750000
67	-187.786608	0.066000	9.540000
68	-187.776608	0.068000	9.910000
69	-187.756608	0.070000	9.480000
70	-187.706608	0.070000	9.470000
71	-187.686608	0.072000	9.470000
72	-187.646608	0.072000	9.790000
73	-187.526608	0.072000	9.430000
74	-187.486608	0.074000	9.410000
75	-187.466608	0.074000	9.470000
76	-187.346608	0.076000	9.600000
77	-187.296608	0.078000	9.590000
78	-187.096608	0.080000	9.750000
79	-186.966608	0.080000	9.590000
80	-186.886608	0.080000	9.680000
81	-186.876608	0.082000	9.460000
82	-186.876608	0.082000	9.600000
83	-186.856608	0.084000	9.680000
84	-186.826608	0.086000	9.910000
85	-186.736608	0.086000	9.630000
86	-186.706608	0.088000	9.960000
87	-186.556608	0.088000	9.700000
88	-186.416608	0.090000	9.780000
89	-186.416608	0.090000	9.740000
90	-186.406608	0.092000	10.210000
91	-186.346608	0.092000	9.540000
92	-186.336608	0.092000	9.870000
93	-186.296608	0.095000	10.110000
94	-186.046608	0.095000	9.520000
95	-186.036608	0.095000	9.700000
96	-186.006608	0.097000	10.030000
97	-185.876608	0.097000	9.800000
98	-185.726608	0.099000	10.010000
99	-185.716608	0.101000	9.710000
100	-185.676608	0.101000	9.830000
101	-185.636608	0.103000	9.800000
102	-185.506608	0.103000	9.720000
103	-185.336608	0.103000	9.610000
104	-184.926608	0.105000	9.840000
105	-184.896608	0.105000	9.790000
106	-184.796608	0.107000	9.730000
107	-184.656608	0.109000	9.960000
108	-184.626608	0.109000	9.740000
109	-184.556608	0.111000	9.920000
110	-184.436608	0.111000	9.820000
111	-184.266608	0.111000	9.880000
112	-184.236608	0.115000	10.010000
113	-184.016608	0.117000	9.880000
114	-183.996608	0.117000	9.940000
115	-183.976608	0.119000	9.880000
116	-183.936608	0.119000	10.090000
117	-183.916608	0.119000	9.610000
118	-183.916608	0.121000	9.780000
119	-183.906608	0.121000	9.960000
120	-183.886608	0.123000	10.050000
121	-183.876608	0.125000	9.810000
122	-183.866608	0.125000	9.930000
123	-183.786608	0.125000	10.040000
124	-183.636608	0.127000	9.990000
125	-183.626608	0.129000	9.980000
126	-183.606608	0.129000	9.780000
127	-183.586608	0.129000	9.750000
128	-183.556608	0.131000	10.110000
129	-183.506608	0.133000	9.890000
130	-183.496608	0.133000	9.830000
131	-183.436608	0.134000	9.980000
132	-183.406608	0.134000	9.980000
133	-183.306608	0.134000	10.030000
134	-183.266608	0.136000	9.920000
135	-183.256608	0.138000	9.840000
136	-183.226608	0.138000	9.920000
137	-183.126608	0.138000	9.880000
138	-183.106608	0.140000	10.060000
139	-183.096608	0.140000	9.700000
140	-183.096608	0.142000	9.710000
141	-183.046608	0.144000	10.090000
142	-182.856608	0.144000	9.680000
143	-182.846608	0.144000	9.890000
144	-182.776608	0.146000	9.850000
145	-182.766608	0.148000	9.830000
146	-182.656608	0.150000	10.090000
147	-182.626608	0.150000	9.880000
148	-182.416608	0.150000	10.090000
149	-182.166608	0.152000	9.870000
150	-181.546608	0.152000	10.670000
151	-181.436608	0.152000	10.230000
152	-181.396608	0.154000	10.120000
153	-181.046608	0.156000	9.980000
154	-180.956608	0.156000	10.010000
155	-180.936608	0.156000	10.030000
156	-180.936608	0.158000	10.080000
157	-180.846608	0.160000	10.030000
158	-180.826608	0.160000	10.510000
159	-180.586608	0.162000	10.050000
160	-180.536608	0.164000	10.610000
161	-180.426608	0.164000	9.870000
162	-180.336608	0.166000	10.120000
163	-180.256608	0.166000	10.590000
164	-180.246608	0.166000	10.050000
165	-180.136608	0.168000	10.030000
166	-180.086608	0.168000	10.310000
167	-179.996608	0.170000	10.160000
168	-179.946608	0.170000	10.280000
169	-179.936608	0.172000	10.140000
170	-179.916608	0.174000	9.970000
171	-179.906608	0.176000	10.050000
172	-179.856608	0.176000	10.040000
173	-179.846608	0.176000	10.070000
174	-179.806608	0.177000	10.350000
175	-179.776608	0.179000	10.210000
176	-179.746608	0.181000	10.340000
177	-179.736608	0.179000	10.020000
178	-179.696608	0.181000	10.130000
179	-179.576608	0.183000	10.210000
180	-179.536608	0.183000	10.170000
181	-179.396608	0.183000	9.990000
182	-179.356608	0.185000	9.980000
183	-179.346608	0.187000	10.120000
184	-179.226608	0.187000	10.190000
185	-179.076608	0.187000	10.260000
186	-178.916608	0.189000	10.050000
187	-178.426608	0.191000	10.040000
188	-178.336608	0.191000	10.140000
189	-178.246608	0.193000	10.140000
190	-178.196608	0.195000	10.360000
191	-178.126608	0.195000	10.190000
192	-177.996608	0.197000	10.200000
193	-177.906608	0.199000	10.210000
194	-177.876608	0.199000	10.300000
195	-177.876608	0.201000	10.210000
196	-177.786608	0.203000	10.220000
197	-177.646608	0.203000	10.180000
198	-177.606608	0.203000	10.260000
199	-177.546608	0.205000	10.020000
200	-177.526608	0.205000	10.220000
201	-177.496608	0.207000	10.570000
202	-177.476608	0.207000	10.350000
203	-177.466608	0.209000	10.150000
204	-177.396608	0.211000	10.310000
205	-177.376608	0.211000	10.850000
206	-177.276608	0.213000	10.010000
207	-177.226608	0.213000	10.410000
208	-177.196608	0.213000	10.170000
209	-177.186608	0.215000	10.270000
210	-177.176608	0.215000	10.580000
211	-176.946608	0.217000	10.240000
212	-176.936608	0.218000	10.270000
213	-176.876608	0.218000	10.330000
214	-176.846608	0.220000	10.410000
215	-176.806608	0.220000	10.160000
216	-176.786608	0.220000	10.670000
217	-176.706608	0.222000	10.210000
218	-176.686608	0.222000	10.380000
219	-176.666608	0.224000	10.250000
220	-176.616608	0.226000	10.230000
221	-176.596608	0.226000	10.240000
222	-176.566608	0.228000	10.260000
223	-176.336608	0.228000	10.420000
224	-176.106608	0.228000	10.430000
225	-175.986608	0.230000	10.320000
226	-175.856608	0.230000	10.360000
227	-175.836608	0.232000	10.360000
228	-175.716608	0.232000	10.320000
229	-175.676608	0.236000	10.560000
230	-175.616608	0.236000	10.490000
231	-175.606608	0.236000	10.540000
232	-175.546608	0.238000	10.300000
233	-175.516608	0.238000	10.260000
234	-175.476608	0.240000	10.440000
235	-175.366608	0.242000	10.500000
236	-175.316608	0.242000	10.400000
237	-175.306608	0.244000	10.400000
238	-175.226608	0.244000	10.110000
239	-175.136608	0.246000	10.480000
240	-175.106608	0.246000	10.460000
241	-175.096608	0.246000	10.160000
242	-175.096608	0.248000	10.560000
243	-174.906608	0.250000	10.330000
244	-174.896608	0.250000	10.340000
245	-174.796608	0.252000	10.360000
246	-174.766608	0.252000	10.430000
247	-174.716608	0.252000	10.180000
248	-174.576608	0.254000	10.550000
249	-174.486608	0.254000	10.710000
250	-174.456608	0.256000	10.540000
251	-174.436608	0.258000	10.290000
252	-174.006608	0.258000	10.430000
253	-173.986608	0.259000	10.330000
254	-173.936608	0.259000	10.460000
255	-173.896608	0.259000	10.420000
256	-173.866608	0.261000	10.550000
257	-173.676608	0.261000	10.390000
258	-173.666608	0.263000	10.510000
259	-173.626608	0.263000	10.950000
260	-173.616608	0.265000	11.100000
261	-173.576608	0.265000	10.550000
262	-173.536608	0.267000	10.430000
263	-173.266608	0.267000	11.050000
264	-173.206608	0.269000	10.470000
265	-173.206608	0.269000	10.440000
266	-173.166608	0.271000	10.530000
267	-173.146608	0.273000	10.470000
268	-173.106608	0.273000	10.430000
269	-173.056608	0.275000	10.400000
270	-172.926608	0.275000	10.470000
271	-172.626608	0.277000	10.530000
272	-172.616608	0.281000	10.550000
273	-172.546608	0.281000	10.580000
274	-172.526608	0.281000	10.560000
275	-172.346608	0.283000	10.670000
276	-172.326608	0.285000	10.750000
277	-172.126608	0.285000	10.700000
278	-172.116608	0.285000	10.460000
279	-171.916608	0.287000	10.410000
280	-171.906608	0.289000	10.550000
281	-171.886608	0.289000	10.600000
282	-171.826608	0.291000	10.480000
283	-171.756608	0.291000	10.610000
284	-171.746608	0.291000	10.690000
285	-171.716608	0.293000	10.580000
286	-171.716608	0.293000	10.590000
287	-171.676608	0.295000	10.540000
288	-171.676608	0.297000	10.650000
289	-171.516608	0.295000	10.840000
290	-171.496608	0.297000	10.640000
291	-171.376608	0.299000	10.650000
292	-171.326608	0.300000	10.460000
293	-171.266608	0.300000	10.520000
294	-171.226608	0.300000	10.440000
295	-171.186608	0.302000	10.520000
296	-171.146608	0.304000	10.380000
297	-171.146608	0.304000	10.680000
298	-171.056608	0.306000	10.660000
299	-171.026608	0.306000	10.790000
300	-170.866608	0.306000	10.980000
301	-170.846608	0.308000	10.730000
302	-170.766608	0.310000	10.670000
303	-170.416608	0.310000	10.780000
304	-170.046608	0.312000	10.790000
305	-170.026608	0.312000	10.690000
306	-169.956608	0.312000	11.030000
307	-169.926608	0.314000	10.700000
308	-169.856608	0.316000	10.700000
309	-169.836608	0.316000	10.780000
310	-169.706608	0.316000	10.870000
311	-169.576608	0.318000	10.680000
312	-169.556608	0.320000	10.810000
313	-169.486608	0.320000	10.990000
314	-169.466608	0.322000	10.750000
315	-169.406608	0.322000	10.850000
316	-169.376608	0.322000	10.600000
317	-169.376608	0.324000	10.690000
318	-169.356608	0.324000	10.700000
319	-169.306608	0.326000	10.730000
320	-169.246608	0.326000	10.710000
321	-169.206608	0.328000	10.810000
322	-169.126608	0.328000	10.680000
323	-169.116608	0.330000	10.700000
324	-169.006608	0.332000	10.880000
325	-168.926608	0.332000	11.030000
326	-168.846608	0.332000	10.640000
327	-168.816608	0.334000	10.640000
328	-168.806608	0.336000	10.820000
329	-168.636608	0.338000	10.770000
330	-168.596608	0.336000	10.690000
331	-168.506608	0.338000	10.800000
332	-168.496608	0.340000	10.800000
333	-168.486608	0.340000	10.640000
334	-168.486608	0.340000	10.810000
335	-168.326608	0.342000	10.810000
336	-168.076608	0.343000	10.730000
337	-167.906608	0.343000	10.740000
338	-167.866608	0.343000	10.910000
339	-167.816608	0.345000	10.870000
340	-167.756608	0.347000	10.710000
341	-167.576608	0.347000	10.810000
342	-167.556608	0.347000	10.990000
343	-167.536608	0.349000	10.850000
344	-167.486608	0.351000	10.900000
345	-167.466608	0.351000	10.680000
346	-167.366608	0.353000	11.170000
347	-167.366608	0.353000	10.880000
348	-167.316608	0.353000	10.950000
349	-167.276608	0.355000	11.110000
350	-167.246608	0.355000	10.950000
351	-167.076608	0.357000	10.940000
352	-167.016608	0.359000	11.090000
353	-166.936608	0.359000	11.020000
354	-166.816608	0.361000	10.640000
355	-166.676608	0.363000	11.170000
356	-166.656608	0.365000	10.760000
357	-166.646608	0.365000	10.750000
358	-166.646608	0.369000	10.910000
359	-166.596608	0.369000	10.960000
360	-166.536608	0.369000	10.800000
361	-166.506608	0.369000	10.720000
362	-166.466608	0.371000	10.780000
363	-166.276608	0.373000	11.190000
364	-166.236608	0.375000	11.010000
365	-166.196608	0.375000	10.850000
366	-166.096608	0.377000	11.110000
367	-166.046608	0.377000	10.800000
368	-166.046608	0.377000	11.110000
369	-165.896608	0.379000	10.890000
370	-165.856608	0.381000	10.900000
371	-165.756608	0.381000	10.940000
372	-165.686608	0.384000	10.870000
373	-165.586608	0.384000	11.260000
374	-165.546608	0.384000	11.100000
375	-165.486608	0.384000	11.170000
376	-165.246608	0.386000	10.880000
377	-165.216608	0.386000	10.940000
378	-165.186608	0.388000	11.160000
379	-165.126608	0.390000	10.960000
380	-165.116608	0.388000	10.910000
381	-164.956608	0.390000	10.760000
382	-164.946608	0.392000	10.910000
383	-164.876608	0.394000	10.940000
384	-164.716608	0.394000	11.040000
385	-164.656608	0.394000	11.000000
386	-164.596608	0.396000	11.070000
387	-164.566608	0.398000	11.150000
388	-164.506608	0.398000	10.990000
389	-164.336608	0.400000	10.960000
390	-164.286608	0.400000	11.000000
391	-164.246608	0.400000	10.980000
392	-164.136608	0.402000	11.170000
393	-164.126608	0.404000	10.950000
394	-164.066608	0.406000	10.980000
395	-163.986608	0.406000	11.170000
396	-163.976608	0.408000	10.900000
397	-163.806608	0.408000	11.010000
398	-163.696608	0.408000	11.090000
399	-163.676608	0.410000	10.970000
400	-163.616608	0.410000	10.930000
401	-163.486608	0.412000	11.100000
402	-163.236608	0.414000	11.010000
403	-163.026608	0.414000	11.120000
404	-162.876608	0.416000	11.360000
405	-162.686608	0.416000	11.210000
406	-162.626608	0.416000	11.170000
407	-162.616608	0.418000	11.040000
408	-162.616608	0.418000	11.230000
409	-162.306608	0.420000	11.170000
410	-162.296608	0.422000	11.490000
411	-162.296608	0.420000	11.200000
412	-162.286608	0.424000	11.080000
413	-162.206608	0.424000	11.220000
414	-161.996608	0.426000	11.190000
415	-161.956608	0.426000	11.080000
416	-161.946608	0.427000	11.220000
417	-161.876608	0.429000	11.160000
418	-161.796608	0.429000	11.210000
419	-161.746608	0.431000	11.140000
420	-161.646608	0.431000	11.200000
421	-161.626608	0.431000	11.290000
422	-161.616608	0.433000	11.170000
423	-161.516608	0.435000	11.130000
424	-161.506608	0.437000	11.130000
425	-161.496608	0.437000	11.280000
426	-161.486608	0.439000	11.160000
427	-161.356608	0.439000	11.260000
428	-161.346608	0.439000	11.130000
429	-161.326608	0.441000	10.940000
430	-161.326608	0.441000	11.100000
431	-161.276608	0.443000	11.050000
432	-161.276608	0.445000	11.060000
433	-161.276608	0.445000	11.100000
434	-161.136608	0.447000	11.630000
435	-161.056608	0.449000	11.350000
436	-161.036608	0.449000	11.120000
437	-161.036608	0.451000	11.340000
438	-161.016608	0.453000	11.170000
439	-160.966608	0.453000	11.300000
440	-160.966608	0.453000	11.290000
441	-160.716608	0.455000	11.250000
442	-160.596608	0.455000	11.170000
443	-160.536608	0.457000	11.240000
444	-160.516608	0.457000	11.170000
445	-160.416608	0.459000	11.290000
446	-160.256608	0.461000	11.200000
447	-160.116608	0.461000	11.270000
448	-159.956608	0.463000	11.220000
449	-159.896608	0.463000	11.360000
450	-159.776608	0.465000	11.420000
451	-159.706608	0.465000	11.170000
452	-159.636608	0.467000	11.400000
453	-159.576608	0.468000	11.280000
454	-159.446608	0.468000	11.340000
455	-159.416608	0.470000	11.280000
456	-159.406608	0.470000	11.260000
457	-159.276608	0.472000	11.330000
458	-159.276608	0.472000	11.360000
459	-159.086608	0.472000	11.510000
460	-158.986608	0.474000	11.330000
461	-158.916608	0.474000	11.410000
462	-158.436608	0.478000	11.510000
463	-158.396608	0.478000	11.520000
464	-158.136608	0.478000	11.440000
465	-158.116608	0.480000	11.400000
466	-158.026608	0.480000	11.540000
467	-158.016608	0.482000	11.530000
468	-157.986608	0.484000	11.450000
469	-157.776608	0.484000	11.420000
470	-157.606608	0.484000	11.450000
471	-157.496608	0.486000	11.720000
472	-157.496608	0.488000	11.430000
473	-157.486608	0.488000	11.510000
474	-157.326608	0.488000	11.610000
475	-157.296608	0.490000	11.630000
476	-157.286608	0.492000	11.610000
477	-157.276608	0.492000	11.550000
478	-157.246608	0.494000	11.500000
479	-157.176608	0.494000	11.600000
480	-157.166608	0.494000	11.460000
481	-157.166608	0.496000	11.430000
482	-156.976608	0.498000	11.340000
483	-156.976608	0.500000	11.380000
484	-156.866608	0.500000	11.760000
485	-156.756608	0.500000	11.440000
486	-156.756608	0.502000	11.410000
487	-156.716608	0.504000	11.680000
488	-156.656608	0.504000	11.440000
489	-156.656608	0.504000	11.460000
490	-156.626608	0.506000	11.570000
491	-156.466608	0.506000	11.490000
492	-156.456608	0.508000	11.650000
493	-156.416608	0.509000	11.580000
494	-156.306608	0.509000	11.500000
495	-156.126608	0.509000	11.590000
496	-156.076608	0.511000	11.840000
497	-155.976608	0.511000	11.670000
498	-155.876608	0.513000	11.560000
499	-155.846608	0.515000	11.540000
500	-155.716608	0.515000	11.400000
501	-155.596608	0.515000	11.520000
502	-155.546608	0.517000	11.820000
503	-155.546608	0.519000	11.740000
504	-155.396608	0.519000	11.480000
505	-155.396608	0.519000	11.630000
506	-155.376608	0.521000	11.790000
507	-155.366608	0.523000	11.700000
508	-155.286608	0.523000	11.430000
509	-155.206608	0.525000	11.650000
510	-155.176608	0.525000	11.610000
511	-155.066608	0.525000	11.670000
512	-155.046608	0.529000	11.750000
513	-155.026608	0.531000	11.530000
514	-154.976608	0.533000	11.800000
515	-154.966608	0.533000	11.680000
516	-154.966608	0.535000	11.780000
517	-154.946608	0.535000	11.480000
518	-154.896608	0.535000	11.690000
519	-154.866608	0.537000	11.710000
520	-154.746608	0.537000	11.740000
521	-154.746608	0.539000	11.720000
522	-154.726608	0.539000	11.570000
523	-154.616608	0.541000	11.720000
524	-154.586608	0.541000	11.710000
525	-154.516608	0.543000	11.490000
526	-154.496608	0.543000	11.680000
527	-154.466608	0.545000	11.590000
528	-154.326608	0.545000	11.760000
529	-154.296608	0.545000	11.660000
530	-154.196608	0.549000	11.880000
531	-153.656608	0.549000	11.610000
532	-153.516608	0.550000	11.830000
533	-153.476608	0.550000	11.700000
534	-153.346608	0.552000	11.880000
535	-153.086608	0.554000	11.800000
536	-152.976608	0.554000	11.750000
537	-152.966608	0.556000	11.880000
538	-152.706608	0.556000	11.820000
539	-152.696608	0.558000	12.160000
540	-152.636608	0.558000	11.830000
541	-152.376608	0.560000	11.890000
542	-152.226608	0.562000	11.900000
543	-152.156608	0.562000	11.820000
544	-152.126608	0.564000	11.950000
545	-152.056608	0.564000	12.000000
546	-152.056608	0.566000	11.940000
547	-151.936608	0.566000	11.970000
548	-151.916608	0.566000	11.900000
549	-151.876608	0.568000	11.960000
550	-151.756608	0.568000	11.710000
551	-151.706608	0.572000	11.920000
552	-151.636608	0.572000	11.960000
553	-151.626608	0.572000	11.900000
554	-151.606608	0.574000	11.870000
555	-151.556608	0.574000	11.970000
556	-151.496608	0.576000	11.900000
557	-151.466608	0.578000	11.930000
558	-151.416608	0.578000	11.810000
559	-151.346608	0.580000	12.030000
560	-151.306608	0.580000	12.050000
561	-151.296608	0.582000	11.830000
562	-151.286608	0.582000	12.040000
563	-151.186608	0.582000	12.000000
564	-151.096608	0.584000	12.070000
565	-150.956608	0.586000	12.090000
566	-150.916608	0.586000	11.960000
567	-150.846608	0.588000	11.970000
568	-150.816608	0.588000	11.970000
569	-150.676608	0.588000	12.010000
570	-150.426608	0.590000	12.000000
571	-150.326608	0.592000	12.090000
572	-150.246608	0.593000	11.900000
573	-150.176608	0.593000	12.320000
574	-149.926608	0.595000	12.130000
575	-149.846608	0.595000	12.150000
576	-149.846608	0.595000	12.070000
577	-149.826608	0.597000	12.190000
578	-149.786608	0.597000	12.100000
579	-149.756608	0.599000	12.140000
580	-149.716608	0.599000	12.050000
581	-149.706608	0.601000	12.050000
582	-149.606608	0.603000	12.150000
583	-149.566608	0.603000	12.120000
584	-149.476608	0.603000	12.080000
585	-149.396608	0.605000	12.200000
586	-149.376608	0.605000	11.970000
587	-149.356608	0.607000	12.080000
588	-149.306608	0.609000	11.950000
589	-149.176608	0.609000	12.320000
590	-149.156608	0.609000	11.980000
591	-148.976608	0.611000	12.070000
592	-148.956608	0.613000	12.040000
593	-148.796608	0.615000	12.350000
594	-148.776608	0.617000	12.130000
595	-148.646608	0.617000	12.000000
596	-148.636608	0.619000	12.050000
597	-148.596608	0.619000	12.110000
598	-148.526608	0.619000	12.160000
599	-148.506608	0.621000	12.190000
600	-148.376608	0.621000	12.070000
601	-148.266608	0.623000	12.190000
602	-148.236608	0.625000	12.190000
603	-148.146608	0.625000	12.230000
604	-148.006608	0.627000	12.120000
605	-147.946608	0.629000	12.270000
606	-147.936608	0.629000	12.160000
607	-147.926608	0.629000	12.170000
608	-147.836608	0.631000	12.200000
609	-147.806608	0.633000	12.180000
610	-147.746608	0.633000	11.910000
611	-147.596608	0.633000	12.360000
612	-147.446608	0.634000	12.210000
613	-147.406608	0.634000	12.220000
614	-147.386608	0.636000	12.210000
615	-147.336608	0.636000	12.190000
616	-147.296608	0.638000	12.420000
617	-147.226608	0.640000	12.290000
618	-147.206608	0.640000	12.160000
619	-147.166608	0.640000	12.250000
620	-147.136608	0.642000	12.420000
621	-147.096608	0.644000	12.290000
622	-147.026608	0.644000	12.290000
623	-146.986608	0.646000	12.320000
624	-146.686608	0.648000	12.110000
625	-146.526608	0.648000	12.220000
626	-146.496608	0.650000	12.290000
627	-146.296608	0.650000	12.130000
628	-146.276608	0.650000	12.220000
629	-146.066608	0.652000	12.330000
630	-146.016608	0.652000	12.190000
631	-146.006608	0.654000	12.180000
632	-145.996608	0.656000	12.280000
633	-145.976608	0.656000	12.280000
634	-145.936608	0.656000	12.430000
635	-145.876608	0.658000	12.430000
636	-145.846608	0.660000	12.370000
637	-145.726608	0.660000	12.380000
638	-145.696608	0.660000	12.280000
639	-145.656608	0.662000	12.240000
640	-145.596608	0.664000	12.460000
641	-145.586608	0.664000	12.200000
642	-145.546608	0.664000	12.360000
643	-145.536608	0.666000	12.430000
644	-145.476608	0.666000	12.340000
645	-145.466608	0.668000	12.300000
646	-145.406608	0.668000	12.250000
647	-145.406608	0.670000	12.420000
648	-145.326608	0.672000	12.220000
649	-145.306608	0.672000	12.480000
650	-145.286608	0.670000	12.460000
651	-145.286608	0.674000	12.370000
652	-145.246608	0.676000	12.300000
653	-145.226608	0.676000	12.430000
654	-145.136608	0.676000	12.580000
655	-145.066608	0.677000	12.390000
656	-144.946608	0.679000	12.370000
657	-144.946608	0.679000	12.460000
658	-144.676608	0.681000	12.280000
659	-144.596608	0.681000	12.320000
660	-144.496608	0.681000	12.270000
661	-144.426608	0.683000	12.500000
662	-144.376608	0.683000	12.230000
663	-144.236608	0.685000	12.270000
664	-144.216608	0.687000	12.530000
665	-143.996608	0.687000	12.550000
666	-143.976608	0.687000	12.600000
667	-143.886608	0.689000	12.520000
668	-143.796608	0.691000	12.680000
669	-143.596608	0.691000	12.460000
670	-143.516608	0.693000	12.420000
671	-143.466608	0.693000	12.390000
672	-143.386608	0.693000	12.740000
673	-143.336608	0.695000	12.390000
674	-143.306608	0.697000	12.420000
675	-143.226608	0.699000	12.480000
676	-143.116608	0.699000	12.410000
677	-143.086608	0.701000	12.320000
678	-142.956608	0.703000	12.610000
679	-142.916608	0.703000	12.570000
680	-142.866608	0.705000	12.440000
681	-142.506608	0.705000	12.400000
682	-142.396608	0.705000	12.580000
683	-142.356608	0.707000	12.510000
684	-142.326608	0.707000	12.600000
685	-142.286608	0.709000	12.760000
686	-142.206608	0.711000	12.680000
687	-142.196608	0.711000	12.530000
688	-142.076608	0.713000	12.490000
689	-141.986608	0.713000	12.640000
690	-141.916608	0.713000	12.740000
691	-141.866608	0.715000	12.610000
692	-141.846608	0.715000	12.710000
693	-141.716608	0.717000	12.500000
694	-141.676608	0.718000	12.480000
695	-141.666608	0.720000	12.550000
696	-141.646608	0.720000	12.720000
697	-141.636608	0.720000	12.430000
698	-141.616608	0.722000	12.500000
699	-141.576608	0.722000	12.680000
700	-141.496608	0.724000	12.570000
701	-141.186608	0.726000	12.670000
702	-140.996608	0.726000	12.490000
703	-140.986608	0.726000	12.630000
704	-140.756608	0.728000	12.630000
705	-140.686608	0.728000	12.730000
706	-140.626608	0.730000	12.700000
707	-140.496608	0.730000	12.720000
708	-140.476608	0.732000	12.510000
709	-140.296608	0.734000	12.740000
710	-140.146608	0.734000	12.720000
711	-139.996608	0.736000	12.660000
712	-139.976608	0.736000	12.800000
713	-139.896608	0.738000	12.770000
714	-139.866608	0.738000	12.670000
715	-139.826608	0.738000	12.720000
716	-139.776608	0.740000	12.670000
717	-139.696608	0.742000	12.880000
718	-139.636608	0.742000	12.730000
719	-139.636608	0.744000	12.960000
720	-139.486608	0.744000	12.630000
721	-139.466608	0.746000	12.680000
722	-139.466608	0.746000	12.710000
723	-139.466608	0.746000	12.970000
724	-139.406608	0.748000	12.720000
725	-139.336608	0.750000	12.740000
726	-139.276608	0.752000	12.830000
727	-139.236608	0.752000	12.730000
728	-139.226608	0.752000	12.740000
729	-139.166608	0.754000	12.810000
730	-139.136608	0.754000	12.780000
731	-138.996608	0.756000	12.760000
732	-138.916608	0.758000	12.750000
733	-138.886608	0.758000	12.710000
734	-138.856608	0.759000	13.020000
735	-138.736608	0.759000	13.060000
736	-138.596608	0.759000	13.020000
737	-138.536608	0.761000	12.960000
738	-138.466608	0.761000	12.890000
739	-138.396608	0.763000	12.800000
740	-138.126608	0.763000	12.950000
741	-138.086608	0.765000	12.680000
742	-138.016608	0.767000	13.010000
743	-137.976608	0.767000	13.100000
744	-137.966608	0.769000	13.000000
745	-137.816608	0.769000	12.930000
746	-137.786608	0.771000	12.920000
747	-137.696608	0.773000	12.880000
748	-137.606608	0.773000	12.950000
749	-137.526608	0.775000	13.220000
750	-137.516608	0.775000	12.790000
751	-137.486608	0.777000	12.920000
752	-137.046608	0.777000	12.990000
753	-137.046608	0.781000	13.110000
754	-137.016608	0.781000	12.930000
755	-136.976608	0.783000	12.950000
756	-136.966608	0.785000	12.940000
757	-136.916608	0.785000	13.100000
758	-136.856608	0.785000	13.030000
759	-136.736608	0.787000	13.270000
760	-136.716608	0.789000	13.100000
761	-136.706608	0.789000	13.090000
762	-136.706608	0.789000	13.070000
763	-136.386608	0.791000	12.770000
764	-136.336608	0.793000	13.140000
765	-136.056608	0.793000	13.020000
766	-136.036608	0.793000	12.870000
767	-135.896608	0.795000	12.960000
768	-135.696608	0.797000	13.320000
769	-135.606608	0.797000	13.010000
770	-135.596608	0.797000	13.130000
771	-135.586608	0.799000	13.030000
772	-135.366608	0.800000	13.090000
773	-135.346608	0.800000	13.050000
774	-135.336608	0.802000	13.060000
775	-135.246608	0.804000	13.140000
776	-135.226608	0.804000	13.080000
777	-135.156608	0.806000	13.190000
778	-135.126608	0.806000	13.090000
779	-135.126608	0.806000	13.240000
780	-135.046608	0.808000	13.110000
781	-134.976608	0.808000	13.280000
782	-134.656608	0.810000	13.140000
783	-134.626608	0.810000	13.060000
784	-134.586608	0.812000	13.140000
785	-134.556608	0.814000	13.180000
786	-134.396608	0.816000	13.030000
787	-134.196608	0.816000	13.050000
788	-134.186608	0.816000	13.110000
789	-134.186608	0.818000	13.170000
790	-134.136608	0.820000	13.100000
791	-134.126608	0.820000	13.350000
792	-134.066608	0.822000	13.260000
793	-134.016608	0.822000	13.180000
794	-134.016608	0.824000	13.260000
795	-133.846608	0.824000	13.100000
796	-133.806608	0.826000	13.170000
797	-133.786608	0.826000	12.990000
798	-133.776608	0.826000	13.270000
799	-133.706608	0.828000	13.200000
800	-133.676608	0.830000	13.100000
801	-133.616608	0.830000	13.210000
802	-133.606608	0.832000	13.240000
803	-133.586608	0.834000	13.420000
804	-133.506608	0.836000	13.180000
805	-133.486608	0.836000	13.230000
806	-133.386608	0.838000	13.040000
807	-133.286608	0.838000	13.190000
808	-133.286608	0.838000	13.210000
809	-133.236608	0.840000	13.170000
810	-133.166608	0.840000	13.200000
811	-132.996608	0.842000	13.190000
812	-132.696608	0.843000	13.250000
813	-132.566608	0.843000	13.220000
814	-132.366608	0.843000	13.280000
815	-132.096608	0.845000	13.490000
816	-132.076608	0.847000	13.490000
817	-132.066608	0.847000	13.300000
818	-131.966608	0.847000	13.300000
819	-131.856608	0.849000	13.180000
820	-131.666608	0.851000	13.340000
821	-131.646608	0.851000	13.360000
822	-131.636608	0.853000	13.370000
823	-131.546608	0.853000	13.470000
824	-131.536608	0.855000	13.400000
825	-131.466608	0.855000	13.450000
826	-131.306608	0.857000	13.310000
827	-131.286608	0.859000	13.410000
828	-131.256608	0.859000	13.250000
829	-131.196608	0.859000	13.480000
830	-131.156608	0.861000	13.350000
831	-131.126608	0.865000	13.400000
832	-131.086608	0.867000	13.420000
833	-131.016608	0.867000	13.410000
834	-131.006608	0.869000	13.200000
835	-130.906608	0.869000	13.520000
836	-130.526608	0.869000	13.380000
837	-130.436608	0.871000	13.360000
838	-130.326608	0.873000	13.550000
839	-130.216608	0.873000	13.430000
840	-130.176608	0.873000	13.400000
841	-130.006608	0.877000	13.230000
842	-129.846608	0.877000	13.570000
843	-129.796608	0.877000	13.710000
844	-129.686608	0.879000	13.730000
845	-129.566608	0.879000	13.380000
846	-129.436608	0.881000	13.620000
847	-129.406608	0.883000	13.580000
848	-129.346608	0.883000	13.710000
849	-129.236608	0.884000	13.540000
850	-129.216608	0.884000	13.600000
851	-129.206608	0.886000	13.460000
852	-129.096608	0.886000	13.560000
853	-129.076608	0.886000	13.410000
854	-129.016608	0.888000	13.620000
855	-128.906608	0.890000	13.470000
856	-128.876608	0.890000	13.490000
857	-128.856608	0.892000	13.640000
858	-128.756608	0.892000	13.630000
859	-128.666608	0.892000	13.470000
860	-128.606608	0.894000	13.660000
861	-128.546608	0.894000	13.480000
862	-128.466608	0.896000	13.620000
863	-128.406608	0.898000	13.630000
864	-128.326608	0.898000	13.490000
865	-128.286608	0.900000	13.320000
866	-128.206608	0.900000	13.690000
867	-128.206608	0.900000	13.620000
868	-128.106608	0.902000	13.680000
869	-127.796608	0.904000	13.570000
870	-127.756608	0.904000	13.660000
871	-127.736608	0.904000	13.560000
872	-127.706608	0.908000	13.780000
873	-127.696608	0.908000	13.640000
874	-127.516608	0.908000	13.660000
875	-127.466608	0.910000	13.590000
876	-127.406608	0.910000	13.650000
877	-127.406608	0.912000	13.660000
878	-127.346608	0.914000	13.550000
879	-127.246608	0.914000	13.690000
880	-127.216608	0.914000	13.350000
881	-127.126608	0.916000	13.860000
882	-127.026608	0.918000	13.640000
883	-127.016608	0.918000	13.640000
884	-127.006608	0.918000	13.830000
885	-126.916608	0.920000	13.550000
886	-126.916608	0.922000	13.670000
887	-126.846608	0.922000	13.990000
888	-126.826608	0.924000	13.740000
889	-126.816608	0.924000	13.670000
890	-126.716608	0.924000	13.690000
891	-126.606608	0.926000	13.910000
892	-126.596608	0.926000	13.600000
893	-126.596608	0.927000	13.780000
894	-126.566608	0.929000	13.690000
895	-126.526608	0.929000	13.820000
896	-126.446608	0.931000	13.770000
897	-126.306608	0.931000	13.570000
898	-126.266608	0.931000	13.830000
899	-126.256608	0.933000	13.810000
900	-126.246608	0.933000	13.690000
901	-126.146608	0.935000	13.840000
902	-126.106608	0.937000	13.910000
903	-126.106608	0.939000	13.990000
904	-126.076608	0.939000	13.910000
905	-125.856608	0.939000	13.830000
906	-125.796608	0.941000	13.990000
907	-125.726608	0.941000	13.900000
908	-125.696608	0.943000	13.790000
909	-125.666608	0.945000	13.700000
910	-125.556608	0.945000	13.620000
911	-125.406608	0.947000	13.970000
912	-125.296608	0.949000	13.640000
913	-125.296608	0.949000	13.950000
914	-125.086608	0.951000	14.010000
915	-125.016608	0.953000	13.780000
916	-124.996608	0.953000	14.060000
917	-124.716608	0.953000	13.990000
918	-124.586608	0.955000	13.910000
919	-124.586608	0.957000	13.960000
920	-124.376608	0.957000	13.860000
921	-124.096608	0.957000	13.870000
922	-124.086608	0.963000	13.770000
923	-123.936608	0.961000	13.950000
924	-123.896608	0.963000	13.850000
925	-123.546608	0.963000	13.880000
926	-123.376608	0.963000	13.730000
927	-123.356608	0.965000	13.810000
928	-123.346608	0.965000	13.730000
929	-123.326608	0.967000	14.130000
930	-123.316608	0.968000	13.980000
931	-123.276608	0.970000	13.860000
932	-123.256608	0.970000	13.840000
933	-123.226608	0.972000	14.120000
934	-123.216608	0.972000	13.890000
935	-123.216608	0.972000	13.920000
936	-123.116608	0.974000	13.950000
937	-122.906608	0.978000	13.870000
938	-122.876608	0.976000	13.970000
939	-122.856608	0.978000	13.890000
940	-122.806608	0.978000	13.950000
941	-122.796608	0.980000	13.830000
942	-122.756608	0.980000	13.810000
943	-122.706608	0.982000	14.020000
944	-122.646608	0.984000	13.940000
945	-122.616608	0.984000	13.830000
946	-122.536608	0.984000	14.140000
947	-122.356608	0.986000	14.070000
948	-122.276608	0.988000	13.950000
949	-122.176608	0.988000	13.950000
950	-122.156608	0.990000	14.080000
951	-122.016608	0.992000	13.830000
952	-121.926608	0.992000	14.130000
953	-121.806608	0.994000	13.880000
954	-121.796608	0.994000	13.970000
955	-121.776608	0.994000	14.240000
956	-121.736608	0.996000	14.180000
957	-121.606608	0.996000	14.130000
958	-121.576608	0.998000	14.050000
959	-121.576608	0.998000	14.220000
960	-121.546608	1.000000	14.140000
961	-121.316608	1.000000	14.260000
962	-121.276608	1.002000	14.150000
963	-121.146608	1.004000	14.020000
964	-121.026608	1.004000	14.300000
965	-120.926608	1.004000	14.140000
966	-120.896608	1.006000	14.240000
967	-120.896608	1.008000	14.010000
968	-120.886608	1.008000	14.050000
969	-120.836608	1.009000	14.060000
970	-120.766608	1.011000	14.100000
971	-120.766608	1.011000	14.140000
972	-120.706608	1.011000	13.980000
973	-120.536608	1.013000	14.100000
974	-120.476608	1.015000	14.120000
975	-120.376608	1.015000	14.160000
976	-120.376608	1.015000	14.440000
977	-120.276608	1.017000	14.100000
978	-120.246608	1.019000	14.060000
979	-120.156608	1.019000	14.270000
980	-120.056608	1.019000	14.140000
981	-120.056608	1.021000	14.130000
982	-120.026608	1.023000	14.240000
983	-119.986608	1.023000	14.170000
984	-119.796608	1.025000	14.190000
985	-119.426608	1.025000	14.250000
986	-119.376608	1.025000	14.190000
987	-119.376608	1.027000	14.350000
988	-119.276608	1.027000	14.220000
989	-119.186608	1.029000	14.250000
990	-119.056608	1.033000	14.270000
991	-118.796608	1.033000	14.110000
992	-118.796608	1.035000	14.520000
993	-118.766608	1.035000	14.490000
994	-118.766608	1.037000	14.200000
995	-118.666608	1.039000	14.340000
996	-118.616608	1.039000	14.120000
997	-118.606608	1.041000	14.270000
998	-118.606608	1.041000	14.450000
999	-118.566608	1.041000	14.290000
1000	-118.476608	1.043000	14.320000
1001	-118.446608	1.043000	14.410000
1002	-118.406608	1.045000	14.360000
1003	-118.346608	1.047000	14.220000
1004	-118.346608	1.047000	14.400000
1005	-118.316608	1.049000	14.190000
1006	-118.316608	1.049000	14.480000
1007	-118.216608	1.049000	14.270000
1008	-117.856608	1.050000	14.240000
1009	-117.856608	1.050000	14.330000
1010	-117.536608	1.052000	14.600000
1011	-117.536608	1.054000	14.400000
1012	-117.466608	1.054000	14.150000
1013	-117.376608	1.056000	14.460000
1014	-117.316608	1.056000	14.360000
1015	-117.276608	1.056000	14.440000
1016	-117.216608	1.058000	14.130000
1017	-117.156608	1.058000	14.450000
1018	-117.146608	1.060000	14.350000
1019	-117.076608	1.062000	14.300000
1020	-117.026608	1.062000	14.460000
1021	-117.016608	1.064000	14.230000
1022	-116.956608	1.064000	14.450000
1023	-116.896608	1.066000	14.370000
1024	-116.826608	1.066000	14.460000
1025	-116.756608	1.068000	14.210000
1026	-116.756608	1.070000	14.340000
1027	-116.726608	1.070000	14.360000
1028	-116.506608	1.070000	14.540000
1029	-116.306608	1.072000	14.240000
1030	-115.786608	1.074000	14.460000
1031	-115.596608	1.074000	14.450000
1032	-115.586608	1.076000	14.540000
1033	-115.476608	1.078000	14.470000
1034	-115.436608	1.078000	14.580000
1035	-114.966608	1.080000	14.550000
1036	-114.966608	1.080000	14.760000
1037	-114.916608	1.080000	14.500000
1038	-114.886608	1.082000	14.490000
1039	-114.816608	1.082000	14.450000
1040	-114.776608	1.084000	14.670000
1041	-114.766608	1.086000	14.580000
1042	-114.756608	1.086000	14.480000
1043	-114.656608	1.088000	14.560000
1044	-114.636608	1.088000	14.580000
1045	-114.586608	1.088000	14.490000
1046	-114.436608	1.090000	14.580000
1047	-114.436608	1.090000	14.520000
1048	-114.206608	1.092000	14.660000
1049	-114.156608	1.093000	14.760000
1050	-114.086608	1.095000	14.500000
1051	-114.076608	1.095000	14.370000
1052	-114.056608	1.095000	14.720000
1053	-114.026608	1.097000	14.470000
1054	-113.996608	1.097000	14.610000
1055	-113.956608	1.099000	14.840000
1056	-113.916608	1.101000	14.540000
1057	-113.886608	1.101000	14.600000
1058	-113.886608	1.103000	14.710000
1059	-113.796608	1.103000	14.730000
1060	-113.786608	1.105000	14.470000
1061	-113.746608	1.105000	14.610000
1062	-113.676608	1.107000	14.780000
1063	-113.656608	1.109000	14.720000
1064	-113.526608	1.109000	14.700000
1065	-113.446608	1.111000	14.710000
1066	-113.426608	1.111000	14.630000
1067	-113.406608	1.111000	14.670000
1068	-113.266608	1.115000	14.690000
1069	-113.126608	1.115000	14.790000
1070	-112.766608	1.117000	14.620000
1071	-112.636608	1.119000	14.610000
1072	-112.476608	1.119000	14.630000
1073	-112.456608	1.119000	14.740000
1074	-112.376608	1.121000	14.730000
1075	-112.356608	1.121000	14.810000
1076	-112.326608	1.123000	14.780000
1077	-112.306608	1.125000	14.560000
1078	-112.226608	1.125000	14.690000
1079	-112.186608	1.125000	14.610000
1080	-112.146608	1.127000	14.650000
1081	-112.146608	1.129000	14.820000
1082	-112.066608	1.129000	14.640000
1083	-111.996608	1.129000	14.660000
1084	-111.986608	1.131000	14.670000
1085	-111.976608	1.133000	14.800000
1086	-111.686608	1.133000	14.640000
1087	-111.606608	1.134000	14.690000
1088	-111.586608	1.134000	14.730000
1089	-111.576608	1.134000	14.690000
1090	-111.576608	1.136000	14.720000
1091	-111.316608	1.136000	14.750000
1092	-111.136608	1.138000	14.890000
1093	-110.896608	1.140000	14.770000
1094	-110.836608	1.140000	15.000000
1095	-110.816608	1.140000	14.750000
1096	-110.816608	1.142000	14.810000
1097	-110.766608	1.144000	14.780000
1098	-110.486608	1.144000	14.750000
1099	-110.386608	1.144000	14.850000
1100	-110.366608	1.146000	14.830000
1101	-110.356608	1.148000	14.740000
1102	-110.356608	1.148000	14.900000
1103	-110.296608	1.150000	14.910000
1104	-110.296608	1.150000	14.950000
1105	-110.226608	1.150000	14.940000
1106	-109.996608	1.152000	15.010000
1107	-109.976608	1.152000	14.780000
1108	-109.966608	1.154000	14.870000
1109	-109.936608	1.156000	14.800000
1110	-109.896608	1.156000	14.810000
1111	-109.836608	1.158000	14.790000
1112	-109.516608	1.160000	14.910000
1113	-109.436608	1.160000	14.760000
1114	-109.416608	1.160000	14.870000
1115	-109.356608	1.162000	15.090000
1116	-109.336608	1.164000	14.850000
1117	-109.326608	1.164000	15.010000
1118	-109.246608	1.166000	14.900000
1119	-109.136608	1.166000	15.190000
1120	-109.026608	1.168000	15.180000
1121	-108.926608	1.168000	14.990000
1122	-108.896608	1.170000	15.110000
1123	-108.636608	1.172000	15.050000
1124	-108.476608	1.172000	15.030000
1125	-108.446608	1.172000	15.050000
1126	-108.296608	1.174000	14.970000
1127	-108.276608	1.176000	15.020000
1128	-108.206608	1.176000	15.020000
1129	-108.136608	1.176000	14.950000
1130	-108.136608	1.177000	15.150000
1131	-108.086608	1.179000	15.030000
1132	-107.956608	1.179000	15.010000
1133	-107.916608	1.181000	15.050000
1134	-107.696608	1.181000	14.960000
1135	-107.666608	1.181000	15.040000
1136	-107.556608	1.183000	15.150000
1137	-107.506608	1.183000	15.270000
1138	-107.446608	1.185000	15.080000
1139	-107.326608	1.185000	15.100000
1140	-107.286608	1.187000	15.020000
1141	-107.266608	1.187000	14.960000
1142	-107.236608	1.189000	15.060000
1143	-107.166608	1.191000	15.120000
1144	-107.066608	1.191000	14.860000
1145	-107.016608	1.191000	15.030000
1146	-106.686608	1.193000	15.190000
1147	-106.586608	1.195000	15.150000
1148	-106.516608	1.195000	15.080000
1149	-106.416608	1.197000	15.110000
1150	-106.296608	1.199000	15.190000
1151	-106.106608	1.201000	15.230000
1152	-106.016608	1.203000	15.130000
1153	-106.016608	1.203000	15.060000
1154	-105.926608	1.205000	15.230000
1155	-105.856608	1.205000	15.090000
1156	-105.796608	1.205000	15.330000
1157	-105.786608	1.207000	15.180000
1158	-105.776608	1.209000	14.970000
1159	-105.676608	1.209000	15.250000
1160	-105.666608	1.211000	15.200000
1161	-105.596608	1.211000	15.210000
1162	-105.376608	1.213000	15.260000
1163	-105.356608	1.213000	15.310000
1164	-105.206608	1.213000	15.170000
1165	-105.206608	1.215000	15.330000
1166	-105.166608	1.215000	15.280000
1167	-105.096608	1.217000	15.280000
1168	-105.016608	1.217000	15.260000
1169	-105.006608	1.218000	15.190000
1170	-105.006608	1.218000	15.250000
1171	-104.916608	1.220000	15.360000
1172	-104.886608	1.222000	15.310000
1173	-104.746608	1.222000	15.450000
1174	-104.736608	1.222000	15.090000
1175	-104.676608	1.224000	15.220000
1176	-104.606608	1.226000	15.280000
1177	-104.576608	1.226000	15.460000
1178	-104.456608	1.228000	15.370000
1179	-104.416608	1.228000	15.260000
1180	-104.396608	1.228000	15.330000
1181	-104.376608	1.230000	15.200000
1182	-104.216608	1.232000	15.190000
1183	-104.106608	1.232000	15.560000
1184	-104.036608	1.234000	15.440000
1185	-103.966608	1.234000	15.370000
1186	-103.916608	1.236000	15.290000
1187	-103.816608	1.236000	15.460000
1188	-103.746608	1.236000	15.330000
1189	-103.506608	1.238000	15.150000
1190	-103.326608	1.238000	15.390000
1191	-103.306608	1.240000	15.340000
1192	-103.136608	1.242000	15.360000
1193	-103.106608	1.242000	15.340000
1194	-103.106608	1.244000	15.510000
1195	-103.096608	1.244000	15.270000
1196	-103.056608	1.244000	15.280000
1197	-102.966608	1.246000	15.270000
1198	-102.926608	1.246000	15.470000
1199	-102.906608	1.248000	15.390000
1200	-102.706608	1.248000	15.490000
1201	-102.656608	1.248000	15.520000
1202	-102.506608	1.252000	15.210000
1203	-102.426608	1.252000	15.330000
1204	-102.336608	1.254000	15.420000
1205	-102.296608	1.254000	15.530000
1206	-102.216608	1.256000	15.440000
1207	-102.046608	1.258000	15.390000
1208	-102.036608	1.258000	15.490000
1209	-102.026608	1.259000	15.430000
1210	-101.876608	1.259000	15.610000
1211	-101.816608	1.259000	15.460000
1212	-101.756608	1.261000	15.500000
1213	-101.596608	1.263000	15.500000
1214	-101.516608	1.265000	15.450000
1215	-101.506608	1.265000	15.390000
1216	-101.476608	1.267000	15.550000
1217	-101.476608	1.267000	15.680000
1218	-101.336608	1.267000	15.510000
1219	-101.276608	1.269000	15.350000
1220	-101.246608	1.269000	15.640000
1221	-101.236608	1.271000	15.340000
1222	-101.086608	1.273000	15.570000
1223	-100.816608	1.273000	15.640000
1224	-100.666608	1.275000	15.330000
1225	-100.656608	1.275000	15.620000
1226	-100.656608	1.275000	15.670000
1227	-100.636608	1.277000	15.700000
1228	-100.616608	1.281000	15.570000
1229	-100.556608	1.281000	15.600000
1230	-100.526608	1.281000	15.530000
1231	-100.456608	1.283000	15.520000
1232	-100.426608	1.285000	15.480000
1233	-100.416608	1.285000	15.590000
1234	-100.326608	1.285000	15.680000
1235	-100.246608	1.287000	15.650000
1236	-100.226608	1.289000	15.570000
1237	-100.216608	1.289000	15.600000
1238	-100.106608	1.291000	15.770000
1239	-100.056608	1.291000	15.350000
1240	-100.056608	1.293000	15.810000
1241	-99.856608	1.293000	15.770000
1242	-99.846608	1.293000	15.740000
1243	-99.736608	1.295000	15.600000
1244	-99.646608	1.297000	15.670000
1245	-99.646608	1.297000	15.630000
1246	-99.586608	1.297000	15.740000
1247	-99.586608	1.299000	15.870000
1248	-99.536608	1.300000	15.760000
1249	-99.526608	1.300000	15.600000
1250	-99.366608	1.300000	15.660000
1251	-99.346608	1.302000	15.700000
1252	-99.216608	1.302000	15.680000
1253	-99.136608	1.304000	15.720000
1254	-98.616608	1.306000	15.800000
1255	-98.476608	1.306000	15.750000
1256	-98.356608	1.306000	15.600000
1257	-98.196608	1.308000	15.390000
1258	-98.166608	1.308000	15.960000
1259	-98.166608	1.310000	15.900000
1260	-98.116608	1.312000	15.770000
1261	-98.116608	1.312000	15.900000
1262	-98.096608	1.312000	15.680000
1263	-98.036608	1.316000	15.730000
1264	-97.986608	1.316000	15.730000
1265	-97.776608	1.316000	15.830000
1266	-97.646608	1.318000	15.790000
1267	-97.626608	1.320000	15.860000
1268	-97.606608	1.320000	15.850000
1269	-97.586608	1.322000	15.770000
1270	-97.586608	1.322000	15.740000
1271	-97.556608	1.322000	15.910000
1272	-97.456608	1.324000	15.830000
1273	-97.416608	1.324000	15.760000
1274	-97.356608	1.326000	15.920000
1275	-97.336608	1.328000	15.790000
1276	-97.306608	1.328000	15.770000
1277	-97.296608	1.328000	15.770000
1278	-96.966608	1.330000	15.740000
1279	-96.966608	1.332000	15.710000
1280	-96.806608	1.332000	15.670000
1281	-96.696608	1.332000	15.880000
1282	-96.546608	1.334000	15.850000
1283	-96.506608	1.334000	15.810000
1284	-96.456608	1.336000	15.930000
1285	-96.396608	1.338000	15.810000
1286	-96.296608	1.338000	15.660000
1287	-96.246608	1.338000	15.810000
1288	-96.196608	1.340000	15.750000
1289	-96.026608	1.340000	15.860000
1290	-96.016608	1.342000	16.030000
1291	-95.996608	1.343000	15.840000
1292	-95.946608	1.343000	15.770000
1293	-95.946608	1.343000	15.740000
1294	-95.946608	1.347000	15.860000
1295	-95.846608	1.347000	15.980000
1296	-95.766608	1.347000	15.580000
1297	-95.646608	1.349000	15.740000
1298	-95.636608	1.353000	16.000000
1299	-95.626608	1.353000	15.650000
1300	-95.546608	1.353000	15.820000
1301	-95.496608	1.353000	16.050000
1302	-95.426608	1.355000	15.720000
1303	-95.336608	1.355000	16.100000
1304	-95.246608	1.355000	15.980000
1305	-94.986608	1.357000	15.880000
1306	-94.976608	1.357000	16.170000
1307	-94.966608	1.357000	15.740000
1308	-94.966608	1.361000	15.890000
1309	-94.896608	1.361000	15.920000
1310	-94.806608	1.363000	15.980000
1311	-94.716608	1.365000	16.080000
1312	-94.446608	1.365000	15.890000
1313	-94.406608	1.367000	15.940000
1314	-94.266608	1.367000	16.210000
1315	-94.166608	1.369000	16.080000
1316	-94.086608	1.369000	16.150000
1317	-94.046608	1.371000	16.030000
1318	-93.996608	1.371000	16.170000
1319	-93.986608	1.373000	15.880000
1320	-93.926608	1.375000	16.080000
1321	-93.876608	1.375000	15.850000
1322	-93.816608	1.377000	15.990000
1323	-93.816608	1.377000	15.940000
1324	-93.686608	1.379000	16.190000
1325	-93.646608	1.379000	16.120000
1326	-93.536608	1.379000	16.050000
1327	-93.486608	1.381000	15.980000
1328	-93.476608	1.383000	16.150000
1329	-93.446608	1.383000	16.060000
1330	-93.426608	1.384000	16.100000
1331	-93.416608	1.384000	16.090000
1332	-93.216608	1.384000	16.000000
1333	-92.766608	1.386000	16.210000
1334	-92.756608	1.386000	16.160000
1335	-92.716608	1.390000	16.070000
1336	-92.646608	1.390000	16.120000
1337	-92.076608	1.392000	16.160000
1338	-92.056608	1.392000	16.290000
1339	-92.036608	1.392000	16.080000
1340	-91.906608	1.394000	16.140000
1341	-91.866608	1.394000	16.070000
1342	-91.866608	1.396000	16.050000
1343	-91.836608	1.396000	16.130000
1344	-91.836608	1.398000	16.080000
1345	-91.836608	1.398000	16.160000
1346	-91.816608	1.400000	16.080000
1347	-91.766608	1.400000	16.190000
1348	-91.756608	1.402000	16.100000
1349	-91.706608	1.402000	16.210000
1350	-91.626608	1.404000	16.300000
1351	-91.536608	1.406000	16.250000
1352	-91.316608	1.406000	16.290000
1353	-91.276608	1.408000	16.140000
1354	-91.236608	1.408000	16.210000
1355	-91.176608	1.410000	16.160000
1356	-91.026608	1.410000	16.230000
1357	-90.916608	1.412000	16.450000
1358	-90.796608	1.414000	16.180000
1359	-90.606608	1.414000	16.210000
1360	-90.596608	1.416000	16.140000
1361	-90.536608	1.416000	16.200000
1362	-90.396608	1.418000	16.250000
1363	-90.196608	1.418000	16.120000
1364	-90.076608	1.418000	16.080000
1365	-90.076608	1.420000	16.400000
1366	-89.996608	1.422000	16.420000
1367	-89.916608	1.422000	16.330000
1368	-89.626608	1.424000	16.150000
1369	-89.606608	1.424000	16.250000
1370	-89.596608	1.424000	16.300000
1371	-89.556608	1.426000	15.010000
1372	-89.486608	1.426000	16.430000
1373	-89.296608	1.427000	16.230000
1374	-89.256608	1.427000	16.410000
1375	-89.216608	1.429000	16.410000
1376	-89.016608	1.431000	15.030000
1377	-89.016608	1.431000	15.180000
1378	-88.806608	1.433000	15.140000
1379	-88.766608	1.433000	15.440000
1380	-88.736608	1.435000	16.210000
1381	-88.646608	1.437000	16.240000
1382	-88.646608	1.437000	15.300000
1383	-88.626608	1.439000	14.860000
1384	-88.536608	1.439000	15.160000
1385	-88.476608	1.441000	15.190000
1386	-88.426608	1.441000	15.300000
1387	-88.326608	1.441000	15.020000
1388	-88.326608	1.443000	15.100000
1389	-88.156608	1.445000	15.000000
1390	-88.116608	1.445000	15.130000
1391	-88.056608	1.447000	16.270000
1392	-88.056608	1.449000	15.100000
1393	-87.886608	1.449000	15.090000
1394	-87.866608	1.451000	15.150000
1395	-87.786608	1.453000	15.610000
1396	-87.676608	1.453000	15.020000
1397	-87.636608	1.455000	15.240000
1398	-87.566608	1.457000	15.270000
1399	-87.326608	1.457000	15.290000
1400	-87.266608	1.457000	15.260000
1401	-87.256608	1.459000	15.210000
1402	-87.206608	1.461000	15.160000
1403	-87.096608	1.463000	15.320000
1404	-87.066608	1.461000	15.210000
1405	-87.026608	1.463000	15.380000
1406	-87.016608	1.463000	15.260000
1407	-86.966608	1.465000	15.280000
1408	-86.956608	1.465000	15.270000
1409	-86.946608	1.467000	15.340000
1410	-86.906608	1.468000	15.170000
1411	-86.766608	1.468000	15.090000
1412	-86.686608	1.468000	15.170000
1413	-86.636608	1.470000	15.110000
1414	-86.536608	1.470000	15.170000
1415	-86.286608	1.472000	15.330000
1416	-86.276608	1.474000	15.340000
1417	-86.206608	1.474000	15.240000
1418	-86.166608	1.476000	15.360000
1419	-86.146608	1.476000	15.230000
1420	-86.026608	1.478000	15.430000
1421	-85.966608	1.478000	15.270000
1422	-85.836608	1.478000	15.330000
1423	-85.796608	1.480000	15.180000
1424	-85.776608	1.480000	15.190000
1425	-85.496608	1.482000	15.350000
1426	-85.376608	1.484000	15.320000
1427	-85.356608	1.484000	15.300000
1428	-85.246608	1.484000	15.490000
1429	-85.246608	1.486000	15.390000
1430	-85.196608	1.488000	15.330000
1431	-85.186608	1.488000	15.330000
1432	-85.186608	1.488000	15.520000
1433	-85.156608	1.490000	15.450000
1434	-85.146608	1.492000	15.430000
1435	-85.106608	1.492000	15.710000
1436	-85.056608	1.492000	15.330000
1437	-85.016608	1.494000	15.240000
1438	-84.966608	1.494000	15.460000
1439	-84.926608	1.496000	15.250000
1440	-84.856608	1.496000	15.520000
1441	-84.626608	1.498000	15.400000
1442	-84.556608	1.500000	15.360000
1443	-84.466608	1.500000	15.340000
1444	-84.276608	1.500000	15.440000
1445	-84.276608	1.502000	15.380000
1446	-84.176608	1.502000	15.420000
1447	-83.926608	1.504000	15.390000
1448	-83.856608	1.504000	15.450000
1449	-83.816608	1.506000	15.550000
1450	-83.746608	1.508000	15.470000
1451	-83.716608	1.508000	15.400000
1452	-83.636608	1.509000	15.650000
1453	-83.636608	1.509000	15.550000
1454	-83.566608	1.509000	15.560000
1455	-83.396608	1.511000	15.450000
1456	-83.366608	1.511000	15.530000
1457	-83.316608	1.513000	15.300000
1458	-83.136608	1.515000	15.600000
1459	-83.096608	1.515000	15.350000
1460	-83.086608	1.515000	15.500000
1461	-83.026608	1.517000	15.680000
1462	-82.896608	1.519000	15.650000
1463	-82.856608	1.519000	15.490000
1464	-82.796608	1.519000	15.660000
1465	-82.776608	1.521000	15.530000
1466	-82.776608	1.521000	15.610000
1467	-82.726608	1.523000	15.720000
1468	-82.706608	1.523000	15.470000
1469	-82.656608	1.525000	15.700000
1470	-82.626608	1.525000	15.500000
1471	-82.616608	1.527000	15.700000
1472	-82.236608	1.527000	15.610000
1473	-82.116608	1.531000	15.590000
1474	-81.966608	1.533000	15.410000
1475	-81.916608	1.533000	15.890000
1476	-81.826608	1.533000	15.550000
1477	-81.816608	1.535000	15.610000
1478	-81.686608	1.537000	15.530000
1479	-81.466608	1.539000	15.700000
1480	-81.456608	1.539000	15.500000
1481	-81.426608	1.541000	15.560000
1482	-81.376608	1.541000	15.630000
1483	-81.356608	1.541000	15.330000
1484	-81.296608	1.543000	15.710000
1485	-81.236608	1.545000	15.510000
1486	-81.136608	1.545000	15.800000
1487	-81.116608	1.547000	15.620000
1488	-81.056608	1.547000	15.600000
1489	-81.036608	1.549000	15.600000
1490	-80.796608	1.549000	15.530000
1491	-80.756608	1.549000	15.560000
1492	-80.756608	1.550000	15.560000
1493	-80.736608	1.550000	15.760000
1494	-80.586608	1.552000	15.570000
1495	-80.576608	1.554000	15.680000
1496	-80.486608	1.554000	15.680000
1497	-80.366608	1.554000	15.510000
1498	-80.266608	1.556000	15.770000
1499	-80.246608	1.558000	15.640000
1500	-79.956608	1.558000	15.530000
1501	-79.846608	1.558000	15.860000
1502	-79.776608	1.560000	15.680000
1503	-79.656608	1.560000	15.810000
1504	-79.516608	1.560000	15.660000
1505	-79.026608	1.564000	15.750000
1506	-78.986608	1.564000	15.710000
1507	-78.936608	1.566000	15.770000
1508	-78.926608	1.566000	15.690000
1509	-78.866608	1.568000	15.920000
1510	-78.826608	1.570000	15.700000
1511	-78.776608	1.570000	15.810000
1512	-78.626608	1.572000	15.750000
1513	-78.606608	1.572000	15.650000
1514	-78.606608	1.572000	15.770000
1515	-78.566608	1.574000	15.830000
1516	-78.496608	1.574000	15.790000
1517	-78.336608	1.576000	15.900000
1518	-78.246608	1.578000	15.820000
1519	-78.246608	1.578000	15.810000
1520	-78.206608	1.580000	15.740000
1521	-78.156608	1.580000	15.860000
1522	-78.116608	1.580000	16.050000
1523	-77.976608	1.582000	16.040000
1524	-77.946608	1.582000	15.960000
1525	-77.916608	1.584000	16.030000
1526	-77.866608	1.586000	15.840000
1527	-77.756608	1.588000	15.900000
1528	-77.746608	1.586000	15.950000
1529	-77.636608	1.588000	15.910000
1530	-77.486608	1.588000	15.940000
1531	-77.406608	1.590000	15.860000
1532	-77.306608	1.590000	15.900000
1533	-77.186608	1.592000	15.980000
1534	-77.166608	1.593000	15.810000
1535	-77.166608	1.593000	16.040000
1536	-77.086608	1.595000	15.890000
1537	-76.906608	1.595000	16.030000
1538	-76.856608	1.595000	15.910000
1539	-76.816608	1.597000	15.860000
1540	-76.726608	1.599000	15.830000
1541	-76.666608	1.601000	15.850000
1542	-76.606608	1.601000	15.920000
1543	-76.576608	1.603000	16.010000
1544	-76.526608	1.603000	15.900000
1545	-76.386608	1.603000	15.910000
1546	-76.206608	1.605000	16.080000
1547	-76.196608	1.605000	15.920000
1548	-76.166608	1.607000	15.930000
1549	-76.166608	1.609000	15.810000
1550	-76.156608	1.609000	15.900000
1551	-76.146608	1.611000	16.060000
1552	-76.136608	1.611000	16.030000
1553	-76.116608	1.611000	15.900000
1554	-76.046608	1.615000	16.030000
1555	-76.006608	1.617000	15.990000
1556	-75.976608	1.617000	16.030000
1557	-75.916608	1.619000	15.840000
1558	-75.836608	1.619000	15.960000
1559	-75.726608	1.621000	16.190000
1560	-75.616608	1.621000	15.930000
1561	-75.506608	1.623000	16.030000
1562	-75.356608	1.625000	15.990000
1563	-75.176608	1.625000	16.010000
1564	-75.016608	1.625000	16.090000
1565	-74.916608	1.627000	15.990000
1566	-74.786608	1.629000	16.050000
1567	-74.666608	1.629000	16.230000
1568	-74.616608	1.629000	15.960000
1569	-74.586608	1.631000	16.210000
1570	-74.506608	1.633000	16.110000
1571	-74.476608	1.633000	16.010000
1572	-74.456608	1.634000	16.040000
1573	-74.396608	1.634000	16.140000
1574	-74.396608	1.634000	16.130000
1575	-74.286608	1.636000	16.240000
1576	-74.256608	1.636000	15.990000
1577	-74.236608	1.638000	16.080000
1578	-74.176608	1.638000	16.010000
1579	-74.176608	1.640000	15.900000
1580	-74.176608	1.640000	16.180000
1581	-74.136608	1.642000	16.150000
1582	-73.986608	1.644000	16.120000
1583	-73.976608	1.644000	16.150000
1584	-73.966608	1.644000	16.150000
1585	-73.956608	1.646000	16.170000
1586	-73.846608	1.648000	16.210000
1587	-73.786608	1.648000	16.040000
1588	-73.606608	1.650000	16.010000
1589	-73.596608	1.650000	16.060000
1590	-73.336608	1.652000	16.050000
1591	-73.216608	1.652000	16.180000
1592	-73.176608	1.652000	16.260000
1593	-73.146608	1.654000	16.180000
1594	-73.066608	1.656000	16.180000
1595	-73.016608	1.656000	16.220000
1596	-73.006608	1.656000	16.060000
1597	-72.916608	1.658000	16.160000
1598	-72.896608	1.660000	16.200000
1599	-72.776608	1.660000	16.180000
1600	-72.766608	1.662000	16.060000
1601	-72.546608	1.664000	16.240000
1602	-72.366608	1.664000	16.180000
1603	-72.336608	1.666000	16.280000
1604	-72.166608	1.666000	16.210000
1605	-72.146608	1.666000	16.160000
1606	-72.116608	1.668000	16.300000
1607	-72.096608	1.668000	16.300000
1608	-72.076608	1.670000	16.220000
1609	-72.066608	1.670000	16.060000
1610	-72.026608	1.672000	16.130000
1611	-71.586608	1.672000	16.450000
1612	-71.576608	1.674000	16.410000
1613	-71.546608	1.676000	16.430000
1614	-71.396608	1.676000	16.320000
1615	-71.106608	1.676000	16.430000
1616	-70.956608	1.677000	16.300000
1617	-70.946608	1.679000	16.230000
1618	-70.786608	1.679000	16.340000
1619	-70.776608	1.679000	16.340000
1620	-70.736608	1.681000	16.410000
1621	-70.666608	1.683000	16.420000
1622	-70.636608	1.683000	16.250000
1623	-70.636608	1.683000	16.420000
1624	-70.626608	1.685000	16.400000
1625	-70.456608	1.687000	16.320000
1626	-70.406608	1.687000	16.460000
1627	-70.296608	1.687000	16.600000
1628	-70.206608	1.689000	16.400000
1629	-70.206608	1.691000	16.490000
1630	-70.056608	1.691000	16.390000
1631	-70.036608	1.691000	16.270000
1632	-70.026608	1.693000	16.300000
1633	-69.896608	1.695000	16.380000
1634	-69.856608	1.695000	16.290000
1635	-69.846608	1.697000	16.460000
1636	-69.816608	1.699000	16.530000
1637	-69.766608	1.699000	16.240000
1638	-69.676608	1.701000	16.170000
1639	-69.636608	1.703000	16.320000
1640	-69.616608	1.703000	16.350000
1641	-69.456608	1.705000	16.230000
1642	-69.446608	1.705000	16.450000
1643	-69.316608	1.707000	16.420000
1644	-69.296608	1.707000	16.500000
1645	-69.076608	1.709000	16.620000
1646	-68.986608	1.711000	16.470000
1647	-68.876608	1.711000	16.460000
1648	-68.866608	1.713000	16.430000
1649	-68.846608	1.713000	16.250000
1650	-68.706608	1.713000	16.480000
1651	-68.586608	1.715000	16.420000
1652	-68.536608	1.715000	16.420000
1653	-68.536608	1.717000	16.630000
1654	-68.516608	1.718000	16.470000
1655	-68.376608	1.718000	16.430000
1656	-68.026608	1.720000	16.530000
1657	-67.996608	1.720000	16.670000
1658	-67.986608	1.720000	16.610000
1659	-67.876608	1.722000	16.660000
1660	-67.846608	1.722000	16.410000
1661	-67.846608	1.726000	16.540000
1662	-67.766608	1.726000	16.660000
1663	-67.736608	1.728000	16.590000
1664	-67.726608	1.728000	16.540000
1665	-67.716608	1.728000	16.620000
1666	-67.706608	1.730000	16.520000
1667	-67.606608	1.730000	16.560000
1668	-67.606608	1.732000	16.720000
1669	-67.196608	1.734000	16.460000
1670	-66.986608	1.734000	16.560000
1671	-66.956608	1.736000	16.610000
1672	-66.916608	1.736000	16.610000
1673	-66.866608	1.736000	16.610000
1674	-66.766608	1.738000	16.730000
1675	-66.696608	1.738000	16.700000
1676	-66.666608	1.740000	16.780000
1677	-66.526608	1.742000	16.780000
1678	-66.476608	1.742000	16.690000
1679	-66.406608	1.744000	16.690000
1680	-66.336608	1.744000	16.770000
1681	-66.276608	1.746000	16.650000
1682	-66.266608	1.746000	16.830000
1683	-66.206608	1.748000	16.710000
1684	-66.186608	1.750000	16.630000
1685	-65.976608	1.750000	16.770000
1686	-65.946608	1.752000	16.780000
1687	-65.866608	1.752000	16.670000
1688	-65.616608	1.754000	16.610000
1689	-65.586608	1.754000	16.630000
1690	-65.586608	1.756000	16.690000
1691	-65.496608	1.758000	16.700000
1692	-65.166608	1.758000	16.790000
1693	-64.896608	1.759000	16.880000
1694	-64.796608	1.759000	16.690000
1695	-64.796608	1.759000	16.670000
1696	-64.766608	1.761000	16.840000
1697	-64.736608	1.761000	16.760000
1698	-64.666608	1.763000	16.770000
1699	-64.636608	1.763000	16.840000
1700	-64.626608	1.765000	16.790000
1701	-64.466608	1.767000	16.810000
1702	-64.306608	1.767000	16.860000
1703	-64.246608	1.769000	16.740000
1704	-64.156608	1.769000	16.830000
1705	-64.146608	1.771000	16.850000
1706	-64.106608	1.773000	16.740000
1707	-64.076608	1.773000	16.980000
1708	-64.076608	1.775000	16.930000
1709	-64.046608	1.775000	16.800000
1710	-64.026608	1.777000	16.800000
1711	-64.016608	1.777000	16.770000
1712	-63.946608	1.781000	16.800000
1713	-63.906608	1.781000	16.840000
1714	-63.776608	1.781000	16.800000
1715	-63.766608	1.783000	16.920000
1716	-63.606608	1.785000	16.930000
1717	-63.506608	1.785000	16.840000
1718	-63.476608	1.785000	16.870000
1719	-63.466608	1.787000	16.860000
1720	-63.306608	1.787000	16.810000
1721	-63.226608	1.789000	17.120000
1722	-63.206608	1.791000	16.810000
1723	-62.986608	1.791000	16.940000
1724	-62.866608	1.791000	17.160000
1725	-62.736608	1.793000	17.320000
1726	-62.606608	1.793000	17.030000
1727	-62.336608	1.795000	16.900000
1728	-62.276608	1.797000	17.090000
1729	-62.236608	1.797000	16.970000
1730	-62.096608	1.797000	16.950000
1731	-62.066608	1.799000	17.000000
1732	-62.006608	1.800000	16.960000
1733	-61.646608	1.800000	17.020000
1734	-61.546608	1.800000	17.150000
1735	-61.476608	1.802000	16.970000
1736	-61.466608	1.804000	17.150000
1737	-61.446608	1.804000	17.250000
1738	-61.406608	1.806000	16.990000
1739	-61.356608	1.806000	16.990000
1740	-61.266608	1.808000	17.060000
1741	-61.236608	1.808000	16.930000
1742	-61.126608	1.808000	16.950000
1743	-61.116608	1.810000	16.980000
1744	-61.106608	1.812000	16.910000
1745	-61.036608	1.812000	17.130000
1746	-60.996608	1.812000	17.100000
1747	-60.866608	1.814000	17.240000
1748	-60.836608	1.816000	17.180000
1749	-60.826608	1.816000	17.160000
1750	-60.756608	1.816000	17.120000
1751	-60.746608	1.818000	16.970000
1752	-60.656608	1.820000	17.180000
1753	-60.576608	1.820000	16.980000
1754	-60.516608	1.822000	17.100000
1755	-60.396608	1.822000	17.120000
1756	-60.326608	1.822000	17.070000
1757	-60.316608	1.824000	17.120000
1758	-59.986608	1.824000	17.230000
1759	-59.866608	1.826000	17.260000
1760	-59.836608	1.828000	17.150000
1761	-59.786608	1.828000	17.240000
1762	-59.716608	1.828000	17.250000
1763	-59.686608	1.830000	17.280000
1764	-59.466608	1.832000	17.300000
1765	-59.376608	1.832000	17.240000
1766	-59.336608	1.832000	17.330000
1767	-59.216608	1.834000	17.190000
1768	-59.206608	1.836000	17.210000
1769	-59.166608	1.836000	17.210000
1770	-59.126608	1.838000	17.140000
1771	-59.096608	1.838000	17.220000
1772	-59.076608	1.840000	17.180000
1773	-59.066608	1.840000	17.150000
1774	-58.936608	1.840000	17.260000
1775	-58.936608	1.842000	17.270000
1776	-58.906608	1.843000	17.180000
1777	-58.896608	1.843000	17.360000
1778	-58.836608	1.843000	17.310000
1779	-58.796608	1.845000	17.200000
1780	-58.646608	1.847000	17.430000
1781	-58.496608	1.847000	17.250000
1782	-58.476608	1.847000	17.150000
1783	-58.476608	1.849000	17.250000
1784	-58.326608	1.851000	17.440000
1785	-58.306608	1.851000	17.200000
1786	-58.276608	1.853000	17.280000
1787	-58.136608	1.853000	17.410000
1788	-58.056608	1.853000	17.400000
1789	-58.046608	1.855000	17.430000
1790	-57.966608	1.855000	17.390000
1791	-57.786608	1.857000	17.350000
1792	-57.766608	1.857000	17.460000
1793	-57.736608	1.859000	17.110000
1794	-57.696608	1.859000	17.350000
1795	-57.566608	1.861000	17.300000
1796	-57.506608	1.863000	17.300000
1797	-57.426608	1.865000	17.350000
1798	-57.346608	1.867000	17.470000
1799	-57.236608	1.867000	17.190000
1800	-57.106608	1.869000	17.410000
1801	-57.076608	1.869000	17.350000
1802	-57.056608	1.869000	17.460000
1803	-56.826608	1.871000	17.560000
1804	-56.756608	1.873000	17.400000
1805	-56.666608	1.873000	17.440000
1806	-56.556608	1.875000	17.500000
1807	-56.546608	1.875000	17.430000
1808	-56.476608	1.877000	17.480000
1809	-56.406608	1.877000	17.520000
1810	-56.376608	1.877000	17.370000
1811	-56.216608	1.879000	17.330000
1812	-56.166608	1.879000	17.370000
1813	-56.106608	1.881000	17.480000
1814	-56.106608	1.883000	17.500000
1815	-56.096608	1.883000	17.380000
1816	-56.076608	1.884000	17.290000
1817	-56.066608	1.884000	17.550000
1818	-55.996608	1.884000	17.420000
1819	-55.816608	1.886000	17.410000
1820	-55.816608	1.886000	17.500000
1821	-55.626608	1.888000	17.490000
1822	-55.606608	1.890000	17.420000
1823	-55.536608	1.888000	17.450000
1824	-55.156608	1.890000	17.210000
1825	-55.126608	1.892000	17.460000
1826	-55.106608	1.892000	17.360000
1827	-54.976608	1.894000	17.460000
1828	-54.736608	1.894000	17.650000
1829	-54.726608	1.896000	17.450000
1830	-54.596608	1.898000	17.610000
1831	-54.456608	1.898000	17.620000
1832	-54.286608	1.900000	17.580000
1833	-54.206608	1.900000	17.500000
1834	-54.176608	1.900000	17.360000
1835	-54.126608	1.902000	17.470000
1836	-54.006608	1.902000	17.290000
1837	-53.866608	1.904000	17.560000
1838	-53.846608	1.906000	17.620000
1839	-53.826608	1.906000	17.630000
1840	-53.726608	1.908000	17.450000
1841	-53.686608	1.908000	17.470000
1842	-53.656608	1.908000	17.480000
1843	-53.646608	1.910000	17.490000
1844	-53.636608	1.910000	17.440000
1845	-53.546608	1.912000	17.560000
1846	-53.496608	1.914000	17.550000
1847	-53.446608	1.914000	17.680000
1848	-53.406608	1.916000	17.830000
1849	-53.326608	1.916000	17.570000
1850	-53.206608	1.916000	17.660000
1851	-53.176608	1.918000	17.670000
1852	-53.096608	1.918000	17.540000
1853	-53.036608	1.920000	17.660000
1854	-53.016608	1.922000	17.540000
1855	-52.786608	1.922000	17.520000
1856	-52.776608	1.922000	17.720000
1857	-52.716608	1.924000	17.490000
1858	-52.676608	1.924000	17.570000
1859	-52.676608	1.926000	17.620000
1860	-52.656608	1.926000	17.630000
1861	-52.656608	1.927000	17.660000
1862	-52.596608	1.929000	17.790000
1863	-52.586608	1.929000	17.730000
1864	-52.526608	1.931000	17.710000
1865	-52.486608	1.931000	17.750000
1866	-52.396608	1.931000	17.630000
1867	-52.246608	1.933000	17.830000
1868	-51.966608	1.933000	17.720000
1869	-51.916608	1.935000	17.740000
1870	-51.826608	1.937000	17.950000
1871	-51.826608	1.937000	17.780000
1872	-51.786608	1.939000	17.780000
1873	-51.666608	1.939000	17.880000
1874	-51.616608	1.939000	17.770000
1875	-51.486608	1.941000	17.930000
1876	-51.316608	1.941000	17.800000
1877	-51.316608	1.943000	17.870000
1878	-51.266608	1.945000	17.830000
1879	-51.226608	1.945000	17.860000
1880	-51.106608	1.947000	17.910000
1881	-51.016608	1.949000	17.810000
1882	-51.016608	1.949000	17.930000
1883	-51.006608	1.951000	17.900000
1884	-50.976608	1.953000	17.850000
1885	-50.966608	1.953000	17.820000
1886	-50.686608	1.951000	17.730000
1887	-50.606608	1.955000	17.960000
1888	-50.576608	1.957000	17.960000
1889	-50.336608	1.957000	17.930000
1890	-50.146608	1.957000	17.800000
1891	-50.136608	1.959000	17.960000
1892	-49.996608	1.961000	18.000000
1893	-49.816608	1.961000	17.840000
1894	-49.716608	1.963000	17.920000
1895	-49.646608	1.963000	17.930000
1896	-49.566608	1.963000	17.970000
1897	-49.546608	1.965000	17.890000
1898	-49.476608	1.965000	17.870000
1899	-49.446608	1.967000	17.800000
1900	-49.296608	1.968000	17.800000
1901	-49.276608	1.968000	17.920000
1902	-49.256608	1.968000	18.120000
1903	-49.226608	1.970000	17.840000
1904	-49.216608	1.972000	17.800000
1905	-49.106608	1.972000	17.970000
1906	-49.076608	1.972000	18.090000
1907	-49.016608	1.974000	17.880000
1908	-49.016608	1.976000	18.120000
1909	-48.876608	1.978000	17.940000
1910	-48.876608	1.978000	17.910000
1911	-48.876608	1.978000	18.010000
1912	-48.706608	1.980000	17.920000
1913	-48.646608	1.980000	18.080000
1914	-48.456608	1.982000	18.000000
1915	-48.366608	1.984000	17.860000
1916	-48.306608	1.984000	17.850000
1917	-48.286608	1.986000	18.000000
1918	-48.226608	1.988000	17.900000
1919	-48.006608	1.988000	18.070000
1920	-47.886608	1.988000	18.150000
1921	-47.706608	1.990000	18.110000
1922	-47.706608	1.992000	18.120000
1923	-47.596608	1.992000	18.040000
1924	-47.296608	1.994000	18.180000
1925	-47.296608	1.994000	18.080000
1926	-47.256608	1.994000	18.100000
1927	-47.176608	1.996000	18.060000
1928	-47.166608	1.998000	18.180000
1929	-47.066608	2.000000	18.040000
1930	-47.006608	2.000000	18.070000
1931	-46.926608	2.000000	18.050000
1932	-46.916608	2.002000	18.070000
1933	-46.876608	2.004000	18.070000
1934	-46.846608	2.004000	18.140000
1935	-46.746608	2.004000	18.150000
1936	-46.726608	2.006000	18.040000
1937	-46.536608	2.008000	18.150000
1938	-46.536608	2.008000	18.030000
1939	-46.516608	2.009000	18.110000
1940	-46.306608	2.009000	18.090000
1941	-46.196608	2.009000	18.200000
1942	-46.196608	2.011000	18.370000
1943	-46.166608	2.011000	18.050000
1944	-46.066608	2.013000	18.200000
1945	-45.926608	2.013000	18.340000
1946	-45.886608	2.015000	18.200000
1947	-45.876608	2.015000	18.260000
1948	-45.866608	2.017000	18.140000
1949	-45.796608	2.019000	18.200000
1950	-45.776608	2.019000	18.050000
1951	-45.726608	2.019000	18.070000
1952	-45.686608	2.021000	18.370000
1953	-45.646608	2.023000	18.360000
1954	-45.456608	2.023000	18.310000
1955	-45.376608	2.023000	18.150000
1956	-45.266608	2.025000	18.330000
1957	-45.256608	2.027000	18.300000
1958	-45.236608	2.027000	18.040000
1959	-45.186608	2.027000	18.340000
1960	-45.146608	2.031000	18.250000
1961	-45.026608	2.033000	18.250000
1962	-44.886608	2.033000	18.300000
1963	-44.856608	2.033000	18.310000
1964	-44.826608	2.035000	18.390000
1965	-44.506608	2.035000	18.390000
1966	-44.496608	2.037000	18.320000
1967	-44.436608	2.037000	18.360000
1968	-44.356608	2.039000	18.220000
1969	-44.256608	2.039000	18.330000
1970	-44.096608	2.041000	18.400000
1971	-43.796608	2.041000	18.420000
1972	-43.696608	2.043000	18.360000
1973	-43.606608	2.043000	18.340000
1974	-43.606608	2.045000	18.360000
1975	-43.466608	2.047000	18.400000
1976	-43.386608	2.047000	18.450000
1977	-43.306608	2.049000	18.280000
1978	-43.306608	2.049000	18.370000
1979	-43.276608	2.050000	18.500000
1980	-43.276608	2.050000	18.300000
1981	-43.276608	2.050000	18.500000
1982	-43.126608	2.052000	18.380000
1983	-43.116608	2.054000	18.490000
1984	-42.896608	2.054000	18.390000
1985	-42.736608	2.056000	18.400000
1986	-42.626608	2.056000	18.420000
1987	-42.556608	2.056000	18.620000
1988	-42.546608	2.058000	18.450000
1989	-42.496608	2.058000	18.340000
1990	-42.496608	2.060000	18.270000
1991	-42.386608	2.062000	18.360000
1992	-42.346608	2.062000	18.710000
1993	-42.306608	2.064000	18.540000
1994	-42.166608	2.064000	18.400000
1995	-42.066608	2.064000	18.430000
1996	-42.046608	2.066000	18.340000
1997	-42.016608	2.066000	18.460000
1998	-41.966608	2.068000	18.290000
1999	-41.886608	2.068000	18.420000
2000	-41.886608	2.070000	18.520000
2001	-41.746608	2.072000	18.500000
2002	-41.726608	2.072000	18.550000
2003	-41.716608	2.072000	18.480000
2004	-41.576608	2.074000	18.620000
2005	-41.576608	2.074000	18.490000
2006	-41.526608	2.076000	18.460000
2007	-41.466608	2.078000	18.460000
2008	-41.426608	2.078000	18.510000
2009	-41.396608	2.078000	18.590000
2010	-41.296608	2.080000	18.480000
2011	-41.226608	2.082000	18.430000
2012	-41.216608	2.082000	18.570000
2013	-41.206608	2.082000	18.750000
2014	-41.136608	2.084000	18.500000
2015	-41.046608	2.086000	18.610000
2016	-40.976608	2.086000	18.580000
2017	-40.966608	2.088000	18.670000
2018	-40.946608	2.088000	18.600000
2019	-40.926608	2.088000	18.770000
2020	-40.766608	2.090000	18.560000
2021	-40.646608	2.092000	18.560000
2022	-40.626608	2.092000	18.440000
2023	-40.376608	2.093000	18.670000
2024	-40.206608	2.093000	18.540000
2025	-40.196608	2.095000	18.470000
2026	-40.076608	2.095000	18.520000
2027	-39.936608	2.095000	18.660000
2028	-39.706608	2.097000	18.430000
2029	-39.546608	2.097000	18.740000
2030	-39.536608	2.099000	18.680000
2031	-39.296608	2.099000	18.590000
2032	-39.286608	2.101000	18.700000
2033	-39.226608	2.103000	18.730000
2034	-39.226608	2.103000	18.650000
2035	-38.906608	2.103000	18.760000
2036	-38.886608	2.105000	18.580000
2037	-38.876608	2.105000	18.850000
2038	-38.826608	2.107000	18.530000
2039	-38.766608	2.109000	18.600000
2040	-38.716608	2.109000	18.610000
2041	-38.586608	2.109000	18.770000
2042	-38.576608	2.111000	18.660000
2043	-38.556608	2.111000	18.800000
2044	-38.536608	2.115000	18.760000
2045	-38.456608	2.117000	18.740000
2046	-38.316608	2.117000	18.680000
2047	-38.116608	2.119000	18.650000
2048	-38.066608	2.119000	18.670000
2049	-38.006608	2.119000	18.720000
2050	-37.976608	2.121000	18.590000
2051	-37.936608	2.121000	18.640000
2052	-37.936608	2.123000	18.730000
2053	-37.596608	2.125000	18.740000
2054	-37.566608	2.125000	18.650000
2055	-37.476608	2.125000	18.760000
2056	-37.466608	2.127000	18.720000
2057	-37.436608	2.129000	18.800000
2058	-37.276608	2.129000	18.890000
2059	-37.266608	2.129000	18.850000
2060	-37.266608	2.131000	18.910000
2061	-37.066608	2.131000	18.820000
2062	-36.836608	2.133000	18.800000
2063	-36.806608	2.134000	18.850000
2064	-36.786608	2.134000	18.740000
2065	-36.776608	2.134000	19.050000
2066	-36.666608	2.136000	18.740000
2067	-36.656608	2.136000	18.760000
2068	-36.646608	2.138000	18.700000
2069	-36.596608	2.138000	19.090000
2070	-36.516608	2.140000	18.850000
2071	-36.516608	2.140000	18.980000
2072	-36.446608	2.142000	18.960000
2073	-36.436608	2.144000	18.910000
2074	-36.426608	2.144000	18.890000
2075	-36.326608	2.144000	18.900000
2076	-36.326608	2.146000	18.760000
2077	-36.186608	2.148000	18.930000
2078	-35.966608	2.148000	18.990000
2079	-35.906608	2.150000	18.740000
2080	-35.786608	2.150000	18.980000
2081	-35.776608	2.152000	18.800000
2082	-35.576608	2.152000	18.890000
2083	-35.406608	2.152000	18.910000
2084	-35.206608	2.154000	18.840000
2085	-35.196608	2.156000	18.990000
2086	-35.066608	2.156000	18.900000
2087	-35.046608	2.156000	19.020000
2088	-34.916608	2.158000	18.870000
2089	-34.776608	2.160000	18.880000
2090	-34.566608	2.160000	18.880000
2091	-34.486608	2.160000	18.890000
2092	-34.476608	2.162000	18.930000
2093	-34.426608	2.162000	19.020000
2094	-34.286608	2.164000	19.030000
2095	-34.236608	2.166000	18.950000
2096	-34.116608	2.166000	18.880000
2097	-34.096608	2.166000	18.780000
2098	-34.006608	2.168000	19.020000
2099	-33.986608	2.168000	18.950000
2100	-33.906608	2.170000	19.030000
2101	-33.796608	2.172000	19.120000
2102	-33.736608	2.172000	19.050000
2103	-33.676608	2.172000	19.070000
2104	-33.566608	2.176000	18.880000
2105	-33.556608	2.176000	18.920000
2106	-33.506608	2.176000	18.920000
2107	-33.476608	2.177000	19.030000
2108	-33.426608	2.179000	19.020000
2109	-33.406608	2.179000	19.140000
2110	-33.396608	2.181000	19.060000
2111	-33.366608	2.181000	19.120000
2112	-33.266608	2.183000	19.000000
2113	-33.236608	2.183000	19.090000
2114	-33.166608	2.183000	19.160000
2115	-32.966608	2.185000	19.080000
2116	-32.946608	2.187000	18.900000
2117	-32.906608	2.187000	19.080000
2118	-32.616608	2.187000	19.120000
2119	-32.616608	2.189000	19.040000
2120	-32.606608	2.191000	19.100000
2121	-32.506608	2.191000	19.150000
2122	-32.496608	2.191000	18.990000
2123	-32.246608	2.193000	19.060000
2124	-32.226608	2.195000	19.030000
2125	-32.226608	2.195000	19.060000
2126	-32.196608	2.197000	19.140000
2127	-32.006608	2.199000	19.150000
2128	-31.886608	2.199000	19.110000
2129	-31.826608	2.201000	19.080000
2130	-31.816608	2.203000	19.060000
2131	-31.786608	2.203000	19.050000
2132	-31.726608	2.205000	19.080000
2133	-31.706608	2.205000	19.230000
2134	-31.476608	2.207000	19.020000
2135	-31.476608	2.207000	19.220000
2136	-31.446608	2.207000	19.100000
2137	-31.266608	2.209000	19.090000
2138	-31.216608	2.211000	19.070000
2139	-31.196608	2.211000	19.170000
2140	-31.046608	2.213000	19.170000
2141	-30.966608	2.213000	19.260000
2142	-30.956608	2.213000	19.120000
2143	-30.896608	2.215000	19.290000
2144	-30.886608	2.215000	19.130000
2145	-30.876608	2.217000	19.430000
2146	-30.756608	2.218000	19.200000
2147	-30.616608	2.218000	19.150000
2148	-30.566608	2.220000	19.270000
2149	-30.356608	2.220000	19.280000
2150	-30.326608	2.220000	19.220000
2151	-30.236608	2.222000	19.240000
2152	-30.236608	2.222000	19.440000
2153	-30.166608	2.224000	19.330000
2154	-30.146608	2.226000	19.310000
2155	-30.096608	2.226000	19.340000
2156	-30.086608	2.226000	19.450000
2157	-30.046608	2.228000	19.490000
2158	-29.716608	2.228000	19.390000
2159	-29.626608	2.230000	19.460000
2160	-29.526608	2.230000	19.250000
2161	-29.476608	2.232000	19.320000
2162	-29.406608	2.234000	19.370000
2163	-29.356608	2.234000	19.250000
2164	-29.286608	2.236000	19.410000
2165	-29.286608	2.236000	19.420000
2166	-29.106608	2.236000	19.170000
2167	-29.026608	2.238000	19.470000
2168	-29.016608	2.238000	19.310000
2169	-28.916608	2.240000	19.250000
2170	-28.916608	2.242000	19.280000
2171	-28.686608	2.242000	19.630000
2172	-28.516608	2.244000	19.420000
2173	-28.446608	2.244000	19.430000
2174	-28.436608	2.244000	19.380000
2175	-28.436608	2.246000	19.470000
2176	-28.316608	2.246000	19.500000
2177	-28.296608	2.248000	19.480000
2178	-28.276608	2.250000	19.520000
2179	-28.226608	2.250000	19.450000
2180	-28.176608	2.252000	19.570000
2181	-28.076608	2.252000	19.410000
2182	-27.986608	2.252000	19.460000
2183	-27.976608	2.254000	19.380000
2184	-27.916608	2.254000	19.560000
2185	-27.836608	2.256000	19.510000
2186	-27.796608	2.256000	19.400000
2187	-27.766608	2.258000	19.360000
2188	-27.766608	2.258000	19.610000
2189	-27.746608	2.259000	19.720000
2190	-27.716608	2.259000	19.460000
2191	-27.676608	2.261000	19.470000
2192	-27.646608	2.261000	19.550000
2193	-27.626608	2.263000	19.760000
2194	-27.606608	2.265000	19.500000
2195	-27.566608	2.265000	19.460000
2196	-27.496608	2.267000	19.360000
2197	-27.336608	2.267000	19.450000
2198	-27.016608	2.269000	19.500000
2199	-26.886608	2.269000	19.610000
2200	-26.856608	2.269000	19.490000
2201	-26.686608	2.271000	19.720000
2202	-26.676608	2.273000	19.550000
2203	-26.456608	2.273000	19.650000
2204	-26.436608	2.275000	19.680000
2205	-26.386608	2.275000	19.690000
2206	-26.326608	2.275000	19.720000
2207	-26.246608	2.277000	19.620000
2208	-26.246608	2.279000	19.650000
2209	-26.146608	2.281000	19.460000
2210	-26.076608	2.281000	19.660000
2211	-26.046608	2.283000	19.650000
2212	-25.936608	2.285000	19.510000
2213	-25.876608	2.285000	19.520000
2214	-25.826608	2.285000	19.570000
2215	-25.786608	2.287000	19.940000
2216	-25.696608	2.289000	19.700000
2217	-25.686608	2.289000	19.620000
2218	-25.546608	2.289000	19.640000
2219	-25.506608	2.291000	19.650000
2220	-25.316608	2.291000	19.560000
2221	-25.286608	2.293000	19.580000
2222	-25.226608	2.293000	19.710000
2223	-25.156608	2.295000	19.660000
2224	-25.146608	2.297000	19.660000
2225	-25.066608	2.297000	19.590000
2226	-25.026608	2.297000	19.650000
2227	-25.016608	2.299000	19.660000
2228	-24.926608	2.299000	19.640000
2229	-24.386608	2.300000	19.630000
2230	-24.356608	2.302000	19.610000
2231	-24.106608	2.302000	19.680000
2232	-24.096608	2.304000	19.640000
2233	-24.046608	2.304000	19.750000
2234	-23.996608	2.306000	19.680000
2235	-23.986608	2.306000	19.690000
2236	-23.956608	2.306000	19.740000
2237	-23.956608	2.308000	19.750000
2238	-23.906608	2.308000	19.670000
2239	-23.886608	2.310000	19.580000
2240	-23.756608	2.312000	19.680000
2241	-23.666608	2.312000	19.730000
2242	-23.656608	2.312000	19.700000
2243	-23.536608	2.314000	19.800000
2244	-23.516608	2.316000	19.750000
2245	-23.476608	2.316000	19.600000
2246	-23.396608	2.316000	19.690000
2247	-23.176608	2.318000	19.820000
2248	-23.126608	2.320000	19.560000
2249	-23.026608	2.320000	19.700000
2250	-23.026608	2.320000	19.690000
2251	-22.976608	2.322000	19.750000
2252	-22.956608	2.322000	19.770000
2253	-22.856608	2.324000	19.770000
2254	-22.776608	2.324000	19.620000
2255	-22.736608	2.326000	19.620000
2256	-22.516608	2.328000	19.680000
2257	-22.486608	2.328000	19.690000
2258	-22.476608	2.328000	19.730000
2259	-22.466608	2.330000	19.870000
2260	-22.206608	2.330000	19.800000
2261	-21.996608	2.332000	19.880000
2262	-21.956608	2.332000	19.760000
2263	-21.776608	2.334000	19.680000
2264	-21.766608	2.336000	19.890000
2265	-21.726608	2.336000	20.050000
2266	-21.616608	2.338000	19.930000
2267	-21.536608	2.338000	20.060000
2268	-21.506608	2.338000	20.080000
2269	-21.496608	2.340000	19.950000
2270	-21.436608	2.340000	20.080000
2271	-21.426608	2.342000	20.070000
2272	-21.336608	2.343000	19.960000
2273	-21.306608	2.343000	19.910000
2274	-21.216608	2.343000	19.960000
2275	-21.106608	2.345000	19.990000
2276	-20.876608	2.347000	19.860000
2277	-20.776608	2.347000	19.820000
2278	-20.636608	2.347000	19.850000
2279	-20.406608	2.349000	20.100000
2280	-20.236608	2.349000	20.000000
2281	-20.196608	2.351000	19.930000
2282	-20.146608	2.351000	20.130000
2283	-20.136608	2.353000	19.890000
2284	-20.106608	2.353000	19.990000
2285	-20.076608	2.355000	20.050000
2286	-20.076608	2.355000	20.120000
2287	-20.056608	2.357000	20.110000
2288	-19.976608	2.359000	20.080000
2289	-19.976608	2.359000	19.990000
2290	-19.786608	2.359000	20.110000
2291	-19.766608	2.361000	19.840000
2292	-19.746608	2.363000	20.070000
2293	-19.716608	2.365000	20.110000
2294	-19.686608	2.367000	19.980000
2295	-19.636608	2.367000	20.030000
2296	-19.586608	2.369000	20.030000
2297	-19.546608	2.369000	20.010000
2298	-19.536608	2.369000	20.190000
2299	-19.526608	2.371000	20.100000
2300	-19.466608	2.373000	20.130000
2301	-19.406608	2.373000	20.040000
2302	-19.226608	2.375000	20.100000
2303	-19.206608	2.375000	20.080000
2304	-19.196608	2.377000	20.090000
2305	-19.176608	2.377000	20.150000
2306	-18.896608	2.377000	20.150000
2307	-18.876608	2.379000	20.040000
2308	-18.796608	2.379000	20.150000
2309	-18.776608	2.381000	20.220000
2310	-18.526608	2.383000	19.990000
2311	-18.506608	2.383000	20.210000
2312	-18.396608	2.383000	20.190000
2313	-18.376608	2.384000	19.990000
2314	-18.376608	2.386000	20.320000
2315	-18.296608	2.386000	20.000000
2316	-18.206608	2.386000	20.280000
2317	-18.056608	2.388000	20.240000
2318	-17.956608	2.390000	20.200000
2319	-17.946608	2.390000	20.260000
2320	-17.726608	2.392000	20.350000
2321	-17.486608	2.392000	20.230000
2322	-17.446608	2.392000	20.160000
2323	-17.436608	2.394000	20.210000
2324	-17.366608	2.396000	20.160000
2325	-17.136608	2.396000	20.180000
2326	-16.976608	2.398000	20.250000
2327	-16.876608	2.398000	20.340000
2328	-16.876608	2.400000	20.320000
2329	-16.836608	2.400000	20.260000
2330	-16.716608	2.400000	20.330000
2331	-16.666608	2.402000	20.210000
2332	-16.656608	2.402000	20.240000
2333	-16.596608	2.404000	20.180000
2334	-16.546608	2.406000	20.150000
2335	-16.526608	2.406000	20.290000
2336	-16.426608	2.408000	20.280000
2337	-16.306608	2.408000	20.280000
2338	-16.196608	2.408000	20.240000
2339	-16.176608	2.410000	20.260000
2340	-16.156608	2.410000	20.260000
2341	-16.096608	2.412000	20.110000
2342	-15.916608	2.414000	20.170000
2343	-15.916608	2.416000	20.210000
2344	-15.736608	2.414000	20.190000
2345	-15.726608	2.416000	20.330000
2346	-15.366608	2.416000	20.190000
2347	-15.266608	2.418000	20.210000
2348	-15.256608	2.418000	20.390000
2349	-15.216608	2.420000	20.230000
2350	-15.146608	2.422000	20.450000
2351	-15.086608	2.422000	20.280000
2352	-15.026608	2.424000	20.270000
2353	-15.016608	2.424000	20.390000
2354	-14.936608	2.424000	20.260000
2355	-14.886608	2.426000	20.350000
2356	-14.886608	2.427000	20.260000
2357	-14.836608	2.429000	20.340000
2358	-14.816608	2.429000	20.340000
2359	-14.816608	2.431000	20.310000
2360	-14.716608	2.431000	20.270000
2361	-14.686608	2.431000	20.300000
2362	-14.526608	2.433000	20.370000
2363	-14.466608	2.433000	20.360000
2364	-14.406608	2.435000	20.340000
2365	-14.386608	2.437000	20.400000
2366	-14.356608	2.437000	20.380000
2367	-14.336608	2.439000	20.270000
2368	-14.316608	2.439000	20.270000
2369	-14.296608	2.439000	20.390000
2370	-14.226608	2.441000	20.340000
2371	-13.916608	2.441000	20.400000
2372	-13.846608	2.443000	20.280000
2373	-13.616608	2.445000	20.500000
2374	-13.536608	2.445000	20.460000
2375	-13.496608	2.447000	20.420000
2376	-13.436608	2.449000	20.320000
2377	-13.306608	2.449000	20.460000
2378	-13.296608	2.451000	20.260000
2379	-13.276608	2.453000	20.450000
2380	-13.266608	2.453000	20.590000
2381	-13.206608	2.453000	20.670000
2382	-13.056608	2.455000	20.540000
2383	-13.016608	2.457000	20.530000
2384	-12.836608	2.457000	20.560000
2385	-12.756608	2.457000	20.560000
2386	-12.746608	2.459000	20.530000
2387	-12.516608	2.461000	20.530000
2388	-12.516608	2.461000	20.430000
2389	-12.516608	2.463000	20.540000
2390	-12.486608	2.463000	20.520000
2391	-12.446608	2.463000	20.460000
2392	-12.406608	2.465000	20.460000
2393	-12.396608	2.465000	20.600000
2394	-12.396608	2.467000	20.500000
2395	-12.296608	2.467000	20.590000
2396	-12.196608	2.468000	20.640000
2397	-12.136608	2.470000	20.540000
2398	-12.066608	2.470000	20.540000
2399	-12.026608	2.472000	20.540000
2400	-11.596608	2.472000	20.680000
2401	-11.376608	2.472000	20.840000
2402	-11.206608	2.474000	20.970000
2403	-11.136608	2.476000	20.850000
2404	-11.096608	2.476000	20.590000
2405	-11.016608	2.478000	20.700000
2406	-10.996608	2.478000	20.660000
2407	-10.886608	2.480000	20.610000
2408	-10.766608	2.480000	20.730000
2409	-10.766608	2.480000	20.740000
2410	-10.766608	2.482000	20.750000
2411	-10.676608	2.484000	20.720000
2412	-10.566608	2.484000	20.580000
2413	-10.556608	2.484000	20.810000
2414	-10.556608	2.486000	20.530000
2415	-10.356608	2.488000	20.710000
2416	-10.246608	2.488000	20.660000
2417	-10.246608	2.488000	20.610000
2418	-10.146608	2.490000	20.550000
2419	-10.096608	2.492000	20.610000
2420	-10.086608	2.492000	20.720000
2421	-10.036608	2.494000	20.780000
2422	-9.966608	2.494000	20.590000
2423	-9.896608	2.494000	20.770000
2424	-9.856608	2.496000	20.660000
2425	-9.846608	2.496000	20.590000
2426	-9.776608	2.498000	20.700000
2427	-9.766608	2.498000	20.820000
2428	-9.676608	2.500000	20.790000
2429	-9.546608	2.500000	20.570000
2430	-9.536608	2.502000	20.870000
2431	-9.416608	2.504000	20.650000
2432	-9.316608	2.504000	20.790000
2433	-9.186608	2.504000	20.700000
2434	-8.846608	2.506000	20.770000
2435	-8.766608	2.508000	20.650000
2436	-8.736608	2.508000	20.700000
2437	-8.706608	2.508000	20.800000
2438	-8.586608	2.511000	20.860000
2439	-8.536608	2.511000	20.880000
2440	-8.316608	2.511000	20.930000
2441	-8.216608	2.513000	20.850000
2442	-8.186608	2.515000	20.710000
2443	-8.176608	2.515000	20.850000
2444	-8.156608	2.515000	20.780000
2445	-8.146608	2.517000	20.900000
2446	-8.086608	2.519000	20.910000
2447	-8.016608	2.519000	21.020000
2448	-7.946608	2.519000	20.940000
2449	-7.926608	2.521000	20.770000
2450	-7.856608	2.523000	20.690000
2451	-7.796608	2.523000	20.740000
2452	-7.796608	2.525000	21.070000
2453	-7.766608	2.525000	20.740000
2454	-7.736608	2.525000	20.910000
2455	-7.716608	2.527000	20.860000
2456	-7.626608	2.527000	20.960000
2457	-7.556608	2.531000	20.960000
2458	-7.476608	2.531000	20.780000
2459	-7.476608	2.533000	20.950000
2460	-7.456608	2.533000	20.900000
2461	-7.236608	2.535000	20.930000
2462	-7.126608	2.535000	20.980000
2463	-7.086608	2.537000	21.000000
2464	-7.066608	2.539000	21.070000
2465	-7.006608	2.539000	20.960000
2466	-6.966608	2.541000	21.010000
2467	-6.856608	2.541000	21.000000
2468	-6.696608	2.543000	20.850000
2469	-6.606608	2.543000	21.010000
2470	-6.596608	2.543000	21.030000
2471	-6.526608	2.545000	20.920000
2472	-6.436608	2.547000	20.930000
2473	-6.356608	2.547000	20.930000
2474	-6.346608	2.549000	21.020000
2475	-6.316608	2.549000	20.940000
2476	-6.016608	2.549000	20.960000
2477	-5.846608	2.550000	21.120000
2478	-5.816608	2.550000	21.030000
2479	-5.726608	2.552000	21.000000
2480	-5.516608	2.554000	21.240000
2481	-5.456608	2.554000	21.020000
2482	-5.376608	2.556000	21.080000
2483	-5.286608	2.556000	21.130000
2484	-5.196608	2.556000	20.980000
2485	-5.166608	2.558000	21.160000
2486	-4.956608	2.558000	21.070000
2487	-4.926608	2.560000	21.170000
2488	-4.836608	2.560000	21.120000
2489	-4.836608	2.562000	21.240000
2490	-4.816608	2.564000	21.210000
2491	-4.806608	2.564000	21.170000
2492	-4.726608	2.564000	21.190000
2493	-4.696608	2.566000	21.220000
2494	-4.576608	2.566000	21.230000
2495	-4.516608	2.568000	21.120000
2496	-4.456608	2.570000	21.080000
2497	-4.456608	2.570000	21.160000
2498	-4.396608	2.572000	21.130000
2499	-4.276608	2.572000	21.250000
2500	-4.276608	2.574000	21.170000
2501	-4.216608	2.574000	21.180000
2502	-4.176608	2.574000	21.090000
2503	-4.156608	2.576000	21.190000
2504	-4.126608	2.578000	21.190000
2505	-3.956608	2.576000	21.190000
2506	-3.906608	2.580000	21.210000
2507	-3.896608	2.580000	21.130000
2508	-3.746608	2.580000	21.150000
2509	-3.746608	2.582000	21.060000
2510	-3.626608	2.582000	21.310000
2511	-3.326608	2.584000	21.320000
2512	-3.236608	2.586000	21.320000
2513	-3.126608	2.586000	21.310000
2514	-3.066608	2.588000	21.290000
2515	-2.916608	2.588000	21.310000
2516	-2.676608	2.588000	21.360000
2517	-2.626608	2.590000	21.240000
2518	-2.566608	2.590000	21.350000
2519	-2.416608	2.592000	21.340000
2520	-2.416608	2.593000	21.410000
2521	-2.386608	2.593000	21.310000
2522	-2.206608	2.595000	21.300000
2523	-1.996608	2.595000	21.200000
2524	-1.966608	2.595000	21.280000
2525	-1.966608	2.597000	21.250000
2526	-1.966608	2.597000	21.360000
2527	-1.726608	2.599000	21.280000
2528	-1.346608	2.599000	21.320000
2529	-1.056608	2.603000	21.480000
