1	-185.063864	0.000000	9.770000
2	-184.863864	0.002000	9.590000
3	-184.813864	0.002000	9.740000
4	-184.603864	0.006000	9.560000
5	-184.483864	0.006000	9.600000
6	-184.303864	0.008000	9.710000
7	-184.273864	0.010000	9.770000
8	-184.223864	0.010000	9.760000
9	-184.203864	0.012000	9.630000
10	-184.123864	0.012000	9.590000
11	-184.103864	0.012000	9.660000
12	-184.053864	0.014000	9.470000
13	-183.993864	0.014000	9.580000
14	-183.923864	0.016000	9.670000
15	-183.823864	0.018000	9.690000
16	-183.723864	0.018000	9.580000
17	-183.713864	0.020000	9.710000
18	-183.633864	0.020000	9.530000
19	-183.603864	0.020000	9.810000
20	-183.593864	0.022000	9.720000
21	-183.323864	0.022000	9.570000
22	-183.023864	0.024000	9.650000
23	-182.783864	0.024000	9.790000
24	-182.663864	0.027000	9.640000
25	-182.593864	0.027000	9.560000
26	-182.573864	0.027000	9.490000
27	-182.533864	0.029000	9.700000
28	-182.533864	0.029000	9.540000
29	-182.503864	0.031000	9.990000
30	-182.433864	0.031000	9.530000
31	-182.253864	0.033000	9.870000
32	-182.133864	0.035000	9.650000
33	-181.983864	0.035000	9.820000
34	-181.883864	0.035000	9.820000
35	-181.723864	0.037000	10.020000
36	-181.603864	0.037000	9.770000
37	-181.543864	0.039000	9.750000
38	-181.523864	0.041000	9.860000
39	-181.503864	0.041000	10.020000
40	-181.363864	0.043000	9.830000
41	-181.333864	0.043000	9.750000
42	-181.303864	0.043000	9.650000
43	-181.293864	0.045000	9.750000
44	-181.203864	0.045000	9.710000
45	-181.203864	0.047000	9.780000
46	-181.183864	0.049000	9.750000
47	-181.103864	0.049000	9.900000
48	-181.073864	0.051000	9.930000
49	-180.983864	0.051000	9.860000
50	-180.973864	0.051000	9.830000
51	-180.953864	0.053000	10.090000
52	-180.793864	0.055000	9.710000
53	-180.673864	0.055000	9.980000
54	-180.583864	0.055000	9.900000
55	-180.583864	0.057000	9.930000
56	-180.333864	0.059000	9.990000
57	-180.243864	0.059000	9.900000
58	-180.223864	0.059000	9.980000
59	-180.203864	0.061000	9.990000
60	-180.143864	0.061000	9.920000
61	-179.873864	0.063000	10.330000
62	-179.793864	0.065000	9.910000
63	-179.683864	0.065000	9.710000
64	-179.623864	0.065000	9.790000
65	-179.563864	0.066000	10.010000
66	-179.453864	0.066000	9.960000
67	-179.443864	0.068000	9.960000
68	-179.393864	0.068000	9.890000
69	-179.383864	0.070000	10.030000
70	-179.323864	0.072000	10.130000
71	-179.103864	0.072000	10.340000
72	-179.043864	0.074000	10.260000
73	-179.023864	0.074000	10.230000
74	-179.023864	0.074000	10.120000
75	-178.853864	0.076000	10.130000
76	-178.833864	0.078000	10.660000
77	-178.693864	0.080000	9.990000
78	-178.413864	0.082000	10.120000
79	-178.243864	0.082000	10.080000
80	-178.193864	0.082000	9.990000
81	-177.933864	0.082000	10.150000
82	-177.903864	0.084000	9.970000
83	-177.793864	0.086000	9.970000
84	-177.703864	0.088000	9.840000
85	-177.693864	0.090000	10.110000
86	-177.683864	0.092000	10.140000
87	-177.683864	0.092000	10.060000
88	-177.393864	0.092000	10.290000
89	-177.323864	0.094000	10.120000
90	-177.313864	0.094000	10.180000
91	-177.283864	0.098000	10.270000
92	-177.233864	0.098000	10.200000
93	-177.133864	0.098000	10.020000
94	-177.123864	0.098000	10.020000
95	-177.123864	0.100000	10.250000
96	-177.033864	0.100000	9.890000
97	-176.983864	0.102000	10.270000
98	-176.983864	0.104000	10.080000
99	-176.793864	0.104000	10.200000
100	-176.783864	0.104000	10.180000
101	-176.733864	0.106000	10.330000
102	-176.693864	0.107000	10.240000
103	-176.363864	0.107000	10.060000
104	-176.343864	0.107000	10.330000
105	-176.233864	0.113000	10.030000
106	-176.193864	0.111000	9.890000
107	-176.183864	0.113000	10.240000
108	-176.143864	0.113000	10.200000
109	-176.103864	0.113000	10.140000
110	-176.093864	0.115000	10.070000
111	-175.983864	0.115000	10.170000
112	-175.933864	0.117000	10.240000
113	-175.933864	0.117000	10.080000
114	-175.733864	0.119000	10.260000
115	-175.573864	0.121000	10.160000
116	-175.473864	0.121000	10.420000
117	-175.353864	0.123000	10.370000
118	-175.263864	0.123000	10.520000
119	-175.193864	0.123000	10.240000
120	-175.163864	0.125000	10.370000
121	-175.133864	0.127000	10.290000
122	-175.133864	0.127000	10.390000
123	-175.053864	0.129000	10.270000
124	-174.913864	0.129000	10.350000
125	-174.913864	0.129000	10.350000
126	-174.873864	0.131000	10.170000
127	-174.793864	0.131000	10.100000
128	-174.613864	0.133000	10.260000
129	-174.553864	0.135000	10.660000
130	-174.543864	0.135000	10.210000
131	-174.403864	0.135000	10.360000
132	-174.333864	0.137000	10.400000
133	-174.333864	0.139000	10.120000
134	-174.293864	0.139000	10.050000
135	-174.263864	0.139000	10.500000
136	-174.213864	0.141000	10.500000
137	-174.173864	0.143000	10.170000
138	-174.093864	0.143000	10.850000
139	-174.093864	0.145000	10.590000
140	-173.623864	0.145000	10.390000
141	-173.563864	0.145000	10.150000
142	-173.073864	0.147000	10.310000
143	-173.023864	0.149000	10.320000
144	-172.903864	0.149000	10.310000
145	-172.903864	0.149000	10.470000
146	-172.873864	0.150000	10.490000
147	-172.843864	0.150000	10.370000
148	-172.753864	0.152000	10.550000
149	-172.703864	0.154000	10.420000
150	-172.633864	0.154000	10.640000
151	-172.573864	0.154000	10.550000
152	-172.523864	0.156000	10.710000
153	-172.463864	0.158000	10.530000
154	-172.263864	0.158000	10.520000
155	-172.233864	0.160000	10.390000
156	-172.223864	0.160000	10.590000
157	-172.183864	0.162000	10.310000
158	-172.033864	0.162000	10.600000
159	-171.943864	0.162000	10.530000
160	-171.903864	0.164000	10.410000
161	-171.833864	0.166000	11.200000
162	-171.803864	0.166000	10.650000
163	-171.803864	0.166000	10.620000
164	-171.683864	0.168000	10.410000
165	-171.263864	0.170000	10.640000
166	-171.263864	0.172000	10.470000
167	-171.243864	0.174000	10.350000
168	-171.173864	0.176000	10.510000
169	-171.153864	0.176000	10.780000
170	-171.083864	0.176000	10.600000
171	-171.053864	0.176000	11.070000
172	-171.043864	0.178000	10.680000
173	-171.003864	0.178000	11.220000
174	-170.993864	0.180000	10.550000
175	-170.993864	0.182000	10.400000
176	-170.873864	0.180000	10.860000
177	-170.873864	0.184000	10.720000
178	-170.823864	0.184000	10.520000
179	-170.743864	0.184000	10.680000
180	-170.653864	0.186000	10.870000
181	-170.643864	0.186000	10.410000
182	-170.553864	0.188000	10.730000
183	-170.533864	0.188000	10.530000
184	-170.523864	0.191000	10.670000
185	-170.433864	0.190000	10.610000
186	-170.293864	0.191000	10.710000
187	-170.213864	0.191000	10.570000
188	-170.173864	0.193000	10.520000
189	-170.113864	0.193000	10.370000
190	-170.103864	0.195000	11.180000
191	-169.973864	0.197000	10.630000
192	-169.903864	0.197000	10.680000
193	-169.783864	0.199000	10.470000
194	-169.683864	0.199000	10.510000
195	-169.663864	0.199000	10.510000
196	-169.563864	0.201000	10.670000
197	-169.193864	0.201000	10.900000
198	-169.143864	0.203000	10.750000
199	-169.113864	0.205000	10.590000
200	-168.933864	0.205000	10.800000
201	-168.923864	0.207000	11.070000
202	-168.883864	0.207000	10.910000
203	-168.883864	0.207000	10.920000
204	-168.783864	0.209000	10.900000
205	-168.763864	0.209000	10.690000
206	-168.563864	0.211000	10.700000
207	-168.473864	0.213000	10.810000
208	-168.463864	0.213000	11.130000
209	-168.393864	0.215000	10.840000
210	-168.373864	0.215000	10.660000
211	-168.353864	0.215000	10.790000
212	-168.343864	0.217000	10.840000
213	-168.303864	0.217000	10.770000
214	-168.293864	0.219000	10.950000
215	-168.273864	0.221000	11.050000
216	-168.273864	0.221000	10.580000
217	-168.253864	0.223000	11.010000
218	-168.083864	0.223000	10.780000
219	-167.833864	0.223000	10.880000
220	-167.793864	0.225000	10.800000
221	-167.593864	0.225000	11.070000
222	-167.493864	0.227000	10.850000
223	-167.473864	0.229000	10.800000
224	-166.943864	0.229000	10.830000
225	-166.873864	0.231000	10.760000
226	-166.813864	0.231000	10.830000
227	-166.813864	0.233000	10.850000
228	-166.753864	0.233000	10.930000
229	-166.403864	0.233000	10.750000
230	-166.393864	0.234000	10.910000
231	-166.363864	0.234000	10.700000
232	-166.353864	0.236000	10.980000
233	-166.153864	0.238000	10.860000
234	-166.143864	0.238000	10.990000
235	-166.073864	0.238000	11.080000
236	-165.933864	0.240000	10.830000
237	-165.783864	0.240000	10.660000
238	-165.783864	0.242000	10.800000
239	-165.733864	0.242000	10.750000
240	-165.653864	0.244000	10.950000
241	-165.613864	0.246000	11.010000
242	-165.483864	0.246000	10.860000
243	-165.453864	0.246000	11.100000
244	-165.423864	0.248000	11.040000
245	-165.403864	0.248000	10.980000
246	-165.383864	0.250000	10.790000
247	-165.373864	0.252000	10.970000
248	-165.343864	0.252000	11.020000
249	-165.303864	0.254000	10.870000
250	-165.153864	0.256000	11.100000
251	-165.123864	0.256000	11.070000
252	-165.073864	0.258000	10.880000
253	-165.013864	0.260000	10.750000
254	-164.993864	0.260000	10.790000
255	-164.993864	0.260000	11.080000
256	-164.933864	0.262000	11.170000
257	-164.813864	0.264000	11.070000
258	-164.713864	0.264000	10.900000
259	-164.643864	0.264000	10.800000
260	-164.533864	0.266000	11.280000
261	-164.493864	0.266000	10.900000
262	-164.463864	0.268000	11.100000
263	-164.273864	0.270000	10.900000
264	-164.203864	0.270000	11.020000
265	-164.153864	0.270000	11.320000
266	-164.043864	0.272000	11.060000
267	-163.993864	0.272000	10.940000
268	-163.963864	0.274000	10.900000
269	-163.963864	0.274000	10.880000
270	-163.933864	0.274000	11.040000
271	-163.843864	0.277000	10.980000
272	-163.803864	0.279000	10.890000
273	-163.743864	0.279000	11.050000
274	-163.453864	0.279000	11.120000
275	-163.433864	0.281000	10.920000
276	-163.433864	0.283000	11.050000
277	-163.063864	0.283000	11.090000
278	-162.843864	0.283000	10.850000
279	-162.723864	0.285000	11.060000
280	-162.583864	0.285000	11.220000
281	-162.523864	0.287000	11.110000
282	-162.523864	0.287000	11.270000
283	-162.443864	0.289000	11.050000
284	-162.263864	0.291000	11.120000
285	-162.103864	0.291000	11.180000
286	-162.053864	0.291000	11.270000
287	-161.963864	0.293000	11.000000
288	-161.913864	0.295000	11.160000
289	-161.893864	0.295000	11.170000
290	-161.803864	0.295000	11.190000
291	-161.793864	0.301000	11.150000
292	-161.783864	0.301000	11.280000
293	-161.573864	0.301000	11.100000
294	-161.453864	0.301000	11.280000
295	-161.303864	0.301000	11.090000
296	-161.173864	0.303000	11.190000
297	-161.143864	0.303000	11.200000
298	-161.143864	0.305000	11.290000
299	-161.093864	0.307000	11.190000
300	-161.073864	0.307000	11.410000
301	-160.983864	0.307000	11.270000
302	-160.633864	0.309000	11.140000
303	-160.563864	0.311000	11.150000
304	-160.553864	0.311000	11.200000
305	-160.413864	0.311000	11.150000
306	-160.353864	0.313000	11.270000
307	-160.323864	0.315000	11.230000
308	-160.293864	0.315000	11.290000
309	-160.263864	0.316000	11.330000
310	-160.193864	0.316000	11.150000
311	-160.073864	0.316000	11.240000
312	-160.033864	0.318000	11.410000
313	-159.993864	0.318000	11.430000
314	-159.983864	0.320000	11.200000
315	-159.923864	0.322000	11.330000
316	-159.873864	0.322000	11.370000
317	-159.783864	0.322000	11.380000
318	-159.753864	0.324000	11.140000
319	-159.613864	0.326000	11.160000
320	-159.573864	0.326000	11.370000
321	-159.513864	0.326000	11.440000
322	-159.383864	0.328000	11.250000
323	-159.313864	0.332000	11.320000
324	-159.103864	0.330000	11.220000
325	-159.073864	0.332000	11.500000
326	-158.973864	0.332000	11.520000
327	-158.973864	0.332000	11.490000
328	-158.883864	0.334000	11.430000
329	-158.863864	0.336000	11.440000
330	-158.843864	0.336000	11.270000
331	-158.733864	0.338000	11.520000
332	-158.693864	0.340000	11.390000
333	-158.553864	0.342000	11.550000
334	-158.303864	0.342000	11.520000
335	-157.983864	0.342000	11.450000
336	-157.963864	0.344000	11.430000
337	-157.753864	0.346000	11.510000
338	-157.713864	0.346000	11.620000
339	-157.683864	0.348000	11.750000
340	-157.653864	0.348000	11.600000
341	-157.633864	0.348000	11.540000
342	-157.553864	0.350000	11.530000
343	-157.543864	0.350000	11.530000
344	-157.473864	0.352000	11.500000
345	-157.443864	0.354000	11.460000
346	-157.243864	0.354000	11.530000
347	-157.223864	0.356000	11.530000
348	-157.223864	0.356000	11.690000
349	-157.163864	0.356000	11.680000
350	-157.143864	0.357000	11.640000
351	-157.123864	0.357000	11.640000
352	-157.093864	0.359000	11.380000
353	-157.043864	0.363000	11.560000
354	-157.003864	0.363000	11.770000
355	-156.973864	0.363000	11.760000
356	-156.863864	0.363000	11.500000
357	-156.703864	0.365000	11.350000
358	-156.533864	0.365000	11.730000
359	-156.523864	0.367000	11.620000
360	-156.503864	0.367000	11.550000
361	-156.303864	0.367000	11.570000
362	-156.113864	0.369000	11.670000
363	-156.093864	0.371000	11.640000
364	-155.903864	0.373000	11.630000
365	-155.783864	0.373000	11.670000
366	-155.763864	0.373000	11.640000
367	-155.583864	0.375000	11.620000
368	-155.573864	0.377000	11.470000
369	-155.573864	0.377000	11.590000
370	-155.543864	0.379000	11.660000
371	-155.503864	0.379000	11.690000
372	-155.473864	0.379000	11.690000
373	-155.473864	0.381000	11.570000
374	-155.473864	0.381000	11.390000
375	-155.393864	0.383000	11.990000
376	-155.333864	0.385000	11.740000
377	-155.213864	0.385000	11.440000
378	-155.203864	0.387000	11.560000
379	-155.123864	0.387000	11.700000
380	-155.063864	0.389000	11.620000
381	-155.053864	0.389000	11.630000
382	-154.953864	0.389000	11.760000
383	-154.713864	0.391000	11.710000
384	-154.443864	0.393000	11.750000
385	-154.433864	0.395000	11.760000
386	-154.173864	0.395000	11.850000
387	-154.153864	0.395000	11.870000
388	-153.983864	0.395000	11.870000
389	-153.973864	0.397000	11.660000
390	-153.883864	0.397000	11.700000
391	-153.843864	0.399000	12.000000
392	-153.813864	0.400000	11.640000
393	-153.783864	0.399000	11.760000
394	-153.773864	0.402000	11.930000
395	-153.753864	0.402000	11.900000
396	-153.743864	0.402000	11.750000
397	-153.733864	0.404000	11.970000
398	-153.603864	0.404000	11.790000
399	-153.553864	0.406000	11.740000
400	-153.403864	0.406000	11.780000
401	-153.383864	0.410000	11.680000
402	-153.293864	0.408000	11.810000
403	-153.283864	0.410000	11.620000
404	-153.243864	0.410000	11.750000
405	-153.233864	0.412000	11.840000
406	-153.173864	0.412000	11.630000
407	-153.073864	0.414000	11.800000
408	-153.013864	0.416000	11.790000
409	-153.013864	0.416000	11.870000
410	-152.923864	0.418000	11.810000
411	-152.803864	0.418000	11.710000
412	-152.653864	0.418000	11.780000
413	-152.433864	0.422000	11.720000
414	-152.333864	0.422000	11.980000
415	-152.023864	0.424000	11.900000
416	-151.853864	0.424000	11.860000
417	-151.793864	0.426000	11.750000
418	-151.773864	0.426000	11.970000
419	-151.673864	0.428000	11.780000
420	-151.593864	0.428000	11.820000
421	-151.503864	0.430000	11.970000
422	-151.433864	0.432000	11.840000
423	-151.343864	0.432000	11.810000
424	-151.333864	0.432000	11.780000
425	-151.333864	0.434000	12.000000
426	-151.303864	0.434000	11.840000
427	-151.243864	0.436000	11.930000
428	-151.223864	0.436000	12.010000
429	-151.183864	0.438000	11.970000
430	-151.073864	0.440000	12.090000
431	-151.033864	0.440000	11.860000
432	-151.023864	0.441000	11.820000
433	-151.003864	0.441000	11.710000
434	-150.963864	0.441000	11.760000
435	-150.853864	0.443000	12.190000
436	-150.723864	0.443000	11.970000
437	-150.603864	0.445000	11.890000
438	-150.553864	0.447000	11.890000
439	-150.383864	0.447000	12.080000
440	-150.303864	0.447000	12.010000
441	-150.233864	0.449000	12.010000
442	-150.123864	0.451000	12.210000
443	-150.103864	0.451000	12.120000
444	-150.073864	0.451000	11.950000
445	-150.043864	0.453000	11.970000
446	-150.033864	0.453000	12.110000
447	-149.833864	0.455000	12.020000
448	-149.543864	0.457000	12.040000
449	-149.543864	0.457000	12.180000
450	-149.433864	0.457000	11.960000
451	-149.213864	0.459000	11.820000
452	-149.143864	0.459000	12.040000
453	-149.123864	0.461000	11.980000
454	-149.073864	0.463000	11.980000
455	-149.063864	0.463000	12.030000
456	-148.963864	0.461000	11.950000
457	-148.863864	0.465000	12.110000
458	-148.813864	0.467000	12.100000
459	-148.773864	0.467000	11.960000
460	-148.763864	0.467000	12.040000
461	-148.723864	0.469000	12.110000
462	-148.683864	0.471000	12.170000
463	-148.603864	0.471000	12.070000
464	-148.583864	0.473000	12.210000
465	-148.443864	0.473000	12.090000
466	-148.433864	0.473000	12.110000
467	-148.423864	0.475000	12.120000
468	-148.333864	0.475000	12.180000
469	-148.123864	0.477000	12.250000
470	-148.083864	0.479000	12.240000
471	-148.033864	0.479000	12.170000
472	-147.913864	0.479000	12.440000
473	-147.833864	0.481000	12.070000
474	-147.763864	0.483000	12.170000
475	-147.763864	0.483000	12.210000
476	-147.733864	0.483000	12.230000
477	-147.663864	0.484000	12.270000
478	-147.513864	0.486000	12.320000
479	-147.513864	0.488000	12.280000
480	-147.393864	0.488000	12.150000
481	-147.363864	0.488000	12.300000
482	-147.333864	0.488000	12.240000
483	-147.063864	0.490000	12.280000
484	-147.023864	0.490000	12.160000
485	-147.023864	0.492000	12.070000
486	-146.943864	0.494000	12.180000
487	-146.853864	0.494000	12.170000
488	-146.483864	0.494000	12.230000
489	-146.323864	0.496000	12.360000
490	-146.183864	0.498000	12.580000
491	-146.143864	0.498000	12.460000
492	-146.133864	0.498000	12.170000
493	-145.963864	0.500000	12.140000
494	-145.903864	0.502000	12.120000
495	-145.603864	0.502000	12.530000
496	-145.563864	0.506000	12.220000
497	-145.493864	0.506000	12.290000
498	-145.393864	0.506000	12.350000
499	-145.253864	0.508000	12.340000
500	-145.233864	0.508000	12.430000
501	-145.183864	0.510000	12.410000
502	-145.063864	0.512000	12.140000
503	-145.023864	0.512000	12.650000
504	-144.973864	0.512000	12.210000
505	-144.843864	0.514000	12.470000
506	-144.793864	0.514000	12.420000
507	-144.703864	0.516000	12.520000
508	-144.663864	0.516000	12.440000
509	-144.623864	0.518000	12.280000
510	-144.593864	0.520000	12.240000
511	-144.563864	0.520000	12.550000
512	-144.483864	0.520000	12.370000
513	-144.453864	0.522000	12.430000
514	-144.443864	0.522000	12.580000
515	-144.423864	0.524000	12.410000
516	-144.403864	0.524000	12.480000
517	-144.273864	0.524000	12.450000
518	-144.203864	0.527000	12.460000
519	-144.163864	0.527000	12.380000
520	-143.903864	0.527000	12.400000
521	-143.883864	0.529000	12.460000
522	-143.843864	0.529000	12.370000
523	-143.833864	0.531000	12.580000
524	-143.763864	0.533000	12.590000
525	-143.703864	0.533000	12.630000
526	-143.693864	0.535000	12.610000
527	-143.663864	0.535000	12.470000
528	-143.393864	0.535000	12.480000
529	-143.363864	0.537000	12.540000
530	-143.333864	0.539000	12.440000
531	-143.293864	0.539000	12.580000
532	-143.223864	0.541000	12.610000
533	-143.153864	0.541000	12.620000
534	-143.143864	0.543000	12.420000
535	-142.853864	0.543000	12.350000
536	-142.813864	0.543000	12.600000
537	-142.803864	0.545000	12.540000
538	-142.803864	0.545000	12.490000
539	-142.783864	0.547000	12.500000
540	-142.743864	0.547000	12.580000
541	-142.733864	0.549000	12.660000
542	-142.733864	0.551000	12.730000
543	-142.653864	0.551000	12.610000
544	-142.633864	0.551000	12.580000
545	-142.433864	0.553000	12.730000
546	-142.343864	0.553000	12.510000
547	-142.223864	0.555000	12.640000
548	-142.193864	0.557000	12.540000
549	-141.693864	0.555000	12.780000
550	-141.613864	0.559000	12.600000
551	-141.553864	0.559000	12.840000
552	-141.523864	0.561000	12.440000
553	-141.463864	0.561000	12.620000
554	-141.033864	0.561000	12.630000
555	-140.933864	0.563000	12.730000
556	-140.773864	0.565000	12.620000
557	-140.353864	0.565000	12.700000
558	-140.213864	0.566000	12.820000
559	-140.213864	0.566000	12.660000
560	-140.123864	0.566000	12.620000
561	-140.043864	0.568000	12.780000
562	-139.973864	0.570000	12.840000
563	-139.903864	0.570000	12.940000
564	-139.873864	0.572000	12.600000
565	-139.773864	0.572000	12.710000
566	-139.713864	0.574000	12.650000
567	-139.623864	0.574000	12.650000
568	-139.613864	0.574000	12.800000
569	-139.593864	0.576000	12.710000
570	-139.573864	0.576000	12.760000
571	-139.563864	0.578000	12.860000
572	-139.563864	0.580000	12.800000
573	-139.543864	0.582000	12.950000
574	-139.443864	0.582000	12.940000
575	-139.283864	0.582000	12.540000
576	-139.243864	0.582000	12.660000
577	-139.223864	0.584000	12.710000
578	-139.203864	0.588000	12.590000
579	-139.163864	0.586000	12.530000
580	-139.043864	0.588000	12.690000
581	-139.003864	0.590000	12.970000
582	-138.863864	0.590000	12.930000
583	-138.673864	0.592000	12.950000
584	-138.633864	0.592000	12.870000
585	-138.543864	0.594000	12.870000
586	-138.473864	0.596000	12.710000
587	-138.413864	0.596000	12.890000
588	-138.393864	0.598000	12.860000
589	-138.343864	0.598000	12.950000
590	-138.333864	0.598000	12.860000
591	-138.333864	0.600000	12.840000
592	-138.313864	0.600000	12.910000
593	-138.253864	0.602000	12.840000
594	-138.233864	0.604000	12.830000
595	-138.233864	0.604000	12.940000
596	-138.203864	0.604000	12.830000
597	-138.123864	0.606000	12.730000
598	-138.093864	0.607000	12.770000
599	-138.083864	0.607000	12.890000
600	-138.073864	0.607000	12.790000
601	-137.923864	0.609000	12.800000
602	-137.863864	0.611000	12.920000
603	-137.743864	0.611000	12.960000
604	-137.713864	0.611000	12.850000
605	-137.663864	0.613000	12.820000
606	-137.583864	0.613000	12.800000
607	-137.543864	0.615000	12.630000
608	-137.403864	0.615000	12.890000
609	-137.233864	0.617000	12.990000
610	-137.233864	0.619000	13.010000
611	-137.083864	0.619000	13.040000
612	-137.053864	0.621000	12.970000
613	-137.013864	0.621000	12.900000
614	-136.983864	0.623000	13.000000
615	-136.963864	0.623000	12.960000
616	-136.923864	0.623000	12.900000
617	-136.803864	0.625000	12.880000
618	-136.773864	0.627000	12.950000
619	-136.643864	0.627000	12.910000
620	-136.553864	0.629000	12.870000
621	-136.473864	0.629000	12.920000
622	-136.413864	0.629000	12.890000
623	-136.343864	0.631000	12.810000
624	-136.343864	0.631000	12.840000
625	-136.333864	0.633000	12.830000
626	-136.253864	0.635000	12.760000
627	-136.233864	0.635000	12.940000
628	-136.163864	0.637000	13.150000
629	-136.053864	0.639000	13.120000
630	-135.843864	0.639000	13.280000
631	-135.703864	0.639000	12.900000
632	-135.403864	0.641000	13.140000
633	-135.383864	0.641000	12.950000
634	-135.313864	0.643000	13.230000
635	-135.193864	0.645000	13.150000
636	-135.183864	0.645000	13.020000
637	-135.183864	0.645000	13.090000
638	-135.053864	0.647000	13.140000
639	-135.043864	0.647000	13.010000
640	-135.023864	0.649000	13.130000
641	-134.783864	0.650000	13.000000
642	-134.763864	0.650000	12.870000
643	-134.743864	0.650000	13.040000
644	-134.573864	0.652000	13.160000
645	-134.533864	0.654000	13.170000
646	-134.523864	0.654000	13.240000
647	-134.463864	0.654000	13.230000
648	-134.433864	0.656000	13.150000
649	-134.373864	0.658000	12.970000
650	-134.353864	0.658000	13.130000
651	-134.343864	0.660000	13.140000
652	-134.313864	0.660000	13.140000
653	-134.303864	0.660000	13.090000
654	-134.273864	0.662000	13.280000
655	-134.233864	0.662000	13.170000
656	-133.993864	0.664000	13.460000
657	-133.963864	0.666000	13.140000
658	-133.823864	0.666000	13.340000
659	-133.793864	0.666000	13.330000
660	-133.743864	0.668000	13.020000
661	-133.713864	0.670000	13.260000
662	-133.493864	0.672000	13.190000
663	-133.393864	0.674000	13.140000
664	-133.353864	0.674000	13.110000
665	-133.343864	0.674000	13.210000
666	-133.293864	0.676000	13.370000
667	-133.023864	0.676000	13.440000
668	-132.963864	0.678000	13.400000
669	-132.943864	0.678000	13.350000
670	-132.833864	0.680000	13.380000
671	-132.833864	0.682000	13.390000
672	-132.713864	0.682000	13.450000
673	-132.693864	0.684000	13.300000
674	-132.693864	0.684000	13.420000
675	-132.693864	0.684000	13.250000
676	-132.683864	0.686000	13.440000
677	-132.663864	0.688000	13.230000
678	-132.573864	0.688000	13.340000
679	-132.573864	0.690000	13.120000
680	-132.563864	0.690000	13.290000
681	-132.463864	0.691000	13.250000
682	-132.413864	0.691000	13.380000
683	-132.363864	0.691000	13.140000
684	-132.233864	0.693000	13.260000
685	-132.073864	0.693000	13.270000
686	-131.933864	0.695000	13.360000
687	-131.893864	0.695000	13.240000
688	-131.873864	0.695000	13.350000
689	-131.673864	0.699000	13.400000
690	-131.633864	0.699000	13.530000
691	-131.543864	0.699000	13.330000
692	-131.543864	0.701000	13.270000
693	-131.533864	0.701000	13.550000
694	-131.533864	0.703000	13.300000
695	-131.463864	0.703000	13.360000
696	-131.353864	0.705000	13.540000
697	-131.353864	0.705000	13.360000
698	-131.163864	0.707000	13.490000
699	-131.103864	0.707000	13.480000
700	-131.083864	0.709000	13.320000
701	-131.043864	0.709000	13.380000
702	-130.963864	0.711000	13.430000
703	-130.763864	0.713000	13.500000
704	-130.753864	0.713000	13.310000
705	-130.743864	0.715000	13.500000
706	-130.623864	0.715000	13.530000
707	-130.593864	0.715000	13.490000
708	-130.503864	0.717000	13.280000
709	-130.423864	0.719000	13.510000
710	-130.413864	0.721000	13.490000
711	-130.403864	0.721000	13.420000
712	-130.373864	0.723000	13.460000
713	-130.223864	0.723000	13.590000
714	-130.123864	0.723000	13.520000
715	-130.013864	0.725000	13.470000
716	-129.703864	0.725000	13.430000
717	-129.463864	0.727000	13.470000
718	-129.443864	0.729000	13.400000
719	-129.293864	0.729000	13.570000
720	-129.273864	0.731000	13.550000
721	-129.273864	0.731000	13.410000
722	-129.183864	0.731000	13.630000
723	-129.153864	0.733000	13.600000
724	-129.133864	0.733000	13.440000
725	-129.083864	0.734000	13.490000
726	-129.073864	0.736000	13.680000
727	-129.073864	0.736000	13.260000
728	-128.973864	0.738000	13.500000
729	-128.903864	0.738000	13.740000
730	-128.863864	0.740000	13.570000
731	-128.713864	0.740000	13.500000
732	-128.563864	0.742000	13.480000
733	-128.523864	0.744000	13.530000
734	-128.503864	0.744000	13.570000
735	-128.333864	0.746000	13.590000
736	-128.223864	0.746000	13.670000
737	-128.183864	0.746000	13.590000
738	-128.173864	0.748000	13.630000
739	-128.153864	0.748000	13.500000
740	-128.093864	0.750000	13.640000
741	-128.093864	0.752000	13.450000
742	-127.923864	0.752000	13.510000
743	-127.773864	0.754000	13.540000
744	-127.663864	0.756000	13.650000
745	-127.613864	0.756000	13.790000
746	-127.563864	0.758000	13.730000
747	-127.403864	0.758000	13.580000
748	-127.163864	0.762000	13.760000
749	-127.143864	0.762000	13.890000
750	-127.083864	0.764000	13.720000
751	-126.973864	0.764000	13.780000
752	-126.753864	0.764000	13.670000
753	-126.713864	0.766000	13.840000
754	-126.623864	0.768000	13.810000
755	-126.423864	0.770000	13.810000
756	-126.303864	0.770000	13.730000
757	-126.283864	0.770000	13.750000
758	-126.213864	0.772000	14.000000
759	-126.173864	0.772000	13.890000
760	-126.133864	0.772000	14.040000
761	-126.113864	0.774000	13.680000
762	-126.063864	0.775000	13.700000
763	-126.013864	0.775000	13.740000
764	-125.983864	0.775000	13.610000
765	-125.873864	0.777000	13.810000
766	-125.753864	0.779000	13.820000
767	-125.663864	0.779000	13.830000
768	-125.613864	0.779000	13.640000
769	-125.583864	0.781000	13.790000
770	-125.573864	0.783000	13.860000
771	-125.273864	0.783000	13.910000
772	-125.173864	0.785000	14.060000
773	-125.103864	0.785000	13.820000
774	-125.003864	0.785000	13.860000
775	-124.913864	0.787000	13.870000
776	-124.903864	0.787000	13.800000
777	-124.893864	0.789000	13.760000
778	-124.893864	0.791000	13.880000
779	-124.883864	0.789000	13.900000
780	-124.853864	0.791000	13.810000
781	-124.783864	0.793000	13.870000
782	-124.733864	0.795000	13.900000
783	-124.713864	0.795000	13.760000
784	-124.643864	0.795000	13.880000
785	-124.523864	0.797000	13.960000
786	-124.523864	0.799000	13.860000
787	-124.473864	0.799000	14.010000
788	-124.473864	0.799000	13.940000
789	-124.383864	0.803000	14.040000
790	-124.273864	0.803000	13.680000
791	-124.173864	0.803000	13.860000
792	-124.153864	0.805000	13.930000
793	-124.013864	0.807000	13.940000
794	-123.943864	0.807000	13.760000
795	-123.783864	0.807000	14.000000
796	-123.733864	0.809000	14.010000
797	-123.673864	0.811000	14.000000
798	-123.653864	0.811000	13.980000
799	-123.643864	0.811000	13.820000
800	-123.553864	0.813000	13.920000
801	-123.483864	0.815000	13.930000
802	-123.443864	0.815000	13.930000
803	-123.373864	0.816000	13.970000
804	-123.353864	0.816000	14.120000
805	-123.213864	0.816000	14.030000
806	-123.003864	0.818000	14.060000
807	-122.943864	0.818000	13.880000
808	-122.703864	0.820000	14.110000
809	-122.683864	0.822000	13.810000
810	-122.233864	0.820000	14.060000
811	-122.153864	0.822000	14.110000
812	-122.083864	0.824000	14.100000
813	-122.073864	0.826000	14.160000
814	-122.073864	0.826000	13.990000
815	-122.053864	0.826000	14.220000
816	-122.043864	0.828000	14.150000
817	-122.023864	0.828000	13.970000
818	-121.803864	0.830000	14.000000
819	-121.733864	0.830000	13.890000
820	-121.723864	0.832000	14.120000
821	-121.673864	0.832000	13.860000
822	-121.603864	0.834000	14.010000
823	-121.523864	0.834000	13.990000
824	-121.483864	0.838000	13.950000
825	-121.353864	0.840000	14.110000
826	-121.213864	0.840000	14.140000
827	-121.203864	0.840000	14.040000
828	-121.163864	0.842000	14.280000
829	-121.143864	0.842000	14.210000
830	-121.143864	0.844000	13.950000
831	-121.133864	0.844000	14.170000
832	-121.113864	0.846000	14.160000
833	-120.953864	0.848000	14.150000
834	-120.933864	0.848000	14.240000
835	-120.843864	0.848000	14.090000
836	-120.793864	0.850000	14.240000
837	-120.763864	0.850000	14.050000
838	-120.763864	0.852000	14.130000
839	-120.673864	0.852000	14.270000
840	-120.513864	0.854000	14.250000
841	-120.463864	0.856000	14.240000
842	-120.373864	0.856000	14.180000
843	-120.203864	0.856000	14.300000
844	-120.093864	0.857000	14.200000
845	-120.083864	0.857000	14.100000
846	-119.983864	0.859000	14.210000
847	-119.983864	0.861000	14.220000
848	-119.913864	0.861000	14.090000
849	-119.833864	0.863000	14.360000
850	-119.813864	0.863000	14.260000
851	-119.803864	0.863000	14.210000
852	-119.733864	0.865000	14.240000
853	-119.683864	0.865000	14.130000
854	-119.613864	0.867000	14.290000
855	-119.553864	0.869000	14.500000
856	-119.423864	0.869000	14.190000
857	-119.413864	0.871000	14.180000
858	-119.223864	0.871000	14.230000
859	-119.193864	0.873000	14.150000
860	-119.133864	0.873000	14.300000
861	-119.083864	0.873000	14.200000
862	-118.873864	0.875000	13.950000
863	-118.673864	0.877000	14.290000
864	-118.633864	0.877000	14.380000
865	-118.503864	0.879000	14.450000
866	-118.493864	0.879000	14.340000
867	-118.373864	0.879000	14.300000
868	-118.193864	0.881000	14.420000
869	-118.183864	0.883000	14.350000
870	-118.163864	0.883000	14.400000
871	-118.043864	0.883000	14.330000
872	-117.933864	0.885000	14.150000
873	-117.913864	0.887000	14.330000
874	-117.843864	0.887000	14.400000
875	-117.703864	0.887000	14.620000
876	-117.673864	0.889000	14.240000
877	-117.643864	0.889000	14.360000
878	-117.533864	0.891000	14.410000
879	-117.513864	0.893000	14.360000
880	-117.493864	0.893000	14.510000
881	-117.283864	0.895000	14.310000
882	-117.273864	0.895000	14.180000
883	-117.253864	0.897000	14.550000
884	-117.253864	0.897000	14.450000
885	-117.193864	0.899000	14.450000
886	-117.143864	0.900000	14.290000
887	-117.073864	0.900000	14.280000
888	-116.823864	0.902000	14.360000
889	-116.803864	0.902000	14.370000
890	-116.583864	0.902000	14.610000
891	-116.523864	0.904000	14.340000
892	-116.373864	0.906000	14.460000
893	-116.273864	0.908000	14.360000
894	-116.253864	0.908000	14.380000
895	-116.223864	0.910000	14.520000
896	-116.183864	0.910000	14.620000
897	-116.173864	0.910000	14.480000
898	-116.073864	0.912000	14.410000
899	-116.063864	0.912000	14.620000
900	-115.993864	0.914000	14.630000
901	-115.893864	0.914000	14.530000
902	-115.813864	0.916000	14.520000
903	-115.773864	0.918000	14.500000
904	-115.773864	0.918000	14.400000
905	-115.743864	0.918000	14.520000
906	-115.723864	0.922000	14.640000
907	-115.703864	0.924000	14.560000
908	-115.653864	0.924000	14.270000
909	-115.633864	0.926000	14.500000
910	-115.633864	0.926000	14.520000
911	-115.613864	0.926000	14.620000
912	-115.393864	0.928000	14.670000
913	-115.373864	0.930000	14.400000
914	-115.263864	0.932000	14.550000
915	-115.103864	0.932000	14.670000
916	-115.003864	0.932000	14.290000
917	-114.933864	0.934000	14.550000
918	-114.883864	0.936000	14.370000
919	-114.653864	0.936000	14.500000
920	-114.503864	0.936000	14.520000
921	-114.393864	0.938000	14.680000
922	-114.343864	0.941000	14.480000
923	-114.123864	0.940000	14.610000
924	-114.093864	0.941000	14.610000
925	-114.013864	0.941000	14.600000
926	-113.953864	0.941000	14.660000
927	-113.793864	0.943000	14.590000
928	-113.763864	0.943000	14.710000
929	-113.733864	0.945000	14.620000
930	-113.643864	0.947000	14.670000
931	-113.543864	0.947000	14.710000
932	-113.543864	0.949000	14.730000
933	-113.503864	0.951000	14.780000
934	-113.423864	0.951000	14.670000
935	-113.353864	0.951000	14.890000
936	-113.243864	0.953000	14.740000
937	-113.153864	0.955000	14.770000
938	-113.153864	0.955000	14.580000
939	-113.103864	0.957000	14.870000
940	-113.103864	0.957000	14.660000
941	-112.993864	0.957000	14.540000
942	-112.973864	0.959000	14.770000
943	-112.963864	0.959000	14.910000
944	-112.923864	0.961000	14.900000
945	-112.723864	0.963000	14.610000
946	-112.513864	0.963000	14.530000
947	-112.383864	0.963000	14.830000
948	-112.233864	0.965000	15.010000
949	-112.173864	0.967000	14.990000
950	-112.123864	0.967000	14.780000
951	-112.073864	0.967000	14.840000
952	-112.073864	0.969000	14.810000
953	-111.993864	0.973000	14.680000
954	-111.963864	0.971000	14.810000
955	-111.913864	0.973000	14.870000
956	-111.883864	0.973000	14.810000
957	-111.783864	0.973000	14.830000
958	-111.723864	0.975000	14.880000
959	-111.703864	0.975000	14.760000
960	-111.683864	0.977000	14.860000
961	-111.663864	0.977000	14.640000
962	-111.553864	0.979000	14.880000
963	-111.433864	0.979000	14.970000
964	-111.323864	0.981000	14.690000
965	-111.303864	0.983000	14.940000
966	-111.293864	0.983000	15.000000
967	-111.163864	0.983000	14.900000
968	-111.133864	0.984000	14.920000
969	-110.853864	0.986000	14.850000
970	-110.833864	0.986000	14.880000
971	-110.723864	0.988000	14.850000
972	-110.603864	0.988000	14.870000
973	-110.563864	0.990000	14.910000
974	-110.343864	0.990000	14.840000
975	-110.323864	0.990000	14.890000
976	-110.063864	0.992000	15.040000
977	-109.953864	0.994000	14.860000
978	-109.903864	0.994000	15.020000
979	-109.843864	0.994000	15.030000
980	-109.803864	0.996000	14.910000
981	-109.713864	0.998000	14.930000
982	-109.683864	0.998000	14.950000
983	-109.673864	0.998000	14.940000
984	-109.553864	1.000000	14.880000
985	-109.483864	1.002000	15.070000
986	-109.423864	1.002000	14.890000
987	-109.423864	1.004000	14.860000
988	-109.403864	1.006000	14.840000
989	-109.293864	1.006000	15.100000
990	-109.293864	1.008000	14.970000
991	-109.263864	1.010000	15.000000
992	-109.253864	1.010000	15.110000
993	-109.233864	1.010000	14.680000
994	-109.203864	1.012000	15.240000
995	-109.203864	1.014000	14.840000
996	-109.193864	1.014000	15.030000
997	-109.183864	1.014000	15.380000
998	-108.903864	1.016000	15.130000
999	-108.683864	1.018000	15.120000
1000	-108.653864	1.018000	14.940000
1001	-108.643864	1.020000	15.310000
1002	-108.593864	1.020000	15.000000
1003	-108.573864	1.020000	14.770000
1004	-108.403864	1.022000	14.800000
1005	-107.983864	1.024000	14.920000
1006	-107.933864	1.024000	14.950000
1007	-107.923864	1.025000	15.160000
1008	-107.893864	1.027000	15.080000
1009	-107.813864	1.027000	15.080000
1010	-107.753864	1.027000	15.090000
1011	-107.733864	1.029000	15.090000
1012	-107.663864	1.029000	15.210000
1013	-107.643864	1.031000	15.090000
1014	-107.643864	1.033000	15.010000
1015	-107.623864	1.033000	15.110000
1016	-107.483864	1.035000	15.110000
1017	-107.403864	1.035000	15.020000
1018	-107.293864	1.035000	15.050000
1019	-107.273864	1.037000	15.060000
1020	-107.253864	1.037000	15.150000
1021	-107.203864	1.039000	15.210000
1022	-107.113864	1.041000	15.170000
1023	-106.773864	1.039000	14.930000
1024	-106.673864	1.043000	15.070000
1025	-106.523864	1.043000	15.060000
1026	-106.403864	1.045000	15.100000
1027	-106.223864	1.045000	15.100000
1028	-106.203864	1.047000	15.160000
1029	-106.203864	1.049000	14.840000
1030	-106.203864	1.049000	15.310000
1031	-106.133864	1.051000	15.180000
1032	-106.103864	1.051000	15.200000
1033	-106.103864	1.051000	15.100000
1034	-106.073864	1.053000	15.230000
1035	-106.063864	1.053000	15.340000
1036	-105.993864	1.055000	15.410000
1037	-105.933864	1.057000	15.260000
1038	-105.923864	1.057000	15.370000
1039	-105.893864	1.059000	15.040000
1040	-105.453864	1.059000	15.140000
1041	-105.413864	1.059000	15.160000
1042	-105.293864	1.061000	15.160000
1043	-104.903864	1.061000	15.230000
1044	-104.863864	1.063000	14.000000
1045	-104.863864	1.065000	15.170000
1046	-104.833864	1.065000	14.030000
1047	-104.763864	1.066000	15.320000
1048	-104.763864	1.066000	15.290000
1049	-104.673864	1.066000	13.910000
1050	-104.673864	1.068000	14.070000
1051	-104.553864	1.068000	14.260000
1052	-104.543864	1.070000	13.840000
1053	-104.503864	1.070000	14.250000
1054	-104.443864	1.072000	13.890000
1055	-104.413864	1.074000	15.220000
1056	-104.183864	1.074000	15.210000
1057	-104.153864	1.074000	13.970000
1058	-104.123864	1.076000	13.890000
1059	-104.023864	1.076000	14.180000
1060	-103.863864	1.078000	14.130000
1061	-103.793864	1.080000	13.920000
1062	-103.663864	1.080000	14.110000
1063	-103.643864	1.082000	15.430000
1064	-103.603864	1.082000	14.130000
1065	-103.603864	1.082000	14.000000
1066	-103.563864	1.084000	13.950000
1067	-103.533864	1.088000	13.960000
1068	-103.313864	1.088000	14.000000
1069	-103.303864	1.088000	14.040000
1070	-103.273864	1.090000	14.150000
1071	-103.143864	1.092000	14.120000
1072	-103.043864	1.092000	14.030000
1073	-103.013864	1.092000	14.270000
1074	-102.983864	1.094000	13.990000
1075	-102.953864	1.096000	14.080000
1076	-102.923864	1.098000	14.040000
1077	-102.863864	1.098000	13.870000
1078	-102.823864	1.098000	13.970000
1079	-102.823864	1.098000	14.160000
1080	-102.663864	1.100000	14.050000
1081	-102.563864	1.100000	14.150000
1082	-102.563864	1.102000	14.080000
1083	-102.533864	1.104000	14.170000
1084	-102.433864	1.102000	14.250000
1085	-102.403864	1.104000	14.080000
1086	-102.373864	1.107000	14.110000
1087	-102.333864	1.107000	14.210000
1088	-102.043864	1.107000	14.320000
1089	-101.583864	1.109000	14.230000
1090	-101.583864	1.111000	14.410000
1091	-101.483864	1.111000	14.090000
1092	-101.363864	1.113000	14.050000
1093	-101.293864	1.113000	14.200000
1094	-101.233864	1.113000	14.150000
1095	-101.133864	1.115000	14.380000
1096	-100.913864	1.115000	14.230000
1097	-100.873864	1.117000	14.200000
1098	-100.713864	1.119000	14.220000
1099	-100.653864	1.119000	14.270000
1100	-100.523864	1.119000	14.180000
1101	-100.483864	1.121000	14.110000
1102	-100.443864	1.123000	14.290000
1103	-100.423864	1.123000	14.300000
1104	-100.393864	1.123000	14.250000
1105	-100.393864	1.125000	14.300000
1106	-100.313864	1.125000	14.130000
1107	-100.293864	1.127000	14.420000
1108	-100.283864	1.129000	14.080000
1109	-100.223864	1.129000	14.300000
1110	-100.093864	1.129000	14.300000
1111	-100.093864	1.131000	14.130000
1112	-100.013864	1.131000	14.350000
1113	-99.973864	1.133000	14.350000
1114	-99.973864	1.133000	14.320000
1115	-99.833864	1.133000	14.470000
1116	-99.743864	1.135000	14.560000
1117	-99.713864	1.137000	14.510000
1118	-99.703864	1.139000	14.180000
1119	-99.493864	1.139000	14.330000
1120	-99.453864	1.139000	14.270000
1121	-99.353864	1.141000	14.290000
1122	-99.233864	1.143000	14.200000
1123	-99.213864	1.143000	14.250000
1124	-99.123864	1.143000	14.430000
1125	-99.053864	1.145000	14.370000
1126	-98.923864	1.147000	14.470000
1127	-98.913864	1.147000	14.400000
1128	-98.733864	1.149000	14.270000
1129	-98.573864	1.150000	14.610000
1130	-98.543864	1.150000	14.360000
1131	-98.493864	1.150000	14.410000
1132	-98.423864	1.152000	14.250000
1133	-98.323864	1.154000	14.280000
1134	-98.203864	1.154000	14.340000
1135	-98.053864	1.154000	14.800000
1136	-98.023864	1.156000	14.480000
1137	-98.023864	1.158000	14.400000
1138	-97.993864	1.158000	14.660000
1139	-97.943864	1.160000	14.490000
1140	-97.923864	1.160000	14.240000
1141	-97.893864	1.160000	14.480000
1142	-97.803864	1.162000	14.360000
1143	-97.793864	1.162000	14.330000
1144	-97.623864	1.164000	14.560000
1145	-97.493864	1.166000	14.410000
1146	-97.483864	1.166000	14.520000
1147	-97.433864	1.168000	14.320000
1148	-97.253864	1.170000	14.520000
1149	-97.163864	1.172000	14.430000
1150	-96.973864	1.174000	14.530000
1151	-96.973864	1.174000	14.580000
1152	-96.923864	1.176000	14.470000
1153	-96.923864	1.176000	14.480000
1154	-96.863864	1.176000	14.670000
1155	-96.763864	1.178000	14.600000
1156	-96.663864	1.178000	14.690000
1157	-96.633864	1.180000	14.690000
1158	-96.603864	1.182000	14.520000
1159	-96.473864	1.182000	14.550000
1160	-96.403864	1.184000	14.520000
1161	-96.323864	1.184000	14.670000
1162	-96.313864	1.184000	14.690000
1163	-96.163864	1.186000	14.410000
1164	-96.093864	1.188000	14.760000
1165	-96.083864	1.188000	14.450000
1166	-96.043864	1.188000	14.720000
1167	-95.883864	1.190000	14.710000
1168	-95.863864	1.191000	14.560000
1169	-95.683864	1.191000	14.500000
1170	-95.433864	1.191000	14.700000
1171	-95.413864	1.193000	14.570000
1172	-95.383864	1.193000	14.480000
1173	-95.373864	1.195000	14.640000
1174	-95.333864	1.197000	14.730000
1175	-95.073864	1.195000	14.720000
1176	-95.063864	1.199000	14.540000
1177	-95.053864	1.199000	14.570000
1178	-95.023864	1.201000	14.630000
1179	-94.963864	1.201000	14.810000
1180	-94.953864	1.201000	14.740000
1181	-94.933864	1.203000	14.910000
1182	-94.793864	1.205000	14.640000
1183	-94.633864	1.205000	14.590000
1184	-94.493864	1.207000	14.670000
1185	-94.403864	1.207000	14.750000
1186	-94.383864	1.207000	14.570000
1187	-94.333864	1.209000	14.660000
1188	-94.043864	1.211000	14.740000
1189	-93.993864	1.213000	14.670000
1190	-93.993864	1.213000	14.750000
1191	-93.983864	1.215000	14.720000
1192	-93.983864	1.215000	14.710000
1193	-93.853864	1.215000	14.760000
1194	-93.753864	1.217000	14.870000
1195	-93.593864	1.217000	14.570000
1196	-93.563864	1.219000	14.830000
1197	-93.493864	1.219000	14.760000
1198	-93.453864	1.223000	14.690000
1199	-93.433864	1.223000	14.670000
1200	-93.393864	1.223000	14.800000
1201	-93.333864	1.223000	14.720000
1202	-92.953864	1.225000	14.710000
1203	-92.903864	1.225000	14.930000
1204	-92.783864	1.227000	14.770000
1205	-92.673864	1.229000	14.860000
1206	-92.573864	1.229000	14.790000
1207	-92.493864	1.229000	14.900000
1208	-92.363864	1.231000	14.920000
1209	-92.333864	1.233000	14.660000
1210	-92.223864	1.233000	14.810000
1211	-92.163864	1.233000	14.860000
1212	-92.123864	1.234000	14.910000
1213	-92.123864	1.236000	14.910000
1214	-92.113864	1.236000	14.900000
1215	-92.033864	1.238000	14.760000
1216	-91.973864	1.238000	14.820000
1217	-91.953864	1.238000	14.800000
1218	-91.923864	1.240000	14.740000
1219	-91.883864	1.242000	14.890000
1220	-91.653864	1.242000	14.850000
1221	-91.383864	1.242000	14.930000
1222	-91.353864	1.246000	14.960000
1223	-91.343864	1.246000	14.780000
1224	-91.293864	1.246000	14.840000
1225	-91.293864	1.248000	14.840000
1226	-91.153864	1.248000	14.950000
1227	-91.083864	1.250000	14.930000
1228	-90.973864	1.252000	15.020000
1229	-90.933864	1.254000	15.000000
1230	-90.813864	1.256000	14.890000
1231	-90.613864	1.256000	15.020000
1232	-90.563864	1.258000	14.940000
1233	-90.563864	1.260000	14.970000
1234	-90.533864	1.260000	14.930000
1235	-90.503864	1.260000	15.060000
1236	-90.363864	1.262000	14.940000
1237	-90.283864	1.262000	14.860000
1238	-90.133864	1.264000	14.930000
1239	-90.003864	1.264000	14.940000
1240	-89.763864	1.266000	14.980000
1241	-89.743864	1.268000	14.920000
1242	-89.623864	1.268000	15.030000
1243	-89.613864	1.270000	15.160000
1244	-89.603864	1.270000	14.920000
1245	-89.493864	1.272000	14.950000
1246	-89.493864	1.272000	15.240000
1247	-89.363864	1.274000	14.980000
1248	-89.323864	1.275000	14.990000
1249	-89.183864	1.274000	15.040000
1250	-89.163864	1.274000	15.290000
1251	-89.153864	1.277000	15.100000
1252	-89.153864	1.279000	15.190000
1253	-89.143864	1.279000	15.020000
1254	-89.143864	1.281000	15.100000
1255	-89.093864	1.281000	15.140000
1256	-89.063864	1.281000	15.180000
1257	-89.063864	1.283000	14.980000
1258	-89.023864	1.283000	15.130000
1259	-88.993864	1.285000	15.100000
1260	-88.963864	1.285000	15.110000
1261	-88.953864	1.287000	15.090000
1262	-88.913864	1.287000	15.170000
1263	-88.893864	1.289000	15.120000
1264	-88.883864	1.291000	15.090000
1265	-88.823864	1.291000	15.280000
1266	-88.783864	1.289000	15.110000
1267	-88.623864	1.293000	15.270000
1268	-88.603864	1.295000	15.220000
1269	-88.603864	1.295000	15.080000
1270	-88.563864	1.295000	15.040000
1271	-88.563864	1.297000	15.060000
1272	-88.523864	1.299000	15.060000
1273	-88.383864	1.299000	15.160000
1274	-88.313864	1.301000	15.050000
1275	-87.943864	1.301000	15.260000
1276	-87.913864	1.301000	15.130000
1277	-87.883864	1.303000	15.130000
1278	-87.733864	1.303000	15.300000
1279	-87.713864	1.305000	15.260000
1280	-87.703864	1.307000	15.120000
1281	-87.603864	1.307000	15.070000
1282	-87.413864	1.307000	15.060000
1283	-87.353864	1.309000	15.410000
1284	-87.103864	1.311000	15.160000
1285	-86.973864	1.311000	15.200000
1286	-86.753864	1.311000	15.170000
1287	-86.693864	1.313000	15.370000
1288	-86.663864	1.313000	15.140000
1289	-86.623864	1.315000	15.250000
1290	-86.593864	1.316000	15.100000
1291	-86.573864	1.316000	15.250000
1292	-86.563864	1.316000	15.290000
1293	-86.563864	1.318000	15.250000
1294	-86.543864	1.318000	15.300000
1295	-86.313864	1.320000	15.120000
1296	-86.273864	1.322000	15.250000
1297	-86.263864	1.322000	15.340000
1298	-86.213864	1.322000	15.360000
1299	-86.163864	1.324000	15.500000
1300	-86.143864	1.326000	15.360000
1301	-85.643864	1.326000	15.290000
1302	-85.603864	1.326000	15.300000
1303	-85.583864	1.328000	15.340000
1304	-85.463864	1.330000	15.280000
1305	-85.383864	1.330000	15.260000
1306	-85.343864	1.332000	15.370000
1307	-85.183864	1.332000	15.430000
1308	-85.163864	1.332000	15.220000
1309	-85.103864	1.334000	15.480000
1310	-85.093864	1.336000	15.180000
1311	-85.073864	1.338000	15.350000
1312	-85.043864	1.340000	15.430000
1313	-84.993864	1.340000	15.380000
1314	-84.913864	1.340000	15.540000
1315	-84.783864	1.342000	15.320000
1316	-84.763864	1.342000	15.410000
1317	-84.753864	1.344000	15.470000
1318	-84.743864	1.344000	15.450000
1319	-84.623864	1.346000	15.440000
1320	-84.583864	1.348000	15.510000
1321	-84.573864	1.348000	15.420000
1322	-84.483864	1.348000	15.420000
1323	-84.453864	1.350000	15.490000
1324	-84.443864	1.350000	15.540000
1325	-84.273864	1.352000	15.370000
1326	-84.213864	1.354000	15.450000
1327	-84.173864	1.354000	15.530000
1328	-83.983864	1.356000	15.360000
1329	-83.973864	1.356000	15.610000
1330	-83.773864	1.357000	15.540000
1331	-83.733864	1.357000	15.410000
1332	-83.583864	1.359000	15.400000
1333	-83.193864	1.361000	15.510000
1334	-82.953864	1.363000	15.460000
1335	-82.873864	1.363000	15.580000
1336	-82.863864	1.363000	15.420000
1337	-82.863864	1.363000	15.720000
1338	-82.843864	1.365000	15.810000
1339	-82.753864	1.367000	15.750000
1340	-82.733864	1.369000	15.550000
1341	-82.673864	1.369000	15.540000
1342	-82.473864	1.371000	15.610000
1343	-82.453864	1.371000	15.540000
1344	-82.393864	1.371000	15.560000
1345	-82.353864	1.373000	15.630000
1346	-82.353864	1.373000	15.540000
1347	-82.263864	1.375000	15.610000
1348	-82.233864	1.375000	15.480000
1349	-82.093864	1.377000	15.690000
1350	-82.073864	1.379000	15.620000
1351	-81.973864	1.379000	15.680000
1352	-81.833864	1.379000	15.600000
1353	-81.823864	1.381000	15.510000
1354	-81.703864	1.381000	15.470000
1355	-81.683864	1.383000	15.670000
1356	-81.613864	1.385000	15.600000
1357	-81.513864	1.385000	15.590000
1358	-81.153864	1.387000	15.620000
1359	-81.133864	1.387000	15.520000
1360	-81.073864	1.389000	15.620000
1361	-81.053864	1.389000	15.800000
1362	-81.033864	1.389000	15.670000
1363	-81.003864	1.391000	15.710000
1364	-80.833864	1.393000	15.600000
1365	-80.723864	1.393000	15.610000
1366	-80.683864	1.395000	15.840000
1367	-80.663864	1.395000	15.770000
1368	-80.653864	1.395000	15.770000
1369	-80.413864	1.397000	15.690000
1370	-80.353864	1.399000	15.860000
1371	-80.293864	1.399000	15.620000
1372	-80.293864	1.400000	15.640000
1373	-80.213864	1.400000	15.740000
1374	-80.183864	1.402000	15.600000
1375	-80.103864	1.402000	15.820000
1376	-80.083864	1.402000	15.760000
1377	-80.013864	1.404000	15.620000
1378	-80.003864	1.404000	15.640000
1379	-79.963864	1.406000	15.700000
1380	-79.783864	1.406000	15.580000
1381	-79.693864	1.408000	15.610000
1382	-79.533864	1.410000	15.700000
1383	-79.423864	1.410000	15.710000
1384	-79.343864	1.410000	15.880000
1385	-79.293864	1.412000	15.750000
1386	-78.923864	1.412000	15.880000
1387	-78.923864	1.414000	15.860000
1388	-78.903864	1.414000	15.800000
1389	-78.843864	1.414000	15.670000
1390	-78.743864	1.416000	15.700000
1391	-78.733864	1.418000	15.760000
1392	-78.733864	1.418000	15.930000
1393	-78.663864	1.422000	15.800000
1394	-78.563864	1.424000	15.850000
1395	-78.483864	1.424000	15.830000
1396	-78.413864	1.426000	15.930000
1397	-78.393864	1.426000	15.760000
1398	-78.353864	1.428000	15.760000
1399	-78.343864	1.428000	15.760000
1400	-78.243864	1.428000	15.830000
1401	-78.163864	1.430000	15.770000
1402	-78.123864	1.432000	16.150000
1403	-78.103864	1.432000	15.880000
1404	-78.003864	1.434000	15.980000
1405	-77.933864	1.436000	15.870000
1406	-77.853864	1.436000	15.890000
1407	-77.833864	1.436000	16.020000
1408	-77.523864	1.438000	15.900000
1409	-77.483864	1.440000	15.820000
1410	-77.453864	1.441000	15.870000
1411	-77.433864	1.441000	16.030000
1412	-77.233864	1.441000	15.930000
1413	-77.103864	1.443000	15.860000
1414	-76.963864	1.443000	16.030000
1415	-76.903864	1.445000	15.810000
1416	-76.783864	1.445000	15.990000
1417	-76.593864	1.447000	16.060000
1418	-76.493864	1.445000	16.100000
1419	-76.433864	1.449000	16.000000
1420	-76.433864	1.451000	16.000000
1421	-76.423864	1.451000	15.870000
1422	-76.343864	1.451000	15.950000
1423	-76.263864	1.453000	15.890000
1424	-76.223864	1.455000	16.010000
1425	-76.173864	1.455000	15.980000
1426	-76.083864	1.457000	15.960000
1427	-76.013864	1.457000	16.330000
1428	-76.013864	1.457000	15.940000
1429	-75.973864	1.459000	15.950000
1430	-75.923864	1.459000	15.950000
1431	-75.813864	1.461000	16.080000
1432	-75.813864	1.463000	16.050000
1433	-75.773864	1.463000	16.040000
1434	-75.773864	1.463000	16.040000
1435	-75.663864	1.465000	15.970000
1436	-75.423864	1.467000	15.950000
1437	-75.353864	1.467000	16.090000
1438	-75.343864	1.469000	16.090000
1439	-75.183864	1.469000	15.920000
1440	-74.943864	1.469000	16.100000
1441	-74.923864	1.471000	16.140000
1442	-74.763864	1.473000	16.180000
1443	-74.493864	1.473000	16.100000
1444	-74.483864	1.473000	16.210000
1445	-74.423864	1.475000	16.230000
1446	-74.363864	1.475000	16.090000
1447	-74.293864	1.477000	16.240000
1448	-74.203864	1.479000	16.190000
1449	-74.143864	1.477000	16.070000
1450	-74.123864	1.477000	16.360000
1451	-74.093864	1.481000	16.110000
1452	-74.093864	1.483000	16.120000
1453	-73.933864	1.483000	16.130000
1454	-73.863864	1.483000	16.190000
1455	-73.823864	1.484000	16.280000
1456	-73.793864	1.486000	16.040000
1457	-73.753864	1.486000	16.260000
1458	-73.673864	1.488000	16.230000
1459	-73.643864	1.488000	16.220000
1460	-73.603864	1.488000	16.340000
1461	-73.453864	1.490000	16.160000
1462	-73.353864	1.490000	16.370000
1463	-73.313864	1.492000	16.240000
1464	-73.233864	1.494000	16.370000
1465	-73.103864	1.494000	16.330000
1466	-73.073864	1.494000	16.140000
1467	-73.033864	1.496000	16.280000
1468	-72.943864	1.498000	16.270000
1469	-72.753864	1.498000	16.210000
1470	-72.733864	1.498000	16.220000
1471	-72.653864	1.500000	16.350000
1472	-72.593864	1.502000	16.280000
1473	-72.563864	1.504000	16.190000
1474	-72.463864	1.504000	16.190000
1475	-72.443864	1.506000	16.300000
1476	-72.103864	1.506000	16.380000
1477	-72.093864	1.508000	16.280000
1478	-72.043864	1.510000	16.230000
1479	-71.993864	1.510000	16.430000
1480	-71.843864	1.512000	16.130000
1481	-71.833864	1.512000	16.400000
1482	-71.773864	1.512000	16.860000
1483	-71.773864	1.514000	16.340000
1484	-71.683864	1.514000	16.280000
1485	-71.403864	1.516000	16.360000
1486	-71.393864	1.518000	16.520000
1487	-71.393864	1.518000	16.340000
1488	-71.383864	1.520000	16.370000
1489	-71.363864	1.520000	16.230000
1490	-71.193864	1.520000	16.450000
1491	-71.153864	1.522000	16.330000
1492	-70.973864	1.522000	16.430000
1493	-70.863864	1.524000	16.300000
1494	-70.823864	1.524000	16.430000
1495	-70.823864	1.525000	16.280000
1496	-70.813864	1.527000	16.470000
1497	-70.753864	1.527000	16.420000
1498	-70.683864	1.527000	16.490000
1499	-70.643864	1.529000	16.350000
1500	-70.593864	1.529000	16.490000
1501	-70.563864	1.531000	16.410000
1502	-70.563864	1.531000	16.300000
1503	-70.553864	1.533000	16.440000
1504	-70.403864	1.535000	16.610000
1505	-70.283864	1.535000	16.450000
1506	-70.163864	1.535000	16.360000
1507	-70.123864	1.537000	16.460000
1508	-70.083864	1.537000	16.430000
1509	-69.963864	1.539000	16.820000
1510	-69.923864	1.541000	16.300000
1511	-69.813864	1.541000	16.360000
1512	-69.813864	1.543000	16.520000
1513	-69.753864	1.543000	16.540000
1514	-69.663864	1.543000	16.360000
1515	-69.643864	1.545000	16.630000
1516	-69.373864	1.545000	16.480000
1517	-69.353864	1.547000	16.540000
1518	-69.253864	1.549000	16.470000
1519	-69.233864	1.549000	16.610000
1520	-69.013864	1.551000	16.490000
1521	-68.923864	1.551000	16.700000
1522	-68.773864	1.551000	16.550000
1523	-68.653864	1.553000	16.790000
1524	-68.633864	1.553000	16.590000
1525	-68.633864	1.555000	16.610000
1526	-68.523864	1.557000	16.680000
1527	-68.443864	1.557000	16.430000
1528	-68.403864	1.559000	16.470000
1529	-68.273864	1.559000	16.580000
1530	-68.033864	1.559000	16.490000
1531	-68.023864	1.561000	16.570000
1532	-67.993864	1.563000	16.610000
1533	-67.953864	1.563000	16.590000
1534	-67.943864	1.563000	16.640000
1535	-67.913864	1.565000	16.600000
1536	-67.883864	1.566000	16.530000
1537	-67.883864	1.566000	16.640000
1538	-67.863864	1.566000	16.600000
1539	-67.853864	1.568000	16.620000
1540	-67.793864	1.568000	16.730000
1541	-67.713864	1.570000	16.620000
1542	-67.253864	1.572000	16.770000
1543	-67.173864	1.572000	16.660000
1544	-67.153864	1.574000	16.650000
1545	-67.143864	1.574000	16.550000
1546	-67.113864	1.576000	16.500000
1547	-67.103864	1.576000	16.560000
1548	-66.923864	1.576000	16.430000
1549	-66.913864	1.578000	16.570000
1550	-66.793864	1.580000	16.420000
1551	-66.773864	1.580000	16.510000
1552	-66.743864	1.582000	16.710000
1553	-66.703864	1.582000	16.600000
1554	-66.643864	1.582000	16.770000
1555	-66.573864	1.584000	16.750000
1556	-66.463864	1.586000	16.670000
1557	-66.413864	1.586000	17.000000
1558	-66.143864	1.588000	16.770000
1559	-66.043864	1.590000	16.980000
1560	-66.013864	1.592000	16.710000
1561	-65.903864	1.592000	16.860000
1562	-65.813864	1.592000	16.830000
1563	-65.753864	1.594000	16.780000
1564	-65.693864	1.596000	16.710000
1565	-65.603864	1.598000	16.780000
1566	-65.593864	1.596000	16.780000
1567	-65.563864	1.598000	16.800000
1568	-65.553864	1.598000	16.950000
1569	-65.463864	1.600000	16.770000
1570	-65.413864	1.600000	16.820000
1571	-65.403864	1.602000	16.920000
1572	-65.383864	1.604000	16.810000
1573	-65.373864	1.604000	16.790000
1574	-65.373864	1.604000	16.740000
1575	-65.353864	1.606000	16.840000
1576	-64.913864	1.606000	16.710000
1577	-64.763864	1.607000	16.590000
1578	-64.703864	1.607000	16.780000
1579	-64.373864	1.609000	16.970000
1580	-64.203864	1.611000	16.810000
1581	-64.163864	1.611000	16.840000
1582	-64.033864	1.613000	16.900000
1583	-63.993864	1.613000	16.940000
1584	-63.993864	1.613000	16.980000
1585	-63.953864	1.615000	16.920000
1586	-63.883864	1.615000	16.850000
1587	-63.823864	1.617000	17.060000
1588	-63.813864	1.619000	16.890000
1589	-63.803864	1.619000	17.020000
1590	-63.803864	1.621000	16.870000
1591	-63.743864	1.623000	16.980000
1592	-63.713864	1.623000	17.090000
1593	-63.693864	1.623000	17.000000
1594	-63.603864	1.625000	17.000000
1595	-63.453864	1.629000	16.950000
1596	-63.443864	1.627000	16.860000
1597	-63.403864	1.629000	16.980000
1598	-63.393864	1.629000	16.830000
1599	-63.363864	1.631000	16.860000
1600	-63.253864	1.631000	16.830000
1601	-63.243864	1.633000	16.900000
1602	-63.063864	1.635000	16.950000
1603	-63.063864	1.635000	16.910000
1604	-63.043864	1.635000	17.140000
1605	-63.033864	1.637000	17.120000
1606	-63.023864	1.639000	17.120000
1607	-62.853864	1.639000	16.940000
1608	-62.783864	1.639000	16.880000
1609	-62.743864	1.641000	16.980000
1610	-62.693864	1.643000	16.800000
1611	-62.433864	1.643000	17.130000
1612	-62.273864	1.645000	17.120000
1613	-62.083864	1.645000	17.230000
1614	-62.013864	1.647000	17.170000
1615	-61.883864	1.647000	17.210000
1616	-61.863864	1.647000	17.210000
1617	-61.793864	1.649000	17.120000
1618	-61.763864	1.649000	17.250000
1619	-61.743864	1.650000	17.200000
1620	-61.723864	1.650000	17.050000
1621	-61.643864	1.652000	16.980000
1622	-61.573864	1.654000	17.020000
1623	-61.513864	1.654000	17.260000
1624	-61.493864	1.654000	17.060000
1625	-61.363864	1.656000	17.160000
1626	-61.303864	1.656000	17.100000
1627	-61.263864	1.658000	17.200000
1628	-61.233864	1.658000	17.210000
1629	-61.063864	1.660000	17.240000
1630	-60.973864	1.660000	17.150000
1631	-60.893864	1.662000	17.180000
1632	-60.893864	1.662000	17.230000
1633	-60.863864	1.664000	17.180000
1634	-60.743864	1.666000	17.080000
1635	-60.593864	1.666000	16.990000
1636	-60.393864	1.666000	17.230000
1637	-60.163864	1.668000	17.280000
1638	-60.163864	1.670000	17.240000
1639	-60.133864	1.672000	17.220000
1640	-60.083864	1.674000	17.370000
1641	-59.983864	1.674000	17.150000
1642	-59.933864	1.676000	17.160000
1643	-59.923864	1.676000	17.070000
1644	-59.873864	1.676000	17.230000
1645	-59.853864	1.678000	17.170000
1646	-59.783864	1.680000	17.210000
1647	-59.693864	1.680000	17.500000
1648	-59.593864	1.680000	17.270000
1649	-59.553864	1.682000	17.180000
1650	-59.483864	1.684000	17.390000
1651	-59.333864	1.684000	17.250000
1652	-59.333864	1.684000	17.350000
1653	-59.193864	1.686000	17.230000
1654	-59.053864	1.686000	17.300000
1655	-58.993864	1.688000	17.400000
1656	-58.913864	1.690000	17.310000
1657	-58.883864	1.690000	17.400000
1658	-58.793864	1.690000	17.200000
1659	-58.733864	1.691000	17.280000
1660	-58.683864	1.693000	17.390000
1661	-58.613864	1.693000	17.180000
1662	-58.583864	1.693000	17.350000
1663	-58.563864	1.695000	17.170000
1664	-58.553864	1.697000	17.350000
1665	-58.513864	1.697000	17.260000
1666	-58.453864	1.699000	17.490000
1667	-58.203864	1.699000	17.420000
1668	-58.063864	1.699000	17.140000
1669	-57.853864	1.701000	17.300000
1670	-57.853864	1.701000	17.380000
1671	-57.773864	1.703000	17.500000
1672	-57.683864	1.705000	17.420000
1673	-57.683864	1.705000	17.330000
1674	-57.543864	1.707000	17.320000
1675	-57.393864	1.707000	17.430000
1676	-57.373864	1.707000	17.420000
1677	-57.283864	1.709000	17.380000
1678	-57.093864	1.709000	17.400000
1679	-57.003864	1.711000	17.520000
1680	-56.983864	1.711000	17.350000
1681	-56.973864	1.711000	17.530000
1682	-56.923864	1.715000	17.330000
1683	-56.843864	1.715000	17.410000
1684	-56.683864	1.715000	17.400000
1685	-56.653864	1.717000	17.360000
1686	-56.383864	1.717000	17.510000
1687	-56.373864	1.719000	17.520000
1688	-56.213864	1.721000	17.260000
1689	-56.143864	1.721000	17.380000
1690	-56.123864	1.721000	17.270000
1691	-56.063864	1.723000	17.530000
1692	-56.033864	1.723000	17.520000
1693	-56.033864	1.725000	17.640000
1694	-56.013864	1.725000	17.620000
1695	-55.913864	1.727000	17.290000
1696	-55.863864	1.729000	17.590000
1697	-55.863864	1.729000	17.420000
1698	-55.813864	1.731000	17.430000
1699	-55.783864	1.731000	17.570000
1700	-55.673864	1.731000	17.460000
1701	-55.513864	1.733000	17.610000
1702	-55.423864	1.733000	17.520000
1703	-55.363864	1.734000	17.590000
1704	-55.203864	1.736000	17.530000
1705	-55.193864	1.736000	17.640000
1706	-55.183864	1.738000	17.710000
1707	-55.123864	1.738000	17.670000
1708	-55.113864	1.738000	17.510000
1709	-55.003864	1.740000	17.730000
1710	-54.913864	1.740000	17.350000
1711	-54.873864	1.742000	17.420000
1712	-54.853864	1.744000	17.600000
1713	-54.793864	1.744000	17.640000
1714	-54.633864	1.746000	17.520000
1715	-54.453864	1.746000	17.440000
1716	-54.443864	1.746000	17.770000
1717	-54.333864	1.748000	17.610000
1718	-54.263864	1.748000	17.790000
1719	-54.203864	1.750000	17.680000
1720	-54.153864	1.752000	17.590000
1721	-53.813864	1.752000	17.730000
1722	-53.723864	1.754000	17.710000
1723	-53.713864	1.756000	17.580000
1724	-53.663864	1.756000	17.700000
1725	-53.583864	1.758000	17.580000
1726	-53.483864	1.760000	17.620000
1727	-53.483864	1.760000	17.810000
1728	-53.443864	1.760000	17.570000
1729	-53.403864	1.762000	17.510000
1730	-53.363864	1.764000	17.760000
1731	-53.363864	1.764000	17.650000
1732	-53.203864	1.764000	17.450000
1733	-53.143864	1.766000	17.560000
1734	-53.123864	1.768000	17.520000
1735	-53.063864	1.768000	17.780000
1736	-52.993864	1.770000	17.590000
1737	-52.973864	1.770000	17.800000
1738	-52.933864	1.770000	17.700000
1739	-52.893864	1.772000	17.680000
1740	-52.793864	1.772000	17.810000
1741	-52.793864	1.774000	17.690000
1742	-52.793864	1.774000	17.690000
1743	-52.773864	1.775000	17.770000
1744	-52.703864	1.777000	17.590000
1745	-52.653864	1.777000	17.730000
1746	-52.653864	1.779000	17.550000
1747	-52.153864	1.779000	17.700000
1748	-51.973864	1.779000	17.650000
1749	-51.933864	1.781000	17.850000
1750	-51.933864	1.783000	17.700000
1751	-51.923864	1.785000	17.780000
1752	-51.863864	1.785000	17.770000
1753	-51.833864	1.785000	17.840000
1754	-51.523864	1.787000	17.820000
1755	-51.393864	1.787000	17.890000
1756	-51.333864	1.787000	17.910000
1757	-51.313864	1.789000	17.940000
1758	-51.263864	1.791000	17.800000
1759	-51.253864	1.791000	17.890000
1760	-51.203864	1.791000	17.880000
1761	-51.193864	1.793000	17.750000
1762	-51.023864	1.795000	17.940000
1763	-50.713864	1.795000	17.860000
1764	-50.513864	1.795000	17.880000
1765	-50.433864	1.797000	17.870000
1766	-50.403864	1.799000	17.790000
1767	-50.383864	1.799000	17.800000
1768	-50.313864	1.801000	17.820000
1769	-50.263864	1.801000	17.860000
1770	-50.223864	1.801000	17.840000
1771	-50.163864	1.803000	17.840000
1772	-50.143864	1.803000	17.990000
1773	-50.093864	1.805000	17.920000
1774	-50.073864	1.807000	17.820000
1775	-50.053864	1.805000	17.920000
1776	-49.983864	1.807000	18.030000
1777	-49.853864	1.809000	17.920000
1778	-49.753864	1.811000	17.790000
1779	-49.703864	1.811000	17.850000
1780	-49.543864	1.811000	17.810000
1781	-49.323864	1.813000	17.930000
1782	-49.323864	1.815000	17.880000
1783	-49.313864	1.815000	17.950000
1784	-49.183864	1.815000	17.850000
1785	-49.103864	1.816000	17.850000
1786	-49.043864	1.818000	18.040000
1787	-49.003864	1.818000	18.050000
1788	-48.973864	1.818000	18.060000
1789	-48.893864	1.820000	17.900000
1790	-48.863864	1.822000	17.910000
1791	-48.833864	1.822000	17.880000
1792	-48.663864	1.822000	18.080000
1793	-48.653864	1.824000	17.940000
1794	-48.623864	1.826000	17.990000
1795	-48.523864	1.826000	18.060000
1796	-48.483864	1.826000	17.940000
1797	-48.453864	1.828000	18.110000
1798	-48.393864	1.830000	17.820000
1799	-48.073864	1.830000	18.180000
1800	-48.033864	1.832000	17.990000
1801	-48.013864	1.832000	18.120000
1802	-48.003864	1.832000	18.120000
1803	-47.953864	1.834000	18.140000
1804	-47.733864	1.834000	17.990000
1805	-47.643864	1.838000	18.250000
1806	-47.593864	1.840000	18.130000
1807	-47.513864	1.840000	18.080000
1808	-47.363864	1.842000	18.100000
1809	-47.333864	1.842000	18.040000
1810	-47.333864	1.844000	18.020000
1811	-47.233864	1.844000	18.110000
1812	-47.093864	1.848000	18.070000
1813	-47.043864	1.848000	18.050000
1814	-46.943864	1.848000	18.070000
1815	-46.933864	1.848000	18.140000
1816	-46.893864	1.850000	18.240000
1817	-46.803864	1.850000	18.150000
1818	-46.783864	1.852000	18.070000
1819	-46.713864	1.854000	18.220000
1820	-46.673864	1.854000	18.150000
1821	-46.653864	1.856000	17.920000
1822	-46.573864	1.856000	18.170000
1823	-46.533864	1.856000	18.130000
1824	-46.523864	1.857000	18.140000
1825	-46.293864	1.857000	18.230000
1826	-46.193864	1.859000	18.220000
1827	-46.093864	1.859000	18.190000
1828	-46.093864	1.861000	18.060000
1829	-46.003864	1.863000	18.320000
1830	-45.943864	1.863000	18.230000
1831	-45.923864	1.863000	18.230000
1832	-45.833864	1.865000	18.210000
1833	-45.803864	1.865000	18.160000
1834	-45.593864	1.867000	18.080000
1835	-45.573864	1.867000	18.000000
1836	-45.493864	1.869000	18.030000
1837	-45.383864	1.871000	18.220000
1838	-45.353864	1.871000	18.090000
1839	-45.223864	1.871000	18.330000
1840	-45.173864	1.873000	18.190000
1841	-44.903864	1.873000	18.050000
1842	-44.883864	1.875000	18.300000
1843	-44.873864	1.877000	18.360000
1844	-44.833864	1.877000	18.310000
1845	-44.743864	1.879000	18.230000
1846	-44.423864	1.879000	18.320000
1847	-44.403864	1.879000	18.360000
1848	-44.313864	1.881000	18.310000
1849	-44.283864	1.881000	18.400000
1850	-44.173864	1.883000	18.300000
1851	-44.173864	1.885000	18.240000
1852	-44.083864	1.885000	18.450000
1853	-44.053864	1.887000	18.340000
1854	-44.033864	1.887000	18.390000
1855	-44.023864	1.887000	18.320000
1856	-43.943864	1.889000	18.300000
1857	-43.903864	1.889000	18.240000
1858	-43.883864	1.891000	18.230000
1859	-43.843864	1.893000	18.320000
1860	-43.703864	1.893000	18.370000
1861	-43.633864	1.895000	18.240000
1862	-43.603864	1.895000	18.550000
1863	-43.523864	1.895000	18.470000
1864	-43.403864	1.897000	18.460000
1865	-42.873864	1.899000	18.350000
1866	-42.753864	1.899000	18.510000
1867	-42.723864	1.899000	18.400000
1868	-42.683864	1.900000	18.390000
1869	-42.623864	1.902000	18.560000
1870	-42.363864	1.902000	18.550000
1871	-42.343864	1.902000	18.450000
1872	-42.253864	1.904000	18.300000
1873	-42.133864	1.904000	18.410000
1874	-42.113864	1.906000	18.470000
1875	-42.113864	1.908000	18.450000
1876	-42.103864	1.908000	18.640000
1877	-42.063864	1.910000	18.650000
1878	-42.003864	1.910000	18.400000
1879	-41.933864	1.910000	18.420000
1880	-41.923864	1.912000	18.460000
1881	-41.833864	1.912000	18.470000
1882	-41.823864	1.914000	18.600000
1883	-41.803864	1.916000	18.570000
1884	-41.753864	1.916000	18.570000
1885	-41.713864	1.918000	18.540000
1886	-41.633864	1.918000	18.450000
1887	-41.573864	1.920000	18.480000
1888	-41.503864	1.922000	18.590000
1889	-41.413864	1.924000	18.580000
1890	-41.403864	1.926000	18.400000
1891	-41.353864	1.926000	18.480000
1892	-41.223864	1.926000	18.610000
1893	-41.193864	1.926000	18.330000
1894	-41.143864	1.928000	18.790000
1895	-40.953864	1.928000	18.560000
1896	-40.763864	1.930000	18.750000
1897	-40.733864	1.932000	18.520000
1898	-40.663864	1.930000	18.660000
1899	-40.613864	1.932000	18.670000
1900	-40.403864	1.934000	18.670000
1901	-40.363864	1.936000	18.560000
1902	-40.333864	1.936000	18.620000
1903	-40.313864	1.936000	18.540000
1904	-40.303864	1.938000	18.500000
1905	-40.303864	1.940000	18.640000
1906	-40.263864	1.940000	18.640000
1907	-40.213864	1.941000	18.790000
1908	-40.163864	1.941000	18.570000
1909	-40.023864	1.941000	18.450000
1910	-39.903864	1.943000	18.590000
1911	-39.843864	1.943000	18.700000
1912	-39.753864	1.945000	18.570000
1913	-39.653864	1.947000	18.570000
1914	-39.573864	1.947000	18.740000
1915	-39.453864	1.947000	18.750000
1916	-39.443864	1.949000	18.740000
1917	-39.393864	1.951000	18.670000
1918	-39.333864	1.951000	18.810000
1919	-39.253864	1.951000	18.650000
1920	-39.233864	1.953000	18.660000
1921	-39.203864	1.957000	18.600000
1922	-38.903864	1.955000	18.790000
1923	-38.903864	1.957000	18.740000
1924	-38.783864	1.957000	18.710000
1925	-38.763864	1.957000	18.830000
1926	-38.633864	1.959000	18.760000
1927	-38.613864	1.959000	18.810000
1928	-38.603864	1.961000	18.740000
1929	-38.573864	1.963000	19.030000
1930	-38.523864	1.963000	18.730000
1931	-38.453864	1.963000	18.840000
1932	-38.443864	1.965000	19.010000
1933	-38.413864	1.967000	18.890000
1934	-38.383864	1.967000	18.930000
1935	-38.373864	1.967000	18.780000
1936	-38.283864	1.969000	18.840000
1937	-38.283864	1.973000	18.740000
1938	-38.273864	1.971000	18.890000
1939	-38.243864	1.973000	18.880000
1940	-38.213864	1.973000	18.880000
1941	-38.163864	1.975000	18.850000
1942	-38.103864	1.975000	18.970000
1943	-37.973864	1.975000	18.710000
1944	-37.863864	1.977000	18.780000
1945	-37.783864	1.979000	18.800000
1946	-37.603864	1.979000	18.980000
1947	-37.483864	1.979000	18.810000
1948	-37.343864	1.981000	18.970000
1949	-37.133864	1.983000	18.840000
1950	-36.933864	1.983000	18.840000
1951	-36.863864	1.983000	18.970000
1952	-36.773864	1.984000	18.760000
1953	-36.723864	1.988000	19.070000
1954	-36.723864	1.986000	18.940000
1955	-36.673864	1.988000	18.870000
1956	-36.663864	1.988000	18.970000
1957	-36.573864	1.988000	18.810000
1958	-36.373864	1.990000	18.990000
1959	-36.353864	1.990000	18.800000
1960	-36.323864	1.992000	19.030000
1961	-36.303864	1.992000	18.900000
1962	-36.273864	1.994000	19.010000
1963	-36.273864	1.994000	19.020000
1964	-36.253864	1.996000	18.910000
1965	-36.183864	1.998000	18.970000
1966	-35.983864	1.998000	19.050000
1967	-35.973864	1.998000	18.970000
1968	-35.953864	2.000000	18.960000
1969	-35.943864	2.002000	18.800000
1970	-35.563864	2.002000	18.990000
1971	-35.513864	2.004000	19.040000
1972	-35.503864	2.006000	18.910000
1973	-35.483864	2.006000	18.930000
1974	-35.433864	2.008000	19.010000
1975	-35.403864	2.010000	18.920000
1976	-35.393864	2.010000	19.090000
1977	-35.363864	2.012000	18.870000
1978	-35.363864	2.012000	18.930000
1979	-34.853864	2.012000	19.090000
1980	-34.843864	2.014000	19.030000
1981	-34.843864	2.014000	18.990000
1982	-34.843864	2.016000	19.150000
1983	-34.753864	2.016000	19.080000
1984	-34.743864	2.018000	19.010000
1985	-34.693864	2.020000	18.990000
1986	-34.683864	2.020000	19.110000
1987	-34.653864	2.020000	18.980000
1988	-34.613864	2.022000	19.020000
1989	-34.573864	2.022000	19.210000
1990	-34.553864	2.024000	18.960000
1991	-34.483864	2.024000	19.050000
1992	-34.233864	2.024000	19.040000
1993	-34.203864	2.025000	19.030000
1994	-34.013864	2.027000	19.040000
1995	-34.013864	2.027000	18.970000
1996	-33.903864	2.029000	18.930000
1997	-33.893864	2.029000	19.070000
1998	-33.643864	2.031000	19.010000
1999	-33.623864	2.033000	19.080000
2000	-33.553864	2.033000	19.090000
2001	-33.483864	2.035000	19.130000
2002	-33.333864	2.035000	19.070000
2003	-33.333864	2.037000	19.170000
2004	-33.333864	2.037000	19.140000
2005	-33.153864	2.039000	19.100000
2006	-33.153864	2.039000	19.090000
2007	-33.123864	2.041000	19.050000
2008	-33.103864	2.041000	19.070000
2009	-33.003864	2.043000	18.980000
2010	-32.943864	2.043000	19.160000
2011	-32.873864	2.045000	18.870000
2012	-32.853864	2.045000	19.070000
2013	-32.833864	2.045000	19.130000
2014	-32.723864	2.047000	19.050000
2015	-32.663864	2.047000	19.150000
2016	-32.503864	2.049000	19.110000
2017	-32.413864	2.051000	19.250000
2018	-32.323864	2.051000	19.170000
2019	-32.253864	2.051000	19.160000
2020	-32.213864	2.053000	19.250000
2021	-32.203864	2.053000	19.160000
2022	-32.193864	2.055000	19.060000
2023	-32.043864	2.055000	19.230000
2024	-32.033864	2.057000	19.240000
2025	-31.933864	2.057000	19.250000
2026	-31.823864	2.059000	19.030000
2027	-31.633864	2.059000	19.260000
2028	-31.553864	2.061000	19.160000
2029	-31.513864	2.061000	19.060000
2030	-31.263864	2.063000	19.110000
2031	-31.263864	2.065000	19.280000
2032	-30.993864	2.065000	19.180000
2033	-30.933864	2.066000	19.120000
2034	-30.903864	2.066000	19.210000
2035	-30.813864	2.066000	19.340000
2036	-30.753864	2.068000	19.320000
2037	-30.723864	2.068000	19.300000
2038	-30.533864	2.070000	19.210000
2039	-30.373864	2.072000	19.320000
2040	-30.373864	2.072000	19.160000
2041	-30.353864	2.074000	19.250000
2042	-30.333864	2.074000	19.250000
2043	-30.313864	2.074000	19.340000
2044	-30.303864	2.076000	19.180000
2045	-30.303864	2.076000	19.250000
2046	-30.263864	2.078000	19.390000
2047	-30.223864	2.080000	19.410000
2048	-30.183864	2.080000	19.330000
2049	-30.023864	2.082000	19.310000
2050	-29.983864	2.082000	19.290000
2051	-29.983864	2.082000	19.310000
2052	-29.943864	2.084000	19.330000
2053	-29.903864	2.088000	19.390000
2054	-29.813864	2.086000	19.300000
2055	-29.713864	2.086000	19.230000
2056	-29.703864	2.090000	19.390000
2057	-29.603864	2.092000	19.330000
2058	-29.523864	2.092000	19.210000
2059	-29.463864	2.092000	19.490000
2060	-29.383864	2.094000	19.350000
2061	-29.223864	2.096000	19.420000
2062	-28.923864	2.096000	19.510000
2063	-28.773864	2.098000	19.400000
2064	-28.643864	2.098000	19.360000
2065	-28.573864	2.098000	19.470000
2066	-28.563864	2.100000	19.540000
2067	-28.473864	2.100000	19.390000
2068	-28.443864	2.102000	19.190000
2069	-28.373864	2.104000	19.500000
2070	-28.313864	2.104000	19.360000
2071	-28.233864	2.104000	19.380000
2072	-28.213864	2.106000	19.500000
2073	-28.163864	2.107000	19.360000
2074	-28.103864	2.107000	19.460000
2075	-28.103864	2.107000	19.440000
2076	-27.993864	2.109000	19.440000
2077	-27.873864	2.109000	19.470000
2078	-27.853864	2.111000	19.450000
2079	-27.833864	2.113000	19.420000
2080	-27.763864	2.113000	19.470000
2081	-27.743864	2.113000	19.400000
2082	-27.703864	2.115000	19.560000
2083	-27.483864	2.115000	19.400000
2084	-27.373864	2.117000	19.530000
2085	-27.333864	2.119000	19.590000
2086	-27.323864	2.119000	19.440000
2087	-27.093864	2.119000	19.270000
2088	-27.083864	2.123000	19.360000
2089	-26.963864	2.123000	19.580000
2090	-26.963864	2.123000	19.570000
2091	-26.933864	2.125000	19.710000
2092	-26.903864	2.127000	19.490000
2093	-26.763864	2.127000	19.490000
2094	-26.743864	2.129000	19.500000
2095	-26.523864	2.129000	19.470000
2096	-26.483864	2.129000	19.490000
2097	-26.463864	2.131000	19.640000
2098	-26.453864	2.133000	19.570000
2099	-26.443864	2.135000	19.460000
2100	-26.403864	2.135000	19.480000
2101	-26.303864	2.135000	19.610000
2102	-26.223864	2.137000	19.450000
2103	-26.163864	2.139000	19.480000
2104	-26.073864	2.139000	19.540000
2105	-25.993864	2.139000	19.540000
2106	-25.933864	2.141000	19.560000
2107	-25.893864	2.145000	19.690000
2108	-25.853864	2.143000	19.630000
2109	-25.783864	2.145000	19.560000
2110	-25.743864	2.145000	19.680000
2111	-25.633864	2.145000	19.530000
2112	-25.583864	2.147000	19.670000
2113	-25.523864	2.147000	19.520000
2114	-25.463864	2.149000	19.620000
2115	-25.173864	2.150000	19.580000
2116	-25.093864	2.149000	19.610000
2117	-25.033864	2.150000	19.620000
2118	-24.953864	2.152000	19.640000
2119	-24.893864	2.154000	19.630000
2120	-24.853864	2.154000	19.480000
2121	-24.723864	2.154000	19.600000
2122	-24.693864	2.156000	19.590000
2123	-24.243864	2.158000	19.700000
2124	-24.113864	2.158000	19.740000
2125	-24.073864	2.158000	19.680000
2126	-24.023864	2.160000	19.660000
2127	-23.993864	2.162000	19.860000
2128	-23.893864	2.162000	19.750000
2129	-23.773864	2.164000	19.660000
2130	-23.773864	2.166000	19.670000
2131	-23.723864	2.166000	19.750000
2132	-23.693864	2.166000	19.690000
2133	-23.503864	2.168000	19.740000
2134	-23.413864	2.170000	19.700000
2135	-23.353864	2.172000	19.720000
2136	-23.333864	2.172000	19.660000
2137	-23.283864	2.174000	19.590000
2138	-23.273864	2.176000	19.760000
2139	-23.233864	2.176000	19.590000
2140	-23.203864	2.176000	19.770000
2141	-23.113864	2.178000	19.720000
2142	-23.093864	2.178000	20.020000
2143	-23.073864	2.180000	19.670000
2144	-23.063864	2.182000	19.750000
2145	-22.983864	2.182000	19.780000
2146	-22.973864	2.184000	19.590000
2147	-22.973864	2.186000	19.840000
2148	-22.823864	2.186000	19.890000
2149	-22.763864	2.186000	19.810000
2150	-22.533864	2.188000	19.850000
2151	-22.523864	2.188000	19.740000
2152	-22.393864	2.191000	19.910000
2153	-22.303864	2.191000	19.910000
2154	-22.253864	2.191000	19.850000
2155	-22.233864	2.191000	19.850000
2156	-22.173864	2.193000	19.970000
2157	-22.113864	2.195000	19.750000
2158	-22.073864	2.197000	19.960000
2159	-22.003864	2.197000	19.680000
2160	-21.993864	2.199000	19.710000
2161	-21.993864	2.199000	19.800000
2162	-21.923864	2.199000	19.870000
2163	-21.873864	2.201000	19.890000
2164	-21.803864	2.201000	19.860000
2165	-21.783864	2.203000	19.990000
2166	-21.733864	2.207000	19.840000
2167	-21.683864	2.207000	19.810000
2168	-21.603864	2.207000	19.850000
2169	-21.553864	2.207000	19.820000
2170	-21.383864	2.209000	19.850000
2171	-21.333864	2.209000	19.920000
2172	-21.283864	2.211000	20.010000
2173	-21.163864	2.213000	19.890000
2174	-21.133864	2.213000	19.850000
2175	-20.983864	2.213000	19.880000
2176	-20.873864	2.215000	19.910000
2177	-20.563864	2.215000	19.900000
2178	-20.493864	2.217000	19.910000
2179	-20.473864	2.217000	19.980000
2180	-20.473864	2.219000	19.950000
2181	-20.453864	2.221000	19.970000
2182	-20.413864	2.221000	19.890000
2183	-20.403864	2.223000	20.010000
2184	-20.333864	2.223000	20.070000
2185	-20.283864	2.223000	19.900000
2186	-20.143864	2.225000	20.030000
2187	-20.113864	2.227000	19.870000
2188	-19.763864	2.227000	19.940000
2189	-19.743864	2.229000	19.980000
2190	-19.723864	2.229000	19.930000
2191	-19.683864	2.231000	20.030000
2192	-19.673864	2.231000	19.960000
2193	-19.603864	2.231000	19.990000
2194	-19.543864	2.233000	19.910000
2195	-19.513864	2.233000	19.860000
2196	-19.393864	2.234000	19.960000
2197	-19.283864	2.234000	20.120000
2198	-19.273864	2.236000	20.130000
2199	-19.213864	2.238000	20.000000
2200	-19.203864	2.238000	20.030000
2201	-19.023864	2.238000	20.050000
2202	-18.903864	2.240000	20.090000
2203	-18.843864	2.240000	20.130000
2204	-18.833864	2.242000	20.110000
2205	-18.733864	2.244000	20.070000
2206	-18.623864	2.244000	19.930000
2207	-18.503864	2.244000	20.060000
2208	-18.453864	2.246000	20.010000
2209	-18.423864	2.246000	20.050000
2210	-18.333864	2.248000	19.950000
2211	-18.293864	2.248000	20.070000
2212	-18.283864	2.250000	20.140000
2213	-18.153864	2.252000	20.070000
2214	-18.103864	2.252000	20.150000
2215	-18.063864	2.254000	20.120000
2216	-18.033864	2.256000	20.040000
2217	-18.013864	2.258000	20.130000
2218	-17.983864	2.260000	20.150000
2219	-17.963864	2.260000	19.930000
2220	-17.913864	2.260000	20.380000
2221	-17.873864	2.262000	20.180000
2222	-17.803864	2.264000	19.980000
2223	-17.793864	2.264000	20.100000
2224	-17.793864	2.264000	19.910000
2225	-17.723864	2.266000	20.260000
2226	-17.533864	2.266000	20.000000
2227	-17.333864	2.268000	20.260000
2228	-17.263864	2.270000	20.210000
2229	-17.113864	2.270000	20.110000
2230	-16.973864	2.270000	20.220000
2231	-16.913864	2.272000	20.240000
2232	-16.823864	2.272000	20.260000
2233	-16.773864	2.274000	20.190000
2234	-16.713864	2.275000	20.030000
2235	-16.663864	2.275000	20.300000
2236	-16.663864	2.275000	20.340000
2237	-16.633864	2.279000	20.200000
2238	-16.453864	2.279000	20.210000
2239	-16.353864	2.279000	20.190000
2240	-16.323864	2.281000	20.140000
2241	-16.273864	2.285000	20.370000
2242	-16.243864	2.285000	20.300000
2243	-16.053864	2.285000	20.300000
2244	-16.043864	2.285000	20.320000
2245	-16.043864	2.287000	20.310000
2246	-15.993864	2.287000	20.310000
2247	-15.983864	2.289000	20.170000
2248	-15.883864	2.291000	20.270000
2249	-15.773864	2.291000	20.300000
2250	-15.753864	2.291000	20.280000
2251	-15.713864	2.293000	20.270000
2252	-15.593864	2.295000	20.370000
2253	-15.463864	2.295000	20.330000
2254	-15.453864	2.295000	20.280000
2255	-15.413864	2.297000	20.290000
2256	-15.293864	2.301000	20.280000
2257	-15.283864	2.301000	20.250000
2258	-15.083864	2.301000	20.320000
2259	-14.953864	2.301000	20.370000
2260	-14.773864	2.303000	20.490000
2261	-14.743864	2.303000	20.240000
2262	-14.583864	2.305000	20.310000
2263	-14.563864	2.307000	20.270000
2264	-14.563864	2.305000	20.240000
2265	-14.553864	2.307000	20.440000
2266	-14.523864	2.309000	20.380000
2267	-14.193864	2.311000	20.450000
2268	-14.143864	2.311000	20.520000
2269	-14.103864	2.311000	20.380000
2270	-14.043864	2.313000	20.440000
2271	-14.013864	2.315000	20.490000
2272	-13.953864	2.315000	20.430000
2273	-13.923864	2.316000	20.530000
2274	-13.923864	2.316000	20.390000
2275	-13.913864	2.316000	20.470000
2276	-13.873864	2.318000	20.380000
2277	-13.753864	2.318000	20.490000
2278	-13.733864	2.320000	20.250000
2279	-13.513864	2.322000	20.450000
2280	-13.493864	2.322000	20.440000
2281	-13.373864	2.322000	20.480000
2282	-13.313864	2.324000	20.510000
2283	-13.253864	2.326000	20.370000
2284	-13.173864	2.326000	20.470000
2285	-13.133864	2.326000	20.420000
2286	-13.083864	2.328000	20.360000
2287	-12.963864	2.332000	20.440000
2288	-12.953864	2.330000	20.460000
2289	-12.953864	2.332000	20.490000
2290	-12.953864	2.332000	20.470000
2291	-12.793864	2.332000	20.460000
2292	-12.693864	2.334000	20.560000
2293	-12.683864	2.334000	20.410000
2294	-12.663864	2.338000	20.510000
2295	-12.483864	2.340000	20.520000
2296	-12.483864	2.340000	20.130000
2297	-12.463864	2.342000	20.580000
2298	-12.423864	2.342000	20.500000
2299	-12.263864	2.344000	20.670000
2300	-12.263864	2.346000	20.550000
2301	-12.243864	2.346000	20.350000
2302	-12.073864	2.348000	20.400000
2303	-11.943864	2.348000	20.360000
2304	-11.903864	2.348000	20.550000
2305	-11.893864	2.350000	20.500000
2306	-11.853864	2.352000	20.510000
2307	-11.853864	2.354000	20.490000
2308	-11.723864	2.354000	20.500000
2309	-11.663864	2.356000	20.460000
2310	-11.393864	2.356000	20.550000
2311	-11.303864	2.357000	20.480000
2312	-11.103864	2.357000	20.550000
2313	-11.063864	2.359000	20.640000
2314	-11.053864	2.359000	20.570000
2315	-11.033864	2.359000	20.670000
2316	-10.943864	2.363000	20.600000
2317	-10.873864	2.363000	20.730000
2318	-10.853864	2.363000	20.650000
2319	-10.823864	2.363000	20.580000
2320	-10.563864	2.365000	20.450000
2321	-10.543864	2.365000	20.700000
2322	-10.493864	2.367000	20.560000
2323	-10.483864	2.369000	20.580000
2324	-10.463864	2.369000	20.550000
2325	-10.293864	2.371000	20.540000
2326	-10.293864	2.371000	20.630000
2327	-10.233864	2.373000	20.730000
2328	-10.193864	2.373000	20.510000
2329	-10.103864	2.373000	20.660000
2330	-10.073864	2.375000	20.590000
2331	-10.063864	2.377000	20.660000
2332	-10.043864	2.377000	20.600000
2333	-9.973864	2.379000	20.480000
2334	-9.953864	2.379000	20.670000
2335	-9.933864	2.379000	20.530000
2336	-9.923864	2.381000	20.580000
2337	-9.873864	2.381000	20.560000
2338	-9.803864	2.383000	20.530000
2339	-9.793864	2.385000	20.580000
2340	-9.743864	2.385000	20.800000
2341	-9.553864	2.387000	20.620000
2342	-9.483864	2.387000	20.580000
2343	-9.183864	2.387000	20.690000
2344	-8.803864	2.389000	20.820000
2345	-8.703864	2.389000	20.810000
2346	-8.693864	2.391000	20.780000
2347	-8.653864	2.395000	20.860000
2348	-8.323864	2.395000	20.670000
2349	-8.233864	2.395000	20.900000
2350	-8.153864	2.395000	20.760000
2351	-8.133864	2.397000	20.860000
2352	-8.103864	2.397000	20.920000
2353	-8.063864	2.399000	20.840000
2354	-8.003864	2.400000	20.720000
2355	-7.963864	2.400000	20.630000
2356	-7.893864	2.400000	20.780000
2357	-7.853864	2.402000	20.710000
2358	-7.823864	2.402000	20.730000
2359	-7.693864	2.404000	20.690000
2360	-7.673864	2.404000	20.910000
2361	-7.653864	2.406000	20.800000
2362	-7.623864	2.408000	20.820000
2363	-7.523864	2.408000	20.870000
2364	-7.513864	2.410000	20.970000
2365	-7.463864	2.410000	20.780000
2366	-7.413864	2.410000	20.770000
2367	-7.363864	2.412000	20.970000
2368	-7.363864	2.412000	20.690000
2369	-7.343864	2.414000	20.680000
2370	-7.293864	2.416000	20.810000
2371	-7.143864	2.416000	20.830000
2372	-7.083864	2.418000	20.760000
2373	-6.993864	2.418000	20.630000
2374	-6.973864	2.418000	20.900000
2375	-6.953864	2.422000	20.850000
2376	-6.863864	2.422000	20.860000
2377	-6.853864	2.424000	20.840000
2378	-6.783864	2.424000	20.770000
2379	-6.743864	2.426000	20.970000
2380	-6.723864	2.426000	20.930000
2381	-6.573864	2.428000	20.850000
2382	-6.503864	2.428000	20.940000
2383	-6.433864	2.430000	20.790000
2384	-6.403864	2.432000	20.850000
2385	-6.403864	2.430000	20.830000
2386	-6.373864	2.430000	21.060000
2387	-6.153864	2.434000	20.990000
2388	-6.143864	2.436000	20.850000
2389	-6.003864	2.436000	20.840000
2390	-5.983864	2.436000	20.940000
2391	-5.893864	2.438000	20.810000
2392	-5.863864	2.440000	20.930000
2393	-5.853864	2.440000	20.850000
2394	-5.803864	2.441000	20.920000
2395	-5.483864	2.441000	20.910000
2396	-5.453864	2.441000	20.850000
2397	-5.363864	2.443000	21.030000
2398	-5.363864	2.443000	20.880000
2399	-5.353864	2.445000	20.980000
2400	-5.303864	2.447000	20.840000
2401	-5.283864	2.447000	20.960000
2402	-5.143864	2.447000	20.990000
2403	-5.133864	2.449000	20.820000
2404	-5.113864	2.451000	20.830000
2405	-4.903864	2.451000	20.900000
2406	-4.853864	2.451000	20.990000
2407	-4.823864	2.453000	20.860000
2408	-4.733864	2.453000	20.810000
2409	-4.583864	2.455000	20.810000
2410	-4.563864	2.457000	20.940000
2411	-4.543864	2.457000	20.780000
2412	-4.533864	2.457000	20.930000
2413	-4.423864	2.459000	20.920000
2414	-4.413864	2.459000	20.960000
2415	-4.383864	2.461000	20.920000
2416	-4.353864	2.463000	21.040000
2417	-4.303864	2.463000	20.960000
2418	-4.153864	2.463000	20.870000
2419	-4.153864	2.465000	21.000000
2420	-4.103864	2.467000	21.040000
2421	-3.943864	2.467000	21.000000
2422	-3.853864	2.467000	21.000000
2423	-3.783864	2.469000	21.130000
2424	-3.703864	2.471000	20.980000
2425	-3.643864	2.471000	20.930000
2426	-3.603864	2.473000	21.020000
2427	-3.583864	2.473000	21.040000
2428	-3.553864	2.473000	20.990000
2429	-3.273864	2.475000	21.040000
2430	-3.233864	2.475000	20.990000
2431	-3.153864	2.477000	21.190000
2432	-3.003864	2.479000	20.920000
2433	-2.943864	2.479000	21.100000
2434	-2.893864	2.479000	21.180000
2435	-2.843864	2.481000	21.090000
2436	-2.843864	2.483000	21.050000
2437	-2.803864	2.483000	20.980000
2438	-2.763864	2.483000	21.050000
2439	-2.743864	2.484000	21.150000
2440	-2.673864	2.488000	21.150000
2441	-2.603864	2.488000	21.110000
2442	-2.513864	2.488000	21.100000
2443	-2.493864	2.488000	20.910000
2444	-2.223864	2.490000	21.070000
2445	-2.143864	2.490000	21.140000
2446	-2.093864	2.492000	21.000000
2447	-2.083864	2.494000	20.870000
2448	-2.063864	2.494000	21.320000
2449	-2.033864	2.496000	21.120000
2450	-1.893864	2.498000	21.200000
2451	-1.813864	2.498000	21.130000
2452	-1.793864	2.498000	21.160000
2453	-1.723864	2.500000	21.140000
2454	-1.623864	2.504000	21.130000
2455	-1.573864	2.504000	21.340000
2456	-1.493864	2.504000	21.030000
2457	-1.383864	2.506000	21.170000
2458	-1.053864	2.506000	21.270000
2459	-1.023864	2.508000	21.320000
2460	-0.933864	2.508000	21.200000
2461	-0.733864	2.510000	21.290000
2462	-0.673864	2.512000	21.260000
2463	-0.573864	2.512000	21.340000
2464	-0.513864	2.512000	21.270000
2465	-0.423864	2.514000	21.260000
2466	-0.383864	2.514000	21.360000
2467	-0.363864	2.516000	21.230000
2468	-0.243864	2.516000	21.270000
2469	-0.223864	2.518000	21.360000
2470	-0.173864	2.520000	21.500000
2471	-0.163864	2.520000	21.240000
2472	-0.143864	2.520000	21.200000
2473	-0.083864	2.522000	21.270000
2474	-0.073864	2.522000	21.270000
2475	0.096136	2.524000	21.590000
2476	0.186136	2.525000	21.340000
2477	0.296136	2.525000	21.400000
2478	0.346136	2.527000	21.520000
2479	0.446136	2.527000	21.250000
2480	0.696136	2.529000	21.330000
2481	0.756136	2.529000	21.420000
2482	0.806136	2.531000	21.470000
2483	0.836136	2.533000	21.370000
2484	0.966136	2.533000	21.290000
2485	1.026136	2.535000	21.430000
2486	1.036136	2.535000	21.440000
2487	1.086136	2.535000	21.520000
2488	1.126136	2.537000	21.250000
2489	1.226136	2.537000	21.510000
2490	1.236136	2.539000	21.440000
2491	1.246136	2.541000	21.270000
2492	1.256136	2.541000	21.230000
2493	1.486136	2.543000	21.430000
2494	1.506136	2.543000	21.340000
2495	1.516136	2.543000	21.390000
2496	1.546136	2.545000	21.410000
2497	1.576136	2.547000	21.280000
2498	1.586136	2.547000	21.360000
2499	1.656136	2.547000	21.420000
2500	1.676136	2.549000	21.330000
2501	1.796136	2.551000	21.370000
2502	1.936136	2.551000	21.530000
2503	1.986136	2.551000	21.400000
2504	2.066136	2.553000	21.330000
2505	2.116136	2.553000	21.350000
2506	2.176136	2.555000	21.340000
2507	2.196136	2.555000	21.530000
2508	2.196136	2.555000	21.520000
2509	2.226136	2.557000	21.320000
2510	2.266136	2.559000	21.470000
2511	2.446136	2.561000	21.470000
2512	2.456136	2.561000	21.540000
2513	2.546136	2.561000	21.570000
2514	2.556136	2.563000	21.600000
2515	2.786136	2.565000	21.400000
2516	2.816136	2.565000	21.430000
2517	2.866136	2.566000	21.410000
2518	2.966136	2.566000	21.530000
2519	3.006136	2.566000	21.630000
2520	3.026136	2.568000	21.480000
2521	3.086136	2.568000	21.540000
2522	3.116136	2.570000	21.530000
2523	3.126136	2.572000	21.450000
2524	3.126136	2.572000	21.430000
2525	3.156136	2.574000	21.370000
2526	3.156136	2.574000	21.400000
2527	3.176136	2.574000	21.440000
2528	3.216136	2.576000	21.510000
2529	3.326136	2.576000	21.500000
2530	3.406136	2.578000	21.660000
2531	3.466136	2.578000	21.440000
2532	3.496136	2.582000	21.430000
2533	3.596136	2.582000	21.510000
2534	3.616136	2.582000	21.490000
2535	3.626136	2.582000	21.470000
2536	3.836136	2.584000	21.460000
2537	3.876136	2.588000	21.500000
2538	3.896136	2.588000	21.510000
2539	4.216136	2.590000	21.600000
2540	4.396136	2.590000	21.490000
