1	-191.851013	0.000000	9.330000
2	-191.801013	0.000000	9.470000
3	-191.641013	0.002000	9.330000
4	-191.641013	0.002000	9.320000
5	-191.561013	0.004000	9.640000
6	-191.551013	0.006000	9.510000
7	-191.491013	0.006000	9.400000
8	-191.341013	0.006000	9.380000
9	-191.341013	0.008000	9.570000
10	-191.271013	0.010000	9.500000
11	-191.261013	0.010000	9.610000
12	-191.191013	0.012000	9.900000
13	-191.141013	0.012000	9.490000
14	-191.111013	0.015000	9.320000
15	-191.051013	0.014000	9.380000
16	-190.991013	0.015000	9.430000
17	-190.961013	0.015000	9.460000
18	-190.941013	0.015000	9.470000
19	-190.931013	0.017000	9.600000
20	-190.841013	0.017000	9.340000
21	-190.791013	0.019000	9.960000
22	-190.711013	0.019000	9.360000
23	-190.541013	0.021000	9.290000
24	-190.541013	0.021000	9.710000
25	-190.531013	0.023000	9.590000
26	-190.511013	0.025000	9.600000
27	-190.461013	0.025000	10.040000
28	-190.461013	0.025000	9.420000
29	-190.421013	0.027000	9.810000
30	-190.351013	0.029000	9.440000
31	-190.191013	0.029000	9.610000
32	-190.101013	0.031000	9.440000
33	-190.081013	0.031000	9.670000
34	-190.081013	0.033000	9.550000
35	-190.041013	0.033000	9.290000
36	-189.991013	0.035000	9.420000
37	-189.981013	0.037000	9.560000
38	-189.891013	0.037000	9.580000
39	-189.871013	0.037000	9.420000
40	-189.841013	0.039000	9.480000
41	-189.831013	0.041000	9.560000
42	-189.761013	0.041000	9.700000
43	-189.751013	0.041000	9.720000
44	-189.751013	0.043000	9.580000
45	-189.741013	0.045000	9.420000
46	-189.691013	0.045000	9.530000
47	-189.661013	0.047000	9.390000
48	-189.631013	0.047000	9.610000
49	-189.631013	0.047000	9.450000
50	-189.571013	0.049000	9.780000
51	-189.561013	0.049000	9.640000
52	-189.531013	0.051000	9.430000
53	-189.461013	0.053000	9.640000
54	-189.331013	0.051000	9.450000
55	-189.161013	0.053000	9.740000
56	-189.041013	0.055000	9.850000
57	-189.001013	0.057000	9.970000
58	-189.001013	0.057000	9.590000
59	-188.901013	0.057000	9.500000
60	-188.831013	0.058000	9.520000
61	-188.731013	0.060000	9.560000
62	-188.661013	0.062000	9.450000
63	-188.601013	0.062000	9.310000
64	-188.521013	0.062000	9.790000
65	-188.331013	0.064000	9.770000
66	-188.241013	0.064000	9.740000
67	-187.921013	0.064000	9.690000
68	-187.811013	0.066000	9.930000
69	-187.711013	0.068000	10.180000
70	-187.481013	0.068000	9.510000
71	-187.461013	0.068000	9.630000
72	-187.441013	0.070000	9.610000
73	-187.371013	0.072000	9.590000
74	-187.281013	0.072000	9.700000
75	-187.241013	0.072000	9.740000
76	-187.231013	0.074000	9.530000
77	-187.221013	0.076000	9.730000
78	-187.181013	0.076000	9.780000
79	-187.141013	0.078000	9.550000
80	-187.061013	0.080000	10.270000
81	-187.041013	0.080000	9.690000
82	-187.041013	0.082000	9.800000
83	-186.971013	0.084000	9.750000
84	-186.901013	0.084000	9.840000
85	-186.891013	0.086000	9.720000
86	-186.871013	0.086000	10.250000
87	-186.831013	0.088000	9.550000
88	-186.561013	0.088000	9.600000
89	-186.541013	0.090000	9.840000
90	-186.521013	0.092000	9.420000
91	-186.471013	0.092000	9.530000
92	-186.321013	0.094000	9.820000
93	-186.311013	0.094000	9.780000
94	-186.301013	0.096000	9.470000
95	-186.301013	0.096000	9.650000
96	-186.301013	0.096000	9.430000
97	-186.191013	0.098000	9.540000
98	-186.101013	0.099000	9.550000
99	-185.611013	0.099000	9.610000
100	-185.521013	0.101000	9.690000
101	-185.511013	0.101000	9.360000
102	-185.451013	0.103000	9.950000
103	-185.211013	0.103000	9.570000
104	-185.191013	0.105000	9.590000
105	-184.971013	0.107000	9.790000
106	-184.921013	0.107000	9.710000
107	-184.851013	0.109000	9.620000
108	-184.521013	0.109000	9.560000
109	-184.461013	0.109000	9.910000
110	-184.381013	0.111000	9.590000
111	-184.331013	0.113000	9.690000
112	-184.301013	0.113000	9.840000
113	-184.201013	0.113000	9.610000
114	-184.061013	0.117000	9.790000
115	-184.051013	0.117000	9.670000
116	-183.951013	0.117000	9.860000
117	-183.841013	0.119000	9.760000
118	-183.751013	0.119000	9.830000
119	-183.741013	0.121000	9.710000
120	-183.681013	0.123000	9.770000
121	-183.651013	0.123000	9.660000
122	-183.651013	0.125000	9.690000
123	-183.531013	0.125000	9.680000
124	-183.421013	0.125000	9.660000
125	-183.411013	0.127000	9.670000
126	-183.261013	0.127000	9.860000
127	-183.241013	0.129000	10.000000
128	-183.151013	0.131000	9.700000
129	-183.111013	0.131000	9.730000
130	-183.101013	0.133000	10.370000
131	-183.071013	0.133000	9.860000
132	-183.051013	0.133000	9.850000
133	-183.051013	0.135000	9.820000
134	-182.911013	0.135000	9.760000
135	-182.831013	0.137000	9.760000
136	-182.771013	0.139000	10.030000
137	-182.591013	0.139000	9.820000
138	-182.491013	0.140000	10.040000
139	-182.481013	0.140000	9.880000
140	-182.481013	0.140000	9.820000
141	-182.281013	0.142000	10.400000
142	-182.151013	0.142000	9.920000
143	-182.121013	0.144000	10.340000
144	-182.051013	0.144000	9.730000
145	-182.041013	0.148000	9.880000
146	-181.801013	0.148000	10.010000
147	-181.791013	0.148000	9.610000
148	-181.761013	0.150000	9.920000
149	-181.741013	0.150000	10.250000
150	-181.661013	0.152000	9.940000
151	-181.621013	0.154000	9.820000
152	-181.611013	0.154000	9.830000
153	-181.581013	0.156000	9.810000
154	-181.571013	0.156000	10.460000
155	-181.561013	0.158000	9.690000
156	-181.561013	0.162000	9.990000
157	-181.491013	0.162000	10.120000
158	-181.451013	0.162000	10.280000
159	-181.401013	0.164000	10.160000
160	-181.391013	0.166000	10.010000
161	-181.081013	0.166000	9.980000
162	-180.951013	0.166000	9.970000
163	-180.881013	0.168000	9.920000
164	-180.811013	0.172000	9.710000
165	-180.811013	0.170000	9.980000
166	-180.701013	0.172000	10.060000
167	-180.681013	0.172000	9.760000
168	-180.661013	0.172000	10.050000
169	-180.591013	0.174000	9.870000
170	-180.541013	0.174000	10.140000
171	-180.511013	0.176000	9.860000
172	-180.511013	0.176000	9.990000
173	-180.371013	0.180000	9.950000
174	-180.341013	0.180000	10.130000
175	-180.291013	0.181000	10.000000
176	-180.241013	0.181000	9.970000
177	-180.211013	0.181000	9.970000
178	-180.191013	0.183000	9.890000
179	-180.071013	0.185000	9.880000
180	-180.021013	0.185000	10.150000
181	-180.021013	0.187000	9.970000
182	-179.951013	0.187000	9.900000
183	-179.921013	0.189000	10.070000
184	-179.771013	0.189000	9.880000
185	-179.681013	0.146000	10.360000
186	-179.601013	0.148000	9.870000
187	-179.591013	0.148000	9.930000
188	-179.561013	0.150000	9.890000
189	-179.551013	0.150000	9.880000
190	-179.491013	0.152000	10.240000
191	-179.441013	0.152000	10.020000
192	-179.391013	0.156000	10.260000
193	-179.391013	0.156000	9.750000
194	-179.371013	0.156000	9.970000
195	-179.301013	0.158000	9.830000
196	-179.271013	0.158000	9.950000
197	-179.261013	0.162000	10.220000
198	-179.251013	0.162000	10.010000
199	-179.251013	0.164000	10.020000
200	-179.211013	0.164000	10.190000
201	-179.121013	0.166000	10.070000
202	-179.051013	0.166000	9.890000
203	-179.001013	0.168000	10.130000
204	-178.901013	0.168000	10.160000
205	-178.851013	0.170000	10.210000
206	-178.811013	0.170000	9.780000
207	-178.731013	0.172000	10.030000
208	-178.651013	0.172000	10.210000
209	-178.541013	0.174000	9.860000
210	-178.531013	0.174000	10.050000
211	-178.521013	0.174000	10.040000
212	-178.501013	0.176000	10.050000
213	-178.491013	0.178000	10.100000
214	-178.441013	0.176000	10.180000
215	-178.351013	0.180000	10.060000
216	-178.301013	0.180000	10.010000
217	-178.271013	0.181000	10.090000
218	-178.251013	0.181000	10.300000
219	-178.201013	0.181000	10.010000
220	-178.191013	0.183000	10.100000
221	-178.181013	0.187000	10.190000
222	-178.151013	0.187000	10.200000
223	-178.131013	0.187000	10.370000
224	-178.131013	0.189000	10.060000
225	-178.101013	0.189000	10.320000
226	-178.081013	0.189000	10.100000
227	-178.041013	0.191000	10.000000
228	-177.981013	0.193000	10.150000
229	-177.971013	0.193000	10.200000
230	-177.961013	0.195000	9.820000
231	-177.951013	0.195000	9.960000
232	-177.941013	0.197000	10.100000
233	-177.921013	0.197000	10.270000
234	-177.901013	0.199000	10.030000
235	-177.871013	0.199000	9.990000
236	-177.851013	0.201000	10.390000
237	-177.781013	0.201000	10.100000
238	-177.641013	0.203000	10.330000
239	-177.621013	0.203000	10.120000
240	-177.601013	0.205000	10.300000
241	-177.601013	0.205000	10.330000
242	-177.581013	0.205000	10.060000
243	-177.571013	0.207000	10.630000
244	-177.541013	0.209000	10.230000
245	-177.531013	0.207000	10.020000
246	-177.491013	0.211000	10.080000
247	-177.491013	0.211000	10.410000
248	-177.431013	0.213000	10.200000
249	-177.421013	0.213000	10.030000
250	-177.401013	0.213000	10.060000
251	-177.391013	0.215000	9.860000
252	-177.321013	0.217000	10.100000
253	-177.181013	0.219000	10.150000
254	-177.181013	0.219000	10.230000
255	-177.171013	0.221000	10.020000
256	-177.081013	0.221000	10.220000
257	-177.081013	0.221000	10.230000
258	-177.061013	0.223000	10.270000
259	-177.021013	0.224000	10.190000
260	-176.971013	0.224000	10.140000
261	-176.931013	0.226000	10.680000
262	-176.731013	0.226000	10.200000
263	-176.691013	0.228000	10.310000
264	-176.551013	0.228000	10.320000
265	-176.351013	0.230000	10.320000
266	-176.161013	0.230000	10.260000
267	-176.111013	0.232000	10.390000
268	-175.981013	0.232000	10.450000
269	-175.941013	0.234000	10.250000
270	-175.931013	0.234000	10.360000
271	-175.931013	0.236000	10.260000
272	-175.931013	0.236000	10.150000
273	-175.831013	0.236000	10.160000
274	-175.831013	0.238000	10.080000
275	-175.541013	0.240000	10.200000
276	-175.291013	0.242000	10.340000
277	-175.061013	0.242000	10.040000
278	-174.911013	0.246000	10.400000
279	-174.781013	0.246000	10.340000
280	-174.731013	0.248000	10.540000
281	-174.711013	0.248000	10.360000
282	-174.641013	0.250000	10.290000
283	-174.561013	0.250000	10.380000
284	-174.511013	0.252000	10.150000
285	-174.501013	0.254000	10.420000
286	-174.481013	0.254000	10.480000
287	-174.381013	0.256000	10.520000
288	-174.371013	0.256000	10.620000
289	-174.311013	0.258000	10.460000
290	-174.131013	0.258000	10.310000
291	-174.131013	0.260000	10.710000
292	-174.101013	0.260000	10.440000
293	-174.051013	0.262000	10.490000
294	-174.031013	0.262000	10.460000
295	-174.021013	0.264000	10.360000
296	-173.831013	0.264000	10.780000
297	-173.811013	0.265000	10.660000
298	-173.801013	0.265000	10.330000
299	-173.761013	0.267000	10.400000
300	-173.731013	0.267000	10.450000
301	-173.711013	0.269000	10.400000
302	-173.611013	0.269000	10.520000
303	-173.521013	0.271000	10.720000
304	-173.391013	0.273000	10.510000
305	-173.361013	0.273000	10.440000
306	-173.341013	0.275000	10.320000
307	-173.311013	0.275000	10.630000
308	-173.281013	0.277000	10.330000
309	-173.271013	0.277000	10.550000
310	-173.271013	0.279000	10.380000
311	-173.241013	0.279000	10.370000
312	-173.231013	0.281000	10.810000
313	-173.231013	0.281000	10.630000
314	-173.091013	0.283000	10.670000
315	-173.011013	0.283000	10.620000
316	-172.981013	0.285000	10.540000
317	-172.821013	0.285000	10.480000
318	-172.761013	0.287000	10.370000
319	-172.651013	0.287000	10.340000
320	-172.571013	0.289000	10.670000
321	-172.561013	0.289000	10.320000
322	-172.541013	0.291000	10.730000
323	-172.421013	0.293000	10.530000
324	-172.311013	0.293000	10.450000
325	-171.981013	0.295000	10.590000
326	-171.781013	0.295000	10.460000
327	-171.771013	0.297000	10.700000
328	-171.671013	0.297000	10.560000
329	-171.651013	0.299000	10.440000
330	-171.501013	0.299000	10.700000
331	-171.351013	0.301000	10.500000
332	-171.241013	0.301000	10.710000
333	-171.231013	0.301000	10.660000
334	-171.081013	0.305000	10.500000
335	-170.911013	0.305000	10.580000
336	-170.691013	0.307000	10.460000
337	-170.601013	0.307000	10.620000
338	-170.491013	0.308000	10.780000
339	-170.491013	0.308000	10.560000
340	-170.371013	0.310000	10.490000
341	-170.171013	0.310000	10.820000
342	-170.011013	0.312000	10.730000
343	-169.951013	0.314000	10.610000
344	-169.941013	0.314000	10.710000
345	-169.941013	0.316000	10.540000
346	-169.911013	0.316000	10.540000
347	-169.901013	0.318000	10.640000
348	-169.881013	0.318000	10.640000
349	-169.871013	0.320000	10.810000
350	-169.811013	0.320000	10.730000
351	-169.741013	0.322000	10.740000
352	-169.721013	0.324000	10.520000
353	-169.641013	0.324000	10.680000
354	-169.611013	0.326000	10.620000
355	-169.601013	0.326000	10.750000
356	-169.591013	0.330000	10.800000
357	-169.491013	0.330000	10.710000
358	-169.461013	0.330000	10.640000
359	-169.411013	0.332000	10.660000
360	-169.261013	0.334000	10.740000
361	-169.241013	0.334000	10.780000
362	-169.231013	0.336000	10.810000
363	-168.691013	0.338000	10.560000
364	-168.591013	0.338000	10.620000
365	-168.481013	0.338000	10.670000
366	-168.341013	0.340000	11.070000
367	-168.321013	0.342000	10.950000
368	-168.311013	0.342000	10.890000
369	-168.301013	0.344000	10.710000
370	-168.291013	0.344000	11.100000
371	-168.241013	0.346000	10.670000
372	-168.231013	0.346000	10.730000
373	-168.181013	0.346000	10.750000
374	-168.131013	0.348000	10.770000
375	-168.121013	0.349000	10.630000
376	-168.001013	0.349000	10.810000
377	-167.941013	0.351000	10.690000
378	-167.921013	0.351000	10.680000
379	-167.651013	0.353000	10.740000
380	-167.491013	0.353000	10.710000
381	-167.061013	0.355000	10.880000
382	-166.981013	0.359000	10.670000
383	-166.971013	0.357000	11.060000
384	-166.911013	0.359000	10.660000
385	-166.861013	0.359000	11.010000
386	-166.751013	0.361000	10.740000
387	-166.711013	0.361000	10.850000
388	-166.671013	0.361000	10.750000
389	-166.611013	0.363000	11.090000
390	-166.611013	0.363000	10.840000
391	-166.591013	0.367000	10.560000
392	-166.441013	0.367000	10.890000
393	-166.411013	0.369000	11.010000
394	-166.321013	0.369000	11.100000
395	-166.291013	0.369000	10.940000
396	-166.291013	0.371000	10.990000
397	-166.221013	0.373000	10.820000
398	-166.081013	0.373000	10.870000
399	-166.051013	0.375000	10.850000
400	-165.961013	0.377000	10.910000
401	-165.901013	0.377000	11.000000
402	-165.871013	0.377000	10.870000
403	-165.831013	0.379000	11.050000
404	-165.771013	0.381000	10.830000
405	-165.761013	0.381000	10.670000
406	-165.751013	0.383000	10.940000
407	-165.711013	0.383000	10.930000
408	-165.541013	0.385000	10.700000
409	-165.501013	0.385000	11.000000
410	-165.201013	0.387000	10.920000
411	-165.191013	0.389000	11.190000
412	-165.171013	0.389000	11.020000
413	-165.021013	0.390000	11.020000
414	-164.941013	0.390000	11.200000
415	-164.911013	0.392000	10.890000
416	-164.821013	0.392000	11.060000
417	-164.761013	0.394000	10.880000
418	-164.761013	0.394000	10.790000
419	-164.741013	0.396000	11.060000
420	-164.731013	0.394000	10.960000
421	-164.641013	0.398000	11.050000
422	-164.581013	0.398000	10.880000
423	-164.561013	0.400000	11.000000
424	-164.491013	0.400000	11.210000
425	-164.451013	0.400000	11.110000
426	-164.391013	0.402000	10.970000
427	-164.261013	0.404000	10.990000
428	-164.131013	0.404000	10.990000
429	-163.901013	0.404000	11.240000
430	-163.871013	0.408000	11.070000
431	-163.701013	0.408000	11.220000
432	-163.671013	0.412000	11.030000
433	-163.531013	0.412000	10.750000
434	-163.491013	0.414000	11.080000
435	-163.381013	0.414000	11.010000
436	-163.371013	0.416000	11.300000
437	-163.241013	0.416000	11.160000
438	-163.091013	0.418000	11.120000
439	-163.021013	0.418000	11.110000
440	-162.971013	0.422000	10.950000
441	-162.951013	0.420000	11.060000
442	-162.821013	0.422000	11.150000
443	-162.811013	0.422000	11.210000
444	-162.781013	0.424000	11.210000
445	-162.781013	0.424000	11.320000
446	-162.611013	0.426000	11.610000
447	-162.601013	0.426000	11.530000
448	-162.551013	0.428000	11.330000
449	-162.391013	0.430000	11.110000
450	-162.391013	0.430000	11.090000
451	-162.281013	0.431000	11.130000
452	-162.281013	0.431000	10.990000
453	-162.271013	0.433000	10.990000
454	-162.271013	0.433000	11.270000
455	-162.241013	0.435000	10.900000
456	-162.221013	0.435000	11.070000
457	-162.111013	0.437000	11.110000
458	-161.921013	0.437000	10.940000
459	-161.681013	0.439000	11.070000
460	-161.681013	0.441000	11.350000
461	-161.121013	0.441000	11.310000
462	-160.991013	0.443000	11.220000
463	-160.851013	0.443000	11.160000
464	-160.761013	0.445000	11.550000
465	-160.741013	0.445000	11.220000
466	-160.731013	0.447000	11.420000
467	-160.651013	0.447000	11.300000
468	-160.641013	0.449000	11.230000
469	-160.631013	0.449000	11.290000
470	-160.561013	0.451000	11.310000
471	-160.551013	0.451000	11.430000
472	-160.511013	0.453000	11.370000
473	-160.471013	0.453000	11.240000
474	-160.401013	0.455000	11.250000
475	-160.321013	0.455000	11.400000
476	-160.311013	0.457000	11.370000
477	-160.131013	0.457000	11.240000
478	-160.091013	0.459000	11.450000
479	-159.911013	0.461000	11.400000
480	-159.861013	0.461000	11.090000
481	-159.841013	0.463000	11.260000
482	-159.811013	0.463000	11.340000
483	-159.731013	0.465000	11.230000
484	-159.661013	0.465000	11.290000
485	-159.621013	0.467000	11.390000
486	-159.621013	0.467000	11.430000
487	-159.581013	0.469000	11.290000
488	-159.411013	0.469000	11.350000
489	-159.361013	0.471000	11.300000
490	-159.301013	0.471000	11.290000
491	-159.241013	0.473000	11.270000
492	-159.091013	0.473000	11.540000
493	-158.771013	0.474000	11.360000
494	-158.761013	0.474000	11.450000
495	-158.751013	0.476000	11.480000
496	-158.721013	0.476000	11.330000
497	-158.651013	0.478000	11.640000
498	-158.631013	0.480000	11.590000
499	-158.551013	0.480000	11.330000
500	-158.541013	0.482000	11.420000
501	-158.421013	0.482000	11.580000
502	-158.391013	0.484000	11.320000
503	-158.361013	0.484000	11.450000
504	-158.361013	0.486000	11.570000
505	-158.281013	0.486000	11.320000
506	-158.251013	0.488000	11.480000
507	-158.091013	0.488000	11.620000
508	-157.991013	0.488000	11.200000
509	-157.991013	0.492000	11.440000
510	-157.921013	0.492000	11.470000
511	-157.831013	0.494000	11.290000
512	-157.681013	0.496000	11.380000
513	-157.681013	0.498000	11.440000
514	-157.661013	0.498000	11.700000
515	-157.471013	0.500000	11.500000
516	-157.281013	0.500000	11.450000
517	-157.261013	0.502000	11.500000
518	-157.031013	0.504000	11.480000
519	-157.021013	0.504000	11.480000
520	-157.011013	0.506000	11.500000
521	-156.931013	0.506000	11.560000
522	-156.911013	0.508000	11.640000
523	-156.871013	0.508000	11.610000
524	-156.861013	0.510000	12.070000
525	-156.861013	0.510000	11.490000
526	-156.721013	0.510000	11.490000
527	-156.661013	0.512000	11.760000
528	-156.571013	0.515000	11.880000
529	-156.561013	0.514000	11.570000
530	-156.471013	0.515000	11.480000
531	-156.421013	0.515000	11.380000
532	-156.381013	0.517000	11.890000
533	-156.291013	0.517000	11.430000
534	-156.271013	0.517000	11.550000
535	-156.261013	0.519000	11.450000
536	-156.001013	0.521000	11.680000
537	-155.911013	0.521000	11.420000
538	-155.691013	0.523000	11.510000
539	-155.511013	0.525000	11.590000
540	-155.461013	0.525000	11.660000
541	-155.451013	0.525000	11.730000
542	-155.381013	0.527000	11.610000
543	-155.381013	0.529000	11.650000
544	-155.291013	0.529000	11.700000
545	-155.221013	0.531000	11.760000
546	-155.211013	0.531000	11.570000
547	-155.171013	0.533000	11.530000
548	-155.151013	0.533000	11.860000
549	-155.091013	0.533000	11.570000
550	-154.961013	0.535000	11.870000
551	-154.891013	0.537000	11.650000
552	-154.861013	0.537000	11.820000
553	-154.711013	0.539000	11.560000
554	-154.631013	0.539000	11.610000
555	-154.541013	0.541000	11.650000
556	-154.471013	0.541000	11.580000
557	-154.461013	0.543000	11.520000
558	-154.371013	0.547000	11.670000
559	-154.281013	0.545000	11.570000
560	-154.241013	0.547000	11.670000
561	-153.951013	0.547000	11.700000
562	-153.941013	0.549000	11.690000
563	-153.931013	0.549000	11.820000
564	-153.831013	0.549000	11.990000
565	-153.791013	0.551000	11.760000
566	-153.771013	0.551000	11.860000
567	-153.681013	0.553000	11.730000
568	-153.481013	0.555000	11.700000
569	-153.421013	0.555000	11.720000
570	-153.381013	0.557000	11.800000
571	-153.181013	0.557000	11.860000
572	-153.091013	0.557000	11.670000
573	-152.971013	0.558000	11.870000
574	-152.941013	0.560000	11.820000
575	-152.641013	0.560000	11.910000
576	-152.581013	0.562000	11.910000
577	-152.551013	0.562000	11.960000
578	-152.481013	0.564000	12.000000
579	-152.471013	0.564000	12.000000
580	-152.461013	0.566000	11.940000
581	-152.431013	0.568000	11.830000
582	-152.341013	0.568000	11.740000
583	-152.231013	0.570000	12.150000
584	-152.221013	0.570000	11.870000
585	-152.171013	0.572000	11.870000
586	-152.111013	0.572000	12.150000
587	-152.021013	0.574000	11.820000
588	-152.021013	0.574000	11.990000
589	-151.991013	0.576000	11.970000
590	-151.971013	0.576000	12.430000
591	-151.841013	0.578000	12.040000
592	-151.801013	0.580000	12.000000
593	-151.791013	0.582000	12.000000
594	-151.781013	0.582000	11.830000
595	-151.731013	0.584000	11.840000
596	-151.491013	0.584000	11.940000
597	-151.471013	0.586000	12.050000
598	-151.241013	0.588000	12.000000
599	-151.211013	0.588000	12.250000
600	-151.041013	0.590000	11.920000
601	-150.961013	0.590000	12.040000
602	-150.951013	0.592000	11.890000
603	-150.921013	0.592000	12.060000
604	-150.881013	0.594000	11.920000
605	-150.851013	0.594000	11.910000
606	-150.621013	0.596000	12.000000
607	-150.571013	0.596000	11.980000
608	-150.391013	0.598000	12.190000
609	-150.391013	0.598000	12.150000
610	-150.121013	0.599000	12.050000
611	-150.101013	0.599000	12.200000
612	-150.091013	0.601000	11.930000
613	-150.071013	0.601000	12.010000
614	-150.001013	0.603000	11.960000
615	-150.001013	0.603000	11.890000
616	-150.001013	0.605000	11.990000
617	-149.951013	0.605000	12.090000
618	-149.721013	0.609000	12.070000
619	-149.481013	0.609000	11.950000
620	-149.431013	0.609000	12.180000
621	-149.271013	0.611000	12.110000
622	-149.051013	0.611000	12.150000
623	-149.031013	0.613000	12.160000
624	-148.921013	0.613000	12.010000
625	-148.911013	0.615000	12.030000
626	-148.821013	0.613000	12.170000
627	-148.791013	0.617000	11.990000
628	-148.641013	0.617000	12.230000
629	-148.491013	0.619000	12.140000
630	-148.481013	0.619000	11.950000
631	-148.401013	0.621000	12.170000
632	-148.391013	0.621000	12.250000
633	-148.391013	0.623000	12.190000
634	-148.321013	0.623000	12.220000
635	-148.281013	0.625000	12.210000
636	-148.271013	0.625000	12.160000
637	-148.181013	0.627000	12.080000
638	-148.151013	0.627000	12.100000
639	-148.101013	0.629000	12.210000
640	-147.971013	0.629000	11.940000
641	-147.961013	0.631000	12.210000
642	-147.901013	0.631000	12.230000
643	-147.771013	0.633000	12.030000
644	-147.621013	0.633000	12.120000
645	-147.531013	0.635000	12.160000
646	-147.401013	0.635000	12.200000
647	-147.391013	0.637000	12.210000
648	-147.371013	0.637000	12.190000
649	-146.781013	0.640000	12.330000
650	-146.631013	0.639000	12.270000
651	-146.631013	0.640000	12.300000
652	-146.521013	0.640000	12.130000
653	-146.511013	0.642000	12.330000
654	-146.491013	0.642000	12.150000
655	-146.421013	0.644000	12.320000
656	-146.241013	0.644000	12.290000
657	-146.211013	0.646000	12.180000
658	-146.081013	0.646000	12.410000
659	-146.071013	0.648000	12.370000
660	-146.031013	0.648000	12.240000
661	-146.011013	0.650000	12.170000
662	-146.001013	0.650000	12.520000
663	-145.991013	0.652000	12.200000
664	-145.941013	0.652000	12.230000
665	-145.931013	0.654000	12.360000
666	-145.911013	0.654000	12.260000
667	-145.861013	0.656000	12.330000
668	-145.771013	0.656000	12.240000
669	-145.671013	0.658000	12.240000
670	-145.661013	0.658000	12.300000
671	-145.591013	0.662000	12.430000
672	-145.531013	0.662000	12.270000
673	-145.511013	0.664000	12.290000
674	-145.471013	0.664000	12.340000
675	-145.451013	0.666000	12.380000
676	-145.431013	0.666000	12.200000
677	-145.291013	0.666000	12.400000
678	-145.151013	0.668000	12.310000
679	-145.121013	0.670000	12.310000
680	-145.031013	0.670000	12.250000
681	-144.941013	0.672000	12.450000
682	-144.931013	0.672000	12.480000
683	-144.881013	0.674000	12.240000
684	-144.731013	0.674000	12.150000
685	-144.601013	0.674000	12.370000
686	-144.571013	0.676000	12.370000
687	-144.571013	0.678000	12.410000
688	-144.501013	0.678000	12.530000
689	-144.481013	0.680000	12.510000
690	-144.441013	0.680000	12.570000
691	-144.341013	0.681000	12.310000
692	-144.211013	0.681000	12.470000
693	-144.081013	0.681000	12.530000
694	-144.051013	0.683000	12.400000
695	-144.041013	0.685000	12.330000
696	-144.041013	0.685000	12.230000
697	-144.001013	0.687000	12.360000
698	-143.771013	0.687000	12.250000
699	-143.771013	0.689000	12.470000
700	-143.701013	0.689000	12.460000
701	-143.701013	0.691000	12.490000
702	-143.611013	0.691000	12.420000
703	-143.531013	0.693000	12.240000
704	-143.421013	0.693000	12.440000
705	-143.391013	0.695000	12.430000
706	-143.381013	0.695000	12.650000
707	-143.251013	0.697000	12.460000
708	-143.241013	0.697000	12.350000
709	-143.091013	0.697000	12.470000
710	-143.051013	0.699000	12.430000
711	-142.941013	0.703000	12.380000
712	-142.761013	0.703000	12.640000
713	-142.621013	0.703000	12.510000
714	-142.521013	0.705000	12.790000
715	-142.261013	0.705000	12.420000
716	-142.191013	0.705000	12.660000
717	-142.131013	0.707000	12.530000
718	-142.101013	0.709000	12.490000
719	-142.091013	0.707000	12.540000
720	-142.051013	0.711000	12.740000
721	-141.981013	0.711000	12.520000
722	-141.951013	0.713000	12.470000
723	-141.931013	0.713000	12.720000
724	-141.931013	0.713000	12.400000
725	-141.861013	0.715000	12.560000
726	-141.861013	0.717000	12.600000
727	-141.821013	0.717000	12.670000
728	-141.811013	0.719000	12.710000
729	-141.471013	0.719000	12.610000
730	-141.291013	0.721000	12.660000
731	-141.131013	0.723000	12.590000
732	-141.121013	0.723000	12.790000
733	-141.041013	0.724000	12.790000
734	-140.671013	0.724000	12.580000
735	-140.591013	0.726000	12.580000
736	-140.481013	0.726000	12.650000
737	-140.481013	0.728000	12.710000
738	-140.461013	0.728000	12.640000
739	-140.441013	0.728000	12.830000
740	-140.371013	0.734000	12.800000
741	-140.321013	0.732000	12.660000
742	-140.241013	0.734000	12.600000
743	-140.191013	0.734000	12.670000
744	-140.151013	0.736000	12.660000
745	-140.111013	0.736000	12.940000
746	-140.101013	0.736000	12.770000
747	-140.061013	0.738000	12.720000
748	-140.061013	0.738000	12.760000
749	-140.051013	0.740000	12.600000
750	-139.961013	0.742000	12.810000
751	-139.811013	0.742000	12.860000
752	-139.801013	0.746000	12.870000
753	-139.741013	0.746000	12.680000
754	-139.411013	0.748000	12.770000
755	-139.361013	0.748000	12.690000
756	-139.201013	0.750000	12.740000
757	-139.201013	0.750000	12.860000
758	-139.101013	0.752000	12.840000
759	-139.011013	0.752000	12.850000
760	-139.001013	0.754000	12.880000
761	-138.951013	0.754000	12.720000
762	-138.931013	0.756000	12.970000
763	-138.921013	0.756000	12.750000
764	-138.891013	0.758000	12.650000
765	-138.831013	0.758000	12.830000
766	-138.831013	0.760000	12.810000
767	-138.731013	0.760000	12.950000
768	-138.671013	0.762000	12.940000
769	-138.631013	0.762000	12.950000
770	-138.591013	0.764000	13.000000
771	-138.561013	0.765000	12.720000
772	-138.401013	0.765000	12.740000
773	-138.321013	0.765000	13.060000
774	-138.101013	0.767000	12.950000
775	-138.011013	0.767000	12.840000
776	-137.981013	0.769000	12.830000
777	-137.841013	0.769000	12.850000
778	-137.691013	0.771000	13.000000
779	-137.681013	0.771000	12.660000
780	-137.601013	0.773000	12.960000
781	-137.551013	0.773000	12.850000
782	-137.461013	0.775000	12.720000
783	-137.421013	0.775000	12.910000
784	-137.321013	0.777000	12.960000
785	-137.291013	0.777000	12.990000
786	-137.261013	0.779000	12.990000
787	-137.211013	0.779000	12.840000
788	-137.091013	0.781000	13.150000
789	-137.041013	0.781000	12.910000
790	-136.981013	0.783000	12.960000
791	-136.961013	0.785000	12.950000
792	-136.931013	0.785000	12.970000
793	-136.901013	0.787000	12.940000
794	-136.831013	0.787000	13.010000
795	-136.621013	0.789000	12.810000
796	-136.581013	0.789000	13.050000
797	-136.551013	0.791000	13.350000
798	-136.551013	0.791000	13.070000
799	-136.381013	0.793000	12.920000
800	-136.381013	0.793000	13.100000
801	-136.351013	0.795000	12.960000
802	-136.331013	0.797000	12.930000
803	-136.331013	0.797000	12.920000
804	-136.221013	0.797000	13.170000
805	-136.051013	0.799000	12.880000
806	-136.051013	0.799000	13.010000
807	-136.041013	0.801000	13.160000
808	-135.831013	0.801000	12.960000
809	-135.781013	0.801000	12.970000
810	-135.641013	0.803000	13.010000
811	-135.441013	0.805000	13.120000
812	-135.441013	0.807000	13.210000
813	-135.231013	0.807000	13.300000
814	-135.121013	0.808000	13.300000
815	-135.021013	0.808000	13.270000
816	-134.871013	0.810000	13.080000
817	-134.781013	0.810000	13.210000
818	-134.741013	0.812000	12.960000
819	-134.711013	0.812000	13.080000
820	-134.681013	0.812000	13.210000
821	-134.381013	0.814000	13.240000
822	-134.381013	0.816000	13.110000
823	-134.341013	0.816000	13.140000
824	-134.341013	0.818000	13.290000
825	-134.191013	0.818000	13.500000
826	-134.161013	0.820000	13.350000
827	-134.061013	0.820000	13.350000
828	-134.061013	0.822000	13.210000
829	-134.031013	0.822000	13.140000
830	-133.971013	0.824000	13.270000
831	-133.961013	0.824000	13.260000
832	-133.921013	0.828000	13.300000
833	-133.801013	0.826000	13.150000
834	-133.671013	0.830000	13.170000
835	-133.651013	0.830000	13.090000
836	-133.571013	0.830000	13.300000
837	-133.541013	0.832000	13.250000
838	-133.431013	0.832000	13.170000
839	-133.411013	0.834000	13.070000
840	-133.411013	0.836000	13.180000
841	-133.371013	0.836000	13.190000
842	-133.101013	0.838000	13.200000
843	-133.071013	0.838000	13.320000
844	-132.931013	0.838000	13.270000
845	-132.771013	0.840000	13.070000
846	-132.551013	0.842000	13.180000
847	-132.281013	0.842000	13.270000
848	-132.161013	0.844000	13.400000
849	-132.131013	0.844000	13.570000
850	-132.111013	0.846000	13.410000
851	-132.051013	0.846000	13.260000
852	-132.001013	0.848000	13.340000
853	-131.991013	0.848000	13.530000
854	-131.941013	0.849000	13.390000
855	-131.931013	0.849000	13.320000
856	-131.891013	0.851000	13.390000
857	-131.871013	0.851000	13.200000
858	-131.761013	0.853000	13.290000
859	-131.731013	0.853000	13.310000
860	-131.651013	0.855000	13.220000
861	-131.611013	0.855000	13.320000
862	-131.601013	0.857000	13.360000
863	-131.471013	0.859000	13.180000
864	-131.381013	0.859000	13.220000
865	-131.301013	0.859000	13.270000
866	-131.251013	0.861000	13.490000
867	-131.251013	0.861000	13.600000
868	-131.231013	0.861000	13.300000
869	-131.221013	0.863000	13.260000
870	-131.131013	0.863000	13.300000
871	-131.021013	0.863000	13.330000
872	-130.991013	0.865000	13.310000
873	-130.931013	0.867000	13.380000
874	-130.861013	0.869000	13.330000
875	-130.811013	0.869000	13.520000
876	-130.651013	0.869000	13.120000
877	-130.631013	0.871000	13.600000
878	-130.591013	0.873000	13.640000
879	-130.571013	0.873000	13.620000
880	-130.401013	0.875000	13.690000
881	-130.331013	0.875000	13.490000
882	-130.321013	0.877000	13.490000
883	-130.241013	0.877000	13.320000
884	-130.191013	0.879000	13.560000
885	-130.021013	0.879000	13.570000
886	-129.991013	0.881000	13.590000
887	-129.991013	0.881000	13.470000
888	-129.901013	0.883000	13.520000
889	-129.851013	0.883000	13.630000
890	-129.791013	0.885000	13.550000
891	-129.781013	0.885000	13.430000
892	-129.761013	0.885000	13.530000
893	-129.741013	0.889000	13.570000
894	-129.631013	0.890000	13.500000
895	-129.601013	0.890000	13.310000
896	-129.581013	0.890000	13.690000
897	-129.501013	0.892000	13.580000
898	-129.311013	0.892000	13.490000
899	-129.281013	0.892000	13.390000
900	-129.131013	0.894000	13.540000
901	-129.051013	0.896000	13.600000
902	-128.901013	0.894000	13.670000
903	-128.871013	0.898000	13.700000
904	-128.771013	0.898000	13.710000
905	-128.691013	0.900000	13.540000
906	-128.461013	0.900000	13.730000
907	-128.371013	0.900000	13.490000
908	-128.221013	0.902000	13.510000
909	-128.081013	0.906000	13.500000
910	-128.021013	0.906000	13.680000
911	-128.021013	0.906000	13.760000
912	-127.991013	0.906000	13.510000
913	-127.991013	0.908000	13.550000
914	-127.961013	0.908000	13.600000
915	-127.921013	0.912000	13.620000
916	-127.761013	0.912000	13.600000
917	-127.691013	0.914000	13.630000
918	-127.551013	0.914000	13.950000
919	-127.541013	0.916000	13.660000
920	-127.511013	0.916000	13.760000
921	-127.361013	0.918000	13.450000
922	-127.281013	0.918000	13.650000
923	-127.281013	0.918000	13.740000
924	-127.241013	0.920000	13.550000
925	-127.201013	0.922000	13.690000
926	-127.021013	0.922000	13.670000
927	-126.791013	0.924000	13.920000
928	-126.721013	0.924000	13.750000
929	-126.421013	0.926000	13.960000
930	-126.341013	0.926000	13.630000
931	-126.261013	0.928000	13.600000
932	-126.231013	0.928000	13.750000
933	-126.111013	0.930000	13.720000
934	-125.921013	0.931000	13.800000
935	-125.921013	0.931000	13.760000
936	-125.821013	0.933000	13.850000
937	-125.791013	0.933000	13.750000
938	-125.751013	0.935000	13.710000
939	-125.751013	0.935000	13.880000
940	-125.691013	0.937000	13.780000
941	-125.661013	0.937000	13.800000
942	-125.651013	0.939000	13.620000
943	-125.631013	0.939000	13.840000
944	-125.411013	0.941000	13.830000
945	-125.331013	0.941000	13.850000
946	-125.291013	0.943000	13.680000
947	-125.181013	0.943000	13.870000
948	-125.181013	0.945000	13.770000
949	-125.081013	0.945000	13.730000
950	-125.041013	0.947000	13.730000
951	-125.001013	0.947000	13.780000
952	-124.941013	0.949000	13.770000
953	-124.891013	0.949000	13.710000
954	-124.891013	0.953000	13.790000
955	-124.821013	0.953000	13.930000
956	-124.751013	0.953000	13.940000
957	-124.681013	0.955000	13.740000
958	-124.661013	0.955000	13.990000
959	-124.601013	0.957000	13.890000
960	-124.501013	0.957000	13.890000
961	-124.431013	0.959000	13.850000
962	-124.371013	0.959000	14.000000
963	-124.211013	0.961000	13.890000
964	-124.161013	0.961000	13.840000
965	-124.141013	0.963000	13.880000
966	-124.121013	0.963000	13.780000
967	-124.111013	0.965000	14.090000
968	-123.921013	0.965000	13.850000
969	-123.911013	0.967000	13.910000
970	-123.741013	0.967000	14.020000
971	-123.711013	0.969000	13.900000
972	-123.691013	0.969000	13.780000
973	-123.491013	0.971000	13.850000
974	-123.481013	0.971000	13.910000
975	-123.441013	0.973000	13.960000
976	-123.401013	0.973000	13.950000
977	-123.401013	0.974000	13.890000
978	-123.361013	0.974000	14.020000
979	-123.291013	0.976000	13.920000
980	-123.171013	0.976000	14.020000
981	-123.021013	0.978000	13.930000
982	-122.971013	0.978000	14.220000
983	-122.861013	0.980000	14.040000
984	-122.821013	0.982000	13.900000
985	-122.741013	0.984000	13.920000
986	-122.601013	0.984000	13.890000
987	-122.561013	0.984000	14.200000
988	-122.471013	0.986000	13.900000
989	-122.411013	0.986000	13.920000
990	-122.321013	0.988000	14.070000
991	-122.271013	0.988000	13.890000
992	-122.241013	0.988000	14.100000
993	-122.231013	0.988000	14.050000
994	-122.081013	0.992000	13.990000
995	-122.071013	0.992000	14.100000
996	-122.051013	0.994000	14.090000
997	-122.001013	0.996000	14.080000
998	-121.911013	1.000000	14.100000
999	-121.911013	1.000000	14.040000
1000	-121.811013	1.000000	14.080000
1001	-121.771013	1.000000	14.040000
1002	-121.751013	1.002000	13.990000
1003	-121.651013	1.002000	14.220000
1004	-121.631013	1.002000	14.060000
1005	-121.481013	1.004000	13.950000
1006	-121.201013	1.004000	14.020000
1007	-121.141013	1.006000	14.070000
1008	-121.131013	1.008000	14.060000
1009	-120.931013	1.008000	14.060000
1010	-120.901013	1.010000	14.160000
1011	-120.821013	1.010000	14.220000
1012	-120.751013	1.010000	14.290000
1013	-120.711013	1.012000	14.130000
1014	-120.671013	1.014000	14.100000
1015	-120.651013	1.014000	13.990000
1016	-120.521013	1.015000	14.180000
1017	-120.511013	1.015000	14.030000
1018	-120.511013	1.017000	14.000000
1019	-120.451013	1.017000	14.120000
1020	-120.381013	1.017000	14.110000
1021	-120.211013	1.019000	14.080000
1022	-120.141013	1.021000	14.110000
1023	-120.031013	1.021000	14.160000
1024	-119.941013	1.023000	14.320000
1025	-119.791013	1.023000	14.180000
1026	-119.611013	1.025000	14.200000
1027	-119.611013	1.025000	14.360000
1028	-119.211013	1.025000	14.300000
1029	-119.091013	1.027000	14.290000
1030	-118.731013	1.029000	14.020000
1031	-118.671013	1.029000	14.390000
1032	-118.651013	1.031000	14.300000
1033	-118.611013	1.031000	14.260000
1034	-118.571013	1.033000	14.270000
1035	-118.561013	1.033000	14.090000
1036	-118.561013	1.035000	14.200000
1037	-118.481013	1.035000	14.210000
1038	-118.381013	1.037000	14.430000
1039	-118.381013	1.037000	14.330000
1040	-118.341013	1.039000	14.230000
1041	-118.311013	1.039000	14.240000
1042	-118.301013	1.041000	14.190000
1043	-118.271013	1.041000	14.200000
1044	-118.171013	1.041000	14.280000
1045	-118.171013	1.043000	14.260000
1046	-118.051013	1.045000	14.370000
1047	-117.971013	1.045000	14.230000
1048	-117.901013	1.047000	14.390000
1049	-117.841013	1.047000	14.360000
1050	-117.751013	1.049000	14.240000
1051	-117.721013	1.049000	14.410000
1052	-117.721013	1.049000	14.470000
1053	-117.701013	1.051000	14.300000
1054	-117.661013	1.053000	14.200000
1055	-117.501013	1.051000	14.340000
1056	-117.491013	1.055000	14.250000
1057	-117.441013	1.055000	14.350000
1058	-117.371013	1.057000	14.310000
1059	-117.361013	1.057000	14.310000
1060	-117.341013	1.057000	14.450000
1061	-117.271013	1.058000	14.410000
1062	-117.231013	1.062000	14.450000
1063	-117.081013	1.062000	14.220000
1064	-117.051013	1.062000	14.350000
1065	-117.011013	1.062000	14.380000
1066	-116.981013	1.064000	14.320000
1067	-116.981013	1.064000	14.610000
1068	-116.931013	1.066000	14.340000
1069	-116.801013	1.066000	14.330000
1070	-116.731013	1.068000	14.290000
1071	-116.581013	1.068000	14.500000
1072	-116.561013	1.070000	14.390000
1073	-116.341013	1.070000	14.410000
1074	-116.331013	1.072000	14.420000
1075	-116.281013	1.072000	14.340000
1076	-116.111013	1.074000	14.440000
1077	-116.111013	1.074000	14.580000
1078	-115.851013	1.076000	14.330000
1079	-115.661013	1.078000	14.510000
1080	-115.631013	1.078000	14.440000
1081	-115.601013	1.080000	14.480000
1082	-115.551013	1.082000	14.640000
1083	-115.531013	1.082000	14.590000
1084	-115.381013	1.084000	14.450000
1085	-115.371013	1.084000	14.430000
1086	-115.371013	1.086000	14.310000
1087	-115.301013	1.086000	14.550000
1088	-115.171013	1.086000	14.470000
1089	-115.121013	1.088000	14.560000
1090	-115.041013	1.090000	14.580000
1091	-114.991013	1.090000	14.540000
1092	-114.911013	1.092000	14.680000
1093	-114.881013	1.092000	14.640000
1094	-114.691013	1.094000	14.560000
1095	-114.621013	1.094000	14.620000
1096	-114.461013	1.096000	14.520000
1097	-114.461013	1.096000	14.470000
1098	-114.401013	1.098000	14.540000
1099	-114.371013	1.098000	14.590000
1100	-114.331013	1.098000	14.610000
1101	-114.241013	1.099000	14.750000
1102	-114.171013	1.101000	14.380000
1103	-114.171013	1.101000	14.610000
1104	-114.141013	1.103000	14.540000
1105	-114.041013	1.103000	14.680000
1106	-114.041013	1.105000	14.470000
1107	-113.981013	1.105000	14.570000
1108	-113.921013	1.107000	14.480000
1109	-113.821013	1.107000	14.580000
1110	-113.691013	1.109000	14.660000
1111	-113.571013	1.109000	14.570000
1112	-113.431013	1.111000	14.490000
1113	-113.201013	1.111000	14.870000
1114	-113.081013	1.113000	14.820000
1115	-112.821013	1.113000	14.850000
1116	-112.761013	1.115000	14.580000
1117	-112.711013	1.115000	14.640000
1118	-112.671013	1.117000	14.640000
1119	-112.621013	1.117000	14.780000
1120	-112.491013	1.119000	14.780000
1121	-112.491013	1.119000	14.680000
1122	-112.451013	1.121000	14.860000
1123	-112.151013	1.121000	14.760000
1124	-112.101013	1.123000	14.900000
1125	-112.101013	1.125000	14.870000
1126	-112.041013	1.125000	14.790000
1127	-112.011013	1.125000	14.890000
1128	-111.941013	1.127000	14.790000
1129	-111.941013	1.127000	14.740000
1130	-111.871013	1.129000	14.770000
1131	-111.801013	1.129000	14.590000
1132	-111.781013	1.129000	14.860000
1133	-111.721013	1.131000	14.510000
1134	-111.431013	1.133000	14.800000
1135	-111.331013	1.133000	14.640000
1136	-111.331013	1.135000	14.790000
1137	-111.331013	1.135000	14.850000
1138	-111.281013	1.137000	14.890000
1139	-111.251013	1.137000	14.790000
1140	-111.201013	1.139000	14.920000
1141	-111.151013	1.139000	14.850000
1142	-111.131013	1.140000	14.770000
1143	-111.021013	1.140000	14.840000
1144	-111.021013	1.142000	14.920000
1145	-110.941013	1.142000	15.030000
1146	-110.901013	1.144000	14.750000
1147	-110.881013	1.144000	14.800000
1148	-110.851013	1.144000	14.800000
1149	-110.721013	1.144000	14.780000
1150	-110.631013	1.148000	14.850000
1151	-110.441013	1.148000	14.710000
1152	-110.401013	1.150000	14.880000
1153	-110.251013	1.150000	14.670000
1154	-110.181013	1.152000	14.860000
1155	-110.171013	1.152000	14.600000
1156	-110.131013	1.154000	14.930000
1157	-110.101013	1.154000	15.120000
1158	-110.051013	1.156000	14.930000
1159	-110.021013	1.156000	15.180000
1160	-109.771013	1.158000	14.730000
1161	-109.751013	1.158000	14.760000
1162	-109.751013	1.162000	14.850000
1163	-109.721013	1.160000	14.860000
1164	-109.691013	1.164000	14.830000
1165	-109.681013	1.164000	14.900000
1166	-109.681013	1.166000	15.080000
1167	-109.601013	1.166000	14.960000
1168	-109.581013	1.166000	14.900000
1169	-109.381013	1.168000	14.910000
1170	-109.371013	1.170000	14.800000
1171	-109.271013	1.172000	14.860000
1172	-109.191013	1.170000	15.000000
1173	-109.181013	1.172000	15.000000
1174	-109.051013	1.174000	15.050000
1175	-108.731013	1.174000	14.940000
1176	-108.561013	1.174000	14.980000
1177	-108.531013	1.176000	15.100000
1178	-108.491013	1.178000	15.030000
1179	-108.401013	1.178000	15.220000
1180	-108.371013	1.180000	14.960000
1181	-108.371013	1.180000	14.870000
1182	-108.251013	1.181000	14.980000
1183	-108.171013	1.183000	15.120000
1184	-108.081013	1.183000	14.940000
1185	-107.851013	1.185000	15.020000
1186	-107.811013	1.185000	15.030000
1187	-107.771013	1.187000	15.110000
1188	-107.621013	1.187000	14.960000
1189	-107.561013	1.189000	14.910000
1190	-107.511013	1.189000	15.080000
1191	-107.501013	1.189000	14.960000
1192	-107.331013	1.191000	15.530000
1193	-107.321013	1.193000	15.050000
1194	-107.271013	1.191000	14.910000
1195	-107.271013	1.195000	15.160000
1196	-107.121013	1.195000	15.200000
1197	-107.111013	1.197000	15.180000
1198	-106.991013	1.197000	15.100000
1199	-106.951013	1.197000	15.000000
1200	-106.751013	1.199000	15.080000
1201	-106.731013	1.203000	14.970000
1202	-106.671013	1.203000	15.160000
1203	-106.651013	1.203000	15.110000
1204	-106.651013	1.205000	15.060000
1205	-106.561013	1.205000	15.140000
1206	-106.501013	1.205000	15.400000
1207	-106.321013	1.207000	14.900000
1208	-106.211013	1.209000	15.260000
1209	-106.021013	1.209000	15.100000
1210	-105.891013	1.211000	15.270000
1211	-105.871013	1.211000	15.210000
1212	-105.831013	1.213000	15.400000
1213	-105.701013	1.213000	15.130000
1214	-105.661013	1.215000	15.330000
1215	-105.531013	1.215000	15.250000
1216	-105.391013	1.217000	15.330000
1217	-105.241013	1.217000	15.420000
1218	-105.201013	1.219000	15.070000
1219	-105.141013	1.219000	15.330000
1220	-105.101013	1.221000	15.210000
1221	-105.101013	1.221000	15.440000
1222	-105.021013	1.221000	15.260000
1223	-104.881013	1.223000	15.420000
1224	-104.851013	1.223000	15.510000
1225	-104.851013	1.224000	15.360000
1226	-104.831013	1.226000	15.310000
1227	-104.611013	1.226000	15.210000
1228	-104.471013	1.228000	15.290000
1229	-104.471013	1.228000	15.190000
1230	-104.401013	1.228000	15.320000
1231	-104.281013	1.230000	15.390000
1232	-104.231013	1.234000	15.440000
1233	-104.081013	1.232000	15.330000
1234	-104.031013	1.234000	15.210000
1235	-103.951013	1.234000	15.410000
1236	-103.941013	1.236000	15.360000
1237	-103.931013	1.236000	15.170000
1238	-103.731013	1.236000	15.430000
1239	-103.621013	1.238000	15.510000
1240	-103.551013	1.240000	15.230000
1241	-103.531013	1.240000	15.370000
1242	-103.521013	1.242000	15.270000
1243	-103.391013	1.242000	15.210000
1244	-103.171013	1.246000	15.500000
1245	-103.141013	1.248000	15.470000
1246	-102.871013	1.248000	15.370000
1247	-102.851013	1.250000	15.490000
1248	-102.851013	1.250000	15.440000
1249	-102.691013	1.252000	15.370000
1250	-102.681013	1.252000	15.400000
1251	-102.631013	1.254000	15.620000
1252	-102.631013	1.254000	15.390000
1253	-102.611013	1.254000	15.470000
1254	-102.571013	1.256000	15.480000
1255	-102.551013	1.258000	15.380000
1256	-102.501013	1.258000	15.630000
1257	-102.391013	1.260000	15.400000
1258	-102.181013	1.260000	15.440000
1259	-102.171013	1.262000	15.340000
1260	-101.841013	1.262000	15.500000
1261	-101.791013	1.264000	15.600000
1262	-101.641013	1.265000	15.440000
1263	-101.571013	1.265000	15.540000
1264	-101.501013	1.265000	15.630000
1265	-101.491013	1.267000	15.490000
1266	-101.401013	1.267000	15.560000
1267	-101.401013	1.269000	15.700000
1268	-101.371013	1.269000	15.510000
1269	-101.361013	1.271000	15.520000
1270	-101.091013	1.271000	15.600000
1271	-100.931013	1.273000	15.500000
1272	-100.851013	1.273000	15.260000
1273	-100.821013	1.275000	15.470000
1274	-100.811013	1.275000	15.530000
1275	-100.761013	1.277000	15.460000
1276	-100.751013	1.277000	15.510000
1277	-100.751013	1.279000	15.680000
1278	-100.721013	1.279000	15.400000
1279	-100.691013	1.281000	15.470000
1280	-100.551013	1.281000	15.640000
1281	-100.531013	1.283000	15.560000
1282	-100.511013	1.283000	15.970000
1283	-100.371013	1.285000	15.660000
1284	-100.371013	1.285000	15.590000
1285	-100.361013	1.287000	15.630000
1286	-100.331013	1.285000	15.570000
1287	-100.271013	1.289000	15.640000
1288	-100.271013	1.289000	15.650000
1289	-100.081013	1.291000	15.580000
1290	-100.001013	1.291000	15.600000
1291	-99.941013	1.293000	15.680000
1292	-99.891013	1.293000	15.730000
1293	-99.841013	1.297000	15.680000
1294	-99.791013	1.297000	15.540000
1295	-99.741013	1.297000	15.800000
1296	-99.741013	1.299000	15.600000
1297	-99.671013	1.299000	15.750000
1298	-99.531013	1.301000	15.620000
1299	-99.331013	1.301000	15.880000
1300	-99.311013	1.303000	15.810000
1301	-99.281013	1.303000	15.500000
1302	-99.091013	1.305000	15.790000
1303	-99.081013	1.305000	15.720000
1304	-98.951013	1.307000	15.710000
1305	-98.951013	1.307000	15.750000
1306	-98.921013	1.308000	15.730000
1307	-98.851013	1.308000	15.630000
1308	-98.791013	1.310000	15.650000
1309	-98.671013	1.310000	15.810000
1310	-98.491013	1.312000	15.880000
1311	-98.351013	1.312000	15.940000
1312	-98.251013	1.314000	15.710000
1313	-98.061013	1.314000	15.700000
1314	-98.031013	1.316000	16.060000
1315	-98.021013	1.318000	15.800000
1316	-97.911013	1.316000	15.720000
1317	-97.881013	1.320000	15.650000
1318	-97.881013	1.320000	15.820000
1319	-97.841013	1.322000	15.760000
1320	-97.701013	1.322000	15.610000
1321	-97.481013	1.324000	15.790000
1322	-97.301013	1.324000	15.860000
1323	-97.211013	1.326000	15.730000
1324	-97.211013	1.328000	15.780000
1325	-97.211013	1.330000	16.090000
1326	-97.101013	1.330000	15.740000
1327	-97.101013	1.332000	16.000000
1328	-97.091013	1.334000	15.740000
1329	-97.051013	1.334000	16.030000
1330	-96.931013	1.336000	15.800000
1331	-96.821013	1.336000	15.820000
1332	-96.811013	1.338000	16.030000
1333	-96.781013	1.338000	15.850000
1334	-96.661013	1.338000	15.860000
1335	-96.631013	1.340000	15.840000
1336	-96.621013	1.344000	15.860000
1337	-96.281013	1.342000	15.900000
1338	-96.231013	1.344000	15.760000
1339	-96.031013	1.344000	15.910000
1340	-95.991013	1.346000	15.860000
1341	-95.561013	1.346000	15.820000
1342	-95.501013	1.346000	15.910000
1343	-95.411013	1.348000	15.900000
1344	-95.351013	1.348000	16.110000
1345	-95.341013	1.351000	16.030000
1346	-95.301013	1.351000	16.030000
1347	-95.211013	1.353000	15.890000
1348	-95.181013	1.353000	15.910000
1349	-95.161013	1.353000	16.050000
1350	-95.011013	1.355000	15.960000
1351	-95.001013	1.357000	15.860000
1352	-94.991013	1.357000	16.080000
1353	-94.991013	1.359000	15.980000
1354	-94.901013	1.359000	15.960000
1355	-94.881013	1.361000	14.870000
1356	-94.681013	1.361000	15.880000
1357	-94.661013	1.361000	16.090000
1358	-94.611013	1.363000	14.930000
1359	-94.581013	1.365000	15.960000
1360	-94.541013	1.365000	14.750000
1361	-94.391013	1.367000	15.910000
1362	-94.331013	1.367000	16.000000
1363	-94.331013	1.369000	16.240000
1364	-94.241013	1.369000	16.260000
1365	-94.221013	1.371000	16.030000
1366	-94.131013	1.371000	14.760000
1367	-94.101013	1.373000	15.470000
1368	-94.051013	1.375000	14.660000
1369	-94.031013	1.375000	16.040000
1370	-94.031013	1.375000	16.080000
1371	-94.031013	1.377000	16.040000
1372	-94.031013	1.377000	14.600000
1373	-93.961013	1.377000	16.170000
1374	-93.881013	1.379000	16.080000
1375	-93.861013	1.381000	15.810000
1376	-93.851013	1.381000	14.840000
1377	-93.801013	1.383000	14.640000
1378	-93.771013	1.383000	14.840000
1379	-93.721013	1.385000	15.960000
1380	-93.701013	1.385000	16.120000
1381	-93.701013	1.385000	14.690000
1382	-93.631013	1.387000	14.750000
1383	-93.621013	1.389000	14.710000
1384	-93.501013	1.390000	14.720000
1385	-93.481013	1.390000	14.790000
1386	-93.461013	1.390000	15.940000
1387	-93.381013	1.392000	16.060000
1388	-93.291013	1.392000	16.070000
1389	-93.291013	1.392000	14.660000
1390	-93.141013	1.394000	15.680000
1391	-93.141013	1.396000	14.790000
1392	-93.071013	1.396000	14.780000
1393	-92.921013	1.398000	14.650000
1394	-92.851013	1.398000	14.790000
1395	-92.841013	1.400000	14.910000
1396	-92.741013	1.400000	14.680000
1397	-92.561013	1.402000	14.930000
1398	-92.391013	1.402000	16.270000
1399	-92.051013	1.404000	16.310000
1400	-91.991013	1.404000	16.180000
1401	-91.821013	1.406000	16.230000
1402	-91.721013	1.406000	16.250000
1403	-91.461013	1.408000	16.230000
1404	-91.411013	1.408000	16.230000
1405	-91.351013	1.412000	16.240000
1406	-91.131013	1.410000	16.250000
1407	-91.131013	1.414000	16.370000
1408	-91.061013	1.416000	16.210000
1409	-90.841013	1.416000	16.310000
1410	-90.801013	1.418000	16.330000
1411	-90.771013	1.418000	16.290000
1412	-90.771013	1.420000	16.330000
1413	-90.761013	1.420000	16.270000
1414	-90.731013	1.422000	16.260000
1415	-90.731013	1.422000	16.280000
1416	-90.611013	1.422000	16.060000
1417	-90.511013	1.424000	16.220000
1418	-90.461013	1.426000	16.340000
1419	-90.441013	1.426000	16.420000
1420	-90.201013	1.428000	16.270000
1421	-90.171013	1.428000	16.060000
1422	-90.131013	1.430000	16.350000
1423	-90.111013	1.430000	16.200000
1424	-90.041013	1.431000	16.040000
1425	-90.041013	1.431000	16.270000
1426	-89.941013	1.433000	16.330000
1427	-89.841013	1.437000	16.370000
1428	-89.531013	1.435000	16.170000
1429	-89.301013	1.437000	16.630000
1430	-89.121013	1.437000	16.480000
1431	-89.021013	1.439000	16.620000
1432	-88.901013	1.439000	16.520000
1433	-88.881013	1.441000	16.260000
1434	-88.861013	1.441000	16.420000
1435	-88.781013	1.443000	16.640000
1436	-88.671013	1.443000	16.030000
1437	-88.671013	1.445000	16.450000
1438	-88.601013	1.445000	16.380000
1439	-88.521013	1.447000	16.610000
1440	-88.471013	1.447000	16.340000
1441	-88.431013	1.449000	16.540000
1442	-88.371013	1.449000	16.460000
1443	-88.281013	1.451000	16.430000
1444	-88.221013	1.451000	16.260000
1445	-88.221013	1.453000	16.420000
1446	-88.121013	1.453000	16.510000
1447	-88.041013	1.455000	16.490000
1448	-87.831013	1.455000	16.310000
1449	-87.701013	1.457000	16.460000
1450	-87.671013	1.457000	16.670000
1451	-87.631013	1.459000	16.400000
1452	-87.511013	1.457000	16.440000
1453	-87.461013	1.461000	16.490000
1454	-87.341013	1.461000	16.480000
1455	-87.151013	1.463000	16.540000
1456	-86.981013	1.463000	15.370000
1457	-86.931013	1.465000	16.560000
1458	-86.821013	1.465000	15.420000
1459	-86.741013	1.467000	15.430000
1460	-86.681013	1.467000	16.540000
1461	-86.621013	1.469000	15.260000
1462	-86.261013	1.469000	15.250000
1463	-86.121013	1.471000	15.560000
1464	-86.111013	1.471000	16.760000
1465	-86.111013	1.473000	16.140000
1466	-86.041013	1.473000	15.400000
1467	-86.041013	1.474000	15.150000
1468	-86.041013	1.474000	15.230000
1469	-85.991013	1.476000	15.330000
1470	-85.891013	1.476000	15.310000
1471	-85.851013	1.478000	15.400000
1472	-85.821013	1.478000	15.260000
1473	-85.681013	1.480000	15.460000
1474	-85.661013	1.480000	15.470000
1475	-85.571013	1.482000	15.350000
1476	-85.401013	1.484000	15.400000
1477	-85.381013	1.484000	15.100000
1478	-85.361013	1.484000	15.370000
1479	-85.221013	1.486000	15.360000
1480	-85.211013	1.486000	15.260000
1481	-85.191013	1.488000	15.270000
1482	-85.191013	1.488000	15.250000
1483	-85.161013	1.488000	15.360000
1484	-84.961013	1.488000	15.520000
1485	-84.871013	1.492000	15.420000
1486	-84.871013	1.492000	15.250000
1487	-84.791013	1.494000	15.340000
1488	-84.781013	1.496000	15.360000
1489	-84.761013	1.498000	15.280000
1490	-84.601013	1.500000	15.620000
1491	-84.491013	1.500000	15.510000
1492	-84.381013	1.500000	15.400000
1493	-84.301013	1.502000	15.130000
1494	-84.121013	1.502000	15.400000
1495	-84.081013	1.502000	15.440000
1496	-84.011013	1.504000	15.370000
1497	-83.941013	1.504000	15.280000
1498	-83.831013	1.504000	15.500000
1499	-83.801013	1.508000	15.490000
1500	-83.741013	1.508000	15.280000
1501	-83.701013	1.510000	15.360000
1502	-83.651013	1.510000	15.440000
1503	-83.631013	1.510000	15.530000
1504	-83.621013	1.512000	15.460000
1505	-83.601013	1.514000	15.390000
1506	-83.591013	1.514000	15.370000
1507	-83.561013	1.515000	15.380000
1508	-83.451013	1.515000	15.350000
1509	-83.231013	1.517000	15.460000
1510	-83.201013	1.517000	15.550000
1511	-83.171013	1.519000	15.560000
1512	-83.121013	1.519000	15.740000
1513	-82.801013	1.521000	15.640000
1514	-82.701013	1.521000	15.770000
1515	-82.541013	1.523000	15.530000
1516	-82.211013	1.523000	15.580000
1517	-82.191013	1.525000	15.610000
1518	-82.181013	1.525000	15.600000
1519	-82.061013	1.525000	15.630000
1520	-81.781013	1.527000	15.510000
1521	-81.511013	1.531000	15.440000
1522	-81.491013	1.529000	15.660000
1523	-81.441013	1.531000	15.610000
1524	-81.421013	1.531000	15.620000
1525	-81.391013	1.533000	15.800000
1526	-81.371013	1.533000	15.600000
1527	-81.371013	1.533000	15.750000
1528	-81.311013	1.535000	15.660000
1529	-81.291013	1.535000	15.580000
1530	-81.281013	1.537000	15.630000
1531	-81.281013	1.539000	15.540000
1532	-81.201013	1.539000	15.820000
1533	-81.151013	1.541000	15.600000
1534	-81.061013	1.541000	15.600000
1535	-81.061013	1.541000	15.650000
1536	-80.971013	1.543000	15.550000
1537	-80.781013	1.545000	15.690000
1538	-80.751013	1.545000	15.590000
1539	-80.741013	1.547000	15.650000
1540	-80.721013	1.547000	15.730000
1541	-80.651013	1.549000	15.750000
1542	-80.641013	1.549000	15.710000
1543	-80.631013	1.549000	15.850000
1544	-80.581013	1.551000	15.660000
1545	-80.491013	1.551000	15.610000
1546	-80.441013	1.551000	15.720000
1547	-80.411013	1.555000	15.660000
1548	-80.391013	1.555000	15.620000
1549	-80.371013	1.557000	15.800000
1550	-80.291013	1.557000	15.910000
1551	-80.251013	1.557000	15.680000
1552	-80.211013	1.558000	15.610000
1553	-80.211013	1.560000	15.800000
1554	-80.111013	1.562000	15.790000
1555	-79.991013	1.562000	15.540000
1556	-79.971013	1.562000	15.670000
1557	-79.831013	1.564000	15.840000
1558	-79.811013	1.564000	15.740000
1559	-79.801013	1.564000	15.750000
1560	-79.791013	1.566000	15.690000
1561	-79.751013	1.566000	15.930000
1562	-79.751013	1.568000	15.900000
1563	-79.701013	1.570000	15.850000
1564	-79.611013	1.570000	15.800000
1565	-79.571013	1.572000	15.810000
1566	-79.561013	1.572000	15.860000
1567	-79.381013	1.572000	15.680000
1568	-79.381013	1.574000	15.680000
1569	-79.331013	1.576000	15.940000
1570	-79.221013	1.576000	15.860000
1571	-79.211013	1.578000	15.880000
1572	-79.161013	1.582000	15.860000
1573	-79.091013	1.582000	15.770000
1574	-78.971013	1.582000	15.730000
1575	-78.941013	1.584000	15.760000
1576	-78.851013	1.586000	15.930000
1577	-78.841013	1.586000	15.850000
1578	-78.801013	1.588000	15.840000
1579	-78.651013	1.588000	15.860000
1580	-78.571013	1.590000	15.760000
1581	-78.291013	1.590000	15.790000
1582	-78.291013	1.592000	15.810000
1583	-78.091013	1.594000	15.730000
1584	-77.321013	1.594000	15.760000
1585	-77.281013	1.594000	15.840000
1586	-77.281013	1.596000	15.820000
1587	-77.231013	1.596000	15.860000
1588	-77.221013	1.598000	15.940000
1589	-77.101013	1.598000	15.870000
1590	-77.081013	1.598000	15.860000
1591	-77.051013	1.599000	15.790000
1592	-76.611013	1.601000	15.860000
1593	-76.531013	1.603000	15.960000
1594	-76.441013	1.603000	15.940000
1595	-76.421013	1.605000	15.860000
1596	-76.301013	1.605000	16.050000
1597	-76.251013	1.607000	15.950000
1598	-76.231013	1.607000	16.020000
1599	-76.131013	1.609000	16.140000
1600	-76.101013	1.609000	16.010000
1601	-75.981013	1.611000	15.840000
1602	-75.961013	1.613000	16.080000
1603	-75.941013	1.613000	16.030000
1604	-75.931013	1.615000	16.050000
1605	-75.731013	1.615000	15.980000
1606	-75.701013	1.617000	15.970000
1607	-75.701013	1.617000	16.050000
1608	-75.651013	1.619000	16.070000
1609	-75.631013	1.619000	16.100000
1610	-75.501013	1.621000	15.950000
1611	-75.471013	1.621000	15.890000
1612	-75.441013	1.625000	16.070000
1613	-75.341013	1.623000	15.970000
1614	-75.251013	1.625000	15.980000
1615	-75.121013	1.625000	15.970000
1616	-75.091013	1.627000	15.790000
1617	-75.071013	1.627000	16.040000
1618	-74.771013	1.629000	15.940000
1619	-74.771013	1.629000	16.160000
1620	-74.691013	1.631000	15.970000
1621	-74.641013	1.631000	16.190000
1622	-74.591013	1.633000	16.100000
1623	-74.181013	1.633000	16.390000
1624	-74.161013	1.635000	16.040000
1625	-74.121013	1.635000	16.050000
1626	-74.101013	1.637000	16.300000
1627	-73.991013	1.637000	16.070000
1628	-73.971013	1.639000	16.040000
1629	-73.931013	1.639000	16.000000
1630	-73.931013	1.640000	16.100000
1631	-73.901013	1.640000	15.970000
1632	-73.801013	1.642000	16.190000
1633	-73.791013	1.642000	16.200000
1634	-73.681013	1.644000	16.090000
1635	-73.591013	1.644000	16.230000
1636	-73.531013	1.646000	16.040000
1637	-73.461013	1.646000	16.150000
1638	-73.461013	1.648000	15.980000
1639	-73.411013	1.648000	16.260000
1640	-73.311013	1.650000	16.170000
1641	-73.301013	1.650000	16.120000
1642	-73.271013	1.652000	16.320000
1643	-73.151013	1.652000	16.300000
1644	-73.151013	1.656000	16.230000
1645	-73.151013	1.654000	16.190000
1646	-73.081013	1.656000	16.230000
1647	-73.011013	1.656000	16.200000
1648	-72.931013	1.658000	16.400000
1649	-72.871013	1.658000	16.210000
1650	-72.721013	1.662000	16.290000
1651	-72.651013	1.662000	16.280000
1652	-72.511013	1.664000	16.200000
1653	-72.511013	1.664000	16.350000
1654	-72.501013	1.666000	16.270000
1655	-72.301013	1.666000	16.330000
1656	-72.271013	1.666000	16.230000
1657	-72.261013	1.668000	16.310000
1658	-72.221013	1.670000	16.340000
1659	-72.031013	1.670000	16.340000
1660	-71.971013	1.672000	16.370000
1661	-71.921013	1.672000	16.330000
1662	-71.921013	1.674000	16.330000
1663	-71.901013	1.674000	16.390000
1664	-71.851013	1.676000	16.150000
1665	-71.801013	1.676000	16.430000
1666	-71.791013	1.678000	16.260000
1667	-71.751013	1.678000	16.260000
1668	-71.711013	1.680000	16.190000
1669	-71.681013	1.680000	16.330000
1670	-71.661013	1.681000	16.370000
1671	-71.471013	1.681000	16.290000
1672	-71.341013	1.683000	16.200000
1673	-70.921013	1.683000	16.400000
1674	-70.891013	1.687000	16.370000
1675	-70.671013	1.687000	16.530000
1676	-70.571013	1.687000	16.450000
1677	-70.551013	1.689000	16.200000
1678	-70.501013	1.689000	16.580000
1679	-70.461013	1.689000	16.430000
1680	-70.291013	1.691000	16.410000
1681	-70.251013	1.693000	16.430000
1682	-70.181013	1.693000	16.310000
1683	-70.071013	1.693000	16.450000
1684	-70.051013	1.695000	16.340000
1685	-70.051013	1.697000	16.360000
1686	-70.001013	1.697000	16.440000
1687	-70.001013	1.697000	16.400000
1688	-69.981013	1.699000	16.450000
1689	-69.961013	1.701000	16.340000
1690	-69.951013	1.701000	16.430000
1691	-69.931013	1.703000	16.540000
1692	-69.921013	1.703000	16.420000
1693	-69.831013	1.705000	16.450000
1694	-69.781013	1.705000	16.460000
1695	-69.721013	1.707000	16.520000
1696	-69.571013	1.707000	16.540000
1697	-69.501013	1.709000	16.460000
1698	-69.361013	1.709000	16.570000
1699	-69.281013	1.711000	16.440000
1700	-68.981013	1.711000	16.360000
1701	-68.911013	1.713000	16.470000
1702	-68.911013	1.713000	16.460000
1703	-68.841013	1.713000	16.280000
1704	-68.691013	1.715000	16.510000
1705	-68.641013	1.717000	16.500000
1706	-68.611013	1.719000	16.470000
1707	-68.401013	1.719000	16.570000
1708	-68.261013	1.719000	16.610000
1709	-68.241013	1.721000	16.720000
1710	-68.211013	1.721000	16.770000
1711	-68.171013	1.721000	16.540000
1712	-68.161013	1.723000	16.650000
1713	-67.731013	1.724000	16.500000
1714	-67.691013	1.724000	16.770000
1715	-67.651013	1.726000	16.530000
1716	-67.561013	1.728000	16.610000
1717	-67.521013	1.728000	16.540000
1718	-67.521013	1.728000	16.700000
1719	-67.481013	1.730000	16.650000
1720	-67.441013	1.732000	16.680000
1721	-67.401013	1.732000	16.580000
1722	-67.391013	1.734000	16.650000
1723	-67.371013	1.734000	16.680000
1724	-67.321013	1.736000	16.680000
1725	-67.311013	1.736000	16.670000
1726	-67.281013	1.736000	16.620000
1727	-67.271013	1.738000	16.580000
1728	-66.951013	1.740000	16.720000
1729	-66.921013	1.740000	16.640000
1730	-66.621013	1.742000	16.740000
1731	-66.581013	1.742000	16.680000
1732	-66.531013	1.746000	16.890000
1733	-66.511013	1.746000	16.720000
1734	-66.431013	1.748000	16.720000
1735	-66.321013	1.748000	16.580000
1736	-66.311013	1.750000	16.770000
1737	-66.211013	1.750000	16.850000
1738	-65.901013	1.752000	16.750000
1739	-65.871013	1.752000	16.920000
1740	-65.671013	1.754000	16.780000
1741	-65.671013	1.754000	16.780000
1742	-65.501013	1.756000	16.560000
1743	-65.421013	1.756000	16.720000
1744	-65.301013	1.758000	16.620000
1745	-65.141013	1.758000	16.760000
1746	-65.111013	1.760000	16.840000
1747	-65.051013	1.760000	17.090000
1748	-65.031013	1.762000	16.820000
1749	-64.991013	1.762000	16.900000
1750	-64.861013	1.764000	16.860000
1751	-64.851013	1.764000	16.740000
1752	-64.821013	1.765000	16.770000
1753	-64.791013	1.765000	16.950000
1754	-64.731013	1.767000	16.950000
1755	-64.651013	1.767000	16.690000
1756	-64.641013	1.769000	16.600000
1757	-64.481013	1.769000	16.880000
1758	-64.481013	1.771000	16.790000
1759	-64.351013	1.769000	16.960000
1760	-64.341013	1.773000	16.890000
1761	-64.331013	1.773000	17.000000
1762	-64.271013	1.775000	16.960000
1763	-64.221013	1.775000	16.990000
1764	-64.211013	1.777000	16.950000
1765	-64.161013	1.777000	16.940000
1766	-64.141013	1.779000	16.940000
1767	-64.001013	1.779000	17.010000
1768	-63.871013	1.781000	16.900000
1769	-63.831013	1.781000	16.750000
1770	-63.541013	1.783000	16.860000
1771	-63.471013	1.783000	16.850000
1772	-63.331013	1.785000	17.030000
1773	-63.161013	1.785000	16.830000
1774	-63.101013	1.787000	16.840000
1775	-63.051013	1.785000	16.940000
1776	-62.981013	1.789000	16.970000
1777	-62.961013	1.789000	16.990000
1778	-62.921013	1.791000	17.150000
1779	-62.921013	1.791000	17.010000
1780	-62.901013	1.793000	16.870000
1781	-62.881013	1.793000	17.030000
1782	-62.861013	1.795000	16.890000
1783	-62.711013	1.797000	17.070000
1784	-62.701013	1.797000	16.880000
1785	-62.651013	1.797000	16.930000
1786	-62.541013	1.799000	17.040000
1787	-62.521013	1.799000	16.890000
1788	-62.241013	1.801000	17.100000
1789	-62.201013	1.803000	16.950000
1790	-61.961013	1.803000	17.070000
1791	-61.961013	1.805000	17.040000
1792	-61.941013	1.805000	17.130000
1793	-61.901013	1.807000	17.010000
1794	-61.851013	1.807000	17.050000
1795	-61.501013	1.808000	17.030000
1796	-61.341013	1.808000	17.040000
1797	-61.331013	1.810000	16.890000
1798	-61.321013	1.812000	17.060000
1799	-61.201013	1.812000	17.180000
1800	-60.781013	1.812000	17.060000
1801	-60.701013	1.814000	17.010000
1802	-60.681013	1.814000	16.950000
1803	-60.671013	1.816000	17.020000
1804	-60.591013	1.816000	17.140000
1805	-60.521013	1.818000	17.270000
1806	-60.381013	1.816000	17.300000
1807	-60.181013	1.820000	17.140000
1808	-60.151013	1.820000	17.050000
1809	-60.111013	1.822000	17.100000
1810	-60.061013	1.822000	17.210000
1811	-59.981013	1.824000	17.190000
1812	-59.911013	1.824000	17.140000
1813	-59.891013	1.826000	17.160000
1814	-59.881013	1.826000	17.270000
1815	-59.861013	1.830000	17.160000
1816	-59.851013	1.830000	17.060000
1817	-59.781013	1.830000	17.030000
1818	-59.781013	1.832000	17.180000
1819	-59.731013	1.832000	17.090000
1820	-59.701013	1.834000	17.060000
1821	-59.661013	1.836000	17.130000
1822	-59.621013	1.836000	17.190000
1823	-59.441013	1.838000	17.180000
1824	-59.171013	1.838000	17.270000
1825	-58.961013	1.838000	17.170000
1826	-58.951013	1.840000	17.260000
1827	-58.941013	1.844000	17.190000
1828	-58.911013	1.842000	17.250000
1829	-58.831013	1.844000	17.230000
1830	-58.801013	1.844000	17.260000
1831	-58.771013	1.846000	17.270000
1832	-58.731013	1.846000	17.250000
1833	-58.631013	1.846000	17.260000
1834	-58.571013	1.848000	17.090000
1835	-58.551013	1.849000	17.230000
1836	-58.521013	1.849000	17.180000
1837	-58.491013	1.851000	17.290000
1838	-58.481013	1.851000	17.240000
1839	-58.481013	1.853000	17.260000
1840	-58.461013	1.853000	17.390000
1841	-58.411013	1.853000	17.300000
1842	-58.271013	1.855000	17.130000
1843	-58.171013	1.857000	17.240000
1844	-58.151013	1.857000	17.410000
1845	-57.981013	1.859000	17.320000
1846	-57.951013	1.859000	17.300000
1847	-57.931013	1.861000	17.240000
1848	-57.791013	1.861000	17.410000
1849	-57.721013	1.863000	17.340000
1850	-57.641013	1.863000	17.230000
1851	-57.571013	1.865000	17.280000
1852	-57.411013	1.865000	17.640000
1853	-57.371013	1.867000	17.360000
1854	-57.281013	1.867000	17.280000
1855	-57.091013	1.869000	17.410000
1856	-57.061013	1.869000	17.330000
1857	-56.971013	1.871000	17.410000
1858	-56.951013	1.871000	17.650000
1859	-56.931013	1.873000	17.290000
1860	-56.821013	1.873000	17.240000
1861	-56.811013	1.875000	17.360000
1862	-56.701013	1.875000	17.320000
1863	-56.641013	1.877000	17.440000
1864	-56.631013	1.877000	17.500000
1865	-56.571013	1.877000	17.430000
1866	-56.531013	1.879000	17.490000
1867	-56.401013	1.881000	17.320000
1868	-56.371013	1.879000	17.550000
1869	-56.321013	1.883000	17.410000
1870	-56.291013	1.883000	17.400000
1871	-56.061013	1.885000	17.390000
1872	-55.861013	1.885000	17.570000
1873	-55.671013	1.885000	17.470000
1874	-55.551013	1.887000	17.580000
1875	-55.381013	1.889000	17.670000
1876	-55.361013	1.889000	17.390000
1877	-55.211013	1.890000	17.460000
1878	-54.981013	1.890000	17.630000
1879	-54.851013	1.892000	17.490000
1880	-54.841013	1.892000	17.580000
1881	-54.821013	1.892000	17.600000
1882	-54.811013	1.894000	17.560000
1883	-54.761013	1.896000	17.580000
1884	-54.751013	1.896000	17.690000
1885	-54.561013	1.898000	17.590000
1886	-54.561013	1.898000	17.650000
1887	-54.531013	1.900000	17.550000
1888	-54.441013	1.900000	17.580000
1889	-54.411013	1.902000	17.590000
1890	-54.301013	1.902000	17.600000
1891	-54.251013	1.906000	17.570000
1892	-54.221013	1.906000	17.660000
1893	-54.221013	1.906000	17.640000
1894	-54.031013	1.908000	17.580000
1895	-54.031013	1.908000	17.680000
1896	-53.841013	1.912000	17.690000
1897	-53.841013	1.910000	17.700000
1898	-53.691013	1.914000	17.560000
1899	-53.661013	1.914000	17.580000
1900	-53.651013	1.914000	17.570000
1901	-53.561013	1.916000	17.700000
1902	-53.431013	1.918000	17.610000
1903	-53.161013	1.918000	17.470000
1904	-53.141013	1.920000	17.740000
1905	-53.091013	1.920000	17.750000
1906	-53.061013	1.922000	17.750000
1907	-53.011013	1.922000	17.860000
1908	-52.931013	1.924000	17.750000
1909	-52.921013	1.924000	17.780000
1910	-52.901013	1.926000	17.750000
1911	-52.711013	1.926000	17.660000
1912	-52.701013	1.926000	17.730000
1913	-52.591013	1.928000	17.710000
1914	-52.461013	1.930000	17.550000
1915	-52.461013	1.930000	17.850000
1916	-52.371013	1.931000	17.720000
1917	-52.341013	1.931000	17.780000
1918	-52.301013	1.933000	17.720000
1919	-52.221013	1.933000	17.680000
1920	-52.161013	1.935000	17.770000
1921	-52.091013	1.935000	17.820000
1922	-52.091013	1.937000	17.680000
1923	-51.871013	1.937000	17.870000
1924	-51.691013	1.939000	17.890000
1925	-51.581013	1.939000	17.600000
1926	-51.351013	1.941000	17.900000
1927	-51.141013	1.941000	18.070000
1928	-51.121013	1.943000	17.790000
1929	-50.971013	1.943000	17.780000
1930	-50.881013	1.945000	17.870000
1931	-50.871013	1.945000	17.840000
1932	-50.851013	1.947000	17.870000
1933	-50.751013	1.947000	17.840000
1934	-50.541013	1.949000	17.820000
1935	-50.431013	1.949000	17.830000
1936	-50.331013	1.953000	17.830000
1937	-50.311013	1.953000	17.770000
1938	-50.231013	1.953000	17.950000
1939	-50.221013	1.953000	17.960000
1940	-50.201013	1.955000	17.870000
1941	-50.171013	1.955000	18.020000
1942	-50.151013	1.957000	17.870000
1943	-50.031013	1.957000	17.920000
1944	-49.981013	1.957000	17.840000
1945	-49.921013	1.959000	17.890000
1946	-49.891013	1.961000	17.880000
1947	-49.821013	1.961000	17.830000
1948	-49.811013	1.963000	17.850000
1949	-49.811013	1.963000	17.870000
1950	-49.771013	1.965000	17.880000
1951	-49.741013	1.965000	17.950000
1952	-49.671013	1.967000	18.030000
1953	-49.551013	1.967000	18.060000
1954	-49.541013	1.969000	18.000000
1955	-49.501013	1.969000	17.960000
1956	-49.401013	1.971000	17.810000
1957	-49.341013	1.971000	18.020000
1958	-49.331013	1.973000	17.930000
1959	-49.291013	1.973000	18.060000
1960	-49.131013	1.974000	18.060000
1961	-49.061013	1.974000	17.820000
1962	-48.981013	1.976000	18.110000
1963	-48.901013	1.976000	18.080000
1964	-48.841013	1.978000	18.120000
1965	-48.761013	1.978000	17.960000
1966	-48.761013	1.980000	17.910000
1967	-48.701013	1.980000	17.860000
1968	-48.621013	1.982000	18.110000
1969	-48.561013	1.982000	17.880000
1970	-48.531013	1.984000	18.110000
1971	-48.411013	1.984000	18.160000
1972	-48.391013	1.986000	18.010000
1973	-48.311013	1.986000	18.150000
1974	-48.261013	1.988000	17.950000
1975	-48.141013	1.988000	18.070000
1976	-48.021013	1.990000	18.210000
1977	-47.901013	1.990000	18.170000
1978	-47.891013	1.992000	18.100000
1979	-47.851013	1.992000	18.000000
1980	-47.791013	1.994000	18.000000
1981	-47.691013	1.996000	18.060000
1982	-47.671013	1.998000	17.970000
1983	-47.611013	2.000000	17.990000
1984	-47.201013	1.998000	18.020000
1985	-47.201013	2.000000	18.080000
1986	-47.141013	2.002000	18.080000
1987	-46.941013	2.002000	18.140000
1988	-46.881013	2.002000	18.130000
1989	-46.801013	2.004000	18.170000
1990	-46.541013	2.006000	18.030000
1991	-46.481013	2.006000	18.210000
1992	-46.231013	2.008000	18.030000
1993	-46.101013	2.008000	18.040000
1994	-46.081013	2.010000	18.170000
1995	-46.061013	2.012000	18.160000
1996	-45.951013	2.012000	18.250000
1997	-45.951013	2.014000	18.260000
1998	-45.901013	2.014000	18.250000
1999	-45.861013	2.015000	18.200000
2000	-45.831013	2.015000	18.360000
2001	-45.821013	2.017000	18.070000
2002	-45.791013	2.017000	18.110000
2003	-45.791013	2.017000	18.180000
2004	-45.691013	2.019000	18.210000
2005	-45.571013	2.021000	18.280000
2006	-45.501013	2.019000	18.280000
2007	-45.461013	2.023000	18.210000
2008	-45.431013	2.023000	18.170000
2009	-45.331013	2.025000	18.180000
2010	-45.251013	2.025000	18.270000
2011	-45.241013	2.025000	18.270000
2012	-45.241013	2.027000	18.360000
2013	-45.151013	2.031000	18.160000
2014	-45.131013	2.029000	18.290000
2015	-45.101013	2.031000	18.350000
2016	-44.831013	2.031000	18.240000
2017	-44.691013	2.033000	18.320000
2018	-44.561013	2.033000	18.090000
2019	-44.521013	2.033000	18.260000
2020	-44.441013	2.035000	18.300000
2021	-44.411013	2.037000	18.230000
2022	-44.261013	2.037000	18.110000
2023	-44.091013	2.039000	18.390000
2024	-44.071013	2.039000	18.390000
2025	-44.041013	2.041000	18.250000
2026	-44.011013	2.041000	18.320000
2027	-43.921013	2.043000	18.290000
2028	-43.891013	2.043000	18.250000
2029	-43.821013	2.045000	18.320000
2030	-43.791013	2.045000	18.450000
2031	-43.521013	2.047000	18.370000
2032	-43.431013	2.047000	18.370000
2033	-43.421013	2.049000	18.480000
2034	-43.391013	2.049000	18.360000
2035	-43.391013	2.049000	18.480000
2036	-43.351013	2.051000	18.470000
2037	-43.341013	2.051000	18.250000
2038	-43.221013	2.053000	18.530000
2039	-43.091013	2.055000	18.340000
2040	-43.071013	2.055000	18.320000
2041	-43.061013	2.057000	18.410000
2042	-43.051013	2.057000	18.540000
2043	-43.001013	2.057000	18.380000
2044	-42.991013	2.058000	18.530000
2045	-42.981013	2.062000	18.530000
2046	-42.931013	2.060000	18.240000
2047	-42.921013	2.062000	18.320000
2048	-42.891013	2.062000	18.360000
2049	-42.861013	2.064000	18.370000
2050	-42.821013	2.064000	18.290000
2051	-42.821013	2.064000	18.510000
2052	-42.791013	2.066000	18.280000
2053	-42.781013	2.068000	18.560000
2054	-42.751013	2.068000	18.360000
2055	-42.671013	2.070000	18.370000
2056	-42.661013	2.070000	18.330000
2057	-42.621013	2.072000	18.590000
2058	-42.611013	2.072000	18.500000
2059	-42.601013	2.072000	18.320000
2060	-42.541013	2.074000	18.540000
2061	-42.481013	2.076000	18.250000
2062	-42.431013	2.076000	18.410000
2063	-42.291013	2.078000	18.530000
2064	-42.131013	2.080000	18.570000
2065	-42.061013	2.082000	18.390000
2066	-41.861013	2.082000	18.510000
2067	-41.561013	2.082000	18.770000
2068	-41.561013	2.084000	18.540000
2069	-41.441013	2.086000	18.350000
2070	-41.191013	2.086000	18.620000
2071	-41.121013	2.088000	18.390000
2072	-40.701013	2.088000	18.570000
2073	-40.521013	2.090000	18.500000
2074	-40.371013	2.090000	18.550000
2075	-40.311013	2.092000	18.590000
2076	-40.181013	2.092000	18.740000
2077	-40.161013	2.094000	18.650000
2078	-40.111013	2.096000	18.590000
2079	-40.091013	2.096000	18.610000
2080	-40.061013	2.098000	18.520000
2081	-39.861013	2.098000	18.600000
2082	-39.751013	2.099000	18.600000
2083	-39.711013	2.099000	18.750000
2084	-39.691013	2.101000	18.530000
2085	-39.661013	2.101000	18.510000
2086	-39.461013	2.103000	18.520000
2087	-39.381013	2.103000	18.660000
2088	-39.351013	2.105000	18.670000
2089	-39.341013	2.105000	18.630000
2090	-39.331013	2.107000	18.790000
2091	-39.191013	2.107000	18.690000
2092	-38.941013	2.109000	18.570000
2093	-38.861013	2.109000	18.650000
2094	-38.821013	2.111000	18.740000
2095	-38.791013	2.111000	18.760000
2096	-38.701013	2.113000	18.700000
2097	-38.681013	2.113000	18.540000
2098	-38.621013	2.115000	18.630000
2099	-38.581013	2.113000	18.650000
2100	-38.491013	2.117000	18.770000
2101	-38.471013	2.117000	18.660000
2102	-38.241013	2.119000	18.780000
2103	-38.231013	2.119000	18.530000
2104	-38.231013	2.121000	18.760000
2105	-38.231013	2.121000	18.620000
2106	-38.191013	2.123000	18.740000
2107	-38.081013	2.123000	18.830000
2108	-38.011013	2.125000	18.630000
2109	-38.001013	2.125000	18.750000
2110	-37.881013	2.127000	18.810000
2111	-37.881013	2.127000	18.690000
2112	-37.871013	2.129000	18.750000
2113	-37.681013	2.129000	18.740000
2114	-37.541013	2.131000	18.640000
2115	-37.391013	2.131000	18.730000
2116	-37.191013	2.133000	18.760000
2117	-37.091013	2.133000	18.610000
2118	-37.071013	2.135000	18.870000
2119	-36.981013	2.137000	18.780000
2120	-36.891013	2.137000	18.670000
2121	-36.601013	2.139000	18.920000
2122	-36.571013	2.139000	18.920000
2123	-36.491013	2.140000	18.940000
2124	-36.371013	2.140000	18.940000
2125	-36.371013	2.142000	19.040000
2126	-36.311013	2.142000	19.060000
2127	-36.271013	2.144000	19.040000
2128	-36.201013	2.144000	19.010000
2129	-36.171013	2.146000	18.910000
2130	-35.771013	2.144000	18.960000
2131	-35.651013	2.148000	18.920000
2132	-35.541013	2.148000	18.900000
2133	-35.501013	2.150000	18.910000
2134	-35.491013	2.150000	18.850000
2135	-35.471013	2.152000	18.970000
2136	-35.421013	2.152000	18.900000
2137	-35.351013	2.154000	19.070000
2138	-35.331013	2.154000	19.050000
2139	-35.301013	2.156000	18.960000
2140	-35.231013	2.156000	18.990000
2141	-35.091013	2.158000	18.850000
2142	-35.091013	2.158000	18.860000
2143	-35.051013	2.162000	18.910000
2144	-34.931013	2.162000	18.940000
2145	-34.931013	2.164000	19.070000
2146	-34.891013	2.164000	18.820000
2147	-34.871013	2.166000	18.980000
2148	-34.771013	2.166000	18.940000
2149	-34.761013	2.166000	19.000000
2150	-34.731013	2.168000	18.960000
2151	-34.671013	2.172000	18.930000
2152	-34.551013	2.170000	18.910000
2153	-34.551013	2.172000	18.950000
2154	-34.511013	2.172000	19.110000
2155	-34.491013	2.174000	18.960000
2156	-34.401013	2.174000	18.970000
2157	-34.351013	2.174000	18.950000
2158	-34.321013	2.176000	18.890000
2159	-34.041013	2.176000	19.230000
2160	-33.881013	2.180000	18.950000
2161	-33.631013	2.180000	19.140000
2162	-33.611013	2.181000	18.910000
2163	-33.361013	2.181000	19.170000
2164	-33.361013	2.181000	19.090000
2165	-33.341013	2.183000	19.090000
2166	-33.311013	2.185000	19.240000
2167	-33.281013	2.185000	19.060000
2168	-33.261013	2.187000	19.050000
2169	-33.161013	2.187000	19.160000
2170	-33.101013	2.189000	19.120000
2171	-33.061013	2.189000	19.120000
2172	-32.961013	2.189000	19.130000
2173	-32.891013	2.191000	19.090000
2174	-32.751013	2.193000	19.120000
2175	-32.641013	2.193000	19.080000
2176	-32.571013	2.195000	19.050000
2177	-32.541013	2.195000	19.140000
2178	-32.511013	2.197000	19.200000
2179	-32.411013	2.197000	19.130000
2180	-32.341013	2.199000	19.210000
2181	-32.271013	2.199000	19.160000
2182	-32.251013	2.201000	19.080000
2183	-31.781013	2.201000	19.030000
2184	-31.571013	2.203000	19.160000
2185	-31.491013	2.203000	19.210000
2186	-31.391013	2.205000	19.370000
2187	-31.221013	2.205000	19.250000
2188	-31.181013	2.205000	19.110000
2189	-31.091013	2.207000	19.190000
2190	-30.971013	2.209000	19.260000
2191	-30.941013	2.209000	19.230000
2192	-30.921013	2.211000	19.190000
2193	-30.901013	2.211000	19.110000
2194	-30.871013	2.213000	19.370000
2195	-30.681013	2.213000	19.250000
2196	-30.521013	2.213000	19.290000
2197	-30.511013	2.215000	19.340000
2198	-30.481013	2.217000	19.240000
2199	-30.381013	2.219000	19.260000
2200	-30.351013	2.219000	19.270000
2201	-30.341013	2.221000	19.150000
2202	-30.191013	2.221000	19.170000
2203	-30.151013	2.221000	19.280000
2204	-29.981013	2.223000	19.340000
2205	-29.961013	2.223000	19.340000
2206	-29.931013	2.223000	19.290000
2207	-29.911013	2.226000	19.270000
2208	-29.851013	2.226000	19.350000
2209	-29.841013	2.228000	19.180000
2210	-29.771013	2.228000	19.270000
2211	-29.761013	2.228000	19.350000
2212	-29.711013	2.230000	19.410000
2213	-29.621013	2.232000	19.320000
2214	-29.621013	2.232000	19.260000
2215	-29.581013	2.234000	19.290000
2216	-29.531013	2.234000	19.460000
2217	-29.321013	2.236000	19.290000
2218	-29.121013	2.236000	19.470000
2219	-29.021013	2.236000	19.570000
2220	-29.001013	2.238000	19.500000
2221	-28.881013	2.240000	19.460000
2222	-28.741013	2.240000	19.270000
2223	-28.731013	2.242000	19.430000
2224	-28.691013	2.242000	19.400000
2225	-28.671013	2.246000	19.430000
2226	-28.661013	2.246000	19.410000
2227	-28.621013	2.248000	19.410000
2228	-28.571013	2.248000	19.350000
2229	-28.511013	2.250000	19.660000
2230	-28.421013	2.250000	19.310000
2231	-28.411013	2.250000	19.420000
2232	-28.341013	2.252000	19.360000
2233	-28.321013	2.254000	19.560000
2234	-28.301013	2.254000	19.470000
2235	-28.261013	2.256000	19.380000
2236	-28.031013	2.256000	19.330000
2237	-27.951013	2.258000	19.420000
2238	-27.781013	2.258000	19.420000
2239	-27.631013	2.260000	19.600000
2240	-27.561013	2.260000	19.440000
2241	-27.481013	2.262000	19.430000
2242	-27.321013	2.262000	19.500000
2243	-27.311013	2.265000	19.530000
2244	-27.091013	2.264000	19.540000
2245	-27.021013	2.265000	19.700000
2246	-27.001013	2.265000	19.530000
2247	-26.971013	2.267000	19.460000
2248	-26.971013	2.267000	19.460000
2249	-26.961013	2.269000	19.710000
2250	-26.871013	2.269000	19.500000
2251	-26.811013	2.271000	19.490000
2252	-26.791013	2.271000	19.660000
2253	-26.741013	2.273000	19.600000
2254	-26.631013	2.273000	19.620000
2255	-26.561013	2.275000	19.520000
2256	-26.561013	2.275000	19.560000
2257	-26.451013	2.277000	19.640000
2258	-26.421013	2.277000	19.490000
2259	-26.271013	2.279000	19.570000
2260	-26.271013	2.279000	19.490000
2261	-26.171013	2.281000	19.550000
2262	-26.171013	2.281000	19.640000
2263	-26.161013	2.281000	19.480000
2264	-25.971013	2.283000	19.520000
2265	-25.971013	2.285000	19.570000
2266	-25.831013	2.285000	19.570000
2267	-25.781013	2.287000	19.450000
2268	-25.371013	2.287000	19.650000
2269	-25.351013	2.289000	19.590000
2270	-25.341013	2.289000	19.700000
2271	-25.331013	2.291000	19.680000
2272	-25.101013	2.291000	19.630000
2273	-25.101013	2.293000	19.890000
2274	-24.761013	2.293000	19.720000
2275	-24.701013	2.297000	19.610000
2276	-24.671013	2.295000	19.530000
2277	-24.631013	2.297000	19.910000
2278	-24.441013	2.297000	19.730000
2279	-24.421013	2.299000	19.800000
2280	-24.381013	2.299000	19.820000
2281	-24.371013	2.301000	19.670000
2282	-24.361013	2.301000	19.810000
2283	-24.301013	2.301000	19.790000
2284	-24.271013	2.303000	19.780000
2285	-24.251013	2.305000	19.790000
2286	-24.201013	2.305000	19.660000
2287	-24.171013	2.307000	19.700000
2288	-24.141013	2.307000	19.760000
2289	-24.101013	2.308000	19.720000
2290	-23.991013	2.308000	19.760000
2291	-23.981013	2.310000	19.810000
2292	-23.911013	2.310000	19.800000
2293	-23.851013	2.312000	19.850000
2294	-23.731013	2.312000	19.900000
2295	-23.671013	2.314000	19.830000
2296	-23.661013	2.314000	19.800000
2297	-23.591013	2.316000	19.720000
2298	-23.511013	2.316000	19.810000
2299	-23.421013	2.318000	19.790000
2300	-23.391013	2.318000	19.820000
2301	-23.311013	2.320000	19.790000
2302	-23.281013	2.320000	19.870000
2303	-23.071013	2.322000	19.950000
2304	-22.711013	2.322000	19.780000
2305	-22.661013	2.324000	19.950000
2306	-22.581013	2.326000	19.930000
2307	-22.571013	2.326000	19.970000
2308	-22.531013	2.330000	19.840000
2309	-22.501013	2.330000	19.960000
2310	-22.291013	2.330000	19.910000
2311	-22.271013	2.332000	19.930000
2312	-22.261013	2.334000	19.850000
2313	-22.251013	2.334000	19.840000
2314	-22.211013	2.334000	20.040000
2315	-22.171013	2.336000	19.900000
2316	-22.061013	2.338000	19.950000
2317	-22.041013	2.338000	19.780000
2318	-22.031013	2.338000	19.870000
2319	-22.021013	2.340000	20.020000
2320	-21.951013	2.342000	19.760000
2321	-21.571013	2.342000	19.920000
2322	-21.421013	2.344000	20.010000
2323	-21.331013	2.344000	19.890000
2324	-21.291013	2.346000	20.160000
2325	-21.261013	2.346000	19.990000
2326	-21.191013	2.348000	19.800000
2327	-21.181013	2.348000	19.830000
2328	-21.131013	2.349000	20.090000
2329	-20.991013	2.349000	20.200000
2330	-20.861013	2.351000	19.940000
2331	-20.621013	2.351000	19.800000
2332	-20.611013	2.353000	20.020000
2333	-20.461013	2.353000	19.970000
2334	-20.151013	2.353000	19.900000
2335	-20.121013	2.357000	20.060000
2336	-20.081013	2.359000	20.010000
2337	-19.991013	2.359000	20.020000
2338	-19.951013	2.359000	20.020000
2339	-19.891013	2.361000	20.080000
2340	-19.771013	2.361000	20.070000
2341	-19.751013	2.361000	20.070000
2342	-19.741013	2.363000	20.020000
2343	-19.721013	2.363000	20.110000
2344	-19.701013	2.363000	19.950000
2345	-19.621013	2.365000	20.050000
2346	-19.431013	2.367000	20.150000
2347	-19.401013	2.369000	19.980000
2348	-19.361013	2.369000	20.070000
2349	-19.351013	2.369000	20.070000
2350	-19.331013	2.371000	20.220000
2351	-19.201013	2.373000	19.790000
2352	-19.091013	2.373000	20.020000
2353	-19.071013	2.375000	19.960000
2354	-18.811013	2.375000	20.130000
2355	-18.781013	2.377000	20.000000
2356	-18.761013	2.377000	20.020000
2357	-18.721013	2.379000	20.130000
2358	-18.641013	2.379000	20.160000
2359	-18.601013	2.381000	20.050000
2360	-18.471013	2.381000	20.240000
2361	-18.411013	2.383000	20.180000
2362	-18.351013	2.383000	20.210000
2363	-18.241013	2.385000	20.130000
2364	-18.051013	2.385000	20.210000
2365	-18.041013	2.385000	20.170000
2366	-18.021013	2.387000	20.280000
2367	-18.011013	2.390000	20.180000
2368	-17.971013	2.389000	20.210000
2369	-17.931013	2.390000	20.170000
2370	-17.901013	2.390000	20.350000
2371	-17.821013	2.392000	20.270000
2372	-17.821013	2.392000	20.210000
2373	-17.731013	2.392000	20.290000
2374	-17.661013	2.394000	20.210000
2375	-17.341013	2.396000	19.930000
2376	-17.331013	2.396000	20.230000
2377	-17.281013	2.396000	20.460000
2378	-17.151013	2.398000	20.150000
2379	-17.121013	2.400000	20.180000
2380	-16.891013	2.400000	20.260000
2381	-16.801013	2.400000	20.310000
2382	-16.711013	2.402000	20.210000
2383	-16.521013	2.404000	20.430000
2384	-16.321013	2.404000	20.290000
2385	-16.181013	2.406000	20.280000
2386	-16.181013	2.406000	20.380000
2387	-16.151013	2.408000	20.430000
2388	-16.071013	2.408000	20.200000
2389	-16.071013	2.412000	20.380000
2390	-16.051013	2.412000	20.340000
2391	-15.881013	2.414000	20.260000
2392	-15.841013	2.414000	20.300000
2393	-15.801013	2.416000	20.470000
2394	-15.641013	2.416000	20.360000
2395	-15.491013	2.418000	20.550000
2396	-15.481013	2.418000	20.430000
2397	-15.471013	2.418000	20.370000
2398	-15.451013	2.420000	20.410000
2399	-15.411013	2.422000	20.300000
2400	-15.401013	2.422000	20.640000
2401	-15.351013	2.424000	20.280000
2402	-15.321013	2.424000	20.480000
2403	-15.291013	2.426000	20.340000
2404	-15.071013	2.426000	20.450000
2405	-15.061013	2.428000	20.410000
2406	-15.001013	2.426000	20.400000
2407	-14.931013	2.430000	20.310000
2408	-14.741013	2.431000	20.420000
2409	-14.731013	2.431000	20.660000
2410	-14.681013	2.433000	20.390000
2411	-14.381013	2.433000	20.320000
2412	-14.321013	2.435000	20.310000
2413	-14.321013	2.435000	20.500000
2414	-14.321013	2.437000	20.190000
2415	-14.231013	2.437000	20.550000
2416	-14.201013	2.439000	20.510000
2417	-14.041013	2.439000	20.550000
2418	-14.021013	2.441000	20.470000
2419	-14.021013	2.441000	20.580000
2420	-13.891013	2.443000	20.510000
2421	-13.881013	2.443000	20.350000
2422	-13.861013	2.445000	20.600000
2423	-13.861013	2.445000	20.450000
2424	-13.771013	2.447000	20.460000
2425	-13.721013	2.447000	20.590000
2426	-13.671013	2.449000	20.450000
2427	-13.641013	2.449000	20.560000
2428	-13.641013	2.451000	20.520000
2429	-13.481013	2.453000	20.590000
2430	-13.341013	2.453000	20.540000
2431	-13.311013	2.453000	20.670000
2432	-13.271013	2.455000	20.430000
2433	-13.261013	2.455000	20.480000
2434	-13.241013	2.457000	20.610000
2435	-13.181013	2.457000	20.570000
2436	-13.171013	2.459000	20.510000
2437	-12.711013	2.457000	20.540000
2438	-12.681013	2.461000	20.740000
2439	-12.461013	2.461000	20.520000
2440	-12.091013	2.463000	20.700000
2441	-11.961013	2.463000	20.730000
2442	-11.921013	2.465000	20.610000
2443	-11.911013	2.465000	20.760000
2444	-11.851013	2.467000	20.520000
2445	-11.851013	2.467000	20.580000
2446	-11.801013	2.469000	20.680000
2447	-11.801013	2.469000	20.730000
2448	-11.641013	2.471000	20.860000
2449	-11.591013	2.471000	20.670000
2450	-11.351013	2.473000	20.730000
2451	-11.351013	2.473000	20.650000
2452	-11.301013	2.474000	20.620000
2453	-11.231013	2.474000	20.590000
2454	-11.161013	2.476000	20.920000
2455	-11.151013	2.476000	20.710000
2456	-11.101013	2.478000	20.700000
2457	-11.071013	2.478000	20.700000
2458	-11.061013	2.480000	20.690000
2459	-11.031013	2.480000	20.740000
2460	-10.911013	2.482000	20.770000
2461	-10.831013	2.484000	20.660000
2462	-10.751013	2.484000	20.570000
2463	-10.751013	2.484000	20.680000
2464	-10.641013	2.486000	20.810000
2465	-10.631013	2.486000	20.900000
2466	-10.591013	2.488000	20.770000
2467	-10.551013	2.488000	20.760000
2468	-10.461013	2.488000	20.800000
2469	-10.421013	2.490000	20.860000
2470	-10.411013	2.492000	20.730000
2471	-10.391013	2.492000	20.740000
2472	-10.371013	2.494000	20.700000
2473	-10.221013	2.496000	20.790000
2474	-10.061013	2.498000	20.950000
2475	-10.051013	2.498000	20.850000
2476	-9.751013	2.500000	20.930000
2477	-9.681013	2.500000	20.940000
2478	-9.611013	2.502000	21.030000
2479	-9.551013	2.502000	20.790000
2480	-9.441013	2.502000	20.760000
2481	-9.431013	2.504000	20.730000
2482	-9.311013	2.504000	20.780000
2483	-9.161013	2.506000	20.760000
2484	-9.111013	2.508000	20.910000
2485	-9.101013	2.508000	20.820000
2486	-9.061013	2.510000	20.780000
2487	-8.901013	2.510000	20.990000
2488	-8.581013	2.510000	20.810000
2489	-8.461013	2.512000	20.770000
2490	-8.461013	2.514000	20.790000
2491	-8.391013	2.514000	20.840000
2492	-8.281013	2.515000	20.950000
2493	-8.201013	2.515000	20.810000
2494	-8.151013	2.517000	21.020000
2495	-7.961013	2.517000	20.930000
2496	-7.841013	2.517000	20.910000
2497	-7.601013	2.519000	20.890000
2498	-7.591013	2.521000	20.980000
2499	-7.531013	2.521000	20.910000
2500	-7.521013	2.523000	21.040000
2501	-7.501013	2.523000	21.160000
2502	-7.471013	2.525000	20.980000
2503	-7.401013	2.525000	20.970000
2504	-7.391013	2.525000	20.970000
2505	-7.311013	2.527000	20.910000
2506	-7.241013	2.529000	20.930000
2507	-7.181013	2.529000	20.830000
2508	-7.051013	2.531000	21.050000
2509	-7.011013	2.531000	21.080000
2510	-7.001013	2.533000	21.030000
2511	-6.831013	2.533000	20.930000
2512	-6.801013	2.533000	20.770000
2513	-6.661013	2.535000	20.930000
2514	-6.611013	2.537000	20.940000
2515	-6.501013	2.537000	21.180000
2516	-6.481013	2.539000	21.010000
2517	-6.481013	2.539000	20.950000
2518	-6.441013	2.541000	21.000000
2519	-6.411013	2.541000	20.980000
2520	-6.261013	2.543000	21.150000
2521	-6.201013	2.543000	20.860000
2522	-5.971013	2.545000	20.970000
2523	-5.911013	2.545000	21.070000
2524	-5.841013	2.547000	21.200000
2525	-5.751013	2.547000	21.050000
2526	-5.751013	2.549000	21.200000
2527	-5.701013	2.549000	21.160000
2528	-5.671013	2.549000	21.040000
2529	-5.461013	2.551000	21.150000
2530	-5.421013	2.553000	21.280000
2531	-5.311013	2.553000	21.120000
2532	-5.301013	2.555000	20.980000
2533	-5.291013	2.557000	21.060000
2534	-5.261013	2.557000	21.080000
2535	-5.141013	2.557000	20.960000
2536	-5.111013	2.558000	21.180000
2537	-5.061013	2.560000	21.140000
2538	-5.061013	2.560000	21.160000
2539	-5.001013	2.562000	21.260000
2540	-4.871013	2.562000	21.210000
2541	-4.791013	2.564000	21.100000
2542	-4.751013	2.564000	21.220000
2543	-4.721013	2.564000	21.230000
2544	-4.661013	2.566000	21.170000
2545	-4.581013	2.568000	21.120000
2546	-4.461013	2.568000	21.240000
2547	-4.421013	2.570000	21.140000
2548	-4.421013	2.570000	21.130000
2549	-4.301013	2.572000	21.200000
2550	-4.241013	2.572000	21.140000
2551	-4.031013	2.572000	21.090000
2552	-3.971013	2.574000	21.100000
2553	-3.791013	2.576000	21.170000
2554	-3.721013	2.578000	21.280000
2555	-3.591013	2.578000	21.170000
2556	-3.591013	2.580000	21.200000
2557	-3.581013	2.582000	21.060000
2558	-3.531013	2.582000	21.110000
2559	-3.531013	2.584000	21.280000
2560	-3.321013	2.584000	21.300000
2561	-3.271013	2.586000	21.230000
2562	-3.081013	2.586000	21.300000
2563	-3.001013	2.586000	21.270000
2564	-2.991013	2.588000	21.280000
2565	-2.961013	2.590000	21.330000
2566	-2.911013	2.590000	21.240000
2567	-2.911013	2.592000	21.540000
2568	-2.881013	2.592000	21.250000
2569	-2.871013	2.594000	21.370000
2570	-2.861013	2.594000	21.330000
2571	-2.751013	2.596000	21.500000
2572	-2.691013	2.596000	21.300000
2573	-2.551013	2.598000	21.230000
2574	-2.441013	2.598000	21.240000
2575	-2.231013	2.598000	21.330000
2576	-1.961013	2.599000	21.180000
2577	-1.931013	2.601000	21.210000
2578	-1.811013	2.601000	21.400000
2579	-1.701013	2.603000	21.240000
2580	-1.701013	2.603000	21.390000
2581	-1.641013	2.605000	21.480000
2582	-1.541013	2.605000	21.480000
2583	-1.401013	2.607000	21.480000
2584	-1.331013	2.607000	21.450000
2585	-1.281013	2.609000	21.430000
2586	-1.221013	2.609000	21.550000
2587	-0.871013	2.611000	21.520000
2588	-0.871013	2.611000	21.520000
2589	-0.861013	2.613000	21.560000
2590	-0.711013	2.613000	21.410000
2591	-0.591013	2.615000	21.560000
2592	-0.271013	2.615000	21.510000
2593	0.348987	2.617000	21.440000
