1	-190.260878	0.000000	9.570000
2	-189.960878	0.000000	9.560000
3	-189.840878	0.002000	9.530000
4	-189.630878	0.004000	9.770000
5	-189.580878	0.004000	9.550000
6	-189.390878	0.006000	9.360000
7	-189.390878	0.006000	9.550000
8	-189.280878	0.006000	9.490000
9	-189.280878	0.008000	9.560000
10	-189.270878	0.008000	9.530000
11	-189.250878	0.010000	9.640000
12	-189.160878	0.012000	9.690000
13	-189.080878	0.012000	9.540000
14	-189.080878	0.014000	9.850000
15	-189.000878	0.016000	9.430000
16	-188.950878	0.016000	9.730000
17	-188.870878	0.016000	9.500000
18	-188.780878	0.018000	9.420000
19	-188.320878	0.018000	9.510000
20	-188.320878	0.022000	9.620000
21	-188.320878	0.022000	9.540000
22	-188.290878	0.024000	9.580000
23	-188.190878	0.024000	9.500000
24	-188.120878	0.024000	9.720000
25	-188.120878	0.026000	9.470000
26	-188.080878	0.027000	9.560000
27	-188.060878	0.027000	9.640000
28	-188.060878	0.027000	9.740000
29	-187.960878	0.029000	9.570000
30	-187.850878	0.031000	9.650000
31	-187.840878	0.031000	9.520000
32	-187.840878	0.031000	9.660000
33	-187.770878	0.033000	9.640000
34	-187.770878	0.035000	9.390000
35	-187.730878	0.035000	9.580000
36	-187.720878	0.037000	9.400000
37	-187.700878	0.037000	9.540000
38	-187.540878	0.037000	9.790000
39	-187.420878	0.039000	9.860000
40	-187.350878	0.039000	9.670000
41	-187.090878	0.041000	9.600000
42	-187.080878	0.043000	9.990000
43	-187.070878	0.043000	9.680000
44	-186.630878	0.045000	9.710000
45	-186.600878	0.047000	9.700000
46	-186.460878	0.049000	9.920000
47	-186.390878	0.051000	9.620000
48	-186.350878	0.051000	9.730000
49	-186.340878	0.053000	9.890000
50	-186.270878	0.053000	9.910000
51	-186.230878	0.053000	9.910000
52	-186.120878	0.055000	9.830000
53	-186.090878	0.057000	9.650000
54	-186.090878	0.059000	9.710000
55	-186.090878	0.059000	9.960000
56	-186.040878	0.061000	9.750000
57	-186.040878	0.061000	9.650000
58	-186.020878	0.061000	10.000000
59	-185.860878	0.063000	9.730000
60	-185.830878	0.063000	9.920000
61	-185.780878	0.065000	10.010000
62	-185.660878	0.067000	10.020000
63	-185.650878	0.068000	9.940000
64	-185.600878	0.068000	10.030000
65	-185.600878	0.068000	10.110000
66	-185.490878	0.070000	9.760000
67	-185.340878	0.070000	9.760000
68	-185.340878	0.072000	9.830000
69	-185.320878	0.074000	9.700000
70	-185.270878	0.074000	9.980000
71	-185.120878	0.076000	9.730000
72	-185.000878	0.076000	10.040000
73	-184.900878	0.078000	9.810000
74	-184.850878	0.078000	9.920000
75	-184.800878	0.078000	9.760000
76	-184.790878	0.080000	9.960000
77	-184.660878	0.080000	9.780000
78	-184.450878	0.084000	9.750000
79	-184.350878	0.084000	9.910000
80	-184.320878	0.084000	9.820000
81	-184.290878	0.086000	9.880000
82	-184.220878	0.086000	9.740000
83	-184.140878	0.088000	9.640000
84	-184.120878	0.090000	9.740000
85	-184.070878	0.090000	9.790000
86	-184.050878	0.092000	9.620000
87	-183.920878	0.092000	10.080000
88	-183.870878	0.092000	9.790000
89	-183.730878	0.094000	9.850000
90	-183.660878	0.094000	9.820000
91	-183.580878	0.096000	9.800000
92	-183.380878	0.098000	9.880000
93	-182.970878	0.098000	9.940000
94	-182.880878	0.100000	9.990000
95	-182.840878	0.100000	9.930000
96	-182.820878	0.100000	9.980000
97	-182.770878	0.102000	10.190000
98	-182.730878	0.102000	9.950000
99	-182.690878	0.104000	10.120000
100	-182.580878	0.104000	10.050000
101	-182.560878	0.108000	10.250000
102	-182.440878	0.108000	9.900000
103	-182.250878	0.108000	9.970000
104	-182.140878	0.110000	9.930000
105	-182.100878	0.110000	9.850000
106	-182.090878	0.111000	9.890000
107	-181.830878	0.113000	10.190000
108	-181.700878	0.113000	9.860000
109	-181.670878	0.115000	10.230000
110	-181.670878	0.115000	10.290000
111	-181.660878	0.117000	9.840000
112	-181.610878	0.117000	9.820000
113	-181.610878	0.119000	10.080000
114	-181.600878	0.121000	10.290000
115	-181.600878	0.121000	9.940000
116	-181.560878	0.123000	9.810000
117	-181.510878	0.123000	9.870000
118	-181.460878	0.125000	10.080000
119	-181.280878	0.125000	10.200000
120	-181.210878	0.127000	10.050000
121	-181.130878	0.127000	10.050000
122	-181.060878	0.129000	9.940000
123	-181.020878	0.129000	9.910000
124	-180.990878	0.131000	9.990000
125	-180.930878	0.133000	10.030000
126	-180.850878	0.133000	9.880000
127	-180.800878	0.135000	10.160000
128	-180.750878	0.137000	10.140000
129	-180.660878	0.137000	9.840000
130	-180.560878	0.137000	9.960000
131	-180.550878	0.141000	9.980000
132	-180.470878	0.141000	10.090000
133	-180.450878	0.141000	10.200000
134	-180.420878	0.143000	10.100000
135	-180.280878	0.145000	10.290000
136	-180.240878	0.145000	10.180000
137	-180.130878	0.147000	9.950000
138	-180.110878	0.147000	9.810000
139	-180.070878	0.147000	10.220000
140	-179.960878	0.149000	10.160000
141	-179.790878	0.151000	10.040000
142	-179.780878	0.152000	10.130000
143	-179.770878	0.152000	10.280000
144	-179.690878	0.152000	10.020000
145	-179.650878	0.154000	10.000000
146	-179.550878	0.156000	10.040000
147	-179.340878	0.156000	9.830000
148	-179.140878	0.156000	10.080000
149	-179.040878	0.158000	10.150000
150	-178.970878	0.160000	10.010000
151	-178.900878	0.162000	9.980000
152	-178.680878	0.162000	10.050000
153	-178.340878	0.162000	10.130000
154	-178.110878	0.164000	10.490000
155	-178.110878	0.164000	10.200000
156	-177.990878	0.166000	10.160000
157	-177.940878	0.168000	10.210000
158	-177.920878	0.168000	10.100000
159	-177.870878	0.170000	10.090000
160	-177.780878	0.172000	10.270000
161	-177.770878	0.172000	10.500000
162	-177.720878	0.172000	10.130000
163	-177.680878	0.174000	10.540000
164	-177.670878	0.176000	10.230000
165	-177.670878	0.176000	10.140000
166	-177.610878	0.178000	10.360000
167	-177.600878	0.178000	10.080000
168	-177.600878	0.180000	10.160000
169	-177.560878	0.180000	10.290000
170	-177.450878	0.180000	10.810000
171	-177.440878	0.182000	10.180000
172	-177.410878	0.184000	10.170000
173	-177.330878	0.184000	10.630000
174	-177.290878	0.184000	10.150000
175	-177.210878	0.186000	10.080000
176	-177.140878	0.188000	10.210000
177	-177.110878	0.188000	10.410000
178	-177.060878	0.188000	10.390000
179	-176.900878	0.192000	10.380000
180	-176.850878	0.192000	10.650000
181	-176.840878	0.193000	10.200000
182	-176.770878	0.193000	10.360000
183	-176.600878	0.193000	9.950000
184	-176.450878	0.195000	10.210000
185	-176.380878	0.195000	10.170000
186	-176.250878	0.197000	10.340000
187	-176.230878	0.199000	10.270000
188	-176.220878	0.199000	10.440000
189	-176.170878	0.199000	10.490000
190	-176.060878	0.201000	10.220000
191	-176.040878	0.203000	10.370000
192	-175.970878	0.203000	10.290000
193	-175.960878	0.203000	10.310000
194	-175.960878	0.205000	10.440000
195	-175.770878	0.207000	10.580000
196	-175.640878	0.209000	10.440000
197	-175.550878	0.209000	10.340000
198	-175.390878	0.209000	10.580000
199	-175.370878	0.211000	10.520000
200	-175.360878	0.211000	10.420000
201	-175.330878	0.211000	10.390000
202	-175.130878	0.215000	10.560000
203	-175.060878	0.217000	10.330000
204	-175.020878	0.217000	10.450000
205	-175.020878	0.217000	10.430000
206	-175.020878	0.219000	10.420000
207	-174.680878	0.219000	10.630000
208	-174.670878	0.221000	10.520000
209	-174.480878	0.221000	10.490000
210	-174.360878	0.223000	10.440000
211	-174.010878	0.225000	10.580000
212	-174.000878	0.225000	10.360000
213	-173.990878	0.225000	10.540000
214	-173.930878	0.227000	10.880000
215	-173.780878	0.227000	10.370000
216	-173.710878	0.229000	10.520000
217	-173.700878	0.231000	10.220000
218	-173.680878	0.231000	10.520000
219	-173.640878	0.233000	10.510000
220	-173.600878	0.233000	10.860000
221	-173.550878	0.234000	10.430000
222	-173.520878	0.234000	10.320000
223	-173.470878	0.236000	10.530000
224	-173.430878	0.238000	10.360000
225	-173.430878	0.238000	10.480000
226	-173.410878	0.240000	10.380000
227	-173.310878	0.240000	10.480000
228	-173.270878	0.240000	10.370000
229	-173.270878	0.242000	10.540000
230	-173.260878	0.242000	10.590000
231	-173.210878	0.244000	10.420000
232	-173.030878	0.246000	10.650000
233	-173.020878	0.246000	10.720000
234	-172.950878	0.248000	10.900000
235	-172.940878	0.248000	10.300000
236	-172.860878	0.248000	10.550000
237	-172.840878	0.250000	10.460000
238	-172.810878	0.250000	10.660000
239	-172.790878	0.252000	10.730000
240	-172.630878	0.254000	10.560000
241	-172.570878	0.254000	10.450000
242	-172.430878	0.254000	10.690000
243	-172.310878	0.256000	10.350000
244	-172.180878	0.256000	10.630000
245	-172.150878	0.258000	10.510000
246	-172.100878	0.258000	10.780000
247	-172.050878	0.260000	10.580000
248	-172.030878	0.262000	10.690000
249	-172.020878	0.262000	10.850000
250	-171.950878	0.262000	10.700000
251	-171.930878	0.264000	10.450000
252	-171.830878	0.264000	10.690000
253	-171.820878	0.266000	10.760000
254	-171.730878	0.266000	10.530000
255	-171.690878	0.268000	10.600000
256	-171.650878	0.270000	10.860000
257	-171.470878	0.270000	10.590000
258	-171.420878	0.272000	10.910000
259	-171.300878	0.272000	10.570000
260	-171.240878	0.272000	10.680000
261	-171.160878	0.276000	10.310000
262	-171.130878	0.276000	10.700000
263	-170.880878	0.277000	10.740000
264	-170.870878	0.277000	10.610000
265	-170.800878	0.279000	10.640000
266	-170.610878	0.279000	10.700000
267	-170.460878	0.279000	10.750000
268	-170.440878	0.281000	10.750000
269	-170.410878	0.281000	10.690000
270	-170.400878	0.283000	10.670000
271	-170.400878	0.283000	10.700000
272	-170.340878	0.285000	10.520000
273	-170.280878	0.287000	10.940000
274	-170.240878	0.287000	10.790000
275	-170.140878	0.287000	10.690000
276	-170.130878	0.289000	10.760000
277	-169.990878	0.289000	10.680000
278	-169.970878	0.291000	10.690000
279	-169.930878	0.291000	10.640000
280	-169.720878	0.293000	10.950000
281	-169.570878	0.295000	10.790000
282	-169.560878	0.295000	10.830000
283	-169.430878	0.299000	10.580000
284	-169.410878	0.301000	10.810000
285	-169.390878	0.301000	10.730000
286	-169.390878	0.303000	10.620000
287	-169.250878	0.303000	10.770000
288	-169.240878	0.303000	10.890000
289	-169.130878	0.305000	10.740000
290	-169.120878	0.305000	10.720000
291	-168.750878	0.307000	10.850000
292	-168.720878	0.309000	11.160000
293	-168.530878	0.309000	10.700000
294	-168.350878	0.309000	10.830000
295	-168.210878	0.311000	10.850000
296	-168.090878	0.313000	10.890000
297	-167.980878	0.313000	10.770000
298	-167.970878	0.313000	10.870000
299	-167.870878	0.315000	10.760000
300	-167.790878	0.317000	11.010000
301	-167.750878	0.317000	10.950000
302	-167.730878	0.318000	10.730000
303	-167.620878	0.318000	10.800000
304	-167.620878	0.320000	10.740000
305	-167.540878	0.320000	10.820000
306	-167.500878	0.322000	10.950000
307	-167.410878	0.324000	10.700000
308	-167.390878	0.324000	10.960000
309	-167.320878	0.324000	10.970000
310	-167.270878	0.326000	10.930000
311	-167.240878	0.328000	10.910000
312	-167.080878	0.328000	10.850000
313	-167.000878	0.328000	10.790000
314	-166.980878	0.330000	10.810000
315	-166.960878	0.332000	10.810000
316	-166.960878	0.332000	10.910000
317	-166.880878	0.334000	10.880000
318	-166.800878	0.334000	10.880000
319	-166.600878	0.334000	11.020000
320	-166.560878	0.336000	10.750000
321	-166.370878	0.338000	10.830000
322	-166.090878	0.340000	11.050000
323	-166.060878	0.340000	10.870000
324	-166.020878	0.340000	10.900000
325	-165.980878	0.342000	10.860000
326	-165.890878	0.344000	10.870000
327	-165.840878	0.344000	10.890000
328	-165.830878	0.344000	10.850000
329	-165.810878	0.346000	11.210000
330	-165.800878	0.348000	10.860000
331	-165.780878	0.348000	10.820000
332	-165.720878	0.350000	10.860000
333	-165.680878	0.350000	10.900000
334	-165.640878	0.350000	10.920000
335	-165.590878	0.352000	10.930000
336	-165.560878	0.352000	11.070000
337	-165.420878	0.354000	10.990000
338	-165.310878	0.356000	10.850000
339	-165.150878	0.354000	11.260000
340	-165.090878	0.356000	10.960000
341	-165.090878	0.358000	11.000000
342	-164.990878	0.360000	11.050000
343	-164.950878	0.360000	10.990000
344	-164.930878	0.360000	11.090000
345	-164.760878	0.361000	10.960000
346	-164.760878	0.363000	10.830000
347	-164.750878	0.363000	11.330000
348	-164.740878	0.365000	11.100000
349	-164.600878	0.365000	10.910000
350	-164.560878	0.365000	10.950000
351	-164.400878	0.367000	11.020000
352	-164.380878	0.367000	11.030000
353	-164.360878	0.369000	11.030000
354	-164.340878	0.371000	10.910000
355	-164.260878	0.371000	11.230000
356	-164.160878	0.371000	11.010000
357	-164.150878	0.373000	11.120000
358	-164.050878	0.375000	11.030000
359	-164.020878	0.375000	10.930000
360	-163.880878	0.375000	11.230000
361	-163.860878	0.377000	11.190000
362	-163.850878	0.379000	11.370000
363	-163.840878	0.379000	11.040000
364	-163.830878	0.381000	11.070000
365	-163.800878	0.383000	11.380000
366	-163.760878	0.383000	10.960000
367	-163.680878	0.385000	11.140000
368	-163.660878	0.387000	10.890000
369	-163.520878	0.387000	10.810000
370	-163.480878	0.389000	11.200000
371	-163.420878	0.389000	10.960000
372	-163.200878	0.389000	10.930000
373	-163.100878	0.391000	11.270000
374	-162.770878	0.391000	11.180000
375	-162.760878	0.393000	11.070000
376	-162.740878	0.395000	11.100000
377	-162.620878	0.395000	11.250000
378	-162.460878	0.397000	11.110000
379	-162.440878	0.397000	11.240000
380	-162.430878	0.397000	11.000000
381	-162.400878	0.399000	11.120000
382	-162.220878	0.399000	11.370000
383	-162.170878	0.401000	11.350000
384	-162.140878	0.402000	11.330000
385	-162.070878	0.404000	11.260000
386	-162.060878	0.404000	11.240000
387	-162.050878	0.404000	11.250000
388	-162.020878	0.406000	11.260000
389	-161.960878	0.406000	11.070000
390	-161.840878	0.408000	11.320000
391	-161.820878	0.410000	11.140000
392	-161.610878	0.410000	11.100000
393	-161.560878	0.412000	11.220000
394	-161.520878	0.412000	10.910000
395	-161.500878	0.412000	11.160000
396	-161.320878	0.414000	11.140000
397	-161.260878	0.414000	11.270000
398	-161.080878	0.416000	11.380000
399	-161.070878	0.418000	11.250000
400	-160.990878	0.418000	11.100000
401	-160.930878	0.420000	11.240000
402	-160.860878	0.420000	11.080000
403	-160.820878	0.422000	11.330000
404	-160.660878	0.422000	11.190000
405	-160.600878	0.424000	11.370000
406	-160.540878	0.426000	11.330000
407	-160.510878	0.426000	11.380000
408	-160.380878	0.428000	11.280000
409	-160.360878	0.428000	11.290000
410	-160.330878	0.428000	11.230000
411	-160.300878	0.430000	11.240000
412	-160.160878	0.430000	11.360000
413	-160.160878	0.432000	11.650000
414	-160.050878	0.434000	11.150000
415	-160.020878	0.434000	11.410000
416	-159.850878	0.436000	11.350000
417	-159.710878	0.436000	11.310000
418	-159.650878	0.436000	11.280000
419	-159.570878	0.438000	11.470000
420	-159.370878	0.438000	11.760000
421	-159.250878	0.440000	11.380000
422	-159.180878	0.442000	11.430000
423	-159.170878	0.442000	11.450000
424	-159.110878	0.442000	11.420000
425	-159.010878	0.443000	11.230000
426	-158.970878	0.443000	11.440000
427	-158.840878	0.445000	11.300000
428	-158.510878	0.445000	11.550000
429	-158.500878	0.447000	11.550000
430	-158.490878	0.449000	11.550000
431	-158.370878	0.449000	11.660000
432	-158.310878	0.451000	11.310000
433	-158.310878	0.451000	11.620000
434	-158.270878	0.451000	11.600000
435	-158.230878	0.453000	11.500000
436	-158.190878	0.453000	11.540000
437	-158.180878	0.455000	11.470000
438	-158.150878	0.455000	11.610000
439	-158.080878	0.459000	11.680000
440	-158.010878	0.459000	11.610000
441	-158.000878	0.459000	11.380000
442	-157.950878	0.459000	11.370000
443	-157.840878	0.461000	11.540000
444	-157.760878	0.465000	11.430000
445	-157.710878	0.465000	11.680000
446	-157.560878	0.467000	11.390000
447	-157.530878	0.467000	11.610000
448	-157.460878	0.469000	11.430000
449	-157.450878	0.469000	11.290000
450	-157.440878	0.469000	11.610000
451	-157.420878	0.471000	11.530000
452	-157.330878	0.473000	11.650000
453	-157.300878	0.473000	11.700000
454	-157.190878	0.473000	11.740000
455	-157.080878	0.475000	11.630000
456	-156.890878	0.475000	11.400000
457	-156.690878	0.477000	11.540000
458	-156.540878	0.477000	11.590000
459	-156.460878	0.479000	11.590000
460	-156.420878	0.481000	11.590000
461	-156.420878	0.481000	11.630000
462	-156.350878	0.481000	11.660000
463	-156.270878	0.483000	11.880000
464	-156.250878	0.484000	11.550000
465	-156.210878	0.484000	11.450000
466	-156.180878	0.486000	11.520000
467	-156.160878	0.488000	11.610000
468	-156.020878	0.488000	11.640000
469	-155.980878	0.490000	11.510000
470	-155.950878	0.490000	11.550000
471	-155.840878	0.490000	11.720000
472	-155.840878	0.492000	11.480000
473	-155.800878	0.492000	11.650000
474	-155.780878	0.494000	11.840000
475	-155.740878	0.496000	11.740000
476	-155.710878	0.496000	11.720000
477	-155.620878	0.496000	11.640000
478	-155.460878	0.498000	11.650000
479	-155.460878	0.500000	11.620000
480	-155.460878	0.500000	11.590000
481	-155.420878	0.500000	11.670000
482	-155.350878	0.502000	11.780000
483	-155.040878	0.506000	11.590000
484	-154.680878	0.504000	11.790000
485	-154.660878	0.506000	11.830000
486	-154.620878	0.506000	11.800000
487	-154.600878	0.508000	11.850000
488	-154.550878	0.508000	11.640000
489	-154.440878	0.510000	11.580000
490	-154.320878	0.512000	11.840000
491	-154.160878	0.512000	11.550000
492	-154.090878	0.512000	11.750000
493	-154.010878	0.514000	11.740000
494	-153.900878	0.516000	11.640000
495	-153.720878	0.516000	11.730000
496	-153.680878	0.518000	11.720000
497	-153.640878	0.520000	11.660000
498	-153.620878	0.520000	11.590000
499	-153.590878	0.522000	11.730000
500	-153.510878	0.522000	11.770000
501	-153.510878	0.522000	11.780000
502	-153.470878	0.524000	11.700000
503	-153.330878	0.524000	11.810000
504	-153.200878	0.527000	11.940000
505	-153.100878	0.527000	11.600000
506	-153.000878	0.527000	11.710000
507	-152.990878	0.529000	11.680000
508	-152.990878	0.531000	11.910000
509	-152.920878	0.531000	11.920000
510	-152.890878	0.531000	11.880000
511	-152.800878	0.533000	11.620000
512	-152.770878	0.535000	11.770000
513	-152.620878	0.535000	11.760000
514	-152.190878	0.535000	11.870000
515	-152.190878	0.537000	11.830000
516	-151.950878	0.537000	11.710000
517	-151.910878	0.539000	11.730000
518	-151.840878	0.539000	11.810000
519	-151.720878	0.541000	12.070000
520	-151.710878	0.541000	11.880000
521	-151.610878	0.541000	11.720000
522	-151.540878	0.545000	11.990000
523	-151.510878	0.545000	12.070000
524	-151.490878	0.549000	12.070000
525	-151.380878	0.549000	12.020000
526	-151.350878	0.551000	11.940000
527	-151.290878	0.553000	11.950000
528	-151.290878	0.553000	12.250000
529	-151.190878	0.553000	12.050000
530	-151.170878	0.555000	11.910000
531	-151.000878	0.555000	11.910000
532	-150.910878	0.557000	12.020000
533	-150.880878	0.557000	12.070000
534	-150.840878	0.559000	12.190000
535	-150.810878	0.561000	11.870000
536	-150.790878	0.561000	12.010000
537	-150.760878	0.561000	12.150000
538	-150.750878	0.563000	12.070000
539	-150.650878	0.563000	11.970000
540	-150.620878	0.565000	12.000000
541	-150.560878	0.567000	11.910000
542	-150.490878	0.568000	12.130000
543	-150.480878	0.568000	11.870000
544	-150.390878	0.568000	12.180000
545	-150.220878	0.570000	11.900000
546	-150.120878	0.570000	11.880000
547	-150.090878	0.572000	11.910000
548	-150.060878	0.574000	11.970000
549	-150.000878	0.574000	12.100000
550	-149.910878	0.576000	12.060000
551	-149.850878	0.576000	12.030000
552	-149.560878	0.576000	12.050000
553	-149.510878	0.578000	11.950000
554	-149.340878	0.578000	12.440000
555	-149.220878	0.580000	12.140000
556	-149.220878	0.582000	12.060000
557	-149.150878	0.582000	12.020000
558	-149.110878	0.584000	11.980000
559	-149.100878	0.584000	11.880000
560	-149.040878	0.584000	12.170000
561	-148.990878	0.586000	12.020000
562	-148.980878	0.586000	11.990000
563	-148.890878	0.588000	12.060000
564	-148.740878	0.588000	11.940000
565	-148.670878	0.590000	12.050000
566	-148.560878	0.592000	12.080000
567	-148.560878	0.592000	12.070000
568	-148.340878	0.592000	12.240000
569	-148.270878	0.594000	12.180000
570	-148.230878	0.594000	12.150000
571	-148.160878	0.596000	12.190000
572	-148.040878	0.598000	12.050000
573	-147.870878	0.598000	11.980000
574	-147.850878	0.598000	12.170000
575	-147.800878	0.600000	12.220000
576	-147.760878	0.602000	12.050000
577	-147.600878	0.602000	12.050000
578	-147.460878	0.604000	12.330000
579	-147.420878	0.606000	12.380000
580	-147.410878	0.606000	12.160000
581	-147.390878	0.608000	12.250000
582	-147.200878	0.608000	12.140000
583	-147.140878	0.608000	12.230000
584	-147.140878	0.610000	12.220000
585	-146.980878	0.610000	12.100000
586	-146.940878	0.611000	12.250000
587	-146.900878	0.613000	12.170000
588	-146.900878	0.613000	12.470000
589	-146.870878	0.615000	12.260000
590	-146.800878	0.615000	12.070000
591	-146.730878	0.615000	12.060000
592	-146.450878	0.617000	12.350000
593	-146.410878	0.617000	12.250000
594	-146.390878	0.619000	12.230000
595	-146.340878	0.619000	12.390000
596	-146.310878	0.621000	12.230000
597	-146.240878	0.623000	12.370000
598	-146.170878	0.623000	12.250000
599	-146.130878	0.623000	12.590000
600	-145.980878	0.625000	12.300000
601	-145.960878	0.625000	12.180000
602	-145.960878	0.627000	12.360000
603	-145.910878	0.629000	12.270000
604	-145.880878	0.629000	12.300000
605	-145.800878	0.633000	12.290000
606	-145.600878	0.633000	12.330000
607	-145.530878	0.635000	12.310000
608	-145.490878	0.637000	12.490000
609	-145.450878	0.637000	12.420000
610	-145.420878	0.637000	12.300000
611	-145.400878	0.639000	12.390000
612	-145.380878	0.641000	12.350000
613	-145.370878	0.641000	12.360000
614	-145.300878	0.641000	12.160000
615	-145.260878	0.643000	12.360000
616	-144.890878	0.645000	12.290000
617	-144.880878	0.645000	12.360000
618	-144.880878	0.647000	12.310000
619	-144.710878	0.647000	12.240000
620	-144.510878	0.647000	12.410000
621	-144.500878	0.649000	12.340000
622	-144.440878	0.649000	12.340000
623	-144.400878	0.651000	12.320000
624	-144.270878	0.651000	12.380000
625	-144.250878	0.652000	12.180000
626	-143.960878	0.654000	12.640000
627	-143.890878	0.656000	12.310000
628	-143.870878	0.656000	12.690000
629	-143.810878	0.656000	12.590000
630	-143.650878	0.658000	12.470000
631	-143.620878	0.660000	12.630000
632	-143.510878	0.660000	12.510000
633	-143.490878	0.662000	12.410000
634	-143.280878	0.662000	12.420000
635	-143.110878	0.664000	12.480000
636	-143.110878	0.664000	12.380000
637	-143.010878	0.664000	12.520000
638	-142.990878	0.666000	12.450000
639	-142.870878	0.668000	12.530000
640	-142.850878	0.668000	12.710000
641	-142.840878	0.668000	12.540000
642	-142.830878	0.670000	12.410000
643	-142.730878	0.672000	12.630000
644	-142.660878	0.672000	12.690000
645	-142.600878	0.672000	12.690000
646	-142.560878	0.674000	12.500000
647	-142.490878	0.676000	12.640000
648	-142.260878	0.676000	12.530000
649	-142.260878	0.678000	12.600000
650	-142.170878	0.678000	12.510000
651	-142.130878	0.678000	12.450000
652	-142.080878	0.680000	12.630000
653	-141.980878	0.680000	12.500000
654	-141.830878	0.682000	12.740000
655	-141.570878	0.682000	12.610000
656	-141.520878	0.684000	12.710000
657	-141.510878	0.684000	12.700000
658	-141.480878	0.686000	12.550000
659	-141.430878	0.688000	12.820000
660	-141.400878	0.688000	12.520000
661	-141.340878	0.688000	12.540000
662	-141.240878	0.690000	12.810000
663	-141.220878	0.690000	12.690000
664	-141.160878	0.693000	12.710000
665	-141.090878	0.693000	12.410000
666	-141.060878	0.693000	12.570000
667	-140.980878	0.695000	12.460000
668	-140.840878	0.695000	12.460000
669	-140.730878	0.695000	12.530000
670	-140.680878	0.697000	12.630000
671	-140.620878	0.699000	12.590000
672	-140.560878	0.699000	12.700000
673	-140.510878	0.699000	12.710000
674	-140.410878	0.701000	12.650000
675	-140.220878	0.703000	12.740000
676	-140.190878	0.703000	12.750000
677	-140.180878	0.703000	12.720000
678	-140.110878	0.705000	12.710000
679	-140.090878	0.707000	12.550000
680	-140.070878	0.707000	12.690000
681	-140.060878	0.709000	12.780000
682	-139.950878	0.709000	12.570000
683	-139.940878	0.709000	12.930000
684	-139.900878	0.711000	12.790000
685	-139.890878	0.713000	12.750000
686	-139.820878	0.713000	12.760000
687	-139.800878	0.717000	12.670000
688	-139.730878	0.717000	12.610000
689	-139.660878	0.717000	12.680000
690	-139.550878	0.719000	12.910000
691	-139.270878	0.719000	12.720000
692	-139.260878	0.721000	12.820000
693	-139.200878	0.723000	12.820000
694	-139.140878	0.723000	12.730000
695	-139.040878	0.725000	12.770000
696	-138.920878	0.725000	12.790000
697	-138.900878	0.725000	12.870000
698	-138.870878	0.727000	12.660000
699	-138.790878	0.727000	12.870000
700	-138.770878	0.729000	12.820000
701	-138.750878	0.731000	12.840000
702	-138.660878	0.729000	12.860000
703	-138.620878	0.733000	12.900000
704	-138.590878	0.733000	12.800000
705	-138.570878	0.734000	12.900000
706	-138.440878	0.734000	12.840000
707	-138.330878	0.734000	12.850000
708	-138.300878	0.736000	12.720000
709	-138.260878	0.736000	12.930000
710	-137.960878	0.738000	12.750000
711	-137.940878	0.740000	13.020000
712	-137.930878	0.740000	12.900000
713	-137.840878	0.740000	12.930000
714	-137.820878	0.742000	13.410000
715	-137.720878	0.742000	13.000000
716	-137.710878	0.744000	13.010000
717	-137.690878	0.746000	12.970000
718	-137.600878	0.746000	12.810000
719	-137.540878	0.748000	12.980000
720	-137.510878	0.748000	12.920000
721	-137.510878	0.748000	13.040000
722	-137.390878	0.750000	12.810000
723	-137.360878	0.750000	13.000000
724	-137.190878	0.752000	12.950000
725	-137.150878	0.754000	12.990000
726	-137.130878	0.756000	12.960000
727	-137.120878	0.756000	12.990000
728	-137.080878	0.756000	13.010000
729	-137.010878	0.756000	12.990000
730	-137.010878	0.758000	12.920000
731	-136.990878	0.758000	12.970000
732	-136.980878	0.760000	13.100000
733	-136.960878	0.762000	12.950000
734	-136.800878	0.762000	12.910000
735	-136.770878	0.764000	12.800000
736	-136.740878	0.764000	12.980000
737	-136.660878	0.764000	12.890000
738	-136.580878	0.766000	12.990000
739	-136.560878	0.768000	13.150000
740	-136.540878	0.768000	13.140000
741	-136.520878	0.770000	12.880000
742	-136.370878	0.770000	13.000000
743	-136.270878	0.772000	12.920000
744	-136.240878	0.772000	12.880000
745	-136.210878	0.772000	12.990000
746	-136.210878	0.774000	13.130000
747	-136.000878	0.774000	13.040000
748	-136.000878	0.776000	13.110000
749	-135.960878	0.776000	13.140000
750	-135.520878	0.777000	13.010000
751	-135.390878	0.779000	13.260000
752	-135.350878	0.779000	13.320000
753	-135.270878	0.779000	13.180000
754	-135.140878	0.781000	13.060000
755	-135.130878	0.781000	12.970000
756	-134.820878	0.783000	13.110000
757	-134.790878	0.785000	13.140000
758	-134.540878	0.785000	13.150000
759	-134.450878	0.787000	13.260000
760	-134.420878	0.787000	13.270000
761	-134.370878	0.789000	13.170000
762	-134.250878	0.789000	13.070000
763	-134.240878	0.789000	13.220000
764	-134.200878	0.791000	13.260000
765	-134.120878	0.793000	13.180000
766	-134.120878	0.793000	13.190000
767	-134.120878	0.795000	13.170000
768	-134.030878	0.795000	13.320000
769	-133.850878	0.795000	13.230000
770	-133.640878	0.799000	13.020000
771	-133.620878	0.801000	13.450000
772	-133.590878	0.801000	13.320000
773	-133.530878	0.803000	13.380000
774	-133.480878	0.803000	13.090000
775	-133.460878	0.803000	13.190000
776	-133.420878	0.805000	13.200000
777	-133.360878	0.805000	13.160000
778	-133.290878	0.807000	13.310000
779	-133.280878	0.807000	13.380000
780	-133.280878	0.809000	13.220000
781	-133.260878	0.811000	13.240000
782	-133.110878	0.811000	13.280000
783	-133.070878	0.813000	13.050000
784	-133.030878	0.813000	13.100000
785	-132.970878	0.813000	13.110000
786	-132.890878	0.815000	13.200000
787	-132.670878	0.817000	13.400000
788	-132.600878	0.817000	13.250000
789	-132.590878	0.818000	12.990000
790	-132.580878	0.818000	13.550000
791	-132.420878	0.818000	13.290000
792	-132.330878	0.820000	13.270000
793	-132.290878	0.820000	13.370000
794	-132.270878	0.822000	13.170000
795	-132.040878	0.824000	13.420000
796	-131.610878	0.824000	13.210000
797	-131.520878	0.824000	13.310000
798	-131.500878	0.826000	13.280000
799	-131.430878	0.828000	13.070000
800	-131.340878	0.828000	13.380000
801	-131.210878	0.828000	13.420000
802	-131.180878	0.832000	13.430000
803	-131.160878	0.832000	13.410000
804	-131.010878	0.834000	13.470000
805	-130.960878	0.834000	13.290000
806	-130.910878	0.834000	13.180000
807	-130.900878	0.836000	13.170000
808	-130.880878	0.836000	13.420000
809	-130.850878	0.838000	13.420000
810	-130.800878	0.840000	13.280000
811	-130.650878	0.840000	13.200000
812	-130.640878	0.840000	13.340000
813	-130.600878	0.842000	13.400000
814	-130.540878	0.844000	13.190000
815	-130.500878	0.844000	13.290000
816	-130.440878	0.844000	13.490000
817	-130.430878	0.846000	13.310000
818	-130.320878	0.846000	13.320000
819	-130.290878	0.850000	13.380000
820	-130.290878	0.850000	13.220000
821	-130.190878	0.850000	13.430000
822	-130.080878	0.852000	13.310000
823	-129.830878	0.852000	13.500000
824	-129.790878	0.852000	13.400000
825	-129.780878	0.854000	13.340000
826	-129.750878	0.856000	13.520000
827	-129.700878	0.856000	13.350000
828	-129.670878	0.856000	13.390000
829	-129.540878	0.858000	13.540000
830	-129.530878	0.860000	13.540000
831	-129.300878	0.860000	13.500000
832	-129.270878	0.860000	13.500000
833	-129.210878	0.861000	13.600000
834	-129.210878	0.863000	13.550000
835	-129.150878	0.863000	13.580000
836	-129.140878	0.865000	13.430000
837	-128.980878	0.865000	13.590000
838	-128.970878	0.865000	13.680000
839	-128.830878	0.867000	13.640000
840	-128.780878	0.867000	13.540000
841	-128.710878	0.869000	13.400000
842	-128.690878	0.871000	13.650000
843	-128.670878	0.871000	13.520000
844	-128.570878	0.873000	13.570000
845	-128.530878	0.875000	13.320000
846	-128.510878	0.875000	13.630000
847	-128.310878	0.875000	13.700000
848	-128.140878	0.877000	13.560000
849	-127.930878	0.879000	13.630000
850	-127.690878	0.879000	13.510000
851	-127.500878	0.881000	13.600000
852	-127.490878	0.883000	13.630000
853	-127.430878	0.885000	13.610000
854	-127.410878	0.887000	13.500000
855	-127.330878	0.887000	13.640000
856	-127.270878	0.889000	13.630000
857	-127.160878	0.889000	13.730000
858	-127.150878	0.889000	13.610000
859	-127.130878	0.891000	13.630000
860	-127.080878	0.891000	13.640000
861	-127.080878	0.893000	13.630000
862	-127.040878	0.895000	13.780000
863	-126.940878	0.897000	13.670000
864	-126.920878	0.897000	13.830000
865	-126.820878	0.897000	13.770000
866	-126.720878	0.899000	13.610000
867	-126.630878	0.899000	13.650000
868	-126.480878	0.901000	13.650000
869	-126.270878	0.902000	13.710000
870	-126.230878	0.902000	13.780000
871	-126.170878	0.902000	13.500000
872	-126.170878	0.904000	13.760000
873	-126.070878	0.904000	13.790000
874	-126.000878	0.906000	13.660000
875	-125.990878	0.906000	13.640000
876	-125.770878	0.908000	13.750000
877	-125.650878	0.908000	13.950000
878	-125.650878	0.912000	13.830000
879	-125.520878	0.912000	13.710000
880	-125.330878	0.912000	13.720000
881	-125.290878	0.912000	13.940000
882	-125.230878	0.916000	13.870000
883	-125.150878	0.916000	13.820000
884	-125.130878	0.918000	13.780000
885	-125.130878	0.918000	13.900000
886	-125.010878	0.920000	13.820000
887	-124.990878	0.920000	13.720000
888	-124.980878	0.920000	13.940000
889	-124.810878	0.922000	13.700000
890	-124.800878	0.922000	13.840000
891	-124.670878	0.924000	13.700000
892	-124.670878	0.926000	13.950000
893	-124.630878	0.928000	13.710000
894	-124.630878	0.928000	13.950000
895	-124.610878	0.928000	13.840000
896	-124.580878	0.928000	13.830000
897	-124.550878	0.930000	13.630000
898	-124.320878	0.930000	13.870000
899	-124.290878	0.932000	13.730000
900	-124.280878	0.934000	14.050000
901	-124.220878	0.934000	13.970000
902	-124.200878	0.936000	13.770000
903	-124.140878	0.936000	13.940000
904	-123.820878	0.938000	13.900000
905	-123.640878	0.938000	14.030000
906	-123.630878	0.940000	14.270000
907	-123.550878	0.942000	14.120000
908	-123.200878	0.942000	14.040000
909	-123.080878	0.943000	13.910000
910	-123.020878	0.943000	13.840000
911	-123.010878	0.943000	13.930000
912	-122.960878	0.945000	13.960000
913	-122.800878	0.945000	13.930000
914	-122.770878	0.947000	13.950000
915	-122.730878	0.949000	13.920000
916	-122.600878	0.949000	14.140000
917	-122.550878	0.951000	13.940000
918	-122.520878	0.951000	13.840000
919	-122.480878	0.951000	13.970000
920	-122.470878	0.953000	13.900000
921	-122.420878	0.953000	14.000000
922	-122.420878	0.955000	14.050000
923	-122.410878	0.957000	14.060000
924	-122.340878	0.959000	13.970000
925	-122.170878	0.959000	14.000000
926	-122.080878	0.959000	14.150000
927	-121.950878	0.959000	13.990000
928	-121.890878	0.961000	13.990000
929	-121.840878	0.965000	14.160000
930	-121.760878	0.965000	13.820000
931	-121.530878	0.965000	14.180000
932	-121.520878	0.967000	14.000000
933	-121.440878	0.969000	14.050000
934	-121.410878	0.969000	14.040000
935	-121.350878	0.969000	14.140000
936	-121.320878	0.971000	14.200000
937	-121.310878	0.973000	14.040000
938	-121.310878	0.973000	14.060000
939	-121.260878	0.975000	13.970000
940	-121.240878	0.975000	14.000000
941	-121.170878	0.977000	14.160000
942	-121.090878	0.977000	14.250000
943	-121.030878	0.979000	14.180000
944	-120.990878	0.981000	14.150000
945	-120.920878	0.981000	14.150000
946	-120.850878	0.981000	13.690000
947	-120.830878	0.983000	14.050000
948	-120.590878	0.984000	14.090000
949	-120.460878	0.984000	14.330000
950	-120.370878	0.984000	14.080000
951	-120.310878	0.986000	14.110000
952	-120.270878	0.988000	14.110000
953	-120.240878	0.990000	14.080000
954	-120.050878	0.990000	14.220000
955	-119.920878	0.990000	14.270000
956	-119.830878	0.992000	14.190000
957	-119.670878	0.992000	14.140000
958	-119.570878	0.994000	14.300000
959	-119.540878	0.996000	14.210000
960	-119.470878	0.996000	14.380000
961	-119.340878	0.996000	14.340000
962	-119.310878	1.000000	14.280000
963	-119.250878	1.000000	14.240000
964	-119.210878	1.000000	14.380000
965	-119.070878	1.002000	14.330000
966	-119.030878	1.004000	14.220000
967	-118.880878	1.004000	14.220000
968	-118.840878	1.006000	14.150000
969	-118.780878	1.006000	14.200000
970	-118.770878	1.006000	14.320000
971	-118.760878	1.008000	14.440000
972	-118.710878	1.008000	14.260000
973	-118.680878	1.010000	14.320000
974	-118.680878	1.012000	14.560000
975	-118.670878	1.012000	14.420000
976	-118.670878	1.012000	14.190000
977	-118.650878	1.014000	14.210000
978	-118.630878	1.016000	14.340000
979	-118.470878	1.016000	14.380000
980	-118.370878	1.016000	14.360000
981	-118.280878	1.018000	14.320000
982	-118.050878	1.020000	14.410000
983	-117.970878	1.020000	14.270000
984	-117.680878	1.022000	14.390000
985	-117.220878	1.022000	14.350000
986	-117.160878	1.022000	14.260000
987	-117.160878	1.024000	14.450000
988	-117.060878	1.024000	14.500000
989	-117.040878	1.026000	14.380000
990	-117.030878	1.027000	14.350000
991	-117.010878	1.027000	14.270000
992	-116.960878	1.029000	14.390000
993	-116.840878	1.031000	14.280000
994	-116.630878	1.031000	14.410000
995	-116.600878	1.031000	14.500000
996	-116.540878	1.033000	14.470000
997	-116.470878	1.035000	14.330000
998	-116.440878	1.035000	14.480000
999	-116.350878	1.037000	14.490000
1000	-116.340878	1.037000	14.390000
1001	-116.320878	1.037000	14.430000
1002	-116.250878	1.039000	14.470000
1003	-116.250878	1.039000	14.560000
1004	-116.240878	1.041000	14.550000
1005	-116.190878	1.043000	14.310000
1006	-116.170878	1.043000	14.800000
1007	-116.120878	1.043000	14.480000
1008	-115.980878	1.045000	14.460000
1009	-115.980878	1.047000	14.560000
1010	-115.920878	1.049000	14.510000
1011	-115.890878	1.051000	14.450000
1012	-115.750878	1.053000	14.540000
1013	-115.610878	1.053000	14.430000
1014	-115.530878	1.053000	14.550000
1015	-115.530878	1.055000	14.660000
1016	-115.380878	1.055000	14.430000
1017	-115.370878	1.057000	14.470000
1018	-115.180878	1.059000	14.610000
1019	-115.180878	1.059000	14.560000
1020	-114.860878	1.061000	14.400000
1021	-114.860878	1.061000	14.750000
1022	-114.590878	1.063000	14.480000
1023	-114.560878	1.063000	14.580000
1024	-114.440878	1.065000	14.590000
1025	-114.300878	1.067000	14.570000
1026	-114.280878	1.067000	14.510000
1027	-114.210878	1.068000	14.570000
1028	-114.200878	1.068000	14.600000
1029	-114.200878	1.068000	14.650000
1030	-114.180878	1.070000	14.500000
1031	-114.040878	1.070000	14.660000
1032	-113.980878	1.072000	14.480000
1033	-113.980878	1.074000	14.670000
1034	-113.820878	1.076000	14.580000
1035	-113.720878	1.076000	14.720000
1036	-113.430878	1.076000	14.600000
1037	-113.300878	1.078000	14.590000
1038	-113.270878	1.078000	14.630000
1039	-113.210878	1.080000	14.790000
1040	-113.080878	1.080000	14.600000
1041	-113.040878	1.084000	14.800000
1042	-112.820878	1.084000	14.580000
1043	-112.790878	1.084000	14.600000
1044	-112.780878	1.086000	14.680000
1045	-112.660878	1.086000	14.750000
1046	-112.560878	1.088000	14.560000
1047	-112.560878	1.090000	14.760000
1048	-112.530878	1.090000	14.580000
1049	-112.430878	1.092000	14.690000
1050	-112.430878	1.092000	14.670000
1051	-112.330878	1.092000	14.700000
1052	-112.300878	1.094000	14.980000
1053	-112.300878	1.094000	14.670000
1054	-112.270878	1.096000	14.660000
1055	-112.270878	1.098000	14.620000
1056	-112.170878	1.098000	14.730000
1057	-112.140878	1.100000	14.550000
1058	-112.100878	1.100000	14.660000
1059	-111.850878	1.100000	14.420000
1060	-111.850878	1.102000	14.710000
1061	-111.780878	1.104000	14.580000
1062	-111.650878	1.106000	14.670000
1063	-111.270878	1.106000	14.830000
1064	-111.200878	1.108000	14.730000
1065	-111.170878	1.108000	14.880000
1066	-111.050878	1.108000	14.760000
1067	-111.040878	1.110000	14.870000
1068	-111.040878	1.110000	14.890000
1069	-110.940878	1.111000	14.720000
1070	-110.940878	1.113000	14.830000
1071	-110.910878	1.115000	14.950000
1072	-110.910878	1.115000	14.810000
1073	-110.660878	1.115000	15.070000
1074	-110.620878	1.117000	15.100000
1075	-110.580878	1.117000	14.930000
1076	-110.520878	1.119000	14.930000
1077	-110.490878	1.121000	14.890000
1078	-110.420878	1.121000	14.880000
1079	-110.360878	1.123000	14.760000
1080	-110.360878	1.125000	14.820000
1081	-110.320878	1.125000	14.920000
1082	-110.060878	1.125000	14.850000
1083	-110.060878	1.127000	14.800000
1084	-109.920878	1.129000	14.860000
1085	-109.850878	1.129000	14.830000
1086	-109.710878	1.131000	15.120000
1087	-109.510878	1.133000	14.910000
1088	-109.440878	1.133000	15.090000
1089	-109.360878	1.135000	14.830000
1090	-109.350878	1.135000	14.900000
1091	-109.270878	1.137000	14.960000
1092	-109.120878	1.139000	14.970000
1093	-109.060878	1.141000	14.990000
1094	-109.030878	1.141000	14.900000
1095	-108.960878	1.141000	14.920000
1096	-108.940878	1.143000	15.120000
1097	-108.860878	1.145000	15.080000
1098	-108.760878	1.145000	14.980000
1099	-108.700878	1.145000	15.030000
1100	-108.630878	1.147000	15.150000
1101	-108.620878	1.147000	14.990000
1102	-108.540878	1.149000	14.980000
1103	-108.510878	1.149000	15.010000
1104	-108.430878	1.151000	15.020000
1105	-108.350878	1.152000	15.050000
1106	-108.260878	1.152000	15.040000
1107	-108.210878	1.154000	15.050000
1108	-108.090878	1.154000	15.100000
1109	-107.970878	1.156000	15.000000
1110	-107.930878	1.156000	14.980000
1111	-107.900878	1.158000	15.030000
1112	-107.810878	1.160000	15.130000
1113	-107.720878	1.160000	15.110000
1114	-107.630878	1.162000	15.270000
1115	-107.330878	1.162000	15.260000
1116	-107.320878	1.162000	15.250000
1117	-106.740878	1.164000	15.220000
1118	-106.710878	1.164000	15.070000
1119	-106.640878	1.166000	15.000000
1120	-106.620878	1.168000	15.150000
1121	-106.590878	1.168000	15.200000
1122	-106.500878	1.170000	15.020000
1123	-106.500878	1.172000	15.160000
1124	-106.470878	1.172000	15.130000
1125	-106.420878	1.172000	15.190000
1126	-106.420878	1.174000	15.260000
1127	-106.240878	1.174000	15.130000
1128	-106.210878	1.176000	15.070000
1129	-106.160878	1.178000	15.190000
1130	-106.050878	1.178000	15.260000
1131	-106.000878	1.180000	15.050000
1132	-105.980878	1.180000	15.170000
1133	-105.850878	1.182000	15.240000
1134	-105.760878	1.184000	15.210000
1135	-105.560878	1.184000	15.110000
1136	-105.430878	1.184000	15.060000
1137	-105.410878	1.186000	15.150000
1138	-105.390878	1.188000	15.060000
1139	-105.360878	1.188000	15.340000
1140	-105.140878	1.190000	15.370000
1141	-104.940878	1.192000	15.200000
1142	-104.930878	1.192000	15.210000
1143	-104.870878	1.193000	15.170000
1144	-104.850878	1.193000	15.350000
1145	-104.800878	1.195000	15.410000
1146	-104.790878	1.195000	15.400000
1147	-104.780878	1.197000	15.410000
1148	-104.700878	1.199000	15.110000
1149	-104.670878	1.199000	15.280000
1150	-104.620878	1.199000	15.300000
1151	-104.420878	1.201000	15.320000
1152	-104.420878	1.203000	15.380000
1153	-104.320878	1.203000	15.400000
1154	-104.260878	1.203000	15.250000
1155	-104.240878	1.205000	15.240000
1156	-104.200878	1.205000	15.290000
1157	-104.000878	1.207000	15.400000
1158	-103.980878	1.209000	15.250000
1159	-103.880878	1.209000	15.550000
1160	-103.430878	1.209000	15.390000
1161	-103.420878	1.211000	15.370000
1162	-103.420878	1.213000	15.420000
1163	-103.410878	1.213000	15.300000
1164	-103.300878	1.217000	15.570000
1165	-103.280878	1.217000	15.300000
1166	-103.180878	1.219000	15.400000
1167	-103.070878	1.221000	15.290000
1168	-103.040878	1.221000	15.300000
1169	-103.000878	1.223000	15.510000
1170	-102.910878	1.223000	15.480000
1171	-102.800878	1.225000	15.440000
1172	-102.620878	1.225000	15.430000
1173	-102.510878	1.225000	15.420000
1174	-102.460878	1.227000	15.390000
1175	-102.450878	1.227000	15.390000
1176	-102.380878	1.229000	15.300000
1177	-102.310878	1.231000	15.310000
1178	-102.310878	1.233000	15.350000
1179	-102.130878	1.233000	15.490000
1180	-102.050878	1.233000	15.540000
1181	-101.970878	1.234000	15.520000
1182	-101.930878	1.234000	15.580000
1183	-101.830878	1.236000	15.380000
1184	-101.800878	1.236000	15.490000
1185	-101.520878	1.238000	15.610000
1186	-101.510878	1.240000	15.420000
1187	-101.480878	1.240000	15.480000
1188	-101.450878	1.240000	15.460000
1189	-101.440878	1.242000	15.410000
1190	-101.440878	1.242000	15.400000
1191	-101.350878	1.244000	15.420000
1192	-101.340878	1.246000	15.400000
1193	-101.010878	1.246000	15.540000
1194	-100.920878	1.248000	15.560000
1195	-100.830878	1.248000	15.440000
1196	-100.640878	1.248000	15.300000
1197	-100.610878	1.250000	15.790000
1198	-100.580878	1.250000	15.540000
1199	-100.500878	1.252000	15.420000
1200	-100.450878	1.254000	15.430000
1201	-100.430878	1.254000	15.450000
1202	-100.360878	1.256000	15.520000
1203	-100.340878	1.256000	15.490000
1204	-100.310878	1.256000	15.570000
1205	-100.290878	1.258000	15.580000
1206	-100.140878	1.258000	15.790000
1207	-99.980878	1.260000	15.560000
1208	-99.820878	1.262000	15.530000
1209	-99.760878	1.260000	15.630000
1210	-99.720878	1.264000	15.490000
1211	-99.680878	1.264000	15.650000
1212	-99.630878	1.264000	15.560000
1213	-99.620878	1.266000	15.540000
1214	-99.570878	1.266000	15.560000
1215	-99.570878	1.268000	15.450000
1216	-99.410878	1.270000	15.600000
1217	-99.400878	1.270000	15.610000
1218	-99.400878	1.272000	15.480000
1219	-99.270878	1.272000	15.570000
1220	-99.180878	1.272000	15.650000
1221	-99.070878	1.274000	15.670000
1222	-99.060878	1.274000	15.740000
1223	-98.990878	1.276000	15.600000
1224	-98.840878	1.277000	15.680000
1225	-98.720878	1.277000	15.780000
1226	-98.660878	1.279000	15.880000
1227	-98.570878	1.279000	15.770000
1228	-98.480878	1.281000	15.520000
1229	-98.370878	1.281000	15.590000
1230	-98.350878	1.283000	15.580000
1231	-98.220878	1.285000	15.480000
1232	-98.180878	1.285000	15.690000
1233	-98.140878	1.287000	15.680000
1234	-98.080878	1.287000	15.680000
1235	-98.000878	1.287000	15.800000
1236	-97.950878	1.289000	15.640000
1237	-97.930878	1.289000	15.650000
1238	-97.900878	1.291000	15.810000
1239	-97.880878	1.291000	15.620000
1240	-97.740878	1.293000	15.730000
1241	-97.530878	1.295000	15.680000
1242	-97.480878	1.295000	15.750000
1243	-97.440878	1.295000	15.740000
1244	-97.310878	1.299000	15.740000
1245	-97.110878	1.301000	15.730000
1246	-97.040878	1.303000	15.810000
1247	-96.520878	1.303000	15.740000
1248	-96.490878	1.305000	15.680000
1249	-96.480878	1.305000	15.930000
1250	-96.370878	1.305000	15.970000
1251	-96.370878	1.307000	15.780000
1252	-96.220878	1.309000	15.630000
1253	-96.000878	1.309000	15.990000
1254	-95.980878	1.309000	15.810000
1255	-95.970878	1.311000	15.680000
1256	-95.910878	1.313000	15.880000
1257	-95.850878	1.313000	15.850000
1258	-95.840878	1.315000	15.870000
1259	-95.840878	1.317000	15.750000
1260	-95.810878	1.317000	15.850000
1261	-95.750878	1.318000	15.740000
1262	-95.750878	1.318000	16.090000
1263	-95.710878	1.318000	15.880000
1264	-95.680878	1.320000	15.890000
1265	-95.680878	1.320000	16.020000
1266	-95.530878	1.322000	15.860000
1267	-95.520878	1.324000	15.860000
1268	-95.500878	1.324000	15.990000
1269	-95.420878	1.326000	15.930000
1270	-95.390878	1.326000	15.930000
1271	-95.390878	1.328000	16.050000
1272	-95.360878	1.328000	15.790000
1273	-95.320878	1.328000	15.750000
1274	-95.310878	1.330000	15.880000
1275	-95.260878	1.332000	15.940000
1276	-95.130878	1.332000	15.840000
1277	-95.120878	1.334000	15.910000
1278	-95.110878	1.336000	15.780000
1279	-95.070878	1.336000	15.820000
1280	-95.030878	1.336000	15.920000
1281	-95.000878	1.338000	16.030000
1282	-94.960878	1.340000	15.970000
1283	-94.920878	1.340000	15.900000
1284	-94.910878	1.340000	15.830000
1285	-94.840878	1.342000	15.940000
1286	-94.830878	1.344000	15.860000
1287	-94.800878	1.344000	15.840000
1288	-94.770878	1.346000	16.030000
1289	-94.760878	1.348000	15.800000
1290	-94.470878	1.348000	15.820000
1291	-94.460878	1.350000	15.820000
1292	-94.440878	1.350000	15.890000
1293	-94.360878	1.350000	15.720000
1294	-94.290878	1.352000	15.900000
1295	-94.140878	1.352000	15.870000
1296	-94.070878	1.354000	16.060000
1297	-93.240878	1.354000	15.840000
1298	-93.100878	1.356000	16.060000
1299	-92.740878	1.358000	16.150000
1300	-92.720878	1.360000	16.000000
1301	-92.660878	1.360000	16.000000
1302	-92.610878	1.360000	16.000000
1303	-92.550878	1.361000	15.970000
1304	-92.520878	1.363000	16.070000
1305	-92.360878	1.365000	14.840000
1306	-92.260878	1.365000	16.020000
1307	-92.240878	1.367000	15.960000
1308	-92.030878	1.367000	14.820000
1309	-92.020878	1.367000	16.130000
1310	-91.920878	1.369000	14.820000
1311	-91.880878	1.371000	14.860000
1312	-91.810878	1.371000	14.880000
1313	-91.690878	1.371000	14.930000
1314	-91.650878	1.373000	14.970000
1315	-91.600878	1.375000	14.970000
1316	-91.590878	1.375000	14.850000
1317	-91.570878	1.377000	16.040000
1318	-91.550878	1.379000	14.900000
1319	-91.470878	1.379000	14.850000
1320	-91.450878	1.381000	14.960000
1321	-91.410878	1.383000	15.360000
1322	-91.320878	1.383000	15.000000
1323	-91.220878	1.385000	14.940000
1324	-91.200878	1.387000	14.960000
1325	-91.170878	1.385000	14.960000
1326	-90.850878	1.389000	15.010000
1327	-90.800878	1.389000	14.860000
1328	-90.720878	1.391000	14.810000
1329	-90.630878	1.391000	15.020000
1330	-90.620878	1.393000	14.880000
1331	-90.560878	1.395000	14.870000
1332	-90.500878	1.395000	14.890000
1333	-90.460878	1.397000	14.930000
1334	-90.420878	1.397000	15.080000
1335	-90.310878	1.397000	14.930000
1336	-90.250878	1.399000	14.990000
1337	-90.240878	1.399000	15.030000
1338	-90.120878	1.401000	14.820000
1339	-90.110878	1.402000	14.880000
1340	-90.080878	1.402000	15.030000
1341	-89.910878	1.404000	14.980000
1342	-89.870878	1.404000	14.810000
1343	-89.840878	1.406000	14.950000
1344	-89.800878	1.406000	14.930000
1345	-89.080878	1.406000	14.910000
1346	-88.890878	1.408000	15.100000
1347	-88.730878	1.410000	15.130000
1348	-88.720878	1.412000	15.020000
1349	-88.680878	1.412000	14.980000
1350	-88.630878	1.412000	15.060000
1351	-88.520878	1.414000	15.100000
1352	-88.470878	1.414000	15.050000
1353	-88.450878	1.416000	14.800000
1354	-88.450878	1.416000	15.300000
1355	-88.440878	1.418000	15.150000
1356	-88.320878	1.420000	15.140000
1357	-88.310878	1.420000	14.930000
1358	-88.230878	1.420000	14.910000
1359	-88.140878	1.422000	15.120000
1360	-87.960878	1.422000	15.040000
1361	-87.770878	1.424000	15.090000
1362	-87.600878	1.426000	15.050000
1363	-87.550878	1.426000	15.050000
1364	-87.450878	1.428000	15.190000
1365	-87.430878	1.428000	15.260000
1366	-87.390878	1.430000	15.130000
1367	-87.360878	1.430000	15.220000
1368	-87.330878	1.432000	15.060000
1369	-87.330878	1.434000	15.140000
1370	-87.200878	1.434000	15.110000
1371	-87.050878	1.436000	15.120000
1372	-87.000878	1.436000	15.200000
1373	-86.960878	1.436000	15.250000
1374	-86.860878	1.438000	15.100000
1375	-86.720878	1.438000	15.070000
1376	-86.690878	1.440000	15.350000
1377	-86.650878	1.442000	15.270000
1378	-86.640878	1.442000	15.360000
1379	-86.550878	1.443000	15.120000
1380	-86.540878	1.443000	15.090000
1381	-86.510878	1.443000	15.100000
1382	-86.400878	1.445000	15.290000
1383	-86.090878	1.445000	15.340000
1384	-85.880878	1.447000	15.360000
1385	-85.850878	1.449000	15.190000
1386	-85.810878	1.451000	15.240000
1387	-85.770878	1.451000	15.330000
1388	-85.770878	1.451000	15.360000
1389	-85.710878	1.453000	15.400000
1390	-85.670878	1.453000	15.450000
1391	-85.650878	1.455000	15.180000
1392	-85.590878	1.457000	15.280000
1393	-85.550878	1.457000	15.270000
1394	-85.490878	1.457000	15.280000
1395	-85.390878	1.459000	15.330000
1396	-85.340878	1.459000	15.330000
1397	-85.270878	1.461000	15.300000
1398	-85.260878	1.465000	15.360000
1399	-85.160878	1.465000	15.380000
1400	-84.960878	1.465000	15.300000
1401	-84.870878	1.467000	15.360000
1402	-84.830878	1.469000	15.540000
1403	-84.780878	1.469000	15.370000
1404	-84.780878	1.469000	15.410000
1405	-84.760878	1.473000	15.560000
1406	-84.650878	1.473000	15.250000
1407	-84.280878	1.475000	15.430000
1408	-84.260878	1.475000	15.420000
1409	-84.040878	1.475000	15.220000
1410	-83.940878	1.477000	15.420000
1411	-83.780878	1.477000	15.400000
1412	-83.770878	1.479000	15.300000
1413	-83.630878	1.481000	15.370000
1414	-83.540878	1.479000	15.510000
1415	-83.530878	1.483000	15.580000
1416	-83.230878	1.484000	15.490000
1417	-83.190878	1.484000	15.460000
1418	-83.170878	1.484000	15.530000
1419	-83.160878	1.486000	15.530000
1420	-83.120878	1.488000	15.290000
1421	-83.090878	1.488000	15.350000
1422	-83.020878	1.490000	15.500000
1423	-83.020878	1.490000	15.360000
1424	-82.990878	1.492000	15.630000
1425	-82.960878	1.492000	15.480000
1426	-82.950878	1.492000	15.420000
1427	-82.850878	1.494000	15.380000
1428	-82.840878	1.496000	15.410000
1429	-82.700878	1.496000	15.510000
1430	-82.590878	1.496000	15.490000
1431	-82.590878	1.498000	15.540000
1432	-82.290878	1.500000	15.540000
1433	-82.150878	1.500000	15.580000
1434	-81.990878	1.500000	15.590000
1435	-81.910878	1.502000	15.410000
1436	-81.720878	1.504000	15.620000
1437	-81.690878	1.504000	15.660000
1438	-81.670878	1.506000	15.580000
1439	-81.610878	1.506000	15.710000
1440	-81.510878	1.506000	15.420000
1441	-81.270878	1.508000	15.650000
1442	-81.240878	1.508000	15.560000
1443	-81.140878	1.510000	15.790000
1444	-80.940878	1.512000	15.490000
1445	-80.890878	1.512000	15.720000
1446	-80.880878	1.512000	15.800000
1447	-80.860878	1.514000	15.650000
1448	-80.750878	1.516000	15.540000
1449	-80.740878	1.516000	15.620000
1450	-80.710878	1.516000	15.770000
1451	-80.650878	1.518000	15.720000
1452	-80.640878	1.520000	15.660000
1453	-80.560878	1.522000	15.570000
1454	-80.530878	1.522000	15.690000
1455	-80.530878	1.522000	15.810000
1456	-80.530878	1.524000	15.590000
1457	-80.290878	1.524000	15.760000
1458	-80.150878	1.524000	15.750000
1459	-80.140878	1.526000	15.580000
1460	-80.000878	1.527000	15.610000
1461	-79.960878	1.527000	15.770000
1462	-79.950878	1.527000	15.850000
1463	-79.900878	1.529000	15.680000
1464	-79.900878	1.531000	15.660000
1465	-79.810878	1.531000	15.750000
1466	-79.770878	1.531000	15.770000
1467	-79.680878	1.533000	15.880000
1468	-79.670878	1.535000	15.720000
1469	-79.500878	1.535000	15.750000
1470	-79.240878	1.537000	15.810000
1471	-79.140878	1.537000	15.840000
1472	-79.010878	1.537000	15.790000
1473	-78.930878	1.539000	15.810000
1474	-78.930878	1.539000	15.760000
1475	-78.870878	1.541000	15.900000
1476	-78.780878	1.543000	15.680000
1477	-78.700878	1.543000	15.670000
1478	-78.690878	1.545000	15.730000
1479	-78.680878	1.545000	15.650000
1480	-78.630878	1.547000	15.790000
1481	-78.630878	1.549000	16.040000
1482	-78.550878	1.551000	15.780000
1483	-78.440878	1.551000	15.960000
1484	-78.410878	1.553000	15.870000
1485	-78.410878	1.553000	15.870000
1486	-78.380878	1.553000	15.780000
1487	-78.340878	1.555000	15.880000
1488	-78.200878	1.555000	15.490000
1489	-78.190878	1.557000	16.120000
1490	-78.120878	1.557000	15.730000
1491	-77.970878	1.557000	15.850000
1492	-77.900878	1.561000	15.980000
1493	-77.850878	1.561000	15.770000
1494	-77.800878	1.561000	15.910000
1495	-77.510878	1.563000	16.010000
1496	-77.510878	1.563000	15.960000
1497	-77.500878	1.565000	16.010000
1498	-77.430878	1.567000	15.920000
1499	-77.430878	1.568000	15.840000
1500	-77.390878	1.568000	15.910000
1501	-77.280878	1.568000	15.810000
1502	-77.250878	1.568000	15.870000
1503	-77.170878	1.570000	15.850000
1504	-77.170878	1.570000	15.900000
1505	-77.140878	1.572000	15.920000
1506	-77.080878	1.574000	15.910000
1507	-76.920878	1.574000	16.100000
1508	-76.820878	1.574000	16.050000
1509	-76.730878	1.576000	15.900000
1510	-76.700878	1.576000	15.960000
1511	-76.600878	1.578000	16.040000
1512	-76.570878	1.578000	16.030000
1513	-76.540878	1.580000	15.820000
1514	-76.490878	1.582000	15.780000
1515	-76.480878	1.582000	16.000000
1516	-76.340878	1.584000	16.050000
1517	-76.250878	1.584000	16.050000
1518	-76.110878	1.586000	16.010000
1519	-76.010878	1.586000	16.000000
1520	-75.770878	1.586000	16.040000
1521	-75.760878	1.588000	15.950000
1522	-75.750878	1.590000	15.930000
1523	-75.670878	1.590000	15.950000
1524	-75.610878	1.592000	16.090000
1525	-75.420878	1.592000	15.880000
1526	-75.280878	1.592000	16.020000
1527	-75.250878	1.594000	15.950000
1528	-75.210878	1.594000	16.130000
1529	-75.160878	1.596000	16.110000
1530	-75.030878	1.598000	15.920000
1531	-75.020878	1.598000	15.940000
1532	-74.870878	1.600000	16.100000
1533	-74.870878	1.600000	15.970000
1534	-74.860878	1.600000	15.980000
1535	-74.840878	1.602000	15.990000
1536	-74.760878	1.602000	16.070000
1537	-74.600878	1.604000	15.990000
1538	-74.470878	1.606000	16.000000
1539	-74.400878	1.608000	15.960000
1540	-74.360878	1.608000	16.150000
1541	-74.260878	1.608000	16.130000
1542	-74.240878	1.610000	16.070000
1543	-74.150878	1.610000	16.080000
1544	-73.890878	1.611000	16.100000
1545	-73.880878	1.613000	16.060000
1546	-73.750878	1.613000	16.130000
1547	-73.640878	1.615000	16.270000
1548	-73.600878	1.615000	16.110000
1549	-73.570878	1.617000	16.160000
1550	-73.420878	1.617000	16.110000
1551	-73.240878	1.619000	16.170000
1552	-73.230878	1.621000	16.210000
1553	-73.140878	1.621000	16.120000
1554	-73.140878	1.623000	16.170000
1555	-73.140878	1.623000	16.340000
1556	-73.070878	1.623000	16.250000
1557	-73.060878	1.625000	16.110000
1558	-72.930878	1.625000	16.140000
1559	-72.890878	1.627000	16.100000
1560	-72.840878	1.629000	16.150000
1561	-72.790878	1.629000	16.290000
1562	-72.740878	1.631000	16.210000
1563	-72.740878	1.633000	16.200000
1564	-72.660878	1.633000	16.050000
1565	-72.640878	1.635000	16.060000
1566	-72.610878	1.637000	16.140000
1567	-72.530878	1.637000	16.140000
1568	-72.450878	1.639000	16.270000
1569	-72.440878	1.641000	16.390000
1570	-72.360878	1.641000	16.470000
1571	-72.130878	1.641000	16.190000
1572	-72.070878	1.643000	16.490000
1573	-71.910878	1.645000	16.280000
1574	-71.870878	1.645000	16.220000
1575	-71.840878	1.647000	16.110000
1576	-71.650878	1.647000	16.280000
1577	-71.120878	1.649000	16.300000
1578	-71.100878	1.649000	16.310000
1579	-70.980878	1.651000	16.320000
1580	-70.840878	1.652000	16.210000
1581	-70.790878	1.652000	16.370000
1582	-70.710878	1.652000	16.340000
1583	-70.700878	1.654000	16.410000
1584	-70.680878	1.656000	16.490000
1585	-70.660878	1.656000	16.360000
1586	-70.530878	1.656000	16.490000
1587	-70.480878	1.660000	16.320000
1588	-70.410878	1.660000	16.370000
1589	-70.360878	1.662000	16.490000
1590	-70.270878	1.662000	16.140000
1591	-70.240878	1.662000	16.290000
1592	-70.040878	1.664000	16.400000
1593	-69.940878	1.664000	16.350000
1594	-69.930878	1.666000	16.430000
1595	-69.880878	1.668000	16.490000
1596	-69.870878	1.666000	16.450000
1597	-69.830878	1.670000	16.400000
1598	-69.710878	1.672000	16.600000
1599	-69.670878	1.672000	16.490000
1600	-69.500878	1.672000	16.460000
1601	-69.470878	1.674000	16.460000
1602	-69.370878	1.676000	16.610000
1603	-69.310878	1.676000	16.480000
1604	-69.180878	1.678000	16.410000
1605	-69.110878	1.678000	16.470000
1606	-69.050878	1.680000	16.530000
1607	-69.030878	1.680000	16.560000
1608	-68.960878	1.682000	16.590000
1609	-68.890878	1.684000	16.560000
1610	-68.870878	1.682000	16.430000
1611	-68.780878	1.686000	16.350000
1612	-68.610878	1.686000	16.600000
1613	-68.490878	1.688000	16.630000
1614	-68.350878	1.688000	16.540000
1615	-68.280878	1.688000	16.480000
1616	-68.230878	1.693000	16.760000
1617	-68.220878	1.692000	16.670000
1618	-68.210878	1.693000	16.610000
1619	-68.180878	1.693000	16.610000
1620	-68.150878	1.693000	16.530000
1621	-67.760878	1.695000	16.750000
1622	-67.730878	1.695000	16.810000
1623	-67.610878	1.697000	16.770000
1624	-67.580878	1.699000	16.690000
1625	-67.330878	1.699000	16.660000
1626	-67.320878	1.701000	16.660000
1627	-67.310878	1.703000	16.750000
1628	-67.220878	1.703000	16.730000
1629	-67.050878	1.703000	16.660000
1630	-66.980878	1.705000	16.520000
1631	-66.920878	1.707000	16.750000
1632	-66.890878	1.707000	16.710000
1633	-66.860878	1.709000	16.810000
1634	-66.730878	1.709000	16.730000
1635	-66.650878	1.711000	16.760000
1636	-66.640878	1.711000	16.710000
1637	-66.610878	1.715000	16.710000
1638	-66.610878	1.717000	16.880000
1639	-66.600878	1.717000	16.990000
1640	-66.530878	1.717000	16.660000
1641	-66.400878	1.719000	16.730000
1642	-66.360878	1.719000	16.710000
1643	-66.350878	1.721000	16.720000
1644	-66.320878	1.723000	16.760000
1645	-66.310878	1.723000	16.790000
1646	-66.270878	1.725000	16.690000
1647	-66.140878	1.725000	16.780000
1648	-66.080878	1.725000	16.760000
1649	-66.040878	1.727000	16.770000
1650	-65.960878	1.727000	16.780000
1651	-65.940878	1.729000	16.770000
1652	-65.880878	1.731000	16.660000
1653	-65.850878	1.731000	16.630000
1654	-65.770878	1.731000	16.880000
1655	-65.670878	1.733000	16.740000
1656	-65.660878	1.733000	16.640000
1657	-65.660878	1.734000	16.830000
1658	-65.650878	1.734000	16.790000
1659	-65.640878	1.736000	16.830000
1660	-65.590878	1.738000	16.800000
1661	-65.570878	1.738000	16.730000
1662	-65.250878	1.740000	16.760000
1663	-65.090878	1.740000	16.710000
1664	-64.980878	1.740000	16.720000
1665	-64.650878	1.742000	16.720000
1666	-64.420878	1.742000	16.980000
1667	-64.030878	1.744000	16.700000
1668	-63.920878	1.746000	16.920000
1669	-63.770878	1.746000	16.980000
1670	-63.680878	1.748000	16.970000
1671	-63.590878	1.748000	16.930000
1672	-63.470878	1.748000	16.910000
1673	-63.410878	1.750000	16.930000
1674	-63.370878	1.750000	16.980000
1675	-63.320878	1.752000	16.900000
1676	-63.300878	1.756000	16.880000
1677	-63.260878	1.756000	16.900000
1678	-63.240878	1.756000	16.730000
1679	-62.960878	1.756000	16.920000
1680	-62.900878	1.758000	16.860000
1681	-62.870878	1.758000	17.020000
1682	-62.810878	1.760000	17.020000
1683	-62.790878	1.760000	16.940000
1684	-62.720878	1.760000	17.020000
1685	-62.680878	1.764000	16.860000
1686	-62.660878	1.764000	16.910000
1687	-62.450878	1.766000	16.830000
1688	-62.410878	1.766000	17.010000
1689	-62.310878	1.766000	17.110000
1690	-62.170878	1.768000	17.030000
1691	-62.150878	1.770000	17.090000
1692	-62.130878	1.770000	16.990000
1693	-62.090878	1.772000	16.970000
1694	-61.990878	1.772000	16.920000
1695	-61.870878	1.774000	17.120000
1696	-61.860878	1.774000	16.950000
1697	-61.840878	1.774000	17.230000
1698	-61.840878	1.776000	17.060000
1699	-61.680878	1.777000	17.100000
1700	-61.440878	1.777000	17.050000
1701	-61.380878	1.779000	17.130000
1702	-61.270878	1.779000	17.120000
1703	-61.240878	1.779000	17.120000
1704	-61.190878	1.781000	16.950000
1705	-61.170878	1.781000	17.000000
1706	-61.040878	1.783000	17.090000
1707	-61.040878	1.785000	17.090000
1708	-60.950878	1.787000	17.140000
1709	-60.780878	1.787000	17.040000
1710	-60.760878	1.787000	17.140000
1711	-60.710878	1.789000	17.180000
1712	-60.470878	1.789000	16.930000
1713	-60.460878	1.791000	17.210000
1714	-60.120878	1.793000	17.160000
1715	-60.090878	1.793000	17.230000
1716	-60.030878	1.795000	17.130000
1717	-60.030878	1.795000	17.090000
1718	-60.020878	1.795000	17.160000
1719	-59.940878	1.799000	17.200000
1720	-59.770878	1.801000	17.200000
1721	-59.760878	1.803000	17.070000
1722	-59.740878	1.803000	17.180000
1723	-59.730878	1.803000	17.170000
1724	-59.600878	1.803000	17.120000
1725	-59.560878	1.805000	17.110000
1726	-59.530878	1.805000	17.100000
1727	-59.390878	1.807000	17.130000
1728	-59.330878	1.809000	17.130000
1729	-59.320878	1.809000	17.150000
1730	-59.280878	1.809000	17.160000
1731	-59.230878	1.811000	17.370000
1732	-59.160878	1.813000	17.300000
1733	-59.150878	1.813000	17.180000
1734	-59.040878	1.813000	17.100000
1735	-59.000878	1.815000	17.230000
1736	-58.970878	1.817000	17.210000
1737	-58.940878	1.817000	17.130000
1738	-58.920878	1.818000	17.220000
1739	-58.820878	1.818000	17.090000
1740	-58.630878	1.818000	17.260000
1741	-58.520878	1.820000	17.250000
1742	-58.500878	1.820000	17.250000
1743	-58.330878	1.822000	17.300000
1744	-58.250878	1.824000	17.280000
1745	-58.120878	1.824000	17.130000
1746	-58.110878	1.824000	17.100000
1747	-58.090878	1.826000	17.040000
1748	-58.040878	1.828000	17.160000
1749	-57.970878	1.828000	17.100000
1750	-57.880878	1.828000	17.080000
1751	-57.580878	1.830000	17.240000
1752	-57.570878	1.832000	17.250000
1753	-57.520878	1.832000	17.180000
1754	-57.450878	1.834000	17.200000
1755	-57.340878	1.834000	17.340000
1756	-57.300878	1.834000	17.100000
1757	-57.050878	1.836000	17.290000
1758	-56.790878	1.838000	17.410000
1759	-56.680878	1.840000	17.220000
1760	-56.610878	1.840000	17.310000
1761	-56.570878	1.840000	17.150000
1762	-56.540878	1.842000	17.280000
1763	-56.450878	1.844000	17.400000
1764	-56.280878	1.844000	17.440000
1765	-56.030878	1.844000	17.420000
1766	-55.930878	1.846000	17.430000
1767	-55.920878	1.850000	17.480000
1768	-55.910878	1.850000	17.370000
1769	-55.890878	1.850000	17.360000
1770	-55.760878	1.850000	17.260000
1771	-55.670878	1.852000	17.650000
1772	-55.600878	1.852000	17.440000
1773	-55.570878	1.854000	17.390000
1774	-55.520878	1.854000	17.320000
1775	-55.480878	1.854000	17.490000
1776	-55.370878	1.856000	17.430000
1777	-55.310878	1.858000	17.320000
1778	-55.280878	1.860000	17.390000
1779	-55.220878	1.860000	17.500000
1780	-55.150878	1.860000	17.550000
1781	-55.020878	1.861000	17.420000
1782	-55.010878	1.863000	17.560000
1783	-54.890878	1.863000	17.400000
1784	-54.840878	1.863000	17.610000
1785	-54.820878	1.865000	17.450000
1786	-54.730878	1.867000	17.250000
1787	-54.380878	1.867000	17.570000
1788	-54.370878	1.869000	17.520000
1789	-54.330878	1.871000	17.690000
1790	-54.200878	1.871000	17.640000
1791	-54.160878	1.871000	17.550000
1792	-54.160878	1.873000	17.590000
1793	-53.930878	1.875000	17.630000
1794	-53.900878	1.875000	17.620000
1795	-53.730878	1.875000	17.520000
1796	-53.670878	1.879000	17.630000
1797	-53.620878	1.879000	17.490000
1798	-53.590878	1.881000	17.610000
1799	-53.460878	1.883000	17.550000
1800	-53.370878	1.883000	17.550000
1801	-53.360878	1.885000	17.540000
1802	-53.340878	1.885000	17.560000
1803	-53.330878	1.885000	17.560000
1804	-53.200878	1.889000	17.490000
1805	-53.170878	1.889000	17.630000
1806	-53.050878	1.891000	17.570000
1807	-52.930878	1.891000	17.590000
1808	-52.930878	1.893000	17.720000
1809	-52.880878	1.895000	17.490000
1810	-52.720878	1.895000	17.510000
1811	-52.680878	1.897000	17.570000
1812	-52.650878	1.897000	17.620000
1813	-52.460878	1.897000	17.470000
1814	-52.250878	1.899000	17.550000
1815	-52.240878	1.901000	17.600000
1816	-51.860878	1.901000	17.710000
1817	-51.780878	1.902000	17.670000
1818	-51.760878	1.902000	17.720000
1819	-51.730878	1.904000	17.520000
1820	-51.620878	1.904000	17.560000
1821	-51.580878	1.904000	17.650000
1822	-51.560878	1.906000	17.670000
1823	-51.460878	1.906000	17.680000
1824	-51.420878	1.908000	17.660000
1825	-51.340878	1.910000	17.680000
1826	-51.330878	1.910000	17.890000
1827	-51.270878	1.912000	17.680000
1828	-51.220878	1.912000	17.820000
1829	-51.210878	1.912000	17.710000
1830	-50.960878	1.914000	17.820000
1831	-50.890878	1.914000	17.820000
1832	-50.800878	1.916000	17.850000
1833	-50.790878	1.918000	17.770000
1834	-50.760878	1.918000	17.900000
1835	-50.700878	1.920000	17.690000
1836	-50.600878	1.920000	17.790000
1837	-50.480878	1.922000	17.850000
1838	-50.450878	1.922000	17.760000
1839	-50.390878	1.922000	17.830000
1840	-50.300878	1.924000	17.850000
1841	-50.270878	1.926000	17.890000
1842	-50.160878	1.926000	17.870000
1843	-50.080878	1.928000	17.890000
1844	-50.060878	1.928000	17.910000
1845	-49.930878	1.928000	18.030000
1846	-49.890878	1.932000	17.740000
1847	-49.820878	1.932000	17.750000
1848	-49.810878	1.934000	18.040000
1849	-49.680878	1.934000	17.880000
1850	-49.660878	1.936000	17.980000
1851	-49.610878	1.936000	18.000000
1852	-49.600878	1.936000	18.010000
1853	-49.540878	1.938000	17.930000
1854	-49.460878	1.938000	18.200000
1855	-49.450878	1.940000	17.880000
1856	-49.450878	1.942000	17.800000
1857	-49.280878	1.943000	17.880000
1858	-49.230878	1.943000	17.890000
1859	-49.050878	1.943000	17.920000
1860	-49.050878	1.943000	18.010000
1861	-49.020878	1.945000	17.970000
1862	-48.980878	1.945000	17.930000
1863	-48.960878	1.947000	18.050000
1864	-48.940878	1.947000	17.850000
1865	-48.900878	1.947000	17.990000
1866	-48.670878	1.951000	17.970000
1867	-48.290878	1.951000	17.940000
1868	-48.160878	1.953000	18.140000
1869	-48.060878	1.953000	18.050000
1870	-47.950878	1.953000	18.040000
1871	-47.840878	1.955000	17.950000
1872	-47.770878	1.957000	18.050000
1873	-47.750878	1.957000	18.140000
1874	-47.730878	1.959000	18.130000
1875	-47.630878	1.959000	17.980000
1876	-47.620878	1.959000	18.030000
1877	-47.620878	1.961000	18.050000
1878	-47.580878	1.965000	18.030000
1879	-47.560878	1.965000	18.040000
1880	-47.460878	1.965000	18.080000
1881	-47.210878	1.967000	18.040000
1882	-47.150878	1.969000	18.100000
1883	-47.130878	1.969000	18.150000
1884	-47.120878	1.969000	17.850000
1885	-46.980878	1.971000	18.190000
1886	-46.930878	1.973000	18.130000
1887	-46.930878	1.973000	18.200000
1888	-46.910878	1.975000	18.170000
1889	-46.770878	1.975000	18.270000
1890	-46.730878	1.977000	18.210000
1891	-46.690878	1.977000	18.250000
1892	-46.670878	1.979000	17.990000
1893	-46.570878	1.981000	18.000000
1894	-46.570878	1.981000	18.190000
1895	-46.560878	1.981000	18.100000
1896	-46.460878	1.983000	17.950000
1897	-46.320878	1.984000	18.190000
1898	-45.960878	1.984000	18.200000
1899	-45.780878	1.986000	18.180000
1900	-45.770878	1.988000	18.170000
1901	-45.740878	1.988000	18.150000
1902	-45.640878	1.990000	18.190000
1903	-45.570878	1.990000	18.320000
1904	-45.420878	1.990000	18.150000
1905	-45.300878	1.992000	18.370000
1906	-45.250878	1.994000	18.220000
1907	-45.160878	1.996000	18.230000
1908	-45.040878	1.996000	18.230000
1909	-44.980878	1.996000	18.270000
1910	-44.930878	1.998000	18.200000
1911	-44.870878	2.000000	18.260000
1912	-44.870878	2.000000	18.300000
1913	-44.860878	2.000000	18.330000
1914	-44.810878	2.002000	18.310000
1915	-44.810878	2.002000	18.290000
1916	-44.710878	2.004000	18.250000
1917	-44.680878	2.006000	18.250000
1918	-44.660878	2.006000	18.360000
1919	-44.600878	2.006000	18.230000
1920	-44.540878	2.008000	18.290000
1921	-44.520878	2.008000	18.390000
1922	-44.450878	2.010000	18.070000
1923	-44.440878	2.012000	18.240000
1924	-44.370878	2.012000	18.350000
1925	-44.360878	2.012000	18.370000
1926	-44.310878	2.014000	18.480000
1927	-44.300878	2.016000	18.190000
1928	-44.280878	2.016000	18.230000
1929	-44.240878	2.016000	18.290000
1930	-44.200878	2.018000	18.590000
1931	-44.130878	2.020000	18.350000
1932	-44.100878	2.020000	18.270000
1933	-44.070878	2.022000	18.390000
1934	-44.010878	2.022000	18.370000
1935	-43.970878	2.022000	18.380000
1936	-43.970878	2.024000	18.220000
1937	-43.750878	2.024000	18.320000
1938	-43.660878	2.026000	18.470000
1939	-43.650878	2.027000	18.340000
1940	-43.580878	2.027000	18.400000
1941	-43.500878	2.027000	18.360000
1942	-43.320878	2.029000	18.300000
1943	-43.300878	2.031000	18.330000
1944	-43.280878	2.031000	18.220000
1945	-43.170878	2.031000	18.430000
1946	-43.130878	2.033000	18.330000
1947	-43.110878	2.035000	18.240000
1948	-42.610878	2.037000	18.430000
1949	-42.580878	2.037000	18.390000
1950	-42.090878	2.037000	18.510000
1951	-41.970878	2.039000	18.520000
1952	-41.740878	2.039000	18.460000
1953	-41.640878	2.041000	18.580000
1954	-41.460878	2.043000	18.510000
1955	-41.460878	2.043000	18.500000
1956	-41.450878	2.043000	18.580000
1957	-41.410878	2.045000	18.530000
1958	-41.200878	2.047000	18.540000
1959	-41.170878	2.049000	18.650000
1960	-41.150878	2.051000	18.410000
1961	-41.080878	2.051000	18.360000
1962	-40.920878	2.053000	18.560000
1963	-40.840878	2.053000	18.610000
1964	-40.670878	2.053000	18.500000
1965	-40.640878	2.055000	18.680000
1966	-40.600878	2.055000	18.480000
1967	-40.570878	2.057000	18.490000
1968	-40.520878	2.059000	18.560000
1969	-40.520878	2.057000	18.470000
1970	-40.500878	2.061000	18.540000
1971	-40.420878	2.061000	18.430000
1972	-40.410878	2.061000	18.360000
1973	-40.380878	2.063000	18.680000
1974	-40.280878	2.063000	18.480000
1975	-40.190878	2.065000	18.570000
1976	-40.110878	2.067000	18.510000
1977	-39.880878	2.067000	18.760000
1978	-39.640878	2.068000	18.660000
1979	-39.590878	2.068000	18.610000
1980	-39.550878	2.068000	18.750000
1981	-39.510878	2.070000	18.730000
1982	-39.330878	2.070000	18.790000
1983	-39.270878	2.072000	18.620000
1984	-39.260878	2.074000	18.670000
1985	-39.230878	2.074000	18.660000
1986	-39.190878	2.076000	18.690000
1987	-39.110878	2.076000	18.710000
1988	-39.110878	2.078000	18.900000
1989	-38.990878	2.078000	18.840000
1990	-38.980878	2.078000	18.660000
1991	-38.950878	2.080000	18.680000
1992	-38.910878	2.082000	18.780000
1993	-38.890878	2.082000	18.660000
1994	-38.880878	2.084000	18.710000
1995	-38.740878	2.084000	18.900000
1996	-38.670878	2.084000	18.840000
1997	-38.540878	2.086000	18.520000
1998	-38.530878	2.086000	18.770000
1999	-38.510878	2.088000	18.770000
2000	-38.480878	2.090000	18.710000
2001	-38.460878	2.090000	18.720000
2002	-38.320878	2.092000	18.790000
2003	-38.240878	2.092000	18.850000
2004	-38.210878	2.092000	18.570000
2005	-38.200878	2.094000	18.780000
2006	-38.160878	2.094000	18.650000
2007	-38.040878	2.096000	18.730000
2008	-38.000878	2.096000	18.760000
2009	-38.000878	2.100000	18.820000
2010	-37.590878	2.100000	18.630000
2011	-37.440878	2.100000	18.800000
2012	-37.200878	2.102000	18.820000
2013	-36.870878	2.102000	18.840000
2014	-36.820878	2.104000	18.990000
2015	-36.760878	2.106000	18.830000
2016	-36.710878	2.106000	18.880000
2017	-36.620878	2.108000	18.920000
2018	-36.620878	2.108000	18.980000
2019	-36.420878	2.108000	18.930000
2020	-36.280878	2.110000	18.930000
2021	-36.200878	2.110000	18.830000
2022	-36.150878	2.111000	18.950000
2023	-36.130878	2.111000	19.040000
2024	-36.070878	2.115000	18.970000
2025	-35.990878	2.115000	18.880000
2026	-35.970878	2.115000	18.960000
2027	-35.960878	2.115000	18.910000
2028	-35.870878	2.117000	19.030000
2029	-35.860878	2.119000	18.940000
2030	-35.850878	2.121000	19.080000
2031	-35.730878	2.121000	18.840000
2032	-35.690878	2.123000	18.800000
2033	-35.650878	2.123000	19.040000
2034	-35.620878	2.123000	18.870000
2035	-35.570878	2.125000	18.870000
2036	-35.460878	2.125000	19.060000
2037	-35.350878	2.127000	18.960000
2038	-35.330878	2.127000	19.060000
2039	-35.280878	2.129000	19.020000
2040	-35.200878	2.131000	19.000000
2041	-35.160878	2.133000	19.020000
2042	-35.050878	2.133000	18.930000
2043	-34.950878	2.135000	18.880000
2044	-34.710878	2.135000	19.020000
2045	-34.640878	2.135000	18.960000
2046	-34.630878	2.139000	18.990000
2047	-34.490878	2.139000	18.950000
2048	-34.420878	2.141000	19.100000
2049	-34.320878	2.141000	19.000000
2050	-34.300878	2.143000	18.940000
2051	-34.180878	2.145000	19.000000
2052	-34.150878	2.145000	18.960000
2053	-34.140878	2.147000	19.090000
2054	-34.140878	2.147000	18.960000
2055	-33.960878	2.147000	19.010000
2056	-33.890878	2.149000	19.070000
2057	-33.730878	2.149000	18.920000
2058	-33.710878	2.151000	18.970000
2059	-33.650878	2.151000	19.140000
2060	-33.310878	2.152000	19.000000
2061	-33.020878	2.154000	19.160000
2062	-33.010878	2.156000	19.000000
2063	-33.010878	2.156000	19.080000
2064	-33.000878	2.156000	19.120000
2065	-32.740878	2.158000	19.220000
2066	-32.710878	2.160000	19.110000
2067	-32.680878	2.160000	19.140000
2068	-32.660878	2.162000	19.170000
2069	-32.340878	2.162000	19.100000
2070	-32.130878	2.164000	19.280000
2071	-32.060878	2.164000	19.200000
2072	-31.940878	2.166000	19.100000
2073	-31.890878	2.168000	19.130000
2074	-31.880878	2.168000	19.240000
2075	-31.860878	2.168000	19.180000
2076	-31.750878	2.170000	19.140000
2077	-31.730878	2.172000	19.180000
2078	-31.690878	2.172000	19.080000
2079	-31.680878	2.172000	19.140000
2080	-31.590878	2.174000	19.080000
2081	-31.480878	2.176000	19.220000
2082	-31.360878	2.176000	19.130000
2083	-31.340878	2.178000	19.220000
2084	-31.260878	2.178000	19.270000
2085	-31.090878	2.178000	19.260000
2086	-31.020878	2.180000	19.060000
2087	-30.940878	2.180000	19.370000
2088	-30.820878	2.182000	19.240000
2089	-30.750878	2.184000	19.180000
2090	-30.650878	2.184000	19.240000
2091	-30.600878	2.184000	19.160000
2092	-30.520878	2.186000	19.190000
2093	-30.520878	2.188000	19.320000
2094	-30.480878	2.188000	19.180000
2095	-30.200878	2.188000	19.370000
2096	-30.180878	2.190000	19.270000
2097	-30.130878	2.193000	19.330000
2098	-30.000878	2.192000	19.500000
2099	-29.910878	2.193000	19.230000
2100	-29.880878	2.193000	19.380000
2101	-29.870878	2.195000	19.320000
2102	-29.840878	2.195000	19.300000
2103	-29.820878	2.197000	19.300000
2104	-29.620878	2.199000	19.460000
2105	-29.600878	2.199000	19.350000
2106	-29.570878	2.199000	19.200000
2107	-29.560878	2.201000	19.310000
2108	-29.490878	2.203000	19.340000
2109	-29.400878	2.203000	19.250000
2110	-29.300878	2.203000	19.470000
2111	-29.290878	2.205000	19.420000
2112	-29.290878	2.207000	19.340000
2113	-29.250878	2.207000	19.190000
2114	-29.240878	2.209000	19.530000
2115	-29.070878	2.209000	19.290000
2116	-28.820878	2.211000	19.390000
2117	-28.780878	2.211000	19.380000
2118	-28.770878	2.215000	19.290000
2119	-28.560878	2.215000	19.420000
2120	-28.470878	2.217000	19.420000
2121	-28.450878	2.217000	19.310000
2122	-28.400878	2.217000	19.380000
2123	-28.380878	2.219000	19.350000
2124	-28.380878	2.219000	19.330000
2125	-28.340878	2.221000	19.350000
2126	-28.260878	2.223000	19.380000
2127	-28.180878	2.223000	19.500000
2128	-28.170878	2.223000	19.410000
2129	-28.120878	2.225000	19.480000
2130	-28.040878	2.225000	19.350000
2131	-27.970878	2.227000	19.430000
2132	-27.960878	2.227000	19.470000
2133	-27.960878	2.229000	19.470000
2134	-27.830878	2.231000	19.500000
2135	-27.810878	2.231000	19.490000
2136	-27.730878	2.233000	19.460000
2137	-27.690878	2.233000	19.600000
2138	-27.650878	2.233000	19.390000
2139	-27.640878	2.234000	19.500000
2140	-27.440878	2.236000	19.410000
2141	-27.350878	2.238000	19.620000
2142	-27.350878	2.238000	19.550000
2143	-27.320878	2.240000	19.490000
2144	-27.210878	2.240000	19.560000
2145	-27.140878	2.240000	19.510000
2146	-27.090878	2.242000	19.500000
2147	-27.090878	2.242000	19.670000
2148	-26.920878	2.244000	19.580000
2149	-26.850878	2.246000	19.610000
2150	-26.820878	2.248000	19.490000
2151	-26.680878	2.248000	19.620000
2152	-26.610878	2.250000	19.680000
2153	-26.590878	2.250000	19.580000
2154	-26.570878	2.250000	19.500000
2155	-26.450878	2.252000	19.480000
2156	-26.420878	2.252000	19.580000
2157	-26.250878	2.254000	19.600000
2158	-26.100878	2.256000	19.570000
2159	-26.000878	2.256000	19.640000
2160	-26.000878	2.256000	19.690000
2161	-25.990878	2.258000	19.610000
2162	-25.940878	2.258000	19.600000
2163	-25.900878	2.260000	19.720000
2164	-25.850878	2.262000	19.550000
2165	-25.840878	2.262000	19.680000
2166	-25.790878	2.264000	19.640000
2167	-25.530878	2.264000	19.550000
2168	-25.330878	2.266000	19.700000
2169	-25.200878	2.266000	19.610000
2170	-25.040878	2.268000	19.750000
2171	-24.980878	2.270000	19.590000
2172	-24.920878	2.270000	19.940000
2173	-24.880878	2.272000	19.680000
2174	-24.690878	2.272000	19.790000
2175	-24.670878	2.272000	19.700000
2176	-24.490878	2.274000	19.630000
2177	-24.380878	2.274000	19.800000
2178	-24.260878	2.276000	19.860000
2179	-24.250878	2.277000	19.680000
2180	-24.160878	2.276000	19.860000
2181	-24.040878	2.279000	19.710000
2182	-23.940878	2.279000	19.680000
2183	-23.890878	2.279000	19.680000
2184	-23.730878	2.281000	19.810000
2185	-23.730878	2.281000	19.830000
2186	-23.620878	2.283000	19.940000
2187	-23.570878	2.285000	19.870000
2188	-23.560878	2.285000	19.740000
2189	-23.540878	2.285000	19.810000
2190	-23.520878	2.287000	19.730000
2191	-23.510878	2.287000	19.830000
2192	-23.360878	2.289000	19.800000
2193	-23.330878	2.289000	19.640000
2194	-23.300878	2.291000	19.710000
2195	-23.270878	2.293000	19.750000
2196	-23.200878	2.293000	19.750000
2197	-23.010878	2.295000	19.800000
2198	-22.940878	2.295000	19.760000
2199	-22.890878	2.299000	19.840000
2200	-22.850878	2.299000	19.950000
2201	-22.810878	2.303000	20.030000
2202	-22.790878	2.301000	19.820000
2203	-22.710878	2.303000	20.000000
2204	-22.660878	2.303000	19.960000
2205	-22.650878	2.303000	19.820000
2206	-22.390878	2.305000	19.890000
2207	-22.340878	2.305000	19.910000
2208	-22.320878	2.307000	19.940000
2209	-22.140878	2.307000	19.780000
2210	-21.990878	2.309000	19.910000
2211	-21.900878	2.309000	19.860000
2212	-21.790878	2.311000	19.920000
2213	-21.760878	2.313000	19.750000
2214	-21.750878	2.313000	19.920000
2215	-21.670878	2.313000	19.880000
2216	-21.630878	2.315000	19.830000
2217	-21.470878	2.317000	19.830000
2218	-21.390878	2.318000	19.800000
2219	-21.300878	2.318000	19.800000
2220	-21.180878	2.318000	19.950000
2221	-21.070878	2.320000	19.860000
2222	-20.850878	2.320000	20.050000
2223	-20.740878	2.322000	19.970000
2224	-20.630878	2.324000	20.040000
2225	-20.580878	2.324000	19.970000
2226	-20.560878	2.324000	20.140000
2227	-20.550878	2.326000	20.010000
2228	-20.430878	2.328000	20.070000
2229	-20.420878	2.328000	20.010000
2230	-20.250878	2.328000	20.010000
2231	-20.190878	2.330000	20.080000
2232	-20.040878	2.332000	20.050000
2233	-20.030878	2.332000	19.890000
2234	-19.970878	2.334000	19.950000
2235	-19.950878	2.334000	19.970000
2236	-19.830878	2.336000	19.980000
2237	-19.730878	2.336000	20.080000
2238	-19.680878	2.336000	20.060000
2239	-19.660878	2.338000	20.080000
2240	-19.590878	2.340000	20.090000
2241	-19.570878	2.340000	19.970000
2242	-19.560878	2.342000	20.110000
2243	-19.500878	2.342000	20.090000
2244	-19.360878	2.344000	20.120000
2245	-19.360878	2.344000	20.120000
2246	-19.190878	2.344000	19.980000
2247	-19.100878	2.346000	20.220000
2248	-18.960878	2.348000	20.180000
2249	-18.930878	2.348000	20.090000
2250	-18.850878	2.348000	20.300000
2251	-18.820878	2.350000	20.090000
2252	-18.690878	2.350000	20.200000
2253	-18.640878	2.352000	20.220000
2254	-18.560878	2.352000	19.970000
2255	-18.490878	2.354000	20.100000
2256	-18.330878	2.356000	20.090000
2257	-18.310878	2.356000	20.140000
2258	-18.290878	2.356000	20.130000
2259	-18.180878	2.358000	20.180000
2260	-17.970878	2.360000	20.180000
2261	-17.960878	2.360000	20.160000
2262	-17.920878	2.361000	20.240000
2263	-17.860878	2.363000	20.170000
2264	-17.850878	2.363000	20.220000
2265	-17.800878	2.365000	20.210000
2266	-17.760878	2.365000	20.180000
2267	-17.760878	2.365000	20.300000
2268	-17.750878	2.367000	20.160000
2269	-17.360878	2.367000	20.190000
2270	-17.320878	2.369000	20.190000
2271	-17.230878	2.371000	20.230000
2272	-17.210878	2.369000	20.100000
2273	-17.200878	2.371000	20.220000
2274	-17.060878	2.373000	20.150000
2275	-17.040878	2.375000	20.200000
2276	-16.990878	2.375000	20.300000
2277	-16.880878	2.375000	20.300000
2278	-16.810878	2.377000	20.230000
2279	-16.670878	2.381000	20.310000
2280	-16.610878	2.379000	20.140000
2281	-16.570878	2.383000	20.230000
2282	-16.500878	2.383000	20.260000
2283	-16.350878	2.385000	20.110000
2284	-15.990878	2.387000	20.260000
2285	-15.840878	2.387000	20.320000
2286	-15.700878	2.389000	20.460000
2287	-15.630878	2.389000	20.380000
2288	-15.630878	2.389000	20.270000
2289	-15.600878	2.391000	20.350000
2290	-15.590878	2.391000	20.320000
2291	-15.550878	2.393000	20.280000
2292	-15.490878	2.393000	20.420000
2293	-15.300878	2.395000	20.250000
2294	-15.230878	2.397000	20.320000
2295	-15.180878	2.397000	20.240000
2296	-15.140878	2.397000	20.480000
2297	-15.070878	2.399000	20.410000
2298	-15.050878	2.399000	20.240000
2299	-15.020878	2.401000	20.350000
2300	-14.980878	2.402000	20.400000
2301	-14.830878	2.402000	20.350000
2302	-14.820878	2.402000	20.490000
2303	-14.790878	2.404000	20.350000
2304	-14.790878	2.404000	20.460000
2305	-14.620878	2.406000	20.450000
2306	-14.470878	2.406000	20.210000
2307	-14.300878	2.408000	20.460000
2308	-14.280878	2.410000	20.220000
2309	-14.270878	2.410000	20.410000
2310	-14.230878	2.412000	20.410000
2311	-14.170878	2.412000	20.580000
2312	-14.170878	2.412000	20.530000
2313	-14.010878	2.414000	20.250000
2314	-14.000878	2.414000	20.470000
2315	-13.920878	2.416000	20.610000
2316	-13.780878	2.418000	20.300000
2317	-13.730878	2.418000	20.630000
2318	-13.660878	2.420000	20.480000
2319	-13.550878	2.420000	20.520000
2320	-13.460878	2.420000	20.510000
2321	-13.340878	2.422000	20.510000
2322	-13.100878	2.424000	20.570000
2323	-12.980878	2.424000	20.530000
2324	-12.960878	2.424000	20.520000
2325	-12.940878	2.426000	20.530000
2326	-12.900878	2.428000	20.620000
2327	-12.780878	2.428000	20.510000
2328	-12.760878	2.428000	20.390000
2329	-12.690878	2.430000	20.590000
2330	-12.630878	2.432000	20.570000
2331	-12.620878	2.432000	20.540000
2332	-12.620878	2.434000	20.530000
2333	-12.540878	2.434000	20.520000
2334	-12.540878	2.436000	20.590000
2335	-12.520878	2.436000	20.350000
2336	-12.420878	2.436000	20.540000
2337	-12.280878	2.438000	20.470000
2338	-12.150878	2.438000	20.430000
2339	-12.130878	2.440000	20.670000
2340	-12.060878	2.442000	20.570000
2341	-11.950878	2.442000	20.660000
2342	-11.770878	2.443000	20.880000
2343	-11.760878	2.443000	20.570000
2344	-11.710878	2.445000	20.570000
2345	-11.450878	2.445000	20.630000
2346	-11.450878	2.447000	20.630000
2347	-11.360878	2.449000	20.510000
2348	-11.320878	2.449000	20.690000
2349	-11.150878	2.451000	20.640000
2350	-11.120878	2.451000	20.690000
2351	-10.970878	2.451000	20.640000
2352	-10.960878	2.453000	20.700000
2353	-10.850878	2.453000	20.620000
2354	-10.820878	2.455000	20.700000
2355	-10.810878	2.457000	20.730000
2356	-10.790878	2.457000	20.520000
2357	-10.580878	2.459000	20.620000
2358	-10.500878	2.459000	20.650000
2359	-10.460878	2.459000	20.810000
2360	-10.370878	2.461000	20.640000
2361	-10.340878	2.463000	20.720000
2362	-10.250878	2.465000	20.600000
2363	-9.890878	2.467000	20.860000
2364	-9.840878	2.469000	20.720000
2365	-9.830878	2.469000	20.660000
2366	-9.750878	2.469000	20.720000
2367	-9.740878	2.471000	20.790000
2368	-9.700878	2.473000	20.600000
2369	-9.600878	2.473000	20.980000
2370	-9.460878	2.475000	20.790000
2371	-9.420878	2.475000	20.750000
2372	-9.160878	2.475000	21.020000
2373	-9.070878	2.477000	20.780000
2374	-9.050878	2.479000	20.860000
2375	-8.980878	2.479000	20.850000
2376	-8.910878	2.479000	20.780000
2377	-8.770878	2.483000	20.770000
2378	-8.680878	2.483000	20.680000
2379	-8.420878	2.484000	20.770000
2380	-8.400878	2.484000	20.950000
2381	-8.320878	2.484000	20.840000
2382	-8.290878	2.486000	20.860000
2383	-8.270878	2.488000	21.030000
2384	-8.200878	2.490000	20.860000
2385	-8.160878	2.490000	20.850000
2386	-8.150878	2.490000	20.870000
2387	-8.100878	2.490000	20.810000
2388	-8.080878	2.492000	20.900000
2389	-7.890878	2.492000	20.800000
2390	-7.840878	2.494000	20.770000
2391	-7.840878	2.496000	20.970000
2392	-7.760878	2.496000	20.920000
2393	-7.730878	2.496000	20.970000
2394	-7.650878	2.498000	21.030000
2395	-7.640878	2.500000	20.920000
2396	-7.580878	2.500000	20.790000
2397	-7.340878	2.500000	21.080000
2398	-7.300878	2.502000	21.040000
2399	-7.210878	2.504000	20.930000
2400	-7.170878	2.506000	21.100000
2401	-7.080878	2.506000	20.960000
2402	-7.030878	2.506000	20.940000
2403	-7.010878	2.508000	21.140000
2404	-7.000878	2.508000	20.920000
2405	-6.900878	2.508000	20.970000
2406	-6.830878	2.510000	21.040000
2407	-6.750878	2.512000	20.970000
2408	-6.740878	2.512000	21.030000
2409	-6.660878	2.512000	21.020000
2410	-6.550878	2.514000	20.970000
2411	-6.190878	2.516000	21.210000
2412	-6.170878	2.516000	20.970000
2413	-6.100878	2.516000	21.170000
2414	-5.920878	2.522000	21.120000
2415	-5.890878	2.520000	21.190000
2416	-5.620878	2.522000	21.110000
2417	-5.600878	2.522000	21.080000
2418	-5.510878	2.522000	21.100000
2419	-5.450878	2.524000	21.180000
2420	-5.310878	2.524000	21.140000
2421	-5.150878	2.526000	21.060000
2422	-4.990878	2.527000	21.240000
2423	-4.970878	2.527000	21.090000
2424	-4.970878	2.529000	21.290000
2425	-4.940878	2.531000	21.140000
2426	-4.770878	2.531000	21.090000
2427	-4.760878	2.531000	21.130000
2428	-4.750878	2.533000	21.110000
2429	-4.590878	2.535000	21.110000
2430	-4.530878	2.535000	21.310000
2431	-4.480878	2.537000	21.120000
2432	-4.470878	2.537000	21.250000
2433	-4.410878	2.539000	21.110000
2434	-4.360878	2.539000	21.200000
2435	-4.300878	2.539000	21.220000
2436	-4.210878	2.541000	21.210000
2437	-4.170878	2.543000	21.100000
2438	-4.170878	2.543000	21.120000
2439	-4.060878	2.543000	21.360000
2440	-4.000878	2.545000	21.180000
2441	-3.950878	2.547000	21.160000
2442	-3.890878	2.549000	21.140000
2443	-3.750878	2.551000	21.140000
2444	-3.680878	2.553000	21.170000
2445	-3.610878	2.553000	21.260000
2446	-3.440878	2.553000	21.180000
2447	-3.360878	2.555000	21.270000
2448	-2.970878	2.555000	21.200000
2449	-2.930878	2.557000	21.400000
2450	-2.790878	2.559000	21.240000
2451	-2.780878	2.559000	21.230000
2452	-2.740878	2.559000	21.230000
2453	-2.570878	2.561000	21.360000
2454	-2.500878	2.561000	21.320000
2455	-2.440878	2.563000	21.200000
2456	-2.290878	2.563000	21.270000
2457	-2.240878	2.565000	21.340000
2458	-2.100878	2.565000	21.400000
2459	-1.940878	2.568000	21.190000
2460	-1.790878	2.568000	21.350000
2461	-1.390878	2.568000	21.290000
