1	-188.201002	0.000000	9.710000
2	-188.081002	0.000000	9.680000
3	-188.071002	0.002000	9.690000
4	-188.061002	0.004000	9.880000
5	-187.911002	0.004000	10.160000
6	-187.771002	0.006000	9.640000
7	-187.711002	0.006000	9.510000
8	-187.691002	0.008000	9.940000
9	-187.681002	0.008000	9.570000
10	-187.561002	0.008000	9.510000
11	-187.551002	0.010000	9.620000
12	-187.461002	0.012000	9.760000
13	-187.131002	0.012000	9.680000
14	-187.001002	0.014000	9.590000
15	-186.971002	0.014000	9.890000
16	-186.941002	0.016000	9.740000
17	-186.871002	0.016000	9.690000
18	-186.791002	0.016000	9.900000
19	-186.751002	0.017000	9.740000
20	-186.671002	0.021000	9.750000
21	-186.591002	0.021000	9.600000
22	-186.491002	0.021000	9.700000
23	-186.391002	0.021000	9.550000
24	-186.381002	0.023000	9.800000
25	-186.261002	0.023000	9.670000
26	-186.251002	0.025000	9.760000
27	-186.171002	0.027000	9.790000
28	-186.131002	0.027000	9.800000
29	-185.881002	0.029000	9.850000
30	-185.841002	0.029000	9.790000
31	-185.841002	0.031000	10.120000
32	-185.771002	0.031000	10.050000
33	-185.771002	0.031000	9.750000
34	-185.741002	0.033000	9.650000
35	-185.711002	0.035000	10.210000
36	-185.651002	0.035000	10.310000
37	-185.611002	0.037000	9.990000
38	-185.371002	0.039000	9.650000
39	-185.361002	0.041000	9.640000
40	-185.351002	0.041000	9.810000
41	-185.241002	0.043000	9.750000
42	-185.231002	0.041000	9.840000
43	-185.221002	0.045000	9.670000
44	-184.811002	0.045000	9.810000
45	-184.631002	0.047000	9.670000
46	-184.601002	0.049000	9.970000
47	-184.361002	0.049000	9.740000
48	-184.321002	0.051000	9.800000
49	-184.231002	0.051000	9.700000
50	-184.201002	0.053000	9.750000
51	-184.061002	0.053000	9.770000
52	-183.971002	0.055000	9.820000
53	-183.881002	0.055000	9.700000
54	-183.881002	0.057000	10.090000
55	-183.801002	0.057000	9.690000
56	-183.731002	0.058000	9.590000
57	-183.721002	0.058000	9.770000
58	-183.631002	0.060000	9.710000
59	-183.521002	0.060000	9.810000
60	-183.441002	0.062000	9.650000
61	-183.421002	0.062000	9.700000
62	-183.391002	0.064000	9.930000
63	-183.391002	0.064000	9.800000
64	-183.261002	0.066000	9.580000
65	-183.201002	0.066000	9.820000
66	-183.191002	0.068000	9.820000
67	-183.171002	0.068000	9.740000
68	-183.131002	0.070000	9.860000
69	-183.091002	0.070000	9.780000
70	-183.051002	0.072000	9.800000
71	-183.031002	0.072000	9.880000
72	-182.891002	0.074000	9.930000
73	-182.851002	0.074000	9.770000
74	-182.831002	0.076000	9.830000
75	-182.591002	0.076000	9.860000
76	-182.591002	0.078000	10.010000
77	-182.561002	0.078000	9.770000
78	-182.521002	0.080000	10.190000
79	-182.511002	0.080000	9.990000
80	-182.101002	0.082000	9.800000
81	-182.061002	0.084000	9.810000
82	-181.921002	0.084000	10.120000
83	-181.901002	0.084000	10.070000
84	-181.881002	0.086000	9.860000
85	-181.781002	0.088000	10.030000
86	-181.761002	0.088000	9.930000
87	-181.761002	0.090000	9.850000
88	-181.741002	0.090000	9.950000
89	-181.711002	0.092000	9.980000
90	-181.681002	0.092000	9.970000
91	-181.551002	0.094000	9.930000
92	-181.531002	0.094000	9.970000
93	-181.521002	0.096000	10.440000
94	-181.511002	0.096000	10.020000
95	-181.421002	0.098000	9.860000
96	-181.131002	0.098000	9.870000
97	-181.121002	0.099000	10.140000
98	-181.051002	0.099000	9.960000
99	-181.021002	0.101000	9.950000
100	-181.011002	0.101000	9.890000
101	-180.991002	0.103000	10.350000
102	-180.991002	0.103000	10.020000
103	-180.941002	0.103000	9.880000
104	-180.901002	0.105000	9.920000
105	-180.361002	0.107000	9.870000
106	-180.171002	0.109000	9.980000
107	-180.171002	0.109000	9.840000
108	-180.151002	0.111000	10.390000
109	-180.121002	0.111000	10.170000
110	-179.831002	0.113000	10.080000
111	-179.811002	0.113000	10.220000
112	-179.691002	0.115000	10.520000
113	-179.691002	0.115000	10.160000
114	-179.621002	0.117000	10.220000
115	-179.521002	0.121000	10.330000
116	-179.471002	0.121000	10.000000
117	-179.341002	0.123000	10.140000
118	-179.311002	0.123000	10.110000
119	-179.271002	0.125000	9.920000
120	-179.251002	0.125000	10.210000
121	-179.231002	0.125000	10.140000
122	-179.211002	0.127000	10.220000
123	-179.171002	0.129000	10.190000
124	-179.091002	0.129000	10.160000
125	-178.891002	0.129000	10.030000
126	-178.891002	0.131000	10.160000
127	-178.871002	0.133000	10.170000
128	-178.731002	0.133000	10.000000
129	-178.731002	0.133000	10.090000
130	-178.641002	0.135000	10.120000
131	-178.481002	0.137000	10.210000
132	-178.431002	0.137000	10.340000
133	-178.381002	0.139000	10.220000
134	-178.281002	0.139000	10.200000
135	-178.051002	0.140000	10.190000
136	-178.031002	0.140000	10.170000
137	-178.001002	0.140000	10.240000
138	-177.951002	0.142000	10.190000
139	-177.861002	0.144000	10.390000
140	-177.751002	0.146000	10.330000
141	-177.721002	0.146000	10.130000
142	-177.701002	0.146000	10.060000
143	-177.681002	0.148000	10.560000
144	-177.661002	0.148000	10.290000
145	-177.661002	0.150000	10.350000
146	-177.631002	0.150000	10.220000
147	-177.321002	0.152000	9.960000
148	-177.201002	0.152000	10.100000
149	-177.101002	0.154000	10.160000
150	-177.011002	0.154000	10.030000
151	-176.991002	0.156000	10.410000
152	-176.991002	0.156000	10.180000
153	-176.921002	0.156000	10.250000
154	-176.911002	0.158000	10.140000
155	-176.801002	0.160000	10.310000
156	-176.771002	0.162000	10.290000
157	-176.681002	0.162000	10.370000
158	-176.661002	0.164000	10.360000
159	-176.561002	0.164000	10.460000
160	-176.391002	0.164000	10.210000
161	-176.361002	0.166000	10.270000
162	-176.361002	0.168000	10.440000
163	-176.201002	0.168000	10.350000
164	-176.201002	0.170000	10.470000
165	-176.111002	0.172000	10.220000
166	-175.971002	0.172000	10.700000
167	-175.911002	0.172000	10.250000
168	-175.861002	0.174000	10.520000
169	-175.731002	0.176000	10.710000
170	-175.721002	0.176000	10.290000
171	-175.701002	0.178000	10.370000
172	-175.691002	0.178000	10.370000
173	-175.691002	0.180000	10.440000
174	-175.641002	0.180000	10.310000
175	-175.591002	0.182000	10.490000
176	-175.291002	0.182000	10.270000
177	-175.241002	0.183000	10.350000
178	-175.161002	0.183000	10.470000
179	-175.121002	0.185000	10.360000
180	-175.041002	0.185000	10.390000
181	-175.021002	0.187000	10.550000
182	-174.771002	0.187000	10.510000
183	-174.431002	0.187000	10.290000
184	-174.391002	0.189000	10.740000
185	-174.291002	0.191000	10.520000
186	-174.281002	0.193000	10.480000
187	-173.961002	0.193000	10.580000
188	-173.951002	0.195000	10.480000
189	-173.901002	0.195000	10.520000
190	-173.831002	0.195000	10.640000
191	-173.811002	0.197000	10.350000
192	-173.791002	0.199000	10.380000
193	-173.711002	0.199000	10.720000
194	-173.701002	0.199000	10.480000
195	-173.521002	0.205000	10.450000
196	-173.401002	0.205000	10.460000
197	-173.341002	0.207000	10.480000
198	-173.321002	0.207000	10.420000
199	-173.271002	0.209000	10.450000
200	-173.271002	0.209000	10.530000
201	-173.221002	0.211000	10.700000
202	-173.191002	0.211000	10.500000
203	-173.171002	0.213000	10.440000
204	-172.961002	0.215000	10.490000
205	-172.901002	0.215000	10.580000
206	-172.781002	0.217000	10.440000
207	-172.781002	0.217000	10.580000
208	-172.761002	0.219000	10.620000
209	-172.741002	0.219000	10.600000
210	-172.401002	0.221000	10.510000
211	-172.271002	0.221000	10.710000
212	-172.231002	0.223000	10.480000
213	-172.151002	0.223000	10.570000
214	-172.081002	0.224000	10.590000
215	-172.081002	0.226000	10.580000
216	-171.991002	0.226000	10.530000
217	-171.961002	0.228000	10.630000
218	-171.861002	0.228000	10.650000
219	-171.771002	0.230000	10.910000
220	-171.721002	0.230000	10.720000
221	-171.711002	0.232000	10.510000
222	-171.651002	0.232000	10.560000
223	-171.641002	0.234000	10.550000
224	-171.591002	0.236000	10.690000
225	-171.591002	0.236000	10.760000
226	-171.551002	0.238000	10.910000
227	-171.371002	0.238000	10.600000
228	-171.351002	0.240000	10.510000
229	-171.301002	0.240000	10.650000
230	-171.281002	0.242000	10.780000
231	-170.941002	0.242000	10.740000
232	-170.901002	0.244000	10.850000
233	-170.871002	0.244000	10.780000
234	-170.811002	0.246000	10.700000
235	-170.601002	0.246000	10.770000
236	-170.571002	0.248000	10.690000
237	-170.511002	0.248000	10.740000
238	-170.501002	0.250000	10.600000
239	-170.411002	0.250000	10.610000
240	-170.361002	0.252000	10.640000
241	-170.351002	0.252000	11.010000
242	-170.301002	0.256000	10.780000
243	-170.221002	0.254000	10.850000
244	-170.031002	0.256000	10.800000
245	-169.941002	0.258000	10.620000
246	-169.771002	0.258000	10.700000
247	-169.561002	0.260000	10.780000
248	-169.551002	0.260000	10.770000
249	-169.551002	0.262000	10.780000
250	-169.531002	0.262000	10.940000
251	-169.531002	0.264000	10.450000
252	-169.361002	0.264000	10.680000
253	-169.321002	0.266000	10.910000
254	-169.151002	0.267000	11.010000
255	-169.091002	0.267000	10.820000
256	-168.891002	0.271000	10.770000
257	-168.891002	0.271000	10.830000
258	-168.861002	0.271000	10.820000
259	-168.741002	0.271000	10.740000
260	-168.691002	0.273000	10.900000
261	-168.561002	0.273000	10.690000
262	-168.541002	0.275000	10.820000
263	-168.451002	0.275000	10.820000
264	-168.431002	0.277000	10.710000
265	-168.371002	0.279000	10.930000
266	-168.161002	0.279000	10.860000
267	-168.131002	0.281000	10.930000
268	-167.931002	0.281000	10.680000
269	-167.891002	0.283000	10.830000
270	-167.701002	0.283000	10.850000
271	-167.621002	0.285000	10.790000
272	-167.601002	0.289000	10.850000
273	-167.561002	0.289000	10.850000
274	-167.431002	0.289000	10.960000
275	-167.401002	0.291000	10.850000
276	-167.381002	0.293000	10.780000
277	-167.361002	0.293000	10.830000
278	-167.331002	0.295000	11.070000
279	-167.271002	0.295000	10.810000
280	-167.251002	0.297000	10.900000
281	-167.231002	0.297000	10.820000
282	-167.211002	0.297000	10.900000
283	-167.031002	0.299000	10.840000
284	-166.971002	0.301000	11.210000
285	-166.891002	0.301000	10.940000
286	-166.741002	0.303000	11.040000
287	-166.721002	0.303000	11.250000
288	-166.661002	0.305000	10.900000
289	-166.591002	0.305000	10.720000
290	-166.561002	0.305000	11.080000
291	-166.171002	0.307000	11.270000
292	-166.121002	0.308000	10.840000
293	-166.121002	0.308000	10.950000
294	-166.071002	0.310000	11.070000
295	-165.981002	0.310000	11.090000
296	-165.921002	0.312000	11.280000
297	-165.491002	0.312000	11.100000
298	-165.471002	0.312000	10.830000
299	-165.401002	0.314000	11.020000
300	-165.401002	0.316000	11.090000
301	-165.361002	0.316000	10.990000
302	-165.351002	0.318000	11.000000
303	-165.261002	0.320000	11.120000
304	-165.251002	0.320000	10.960000
305	-165.221002	0.320000	10.940000
306	-165.211002	0.322000	11.290000
307	-165.121002	0.324000	11.200000
308	-165.101002	0.324000	11.050000
309	-165.041002	0.326000	10.870000
310	-165.021002	0.326000	10.960000
311	-164.891002	0.328000	11.120000
312	-164.881002	0.328000	11.020000
313	-164.781002	0.328000	11.040000
314	-164.751002	0.330000	10.840000
315	-164.721002	0.332000	11.010000
316	-164.681002	0.332000	10.980000
317	-164.611002	0.334000	11.120000
318	-164.591002	0.334000	11.190000
319	-164.491002	0.336000	11.360000
320	-164.471002	0.336000	11.250000
321	-164.331002	0.336000	11.020000
322	-164.321002	0.338000	11.000000
323	-164.151002	0.340000	11.120000
324	-164.131002	0.340000	11.150000
325	-164.071002	0.342000	11.060000
326	-164.061002	0.342000	11.060000
327	-164.011002	0.344000	10.960000
328	-163.991002	0.344000	11.230000
329	-163.751002	0.344000	11.000000
330	-163.721002	0.346000	11.070000
331	-163.671002	0.348000	11.060000
332	-163.611002	0.348000	11.120000
333	-163.501002	0.349000	11.120000
334	-163.401002	0.349000	11.210000
335	-163.311002	0.351000	11.030000
336	-163.301002	0.351000	11.090000
337	-163.301002	0.351000	11.020000
338	-163.281002	0.353000	11.340000
339	-163.131002	0.353000	11.190000
340	-163.131002	0.353000	11.150000
341	-163.031002	0.357000	11.120000
342	-162.821002	0.357000	11.130000
343	-162.811002	0.359000	11.160000
344	-162.651002	0.359000	11.300000
345	-162.371002	0.359000	11.040000
346	-162.281002	0.361000	11.330000
347	-162.271002	0.363000	11.250000
348	-162.231002	0.363000	11.120000
349	-162.111002	0.365000	11.290000
350	-162.061002	0.365000	11.280000
351	-162.011002	0.367000	11.440000
352	-161.751002	0.367000	11.310000
353	-161.671002	0.369000	11.120000
354	-161.621002	0.371000	11.220000
355	-161.601002	0.373000	11.080000
356	-161.581002	0.373000	11.350000
357	-161.551002	0.375000	11.480000
358	-161.381002	0.375000	11.230000
359	-161.381002	0.377000	11.360000
360	-161.381002	0.377000	11.480000
361	-161.351002	0.381000	11.300000
362	-161.351002	0.381000	11.270000
363	-161.341002	0.381000	11.110000
364	-161.321002	0.381000	11.300000
365	-161.291002	0.383000	11.290000
366	-161.201002	0.383000	11.420000
367	-161.181002	0.385000	11.340000
368	-161.171002	0.385000	11.330000
369	-161.121002	0.387000	11.170000
370	-161.091002	0.387000	11.430000
371	-160.781002	0.389000	11.270000
372	-160.781002	0.389000	11.370000
373	-160.581002	0.390000	11.320000
374	-160.531002	0.390000	11.510000
375	-160.371002	0.392000	11.390000
376	-160.211002	0.394000	11.620000
377	-160.051002	0.394000	11.450000
378	-160.001002	0.396000	11.380000
379	-159.871002	0.396000	11.380000
380	-159.761002	0.398000	11.450000
381	-159.671002	0.398000	11.550000
382	-159.651002	0.400000	11.700000
383	-159.571002	0.400000	11.410000
384	-159.571002	0.402000	11.350000
385	-159.541002	0.402000	11.400000
386	-159.491002	0.404000	11.540000
387	-159.481002	0.404000	11.350000
388	-159.461002	0.406000	11.440000
389	-159.361002	0.406000	11.490000
390	-159.351002	0.408000	11.520000
391	-159.291002	0.408000	11.490000
392	-159.251002	0.410000	11.410000
393	-158.941002	0.410000	11.460000
394	-158.931002	0.412000	11.290000
395	-158.901002	0.412000	11.570000
396	-158.891002	0.414000	11.430000
397	-158.881002	0.414000	11.510000
398	-158.791002	0.416000	11.270000
399	-158.701002	0.416000	11.470000
400	-158.641002	0.418000	11.610000
401	-158.531002	0.418000	11.330000
402	-158.441002	0.420000	11.400000
403	-158.371002	0.420000	11.560000
404	-158.331002	0.422000	11.460000
405	-158.311002	0.424000	11.420000
406	-158.301002	0.424000	11.390000
407	-158.211002	0.426000	11.290000
408	-158.141002	0.426000	11.510000
409	-157.991002	0.428000	11.380000
410	-157.971002	0.428000	11.430000
411	-157.891002	0.430000	11.430000
412	-157.831002	0.430000	11.600000
413	-157.811002	0.432000	11.460000
414	-157.771002	0.432000	11.430000
415	-157.561002	0.433000	11.370000
416	-157.541002	0.435000	11.690000
417	-157.531002	0.435000	11.470000
418	-157.501002	0.437000	11.350000
419	-157.341002	0.437000	11.580000
420	-157.251002	0.439000	11.690000
421	-157.241002	0.439000	11.580000
422	-157.171002	0.443000	11.640000
423	-157.101002	0.441000	11.450000
424	-157.081002	0.443000	11.500000
425	-157.081002	0.443000	11.560000
426	-157.041002	0.445000	11.570000
427	-156.751002	0.445000	11.560000
428	-156.711002	0.447000	11.600000
429	-156.631002	0.447000	11.570000
430	-156.531002	0.449000	11.640000
431	-156.421002	0.449000	11.450000
432	-156.391002	0.451000	11.520000
433	-156.361002	0.451000	11.630000
434	-156.251002	0.453000	11.770000
435	-156.171002	0.455000	11.770000
436	-156.151002	0.457000	11.460000
437	-156.071002	0.457000	11.710000
438	-155.981002	0.459000	11.580000
439	-155.971002	0.459000	11.750000
440	-155.751002	0.461000	11.520000
441	-155.671002	0.461000	11.970000
442	-155.641002	0.461000	11.750000
443	-155.541002	0.463000	11.710000
444	-155.521002	0.463000	11.560000
445	-155.501002	0.465000	11.790000
446	-155.481002	0.467000	11.860000
447	-155.461002	0.467000	11.670000
448	-155.431002	0.469000	11.610000
449	-155.221002	0.469000	11.770000
450	-155.011002	0.469000	11.560000
451	-155.001002	0.471000	11.700000
452	-154.811002	0.473000	11.650000
453	-154.751002	0.473000	11.690000
454	-154.671002	0.474000	11.710000
455	-154.661002	0.474000	11.700000
456	-154.641002	0.476000	11.610000
457	-154.621002	0.476000	11.730000
458	-154.571002	0.476000	11.710000
459	-154.511002	0.478000	11.590000
460	-154.391002	0.480000	11.880000
461	-154.271002	0.480000	11.650000
462	-154.271002	0.482000	11.660000
463	-154.171002	0.482000	11.620000
464	-154.091002	0.484000	11.930000
465	-153.941002	0.484000	11.670000
466	-153.831002	0.486000	11.750000
467	-153.681002	0.488000	11.630000
468	-153.621002	0.488000	11.840000
469	-153.561002	0.490000	11.700000
470	-153.451002	0.490000	11.840000
471	-153.411002	0.492000	11.870000
472	-153.301002	0.492000	11.770000
473	-153.211002	0.492000	12.260000
474	-153.211002	0.494000	11.750000
475	-153.151002	0.494000	11.750000
476	-153.101002	0.496000	11.780000
477	-153.091002	0.498000	11.780000
478	-153.091002	0.498000	11.560000
479	-152.921002	0.500000	11.710000
480	-152.861002	0.500000	11.820000
481	-152.751002	0.500000	11.910000
482	-152.731002	0.502000	11.870000
483	-152.701002	0.504000	11.950000
484	-152.551002	0.506000	12.010000
485	-152.261002	0.506000	11.830000
486	-152.231002	0.506000	11.660000
487	-152.201002	0.508000	12.120000
488	-152.161002	0.508000	12.000000
489	-151.971002	0.508000	12.250000
490	-151.901002	0.510000	11.730000
491	-151.851002	0.512000	11.960000
492	-151.751002	0.512000	11.970000
493	-151.601002	0.514000	11.910000
494	-151.581002	0.514000	11.860000
495	-151.551002	0.516000	12.010000
496	-151.531002	0.516000	11.880000
497	-151.261002	0.517000	12.010000
498	-151.251002	0.517000	11.900000
499	-151.241002	0.519000	11.990000
500	-151.231002	0.519000	11.880000
501	-151.191002	0.521000	11.800000
502	-151.181002	0.521000	11.900000
503	-151.161002	0.523000	11.900000
504	-151.151002	0.523000	11.930000
505	-151.101002	0.525000	12.050000
506	-151.081002	0.525000	12.060000
507	-151.071002	0.527000	12.080000
508	-150.951002	0.527000	12.050000
509	-150.891002	0.529000	12.170000
510	-150.781002	0.529000	11.950000
511	-150.731002	0.531000	12.020000
512	-150.731002	0.531000	12.040000
513	-150.591002	0.531000	11.810000
514	-150.531002	0.533000	11.990000
515	-150.311002	0.535000	11.960000
516	-150.281002	0.535000	11.910000
517	-150.261002	0.535000	12.250000
518	-150.221002	0.539000	12.130000
519	-150.211002	0.541000	12.070000
520	-150.201002	0.541000	12.170000
521	-150.091002	0.543000	12.060000
522	-149.881002	0.543000	11.980000
523	-149.831002	0.545000	11.860000
524	-149.491002	0.545000	12.190000
525	-149.471002	0.547000	11.940000
526	-149.421002	0.547000	12.080000
527	-149.341002	0.549000	12.020000
528	-149.271002	0.549000	12.110000
529	-149.271002	0.553000	12.170000
530	-149.241002	0.553000	12.040000
531	-149.211002	0.553000	12.420000
532	-149.181002	0.555000	11.970000
533	-149.131002	0.555000	12.100000
534	-149.111002	0.557000	12.110000
535	-149.021002	0.557000	12.090000
536	-148.961002	0.558000	12.000000
537	-148.831002	0.558000	12.160000
538	-148.721002	0.560000	12.250000
539	-148.621002	0.562000	11.940000
540	-148.561002	0.562000	12.240000
541	-148.441002	0.564000	12.010000
542	-148.301002	0.564000	12.270000
543	-148.281002	0.568000	12.370000
544	-148.181002	0.568000	12.210000
545	-148.001002	0.568000	11.910000
546	-148.001002	0.568000	11.990000
547	-147.971002	0.570000	12.500000
548	-147.961002	0.570000	12.190000
549	-147.861002	0.572000	12.380000
550	-147.731002	0.572000	12.360000
551	-147.691002	0.574000	12.160000
552	-147.531002	0.574000	12.220000
553	-147.431002	0.576000	12.910000
554	-147.381002	0.576000	12.300000
555	-147.361002	0.578000	12.070000
556	-147.261002	0.578000	12.190000
557	-147.161002	0.580000	12.230000
558	-147.121002	0.580000	12.150000
559	-147.101002	0.582000	12.300000
560	-147.101002	0.582000	12.090000
561	-147.091002	0.584000	12.360000
562	-146.881002	0.584000	12.050000
563	-146.881002	0.586000	12.080000
564	-146.851002	0.586000	12.260000
565	-146.741002	0.588000	12.630000
566	-146.711002	0.588000	12.270000
567	-146.621002	0.590000	12.420000
568	-146.311002	0.590000	12.120000
569	-146.151002	0.592000	12.550000
570	-145.851002	0.594000	12.270000
571	-145.721002	0.594000	12.200000
572	-145.721002	0.596000	12.240000
573	-145.691002	0.596000	12.190000
574	-145.681002	0.598000	12.170000
575	-145.571002	0.598000	12.420000
576	-145.371002	0.599000	12.270000
577	-145.231002	0.599000	12.230000
578	-145.191002	0.601000	12.370000
579	-145.171002	0.603000	12.340000
580	-145.141002	0.603000	12.440000
581	-145.001002	0.603000	12.290000
582	-144.901002	0.603000	12.270000
583	-144.821002	0.607000	12.310000
584	-144.811002	0.607000	12.430000
585	-144.711002	0.609000	12.260000
586	-144.681002	0.609000	12.310000
587	-144.651002	0.611000	12.400000
588	-144.641002	0.613000	12.470000
589	-144.601002	0.613000	12.450000
590	-144.571002	0.615000	12.300000
591	-144.471002	0.615000	12.520000
592	-144.451002	0.617000	12.370000
593	-144.371002	0.617000	12.260000
594	-144.151002	0.621000	12.350000
595	-144.121002	0.621000	12.320000
596	-144.061002	0.623000	12.490000
597	-144.041002	0.625000	12.590000
598	-144.021002	0.625000	12.550000
599	-144.021002	0.625000	12.500000
600	-143.851002	0.627000	12.230000
601	-143.621002	0.629000	12.530000
602	-143.611002	0.629000	12.310000
603	-143.381002	0.631000	12.660000
604	-143.061002	0.631000	12.430000
605	-143.031002	0.633000	12.550000
606	-142.981002	0.635000	12.460000
607	-142.751002	0.635000	12.510000
608	-142.731002	0.637000	12.560000
609	-142.661002	0.637000	12.490000
610	-142.581002	0.639000	12.590000
611	-142.541002	0.639000	12.480000
612	-142.521002	0.640000	12.560000
613	-142.491002	0.640000	12.430000
614	-142.371002	0.640000	12.600000
615	-142.271002	0.642000	12.530000
616	-142.271002	0.644000	12.700000
617	-142.211002	0.644000	12.500000
618	-142.181002	0.646000	12.540000
619	-142.151002	0.646000	12.570000
620	-141.911002	0.648000	12.360000
621	-141.851002	0.648000	12.470000
622	-141.851002	0.648000	12.520000
623	-141.831002	0.650000	12.550000
624	-141.711002	0.650000	12.660000
625	-141.671002	0.652000	12.490000
626	-141.631002	0.654000	12.430000
627	-141.591002	0.654000	12.490000
628	-141.591002	0.656000	12.540000
629	-141.471002	0.656000	12.410000
630	-141.391002	0.656000	12.710000
631	-141.221002	0.658000	12.480000
632	-141.191002	0.660000	12.420000
633	-141.161002	0.660000	12.510000
634	-141.081002	0.662000	12.480000
635	-140.991002	0.662000	12.410000
636	-140.941002	0.664000	12.490000
637	-140.751002	0.666000	12.690000
638	-140.571002	0.666000	12.610000
639	-140.551002	0.668000	12.670000
640	-140.471002	0.668000	12.680000
641	-140.451002	0.670000	12.360000
642	-140.431002	0.670000	12.840000
643	-140.161002	0.672000	12.700000
644	-140.091002	0.672000	12.510000
645	-140.071002	0.672000	12.670000
646	-140.041002	0.676000	12.760000
647	-140.011002	0.676000	12.640000
648	-140.001002	0.678000	12.700000
649	-139.881002	0.678000	12.540000
650	-139.831002	0.680000	12.770000
651	-139.721002	0.680000	12.630000
652	-139.711002	0.680000	12.590000
653	-139.691002	0.682000	12.730000
654	-139.661002	0.683000	12.600000
655	-139.631002	0.683000	12.900000
656	-139.581002	0.685000	12.770000
657	-139.511002	0.685000	12.650000
658	-139.501002	0.687000	12.790000
659	-139.411002	0.687000	12.940000
660	-139.031002	0.687000	12.630000
661	-138.961002	0.689000	12.890000
662	-138.911002	0.691000	12.760000
663	-138.881002	0.693000	12.600000
664	-138.771002	0.693000	12.930000
665	-138.681002	0.693000	12.680000
666	-138.571002	0.695000	12.930000
667	-138.501002	0.695000	13.050000
668	-138.491002	0.697000	12.750000
669	-138.411002	0.697000	12.770000
670	-138.381002	0.699000	12.810000
671	-138.321002	0.699000	12.870000
672	-138.321002	0.701000	12.770000
673	-138.291002	0.701000	12.710000
674	-138.281002	0.705000	12.720000
675	-138.231002	0.705000	12.890000
676	-138.201002	0.709000	12.760000
677	-138.171002	0.709000	12.800000
678	-137.941002	0.709000	12.930000
679	-137.761002	0.711000	12.730000
680	-137.731002	0.711000	13.040000
681	-137.701002	0.713000	12.690000
682	-137.671002	0.713000	12.800000
683	-137.571002	0.715000	13.030000
684	-137.531002	0.715000	13.080000
685	-137.301002	0.717000	13.010000
686	-137.291002	0.719000	12.870000
687	-137.291002	0.719000	12.900000
688	-137.271002	0.721000	12.900000
689	-136.981002	0.721000	12.960000
690	-136.771002	0.723000	13.020000
691	-136.721002	0.723000	12.820000
692	-136.701002	0.724000	13.170000
693	-136.691002	0.724000	12.690000
694	-136.661002	0.726000	13.220000
695	-136.651002	0.726000	13.020000
696	-136.521002	0.728000	13.080000
697	-136.511002	0.728000	13.000000
698	-136.471002	0.730000	12.870000
699	-136.441002	0.730000	12.930000
700	-136.441002	0.732000	13.060000
701	-136.371002	0.732000	12.870000
702	-136.281002	0.734000	12.920000
703	-136.121002	0.734000	12.900000
704	-136.071002	0.736000	13.010000
705	-136.041002	0.736000	12.840000
706	-136.041002	0.738000	12.850000
707	-135.761002	0.738000	12.890000
708	-135.651002	0.740000	12.930000
709	-135.501002	0.740000	13.090000
710	-135.391002	0.742000	12.960000
711	-135.321002	0.742000	12.940000
712	-135.211002	0.744000	13.080000
713	-135.191002	0.744000	13.280000
714	-135.021002	0.746000	13.020000
715	-134.951002	0.746000	13.040000
716	-134.911002	0.748000	13.200000
717	-134.891002	0.748000	13.150000
718	-134.841002	0.750000	13.060000
719	-134.781002	0.750000	13.090000
720	-134.681002	0.752000	13.160000
721	-134.681002	0.752000	13.040000
722	-134.641002	0.754000	13.060000
723	-134.621002	0.754000	13.000000
724	-134.491002	0.756000	13.250000
725	-134.481002	0.756000	13.190000
726	-134.471002	0.758000	13.120000
727	-134.401002	0.758000	12.980000
728	-134.361002	0.760000	13.130000
729	-134.281002	0.760000	12.970000
730	-134.061002	0.762000	13.260000
731	-134.041002	0.762000	13.240000
732	-134.031002	0.764000	13.130000
733	-133.931002	0.764000	12.940000
734	-133.651002	0.766000	13.090000
735	-133.611002	0.766000	13.270000
736	-133.531002	0.767000	13.060000
737	-133.431002	0.767000	13.210000
738	-133.401002	0.771000	13.180000
739	-133.381002	0.771000	13.100000
740	-133.361002	0.771000	13.310000
741	-133.261002	0.773000	13.370000
742	-133.221002	0.773000	13.010000
743	-133.181002	0.775000	13.110000
744	-133.121002	0.775000	13.290000
745	-133.101002	0.777000	13.190000
746	-133.031002	0.777000	13.280000
747	-132.981002	0.779000	13.420000
748	-132.961002	0.781000	13.340000
749	-132.921002	0.781000	13.110000
750	-132.841002	0.783000	13.200000
751	-132.701002	0.783000	13.320000
752	-132.601002	0.785000	13.330000
753	-132.571002	0.785000	13.370000
754	-132.571002	0.789000	13.310000
755	-132.451002	0.789000	13.610000
756	-132.431002	0.789000	13.180000
757	-132.361002	0.791000	13.320000
758	-132.361002	0.793000	13.290000
759	-132.241002	0.793000	13.310000
760	-132.201002	0.795000	13.180000
761	-131.881002	0.795000	13.420000
762	-131.631002	0.797000	13.450000
763	-131.541002	0.797000	13.450000
764	-131.361002	0.797000	13.400000
765	-131.351002	0.799000	13.590000
766	-131.341002	0.803000	13.400000
767	-131.331002	0.801000	13.420000
768	-131.261002	0.803000	13.500000
769	-131.251002	0.805000	13.440000
770	-131.241002	0.805000	13.520000
771	-131.191002	0.805000	13.170000
772	-131.161002	0.807000	13.460000
773	-131.141002	0.808000	13.550000
774	-131.091002	0.808000	13.410000
775	-131.071002	0.810000	13.350000
776	-131.051002	0.810000	13.620000
777	-130.841002	0.812000	13.250000
778	-130.751002	0.812000	13.550000
779	-130.741002	0.812000	13.360000
780	-130.711002	0.814000	13.500000
781	-130.621002	0.816000	13.420000
782	-130.581002	0.816000	13.420000
783	-130.411002	0.818000	13.470000
784	-130.361002	0.818000	13.430000
785	-130.321002	0.820000	13.480000
786	-130.291002	0.820000	13.230000
787	-130.121002	0.822000	13.530000
788	-130.071002	0.822000	13.440000
789	-130.001002	0.824000	13.550000
790	-129.861002	0.826000	13.370000
791	-129.711002	0.826000	13.500000
792	-129.661002	0.828000	13.460000
793	-129.561002	0.828000	13.400000
794	-129.541002	0.828000	13.400000
795	-129.251002	0.830000	13.550000
796	-129.111002	0.832000	13.350000
797	-129.051002	0.832000	13.320000
798	-128.881002	0.834000	13.500000
799	-128.781002	0.834000	13.660000
800	-128.761002	0.836000	13.520000
801	-128.671002	0.836000	13.620000
802	-128.661002	0.836000	13.520000
803	-128.551002	0.838000	13.610000
804	-128.311002	0.840000	13.600000
805	-128.201002	0.838000	13.480000
806	-128.191002	0.842000	13.580000
807	-128.101002	0.844000	13.600000
808	-128.061002	0.844000	13.560000
809	-128.021002	0.844000	13.450000
810	-128.001002	0.846000	13.620000
811	-127.971002	0.848000	13.610000
812	-127.731002	0.848000	13.700000
813	-127.471002	0.849000	13.500000
814	-127.411002	0.849000	13.660000
815	-127.361002	0.851000	13.570000
816	-127.261002	0.851000	13.780000
817	-127.201002	0.853000	13.660000
818	-127.171002	0.853000	13.590000
819	-127.091002	0.855000	13.460000
820	-127.001002	0.855000	13.630000
821	-126.901002	0.857000	13.690000
822	-126.811002	0.857000	13.680000
823	-126.801002	0.859000	13.540000
824	-126.791002	0.859000	13.560000
825	-126.751002	0.859000	13.620000
826	-126.621002	0.861000	13.650000
827	-126.591002	0.863000	13.570000
828	-126.591002	0.865000	13.680000
829	-126.481002	0.865000	13.490000
830	-126.461002	0.867000	13.530000
831	-126.311002	0.867000	13.740000
832	-126.241002	0.871000	13.900000
833	-126.231002	0.871000	13.580000
834	-126.161002	0.873000	13.580000
835	-126.071002	0.873000	13.700000
836	-126.071002	0.875000	13.810000
837	-126.061002	0.875000	13.660000
838	-125.881002	0.877000	13.590000
839	-125.761002	0.877000	13.660000
840	-125.711002	0.879000	13.750000
841	-125.641002	0.879000	13.520000
842	-125.521002	0.881000	13.680000
843	-125.491002	0.881000	13.700000
844	-125.481002	0.883000	13.720000
845	-125.321002	0.883000	13.700000
846	-125.211002	0.885000	13.640000
847	-125.201002	0.885000	13.570000
848	-125.151002	0.885000	13.590000
849	-125.131002	0.889000	13.470000
850	-125.121002	0.889000	13.680000
851	-125.081002	0.890000	13.940000
852	-125.031002	0.890000	13.850000
853	-125.001002	0.892000	13.750000
854	-124.981002	0.892000	13.900000
855	-124.961002	0.894000	13.740000
856	-124.871002	0.894000	13.860000
857	-124.861002	0.896000	13.750000
858	-124.811002	0.898000	13.830000
859	-124.611002	0.898000	13.880000
860	-124.571002	0.900000	13.910000
861	-124.471002	0.900000	13.720000
862	-124.371002	0.900000	13.790000
863	-124.361002	0.900000	13.870000
864	-124.321002	0.904000	13.780000
865	-124.281002	0.904000	13.830000
866	-124.211002	0.906000	13.860000
867	-124.181002	0.908000	13.750000
868	-123.931002	0.908000	13.720000
869	-123.571002	0.910000	13.710000
870	-123.451002	0.910000	14.170000
871	-123.441002	0.912000	13.980000
872	-123.291002	0.912000	13.820000
873	-123.101002	0.914000	13.980000
874	-123.021002	0.914000	13.810000
875	-122.981002	0.916000	13.960000
876	-122.931002	0.918000	13.920000
877	-122.801002	0.918000	13.910000
878	-122.791002	0.920000	13.870000
879	-122.751002	0.920000	13.940000
880	-122.741002	0.922000	13.850000
881	-122.571002	0.922000	13.810000
882	-122.371002	0.924000	13.940000
883	-122.271002	0.924000	13.830000
884	-122.151002	0.926000	13.980000
885	-122.111002	0.926000	14.010000
886	-122.031002	0.928000	13.870000
887	-121.981002	0.928000	13.990000
888	-121.951002	0.930000	13.900000
889	-121.921002	0.930000	13.920000
890	-121.891002	0.932000	13.980000
891	-121.891002	0.932000	14.000000
892	-121.751002	0.933000	13.730000
893	-121.651002	0.933000	13.950000
894	-121.611002	0.935000	14.030000
895	-121.581002	0.935000	13.960000
896	-121.561002	0.937000	13.850000
897	-121.541002	0.937000	13.920000
898	-121.531002	0.939000	14.070000
899	-121.481002	0.939000	14.090000
900	-121.271002	0.941000	13.970000
901	-121.181002	0.943000	14.360000
902	-121.151002	0.943000	14.170000
903	-121.081002	0.943000	14.210000
904	-121.071002	0.945000	13.850000
905	-120.991002	0.945000	14.070000
906	-120.951002	0.947000	14.160000
907	-120.721002	0.947000	14.080000
908	-120.711002	0.947000	14.030000
909	-120.671002	0.949000	13.890000
910	-120.641002	0.951000	14.100000
911	-120.611002	0.951000	13.950000
912	-120.551002	0.953000	14.180000
913	-120.461002	0.955000	13.960000
914	-120.451002	0.957000	14.030000
915	-120.361002	0.957000	14.030000
916	-120.341002	0.959000	14.100000
917	-120.331002	0.959000	14.150000
918	-120.241002	0.961000	14.130000
919	-120.191002	0.961000	14.000000
920	-120.191002	0.961000	14.190000
921	-120.101002	0.963000	14.230000
922	-120.061002	0.965000	14.320000
923	-119.981002	0.965000	14.080000
924	-119.981002	0.967000	14.140000
925	-119.811002	0.967000	14.040000
926	-119.661002	0.969000	14.190000
927	-119.611002	0.969000	14.080000
928	-119.481002	0.971000	14.240000
929	-119.411002	0.971000	14.160000
930	-119.271002	0.973000	14.080000
931	-119.191002	0.973000	14.250000
932	-118.911002	0.974000	14.340000
933	-118.891002	0.974000	14.170000
934	-118.791002	0.976000	14.180000
935	-118.761002	0.976000	14.270000
936	-118.701002	0.976000	14.220000
937	-118.551002	0.978000	14.140000
938	-118.441002	0.980000	14.150000
939	-118.351002	0.980000	14.120000
940	-118.301002	0.982000	14.320000
941	-118.231002	0.982000	14.400000
942	-118.061002	0.984000	14.240000
943	-117.931002	0.984000	14.240000
944	-117.841002	0.984000	14.340000
945	-117.811002	0.986000	14.330000
946	-117.631002	0.990000	14.250000
947	-117.511002	0.988000	14.280000
948	-117.471002	0.990000	14.190000
949	-117.411002	0.992000	14.470000
950	-117.351002	0.992000	14.350000
951	-117.341002	0.992000	14.150000
952	-117.311002	0.994000	14.340000
953	-117.271002	0.996000	14.390000
954	-117.241002	0.996000	14.490000
955	-117.211002	0.998000	14.460000
956	-117.191002	0.998000	14.290000
957	-116.981002	1.000000	14.350000
958	-116.891002	1.000000	14.320000
959	-116.761002	1.002000	14.400000
960	-116.551002	1.004000	14.400000
961	-116.521002	1.004000	14.310000
962	-116.501002	1.006000	14.360000
963	-116.501002	1.006000	14.230000
964	-116.501002	1.008000	14.310000
965	-116.441002	1.008000	14.250000
966	-116.371002	1.008000	14.460000
967	-116.271002	1.012000	14.510000
968	-116.241002	1.012000	14.310000
969	-116.171002	1.014000	14.370000
970	-116.051002	1.014000	14.370000
971	-115.981002	1.016000	14.530000
972	-115.971002	1.016000	14.290000
973	-115.931002	1.016000	14.340000
974	-115.911002	1.017000	14.350000
975	-115.891002	1.019000	14.420000
976	-115.691002	1.019000	14.240000
977	-115.651002	1.021000	14.550000
978	-115.631002	1.023000	14.550000
979	-115.551002	1.023000	14.400000
980	-115.521002	1.023000	14.340000
981	-115.521002	1.025000	14.590000
982	-115.241002	1.027000	14.540000
983	-115.111002	1.027000	14.640000
984	-115.081002	1.029000	14.470000
985	-115.041002	1.029000	14.460000
986	-114.701002	1.031000	14.610000
987	-114.591002	1.031000	14.400000
988	-114.461002	1.033000	14.720000
989	-114.391002	1.035000	14.640000
990	-114.321002	1.035000	14.520000
991	-114.241002	1.037000	14.700000
992	-114.161002	1.039000	14.570000
993	-114.041002	1.041000	14.630000
994	-113.981002	1.041000	14.480000
995	-113.981002	1.043000	14.570000
996	-113.931002	1.043000	14.740000
997	-113.901002	1.045000	14.530000
998	-113.871002	1.045000	14.590000
999	-113.771002	1.047000	14.500000
1000	-113.601002	1.047000	14.370000
1001	-113.581002	1.049000	14.870000
1002	-113.571002	1.049000	14.420000
1003	-113.431002	1.053000	14.630000
1004	-113.411002	1.053000	14.590000
1005	-113.081002	1.053000	14.500000
1006	-113.061002	1.055000	14.630000
1007	-113.031002	1.055000	14.790000
1008	-112.901002	1.057000	14.610000
1009	-112.811002	1.057000	14.690000
1010	-112.701002	1.058000	14.590000
1011	-112.681002	1.058000	14.560000
1012	-112.671002	1.060000	14.680000
1013	-112.601002	1.060000	14.660000
1014	-112.501002	1.062000	14.880000
1015	-112.421002	1.062000	14.610000
1016	-112.291002	1.064000	14.670000
1017	-112.201002	1.064000	14.770000
1018	-112.091002	1.066000	14.780000
1019	-112.081002	1.066000	14.760000
1020	-112.071002	1.068000	14.620000
1021	-112.061002	1.068000	14.580000
1022	-112.041002	1.070000	14.670000
1023	-112.001002	1.070000	14.910000
1024	-111.911002	1.072000	14.830000
1025	-111.881002	1.072000	14.720000
1026	-111.631002	1.074000	14.580000
1027	-111.531002	1.076000	14.840000
1028	-111.451002	1.076000	14.800000
1029	-111.431002	1.078000	14.670000
1030	-111.431002	1.078000	14.860000
1031	-111.111002	1.080000	14.790000
1032	-111.091002	1.080000	14.690000
1033	-111.011002	1.082000	14.690000
1034	-111.001002	1.082000	14.600000
1035	-110.851002	1.084000	14.750000
1036	-110.851002	1.086000	14.900000
1037	-110.651002	1.086000	14.580000
1038	-110.651002	1.088000	14.710000
1039	-110.571002	1.088000	14.900000
1040	-110.451002	1.090000	14.750000
1041	-110.411002	1.090000	14.920000
1042	-110.361002	1.092000	14.880000
1043	-110.321002	1.092000	14.860000
1044	-110.201002	1.094000	14.910000
1045	-110.151002	1.096000	14.940000
1046	-110.141002	1.096000	14.740000
1047	-110.001002	1.098000	14.730000
1048	-109.971002	1.099000	15.040000
1049	-109.961002	1.099000	14.740000
1050	-109.861002	1.099000	15.240000
1051	-109.851002	1.101000	15.040000
1052	-109.831002	1.101000	14.840000
1053	-109.811002	1.103000	14.790000
1054	-109.801002	1.103000	14.810000
1055	-109.731002	1.105000	15.090000
1056	-109.721002	1.105000	14.830000
1057	-109.641002	1.107000	14.940000
1058	-109.251002	1.107000	15.000000
1059	-108.961002	1.109000	15.090000
1060	-108.891002	1.109000	14.990000
1061	-108.831002	1.111000	14.970000
1062	-108.731002	1.111000	15.010000
1063	-108.691002	1.113000	15.090000
1064	-108.691002	1.115000	14.960000
1065	-108.551002	1.115000	15.000000
1066	-108.531002	1.117000	14.970000
1067	-108.501002	1.117000	14.910000
1068	-108.471002	1.121000	15.010000
1069	-108.411002	1.121000	15.040000
1070	-108.381002	1.123000	14.930000
1071	-108.251002	1.123000	15.000000
1072	-108.241002	1.125000	14.590000
1073	-108.241002	1.125000	14.990000
1074	-108.081002	1.127000	14.910000
1075	-108.071002	1.127000	14.960000
1076	-108.071002	1.131000	14.890000
1077	-107.941002	1.129000	14.910000
1078	-107.901002	1.131000	15.100000
1079	-107.901002	1.131000	14.890000
1080	-107.701002	1.133000	15.040000
1081	-107.661002	1.133000	14.830000
1082	-107.531002	1.133000	15.030000
1083	-107.531002	1.135000	15.040000
1084	-107.011002	1.135000	14.950000
1085	-106.981002	1.139000	15.200000
1086	-106.911002	1.139000	15.010000
1087	-106.651002	1.140000	15.090000
1088	-106.591002	1.140000	15.240000
1089	-106.561002	1.140000	15.080000
1090	-106.511002	1.142000	14.970000
1091	-106.461002	1.144000	14.970000
1092	-106.301002	1.144000	15.170000
1093	-106.121002	1.146000	15.230000
1094	-106.101002	1.146000	15.060000
1095	-105.821002	1.148000	15.210000
1096	-105.781002	1.148000	15.160000
1097	-105.711002	1.150000	15.150000
1098	-105.621002	1.152000	15.220000
1099	-105.621002	1.152000	15.130000
1100	-105.551002	1.154000	15.240000
1101	-105.521002	1.154000	15.290000
1102	-105.521002	1.156000	15.390000
1103	-105.421002	1.156000	15.140000
1104	-105.421002	1.158000	15.250000
1105	-105.391002	1.158000	14.910000
1106	-105.391002	1.160000	15.150000
1107	-105.331002	1.160000	15.240000
1108	-105.331002	1.162000	15.190000
1109	-105.331002	1.162000	15.180000
1110	-105.321002	1.164000	15.210000
1111	-105.191002	1.164000	15.170000
1112	-105.131002	1.164000	15.210000
1113	-105.101002	1.166000	15.280000
1114	-104.871002	1.168000	15.300000
1115	-104.841002	1.170000	15.190000
1116	-104.831002	1.170000	15.280000
1117	-104.781002	1.172000	15.200000
1118	-104.621002	1.172000	15.120000
1119	-104.611002	1.172000	15.350000
1120	-104.551002	1.174000	15.380000
1121	-104.421002	1.176000	15.210000
1122	-104.401002	1.176000	15.320000
1123	-104.351002	1.176000	15.250000
1124	-104.091002	1.178000	15.290000
1125	-103.891002	1.180000	15.290000
1126	-103.801002	1.180000	15.330000
1127	-103.471002	1.180000	15.360000
1128	-103.441002	1.182000	15.120000
1129	-103.411002	1.183000	15.370000
1130	-103.401002	1.183000	15.350000
1131	-103.381002	1.185000	15.260000
1132	-103.371002	1.185000	15.320000
1133	-103.311002	1.187000	15.280000
1134	-103.291002	1.187000	15.250000
1135	-103.181002	1.189000	15.140000
1136	-103.121002	1.189000	15.330000
1137	-103.091002	1.191000	15.290000
1138	-103.011002	1.191000	15.380000
1139	-102.991002	1.193000	15.380000
1140	-102.541002	1.193000	15.410000
1141	-102.541002	1.195000	15.340000
1142	-102.541002	1.195000	15.510000
1143	-102.531002	1.195000	15.420000
1144	-102.471002	1.197000	15.420000
1145	-102.451002	1.197000	15.180000
1146	-102.421002	1.201000	15.410000
1147	-102.311002	1.201000	15.290000
1148	-102.301002	1.205000	15.320000
1149	-102.281002	1.205000	15.110000
1150	-102.271002	1.207000	15.250000
1151	-102.251002	1.207000	15.240000
1152	-102.161002	1.209000	15.250000
1153	-102.011002	1.209000	15.350000
1154	-101.951002	1.211000	15.440000
1155	-101.921002	1.213000	15.340000
1156	-101.751002	1.213000	15.340000
1157	-101.721002	1.215000	15.450000
1158	-101.641002	1.215000	15.430000
1159	-101.511002	1.217000	15.240000
1160	-101.491002	1.217000	15.400000
1161	-101.451002	1.219000	15.420000
1162	-101.331002	1.219000	15.370000
1163	-101.251002	1.221000	15.480000
1164	-101.251002	1.224000	15.320000
1165	-101.211002	1.223000	15.240000
1166	-100.991002	1.224000	15.380000
1167	-100.791002	1.224000	15.500000
1168	-100.691002	1.226000	15.280000
1169	-100.481002	1.226000	15.530000
1170	-100.461002	1.228000	15.430000
1171	-100.441002	1.228000	15.330000
1172	-100.431002	1.228000	15.400000
1173	-100.201002	1.230000	15.460000
1174	-100.191002	1.232000	15.380000
1175	-100.181002	1.232000	15.540000
1176	-100.151002	1.234000	15.480000
1177	-100.151002	1.234000	15.540000
1178	-100.051002	1.236000	15.460000
1179	-99.811002	1.236000	15.510000
1180	-99.791002	1.238000	15.550000
1181	-99.611002	1.238000	15.440000
1182	-99.591002	1.240000	15.510000
1183	-99.501002	1.240000	15.490000
1184	-99.371002	1.242000	15.480000
1185	-99.351002	1.242000	15.450000
1186	-99.311002	1.244000	15.490000
1187	-99.221002	1.244000	15.450000
1188	-98.941002	1.246000	15.520000
1189	-98.861002	1.246000	15.580000
1190	-98.851002	1.248000	15.560000
1191	-98.701002	1.248000	15.510000
1192	-98.681002	1.250000	15.850000
1193	-98.621002	1.250000	15.500000
1194	-98.481002	1.252000	15.490000
1195	-98.411002	1.256000	15.810000
1196	-98.371002	1.254000	15.730000
1197	-98.301002	1.256000	15.590000
1198	-98.281002	1.256000	15.550000
1199	-98.181002	1.258000	15.670000
1200	-98.171002	1.258000	15.750000
1201	-98.161002	1.260000	15.690000
1202	-98.071002	1.260000	15.670000
1203	-98.021002	1.262000	15.510000
1204	-97.941002	1.262000	15.750000
1205	-97.881002	1.264000	15.730000
1206	-97.851002	1.264000	15.580000
1207	-97.721002	1.266000	15.770000
1208	-97.671002	1.266000	15.690000
1209	-97.541002	1.267000	15.700000
1210	-97.481002	1.267000	15.540000
1211	-97.461002	1.269000	15.750000
1212	-97.451002	1.271000	15.710000
1213	-97.331002	1.271000	15.670000
1214	-97.271002	1.271000	15.570000
1215	-97.121002	1.273000	15.900000
1216	-96.751002	1.275000	15.860000
1217	-96.441002	1.275000	15.850000
1218	-96.441002	1.277000	15.820000
1219	-96.161002	1.277000	15.780000
1220	-96.121002	1.279000	16.020000
1221	-96.071002	1.279000	15.730000
1222	-95.661002	1.281000	15.930000
1223	-95.611002	1.281000	15.880000
1224	-95.591002	1.283000	15.880000
1225	-95.581002	1.283000	15.750000
1226	-95.551002	1.285000	15.740000
1227	-95.541002	1.285000	15.820000
1228	-95.541002	1.289000	15.930000
1229	-95.521002	1.289000	15.840000
1230	-95.511002	1.289000	15.870000
1231	-95.511002	1.291000	15.820000
1232	-95.451002	1.291000	15.860000
1233	-95.361002	1.293000	15.770000
1234	-95.331002	1.295000	15.990000
1235	-95.321002	1.295000	15.910000
1236	-95.161002	1.297000	15.860000
1237	-95.161002	1.297000	15.820000
1238	-95.141002	1.297000	15.850000
1239	-95.131002	1.299000	15.760000
1240	-95.091002	1.301000	15.880000
1241	-95.091002	1.301000	15.870000
1242	-94.801002	1.303000	15.880000
1243	-94.611002	1.303000	15.770000
1244	-94.611002	1.305000	15.870000
1245	-94.601002	1.307000	16.020000
1246	-94.511002	1.307000	15.820000
1247	-94.451002	1.308000	16.010000
1248	-94.341002	1.308000	15.880000
1249	-94.241002	1.310000	15.960000
1250	-94.101002	1.310000	15.910000
1251	-94.071002	1.312000	16.010000
1252	-94.041002	1.312000	16.040000
1253	-93.931002	1.312000	16.080000
1254	-93.861002	1.316000	16.060000
1255	-93.831002	1.316000	15.990000
1256	-93.691002	1.318000	16.200000
1257	-93.661002	1.318000	16.000000
1258	-93.611002	1.320000	15.760000
1259	-93.561002	1.320000	15.950000
1260	-93.511002	1.320000	16.110000
1261	-93.291002	1.322000	15.980000
1262	-93.221002	1.324000	16.050000
1263	-93.061002	1.322000	15.920000
1264	-93.041002	1.326000	16.100000
1265	-93.021002	1.328000	15.890000
1266	-92.961002	1.328000	15.960000
1267	-92.851002	1.328000	16.130000
1268	-92.791002	1.330000	15.950000
1269	-92.781002	1.332000	16.080000
1270	-92.531002	1.332000	16.040000
1271	-92.471002	1.334000	16.100000
1272	-92.451002	1.334000	16.130000
1273	-92.391002	1.336000	15.990000
1274	-92.221002	1.336000	16.020000
1275	-92.111002	1.338000	15.980000
1276	-91.921002	1.338000	16.120000
1277	-91.881002	1.340000	15.880000
1278	-91.861002	1.340000	16.190000
1279	-91.781002	1.342000	15.990000
1280	-91.761002	1.342000	16.070000
1281	-91.671002	1.344000	15.950000
1282	-91.421002	1.344000	16.010000
1283	-91.421002	1.344000	16.060000
1284	-91.381002	1.349000	16.100000
1285	-91.381002	1.348000	16.050000
1286	-91.311002	1.349000	16.220000
1287	-91.291002	1.349000	16.080000
1288	-91.271002	1.351000	15.950000
1289	-91.221002	1.351000	15.950000
1290	-91.101002	1.351000	16.160000
1291	-91.101002	1.353000	16.020000
1292	-91.091002	1.355000	15.980000
1293	-91.041002	1.355000	16.070000
1294	-91.041002	1.357000	16.080000
1295	-90.961002	1.359000	16.020000
1296	-90.911002	1.359000	16.220000
1297	-90.881002	1.359000	16.000000
1298	-90.701002	1.361000	16.110000
1299	-90.621002	1.365000	16.080000
1300	-90.391002	1.363000	16.190000
1301	-90.291002	1.365000	16.130000
1302	-90.231002	1.365000	16.270000
1303	-90.211002	1.367000	16.130000
1304	-89.941002	1.367000	16.310000
1305	-89.721002	1.371000	16.320000
1306	-89.701002	1.371000	16.370000
1307	-89.681002	1.373000	16.350000
1308	-89.631002	1.373000	16.240000
1309	-89.571002	1.375000	16.240000
1310	-89.321002	1.375000	16.230000
1311	-89.321002	1.377000	16.230000
1312	-89.311002	1.377000	16.360000
1313	-89.271002	1.379000	16.410000
1314	-89.211002	1.381000	16.400000
1315	-89.181002	1.381000	16.080000
1316	-89.081002	1.383000	16.550000
1317	-88.961002	1.383000	16.330000
1318	-88.851002	1.385000	16.290000
1319	-88.821002	1.385000	16.400000
1320	-88.771002	1.387000	16.310000
1321	-88.731002	1.387000	16.340000
1322	-88.621002	1.389000	16.350000
1323	-88.551002	1.389000	16.410000
1324	-88.541002	1.390000	16.530000
1325	-88.441002	1.390000	16.220000
1326	-88.391002	1.392000	16.530000
1327	-88.331002	1.392000	16.550000
1328	-88.301002	1.394000	16.330000
1329	-88.031002	1.394000	16.250000
1330	-87.941002	1.396000	16.460000
1331	-87.941002	1.396000	16.370000
1332	-87.911002	1.398000	16.410000
1333	-87.841002	1.398000	16.310000
1334	-87.731002	1.400000	16.370000
1335	-87.711002	1.400000	16.300000
1336	-87.631002	1.402000	16.230000
1337	-87.631002	1.402000	16.550000
1338	-87.451002	1.404000	16.650000
1339	-87.281002	1.404000	16.320000
1340	-87.231002	1.406000	16.470000
1341	-87.201002	1.406000	16.430000
1342	-87.191002	1.408000	16.440000
1343	-87.151002	1.408000	16.260000
1344	-87.101002	1.410000	16.390000
1345	-87.051002	1.410000	16.540000
1346	-87.031002	1.412000	16.290000
1347	-87.001002	1.412000	16.390000
1348	-86.861002	1.414000	16.390000
1349	-86.811002	1.414000	16.480000
1350	-86.751002	1.416000	16.390000
1351	-86.731002	1.416000	16.520000
1352	-86.641002	1.416000	16.500000
1353	-86.611002	1.418000	16.450000
1354	-86.511002	1.420000	16.500000
1355	-86.481002	1.420000	16.530000
1356	-86.471002	1.422000	16.680000
1357	-86.331002	1.422000	16.550000
1358	-86.051002	1.424000	16.610000
1359	-86.021002	1.424000	16.620000
1360	-85.961002	1.426000	16.620000
1361	-85.831002	1.426000	16.480000
1362	-85.741002	1.428000	16.400000
1363	-85.651002	1.428000	16.740000
1364	-85.451002	1.428000	16.590000
1365	-85.211002	1.430000	16.560000
1366	-85.191002	1.432000	16.390000
1367	-85.181002	1.432000	16.660000
1368	-85.131002	1.433000	16.590000
1369	-84.991002	1.433000	16.690000
1370	-84.891002	1.435000	16.740000
1371	-84.841002	1.435000	16.600000
1372	-84.831002	1.437000	16.610000
1373	-84.701002	1.437000	16.330000
1374	-84.671002	1.439000	16.600000
1375	-84.641002	1.439000	16.690000
1376	-84.621002	1.441000	16.680000
1377	-84.611002	1.443000	16.730000
1378	-84.541002	1.443000	16.450000
1379	-84.521002	1.443000	16.530000
1380	-84.311002	1.445000	16.500000
1381	-84.301002	1.445000	15.690000
1382	-84.171002	1.447000	16.640000
1383	-84.021002	1.447000	16.670000
1384	-83.961002	1.449000	15.390000
1385	-83.901002	1.449000	16.510000
1386	-83.901002	1.451000	16.620000
1387	-83.721002	1.451000	15.540000
1388	-83.601002	1.453000	16.540000
1389	-83.571002	1.455000	16.610000
1390	-83.471002	1.457000	15.480000
1391	-83.471002	1.457000	15.450000
1392	-83.431002	1.459000	16.650000
1393	-83.371002	1.459000	15.490000
1394	-83.321002	1.461000	15.580000
1395	-83.261002	1.461000	16.610000
1396	-83.261002	1.463000	15.220000
1397	-83.141002	1.465000	15.420000
1398	-83.011002	1.465000	16.680000
1399	-83.011002	1.467000	15.330000
1400	-82.821002	1.467000	15.610000
1401	-82.801002	1.469000	15.590000
1402	-82.771002	1.469000	15.670000
1403	-82.491002	1.469000	15.470000
1404	-82.411002	1.471000	15.570000
1405	-82.241002	1.473000	15.520000
1406	-82.091002	1.474000	15.550000
1407	-81.801002	1.474000	15.640000
1408	-81.771002	1.476000	15.620000
1409	-81.721002	1.476000	15.660000
1410	-81.631002	1.476000	15.500000
1411	-81.571002	1.478000	15.750000
1412	-81.571002	1.480000	15.680000
1413	-81.541002	1.480000	15.630000
1414	-81.361002	1.482000	15.440000
1415	-81.331002	1.484000	15.550000
1416	-81.321002	1.484000	15.610000
1417	-81.201002	1.484000	15.780000
1418	-81.141002	1.486000	15.580000
1419	-81.021002	1.488000	15.590000
1420	-80.991002	1.488000	15.530000
1421	-80.911002	1.490000	15.510000
1422	-80.671002	1.490000	15.530000
1423	-80.621002	1.492000	15.520000
1424	-80.601002	1.492000	15.580000
1425	-80.501002	1.494000	15.650000
1426	-80.381002	1.494000	15.810000
1427	-80.361002	1.496000	15.680000
1428	-80.341002	1.496000	15.710000
1429	-80.321002	1.498000	15.590000
1430	-80.231002	1.498000	15.530000
1431	-80.171002	1.500000	15.700000
1432	-79.981002	1.500000	15.530000
1433	-79.981002	1.500000	15.580000
1434	-79.841002	1.502000	15.670000
1435	-79.641002	1.504000	15.670000
1436	-79.581002	1.504000	15.560000
1437	-79.501002	1.506000	15.660000
1438	-79.491002	1.506000	15.650000
1439	-79.471002	1.508000	15.630000
1440	-79.431002	1.508000	15.540000
1441	-79.391002	1.508000	15.590000
1442	-79.331002	1.510000	15.960000
1443	-79.321002	1.512000	15.640000
1444	-79.131002	1.512000	15.680000
1445	-79.061002	1.514000	15.790000
1446	-78.881002	1.516000	15.710000
1447	-78.711002	1.516000	15.710000
1448	-78.701002	1.516000	15.730000
1449	-78.621002	1.517000	15.850000
1450	-78.611002	1.519000	15.670000
1451	-78.611002	1.519000	15.720000
1452	-78.601002	1.521000	15.800000
1453	-78.551002	1.521000	15.700000
1454	-78.501002	1.523000	15.670000
1455	-78.431002	1.523000	15.740000
1456	-78.381002	1.523000	15.740000
1457	-78.311002	1.525000	15.780000
1458	-78.311002	1.527000	16.020000
1459	-78.061002	1.527000	15.740000
1460	-78.011002	1.529000	15.690000
1461	-77.951002	1.529000	15.840000
1462	-77.811002	1.531000	15.760000
1463	-77.671002	1.531000	15.600000
1464	-77.601002	1.531000	15.580000
1465	-77.581002	1.533000	15.850000
1466	-77.551002	1.535000	15.800000
1467	-77.251002	1.535000	15.690000
1468	-77.231002	1.537000	15.980000
1469	-77.201002	1.539000	15.600000
1470	-77.021002	1.541000	15.960000
1471	-77.011002	1.541000	15.890000
1472	-76.831002	1.543000	15.780000
1473	-76.791002	1.543000	16.020000
1474	-76.681002	1.545000	15.690000
1475	-76.651002	1.545000	15.790000
1476	-76.641002	1.547000	16.000000
1477	-76.561002	1.549000	15.910000
1478	-76.491002	1.549000	16.020000
1479	-76.431002	1.551000	15.770000
1480	-76.421002	1.551000	15.740000
1481	-76.331002	1.553000	15.950000
1482	-76.111002	1.553000	16.010000
1483	-76.101002	1.555000	16.070000
1484	-76.091002	1.555000	15.900000
1485	-76.051002	1.557000	15.960000
1486	-75.961002	1.557000	16.060000
1487	-75.811002	1.557000	16.050000
1488	-75.781002	1.558000	15.960000
1489	-75.751002	1.560000	16.010000
1490	-75.661002	1.560000	15.970000
1491	-75.651002	1.562000	16.020000
1492	-75.591002	1.562000	16.210000
1493	-75.521002	1.564000	16.080000
1494	-75.461002	1.564000	16.020000
1495	-75.311002	1.568000	16.020000
1496	-75.121002	1.566000	16.000000
1497	-74.931002	1.568000	16.280000
1498	-74.761002	1.570000	16.230000
1499	-74.701002	1.570000	16.130000
1500	-74.591002	1.572000	16.020000
1501	-74.531002	1.572000	16.030000
1502	-74.481002	1.574000	15.860000
1503	-74.441002	1.574000	15.980000
1504	-74.381002	1.576000	15.960000
1505	-74.321002	1.576000	16.010000
1506	-74.231002	1.578000	15.990000
1507	-74.191002	1.578000	16.000000
1508	-74.151002	1.580000	16.250000
1509	-74.141002	1.580000	16.170000
1510	-74.061002	1.582000	16.000000
1511	-74.021002	1.582000	16.050000
1512	-73.991002	1.584000	16.080000
1513	-73.941002	1.584000	16.230000
1514	-73.871002	1.586000	16.110000
1515	-73.861002	1.586000	16.160000
1516	-73.541002	1.588000	16.060000
1517	-73.481002	1.590000	15.960000
1518	-73.431002	1.590000	16.070000
1519	-73.321002	1.592000	16.290000
1520	-73.281002	1.592000	16.100000
1521	-73.271002	1.594000	16.300000
1522	-73.081002	1.594000	16.130000
1523	-72.991002	1.596000	16.260000
1524	-72.911002	1.596000	16.080000
1525	-72.861002	1.598000	16.170000
1526	-72.801002	1.598000	16.280000
1527	-72.631002	1.599000	16.130000
1528	-72.611002	1.599000	16.250000
1529	-72.541002	1.601000	16.240000
1530	-72.531002	1.601000	16.070000
1531	-72.471002	1.603000	16.120000
1532	-72.321002	1.603000	16.230000
1533	-72.321002	1.603000	16.080000
1534	-72.221002	1.603000	16.070000
1535	-72.201002	1.607000	16.100000
1536	-72.181002	1.607000	16.150000
1537	-72.071002	1.609000	16.050000
1538	-72.051002	1.609000	16.150000
1539	-71.971002	1.611000	16.100000
1540	-71.931002	1.611000	16.120000
1541	-71.911002	1.613000	16.080000
1542	-71.901002	1.613000	16.190000
1543	-71.531002	1.615000	16.100000
1544	-71.431002	1.615000	16.140000
1545	-71.301002	1.617000	16.210000
1546	-71.301002	1.617000	16.260000
1547	-71.191002	1.621000	16.300000
1548	-71.091002	1.621000	16.220000
1549	-71.041002	1.623000	16.210000
1550	-70.781002	1.623000	16.230000
1551	-70.751002	1.625000	16.430000
1552	-70.531002	1.625000	16.180000
1553	-70.501002	1.625000	16.340000
1554	-70.461002	1.627000	16.400000
1555	-70.451002	1.629000	16.260000
1556	-70.431002	1.629000	16.390000
1557	-70.271002	1.631000	16.430000
1558	-70.171002	1.633000	16.310000
1559	-70.021002	1.633000	16.340000
1560	-69.991002	1.633000	16.270000
1561	-69.941002	1.635000	16.070000
1562	-69.931002	1.637000	16.360000
1563	-69.931002	1.637000	16.410000
1564	-69.801002	1.639000	16.460000
1565	-69.781002	1.639000	16.330000
1566	-69.771002	1.640000	16.410000
1567	-69.721002	1.640000	16.330000
1568	-69.611002	1.642000	16.430000
1569	-69.561002	1.642000	16.310000
1570	-69.511002	1.644000	16.490000
1571	-69.441002	1.644000	16.360000
1572	-69.401002	1.646000	16.490000
1573	-69.401002	1.646000	16.410000
1574	-69.381002	1.648000	16.430000
1575	-69.351002	1.648000	16.370000
1576	-69.291002	1.648000	16.330000
1577	-69.171002	1.652000	16.330000
1578	-69.091002	1.652000	16.400000
1579	-69.001002	1.654000	16.230000
1580	-68.911002	1.654000	16.360000
1581	-68.781002	1.656000	16.500000
1582	-68.711002	1.656000	16.400000
1583	-68.661002	1.656000	16.480000
1584	-68.441002	1.658000	16.420000
1585	-68.421002	1.660000	16.320000
1586	-68.311002	1.662000	16.430000
1587	-68.301002	1.662000	16.670000
1588	-68.271002	1.662000	16.520000
1589	-68.251002	1.664000	16.510000
1590	-68.151002	1.664000	16.620000
1591	-68.061002	1.664000	16.400000
1592	-67.911002	1.666000	16.540000
1593	-67.861002	1.668000	16.370000
1594	-67.771002	1.668000	16.610000
1595	-67.751002	1.670000	16.390000
1596	-67.721002	1.670000	16.460000
1597	-67.641002	1.672000	16.420000
1598	-67.571002	1.672000	16.460000
1599	-67.561002	1.674000	16.660000
1600	-67.411002	1.674000	16.500000
1601	-67.061002	1.676000	16.650000
1602	-66.671002	1.676000	16.820000
1603	-66.571002	1.678000	16.770000
1604	-66.401002	1.678000	16.610000
1605	-66.291002	1.680000	16.660000
1606	-66.261002	1.680000	16.690000
1607	-66.171002	1.680000	16.630000
1608	-66.081002	1.682000	16.600000
1609	-66.071002	1.683000	16.710000
1610	-66.011002	1.685000	16.690000
1611	-66.011002	1.685000	16.700000
1612	-65.941002	1.687000	16.690000
1613	-65.861002	1.687000	16.670000
1614	-65.701002	1.687000	16.640000
1615	-65.621002	1.689000	16.750000
1616	-65.621002	1.691000	16.690000
1617	-65.591002	1.693000	16.580000
1618	-65.481002	1.693000	16.730000
1619	-65.471002	1.695000	16.710000
1620	-65.451002	1.695000	16.770000
1621	-65.441002	1.695000	16.610000
1622	-65.431002	1.697000	16.560000
1623	-65.321002	1.699000	16.670000
1624	-65.171002	1.699000	16.810000
1625	-65.011002	1.701000	16.640000
1626	-64.991002	1.701000	16.720000
1627	-64.951002	1.705000	16.690000
1628	-64.891002	1.705000	16.950000
1629	-64.771002	1.707000	16.810000
1630	-64.741002	1.709000	16.980000
1631	-64.651002	1.709000	16.590000
1632	-64.621002	1.709000	16.710000
1633	-64.611002	1.711000	16.700000
1634	-64.601002	1.711000	16.760000
1635	-64.471002	1.713000	16.640000
1636	-64.431002	1.713000	16.780000
1637	-64.351002	1.715000	17.040000
1638	-64.291002	1.717000	16.760000
1639	-64.271002	1.717000	16.690000
1640	-64.191002	1.719000	16.960000
1641	-64.181002	1.719000	16.840000
1642	-64.131002	1.721000	16.660000
1643	-64.041002	1.721000	16.790000
1644	-63.811002	1.723000	16.820000
1645	-63.781002	1.723000	16.820000
1646	-63.731002	1.724000	16.690000
1647	-63.701002	1.724000	16.860000
1648	-63.701002	1.726000	16.790000
1649	-63.691002	1.726000	16.910000
1650	-63.691002	1.728000	17.110000
1651	-63.681002	1.728000	16.840000
1652	-63.681002	1.730000	16.850000
1653	-63.451002	1.730000	16.860000
1654	-63.341002	1.732000	16.990000
1655	-63.291002	1.732000	16.740000
1656	-63.211002	1.734000	16.710000
1657	-63.021002	1.734000	17.010000
1658	-62.791002	1.736000	16.790000
1659	-62.691002	1.736000	16.830000
1660	-62.631002	1.738000	17.050000
1661	-62.601002	1.738000	17.000000
1662	-62.481002	1.740000	16.940000
1663	-62.221002	1.740000	16.840000
1664	-62.181002	1.742000	16.900000
1665	-62.171002	1.742000	16.990000
1666	-62.111002	1.744000	16.890000
1667	-62.061002	1.744000	16.990000
1668	-62.011002	1.746000	16.950000
1669	-61.941002	1.746000	16.970000
1670	-61.891002	1.748000	17.190000
1671	-61.871002	1.748000	16.960000
1672	-61.861002	1.750000	16.970000
1673	-61.861002	1.750000	17.100000
1674	-61.661002	1.752000	16.920000
1675	-61.511002	1.752000	17.120000
1676	-61.471002	1.756000	16.980000
1677	-61.361002	1.754000	17.000000
1678	-61.331002	1.756000	17.010000
1679	-61.281002	1.756000	16.940000
1680	-61.191002	1.758000	17.160000
1681	-61.131002	1.758000	16.970000
1682	-61.021002	1.760000	17.210000
1683	-60.931002	1.760000	17.150000
1684	-60.901002	1.762000	17.110000
1685	-60.791002	1.762000	17.060000
1686	-60.611002	1.764000	17.020000
1687	-60.571002	1.764000	17.070000
1688	-60.381002	1.764000	17.230000
1689	-60.271002	1.766000	17.170000
1690	-60.251002	1.767000	17.190000
1691	-60.111002	1.767000	17.050000
1692	-60.031002	1.769000	17.060000
1693	-60.021002	1.769000	17.160000
1694	-59.951002	1.771000	17.110000
1695	-59.911002	1.771000	17.210000
1696	-59.881002	1.773000	17.190000
1697	-59.811002	1.773000	17.140000
1698	-59.761002	1.775000	17.180000
1699	-59.741002	1.777000	17.250000
1700	-59.491002	1.777000	17.390000
1701	-59.331002	1.779000	17.200000
1702	-59.331002	1.779000	17.180000
1703	-59.311002	1.781000	17.260000
1704	-59.221002	1.781000	17.310000
1705	-59.221002	1.783000	17.020000
1706	-59.141002	1.783000	17.280000
1707	-59.121002	1.785000	17.110000
1708	-59.061002	1.785000	17.220000
1709	-59.021002	1.789000	17.410000
1710	-58.881002	1.789000	17.060000
1711	-58.821002	1.789000	17.320000
1712	-58.811002	1.791000	17.160000
1713	-58.701002	1.791000	17.300000
1714	-58.391002	1.791000	17.180000
1715	-58.361002	1.795000	17.190000
1716	-58.341002	1.795000	17.140000
1717	-58.321002	1.797000	17.320000
1718	-58.201002	1.797000	17.380000
1719	-57.901002	1.799000	17.240000
1720	-57.861002	1.801000	17.330000
1721	-57.811002	1.801000	17.260000
1722	-57.591002	1.803000	17.110000
1723	-57.491002	1.803000	17.300000
1724	-57.481002	1.805000	17.330000
1725	-57.471002	1.805000	17.400000
1726	-57.451002	1.805000	17.300000
1727	-57.391002	1.807000	17.340000
1728	-57.381002	1.807000	17.170000
1729	-57.201002	1.808000	17.350000
1730	-57.111002	1.810000	17.240000
1731	-57.091002	1.810000	17.330000
1732	-57.011002	1.812000	17.330000
1733	-56.961002	1.812000	17.410000
1734	-56.901002	1.812000	17.410000
1735	-56.891002	1.814000	17.220000
1736	-56.851002	1.816000	17.260000
1737	-56.781002	1.818000	17.210000
1738	-56.631002	1.818000	17.380000
1739	-56.621002	1.818000	17.300000
1740	-56.311002	1.820000	17.120000
1741	-56.081002	1.820000	17.280000
1742	-56.081002	1.820000	17.270000
1743	-56.031002	1.822000	17.190000
1744	-56.011002	1.824000	17.460000
1745	-56.011002	1.824000	17.430000
1746	-55.931002	1.826000	17.280000
1747	-55.921002	1.826000	17.270000
1748	-55.891002	1.828000	17.290000
1749	-55.761002	1.828000	17.360000
1750	-55.731002	1.830000	17.340000
1751	-55.621002	1.830000	17.330000
1752	-55.541002	1.832000	17.400000
1753	-55.501002	1.832000	17.350000
1754	-55.491002	1.834000	17.470000
1755	-55.341002	1.834000	17.380000
1756	-55.311002	1.836000	17.350000
1757	-55.301002	1.836000	17.420000
1758	-55.241002	1.838000	17.500000
1759	-55.161002	1.838000	17.380000
1760	-55.021002	1.840000	17.460000
1761	-55.011002	1.840000	17.310000
1762	-54.891002	1.842000	17.430000
1763	-54.891002	1.842000	17.580000
1764	-54.861002	1.844000	17.380000
1765	-54.841002	1.844000	17.220000
1766	-54.821002	1.844000	17.420000
1767	-54.821002	1.846000	17.400000
1768	-54.801002	1.848000	17.510000
1769	-54.801002	1.848000	17.460000
1770	-54.781002	1.848000	17.390000
1771	-54.041002	1.849000	17.460000
1772	-53.601002	1.851000	17.700000
1773	-53.591002	1.851000	17.710000
1774	-53.461002	1.851000	17.500000
1775	-53.401002	1.853000	17.600000
1776	-53.311002	1.855000	17.590000
1777	-53.231002	1.855000	17.550000
1778	-53.011002	1.857000	17.590000
1779	-52.961002	1.857000	17.600000
1780	-52.951002	1.859000	17.470000
1781	-52.931002	1.859000	17.580000
1782	-52.911002	1.861000	17.580000
1783	-52.881002	1.861000	17.440000
1784	-52.871002	1.863000	17.620000
1785	-52.851002	1.863000	17.530000
1786	-52.721002	1.865000	17.640000
1787	-52.681002	1.865000	17.620000
1788	-52.681002	1.867000	17.720000
1789	-52.651002	1.867000	17.550000
1790	-52.631002	1.871000	17.530000
1791	-52.511002	1.871000	17.670000
1792	-52.481002	1.873000	17.520000
1793	-52.441002	1.873000	17.510000
1794	-52.431002	1.875000	17.550000
1795	-52.421002	1.875000	17.500000
1796	-52.391002	1.877000	17.660000
1797	-52.381002	1.877000	17.520000
1798	-52.191002	1.879000	17.700000
1799	-52.141002	1.879000	17.710000
1800	-52.001002	1.881000	17.450000
1801	-51.871002	1.881000	17.650000
1802	-51.831002	1.883000	17.760000
1803	-51.491002	1.885000	17.860000
1804	-51.471002	1.885000	17.680000
1805	-51.451002	1.887000	17.710000
1806	-51.431002	1.887000	17.630000
1807	-51.251002	1.889000	17.630000
1808	-51.141002	1.889000	17.410000
1809	-50.961002	1.890000	17.780000
1810	-50.821002	1.890000	17.790000
1811	-50.631002	1.892000	17.780000
1812	-50.571002	1.894000	17.660000
1813	-50.401002	1.896000	17.770000
1814	-50.401002	1.896000	17.830000
1815	-50.351002	1.896000	17.840000
1816	-50.241002	1.898000	17.930000
1817	-50.191002	1.898000	17.670000
1818	-50.121002	1.900000	17.780000
1819	-50.011002	1.900000	17.860000
1820	-49.991002	1.900000	17.880000
1821	-49.991002	1.902000	17.720000
1822	-49.951002	1.904000	17.900000
1823	-49.901002	1.906000	17.810000
1824	-49.871002	1.906000	17.780000
1825	-49.761002	1.908000	17.910000
1826	-49.671002	1.908000	17.870000
1827	-49.571002	1.910000	18.030000
1828	-49.471002	1.910000	17.850000
1829	-49.461002	1.912000	17.950000
1830	-49.381002	1.912000	17.970000
1831	-49.301002	1.914000	17.880000
1832	-49.301002	1.916000	17.830000
1833	-49.161002	1.916000	17.820000
1834	-49.051002	1.916000	17.940000
1835	-48.821002	1.916000	18.010000
1836	-48.791002	1.920000	18.000000
1837	-48.621002	1.920000	17.860000
1838	-48.561002	1.922000	17.840000
1839	-48.401002	1.922000	18.170000
1840	-48.371002	1.924000	17.970000
1841	-48.291002	1.924000	17.890000
1842	-48.251002	1.928000	17.900000
1843	-48.131002	1.926000	17.810000
1844	-48.091002	1.928000	17.980000
1845	-48.081002	1.928000	18.070000
1846	-48.021002	1.930000	17.820000
1847	-47.791002	1.930000	17.940000
1848	-47.731002	1.932000	18.070000
1849	-47.721002	1.932000	17.860000
1850	-47.591002	1.932000	17.970000
1851	-47.591002	1.933000	17.960000
1852	-47.421002	1.935000	17.920000
1853	-47.321002	1.935000	18.080000
1854	-47.271002	1.937000	18.100000
1855	-47.261002	1.937000	18.110000
1856	-47.231002	1.939000	18.030000
1857	-47.221002	1.939000	17.910000
1858	-47.111002	1.941000	17.940000
1859	-47.031002	1.941000	18.040000
1860	-46.891002	1.943000	18.100000
1861	-46.721002	1.945000	18.000000
1862	-46.661002	1.945000	18.230000
1863	-46.611002	1.947000	18.140000
1864	-46.591002	1.947000	18.230000
1865	-46.501002	1.949000	18.110000
1866	-46.451002	1.949000	18.020000
1867	-46.391002	1.951000	18.140000
1868	-46.361002	1.951000	18.160000
1869	-46.281002	1.953000	18.170000
1870	-46.241002	1.955000	18.100000
1871	-46.221002	1.957000	18.050000
1872	-46.221002	1.957000	18.270000
1873	-46.211002	1.959000	18.120000
1874	-46.141002	1.959000	18.070000
1875	-46.081002	1.961000	18.080000
1876	-46.031002	1.961000	18.110000
1877	-45.811002	1.961000	18.270000
1878	-45.761002	1.963000	18.050000
1879	-45.551002	1.963000	18.050000
1880	-45.481002	1.963000	18.180000
1881	-45.431002	1.967000	18.160000
1882	-45.101002	1.969000	18.210000
1883	-44.831002	1.969000	18.120000
1884	-44.831002	1.969000	18.270000
1885	-44.671002	1.971000	18.280000
1886	-44.581002	1.973000	18.190000
1887	-44.531002	1.973000	18.410000
1888	-44.421002	1.974000	18.340000
1889	-44.401002	1.974000	18.260000
1890	-44.391002	1.976000	18.230000
1891	-44.361002	1.978000	18.410000
1892	-44.331002	1.978000	18.360000
1893	-44.331002	1.980000	18.140000
1894	-44.301002	1.980000	18.320000
1895	-44.191002	1.982000	18.290000
1896	-43.961002	1.982000	18.280000
1897	-43.831002	1.984000	18.320000
1898	-43.801002	1.984000	18.280000
1899	-43.781002	1.984000	18.400000
1900	-43.771002	1.986000	18.370000
1901	-43.721002	1.988000	18.400000
1902	-43.561002	1.988000	18.290000
1903	-43.371002	1.990000	18.240000
1904	-43.361002	1.990000	18.300000
1905	-43.331002	1.992000	18.460000
1906	-43.281002	1.992000	18.260000
1907	-43.271002	1.992000	18.470000
1908	-43.261002	1.994000	18.390000
1909	-43.221002	1.996000	18.490000
1910	-43.171002	1.996000	18.460000
1911	-43.131002	1.998000	18.480000
1912	-43.061002	1.998000	18.330000
1913	-42.991002	2.000000	18.370000
1914	-42.971002	2.000000	18.510000
1915	-42.831002	2.000000	18.530000
1916	-42.791002	2.002000	18.530000
1917	-42.771002	2.006000	18.430000
1918	-42.721002	2.006000	18.560000
1919	-42.701002	2.006000	18.540000
1920	-42.481002	2.006000	18.430000
1921	-42.381002	2.008000	18.400000
1922	-42.371002	2.008000	18.340000
1923	-42.091002	2.008000	18.450000
1924	-42.071002	2.010000	18.650000
1925	-42.041002	2.012000	18.570000
1926	-42.031002	2.012000	18.220000
1927	-42.011002	2.014000	18.450000
1928	-41.911002	2.014000	18.510000
1929	-41.901002	2.016000	18.400000
1930	-41.841002	2.016000	18.510000
1931	-41.811002	2.017000	18.570000
1932	-41.651002	2.019000	18.490000
1933	-41.641002	2.019000	18.490000
1934	-41.631002	2.021000	18.520000
1935	-41.621002	2.021000	18.480000
1936	-41.461002	2.023000	18.420000
1937	-41.411002	2.023000	18.420000
1938	-41.251002	2.023000	18.280000
1939	-41.191002	2.025000	18.530000
1940	-41.191002	2.027000	18.610000
1941	-41.131002	2.027000	18.290000
1942	-41.021002	2.029000	18.600000
1943	-40.921002	2.029000	18.510000
1944	-40.881002	2.031000	18.630000
1945	-40.741002	2.031000	18.540000
1946	-40.501002	2.031000	18.560000
1947	-40.391002	2.033000	18.630000
1948	-40.311002	2.037000	18.680000
1949	-40.211002	2.037000	18.730000
1950	-40.071002	2.037000	18.560000
1951	-40.061002	2.041000	18.510000
1952	-39.901002	2.041000	18.600000
1953	-39.891002	2.043000	18.660000
1954	-39.761002	2.043000	18.440000
1955	-39.701002	2.045000	18.410000
1956	-39.681002	2.045000	18.530000
1957	-39.661002	2.047000	18.570000
1958	-39.581002	2.047000	18.340000
1959	-39.561002	2.049000	18.520000
1960	-39.491002	2.049000	18.510000
1961	-39.471002	2.051000	18.530000
1962	-39.181002	2.051000	18.680000
1963	-39.151002	2.053000	18.630000
1964	-38.951002	2.053000	18.800000
1965	-38.831002	2.055000	18.750000
1966	-38.701002	2.055000	18.720000
1967	-38.521002	2.057000	18.610000
1968	-38.491002	2.057000	18.590000
1969	-38.371002	2.057000	18.630000
1970	-38.151002	2.057000	18.610000
1971	-38.131002	2.060000	18.730000
1972	-38.081002	2.060000	18.860000
1973	-38.021002	2.062000	18.720000
1974	-37.811002	2.062000	18.760000
1975	-37.801002	2.064000	18.790000
1976	-37.751002	2.064000	18.660000
1977	-37.711002	2.066000	18.720000
1978	-37.711002	2.066000	18.560000
1979	-37.661002	2.068000	18.620000
1980	-37.591002	2.068000	18.690000
1981	-37.581002	2.070000	18.590000
1982	-37.361002	2.070000	18.800000
1983	-37.361002	2.072000	18.740000
1984	-37.331002	2.072000	18.660000
1985	-37.311002	2.074000	18.810000
1986	-37.281002	2.074000	18.690000
1987	-37.251002	2.076000	18.840000
1988	-37.181002	2.076000	19.050000
1989	-37.141002	2.078000	18.750000
1990	-37.101002	2.078000	18.640000
1991	-37.091002	2.080000	18.850000
1992	-36.971002	2.080000	18.610000
1993	-36.971002	2.082000	18.750000
1994	-36.711002	2.082000	18.740000
1995	-36.661002	2.084000	18.810000
1996	-36.601002	2.084000	18.950000
1997	-36.381002	2.086000	18.810000
1998	-36.331002	2.086000	18.950000
1999	-36.291002	2.088000	18.930000
2000	-36.261002	2.088000	18.890000
2001	-36.211002	2.088000	18.950000
2002	-36.121002	2.090000	18.910000
2003	-36.121002	2.092000	18.830000
2004	-35.971002	2.092000	18.980000
2005	-35.931002	2.094000	18.950000
2006	-35.931002	2.094000	18.810000
2007	-35.761002	2.096000	18.830000
2008	-35.701002	2.096000	18.880000
2009	-35.621002	2.098000	18.810000
2010	-35.541002	2.098000	18.960000
2011	-35.511002	2.099000	18.900000
2012	-35.281002	2.099000	18.730000
2013	-35.271002	2.101000	18.980000
2014	-35.251002	2.101000	18.760000
2015	-35.151002	2.103000	18.930000
2016	-35.061002	2.103000	18.960000
2017	-34.931002	2.105000	18.910000
2018	-34.851002	2.105000	19.100000
2019	-34.781002	2.107000	18.880000
2020	-34.771002	2.107000	18.950000
2021	-34.481002	2.109000	18.950000
2022	-34.361002	2.109000	18.980000
2023	-34.131002	2.111000	18.940000
2024	-33.981002	2.113000	18.930000
2025	-33.941002	2.113000	19.030000
2026	-33.911002	2.115000	18.920000
2027	-33.681002	2.115000	19.080000
2028	-33.671002	2.117000	19.040000
2029	-33.651002	2.117000	19.000000
2030	-33.611002	2.121000	19.110000
2031	-33.581002	2.121000	19.000000
2032	-33.571002	2.121000	19.120000
2033	-33.531002	2.123000	19.070000
2034	-33.431002	2.125000	18.910000
2035	-33.401002	2.125000	19.060000
2036	-33.301002	2.125000	19.060000
2037	-33.271002	2.127000	19.040000
2038	-33.101002	2.131000	19.100000
2039	-33.061002	2.131000	19.030000
2040	-33.021002	2.131000	19.240000
2041	-33.021002	2.131000	19.160000
2042	-32.861002	2.133000	19.180000
2043	-32.791002	2.135000	19.140000
2044	-32.661002	2.135000	19.120000
2045	-32.541002	2.137000	19.000000
2046	-32.091002	2.137000	19.070000
2047	-32.011002	2.139000	19.030000
2048	-32.011002	2.139000	19.110000
2049	-31.931002	2.140000	19.220000
2050	-31.761002	2.140000	19.140000
2051	-31.721002	2.140000	19.150000
2052	-31.701002	2.142000	19.150000
2053	-31.611002	2.146000	19.050000
2054	-31.611002	2.146000	19.330000
2055	-31.601002	2.146000	19.080000
2056	-31.581002	2.148000	19.070000
2057	-31.561002	2.148000	19.100000
2058	-31.551002	2.148000	19.070000
2059	-31.551002	2.150000	19.200000
2060	-31.511002	2.150000	19.030000
2061	-31.501002	2.150000	19.070000
2062	-31.311002	2.154000	19.200000
2063	-31.251002	2.154000	19.330000
2064	-31.171002	2.156000	19.330000
2065	-31.051002	2.156000	19.120000
2066	-30.991002	2.156000	19.050000
2067	-30.981002	2.158000	19.340000
2068	-30.841002	2.162000	19.260000
2069	-30.801002	2.160000	19.200000
2070	-30.721002	2.162000	19.060000
2071	-30.721002	2.162000	19.110000
2072	-30.621002	2.164000	19.160000
2073	-30.621002	2.164000	19.140000
2074	-30.551002	2.166000	19.140000
2075	-30.421002	2.166000	19.120000
2076	-30.371002	2.168000	19.220000
2077	-30.351002	2.168000	19.180000
2078	-30.331002	2.170000	19.210000
2079	-30.291002	2.170000	19.240000
2080	-30.071002	2.172000	19.190000
2081	-30.071002	2.172000	19.150000
2082	-30.011002	2.172000	19.200000
2083	-29.901002	2.174000	19.290000
2084	-29.711002	2.176000	19.330000
2085	-29.651002	2.176000	19.240000
2086	-29.561002	2.178000	19.260000
2087	-29.541002	2.178000	19.280000
2088	-29.521002	2.180000	19.210000
2089	-29.511002	2.180000	19.310000
2090	-29.471002	2.180000	19.090000
2091	-29.401002	2.182000	19.220000
2092	-29.371002	2.183000	19.340000
2093	-29.231002	2.183000	19.190000
2094	-29.201002	2.185000	19.320000
2095	-29.141002	2.187000	19.280000
2096	-29.081002	2.187000	19.270000
2097	-28.711002	2.187000	19.290000
2098	-28.461002	2.189000	19.230000
2099	-28.381002	2.191000	19.360000
2100	-28.361002	2.191000	19.330000
2101	-28.231002	2.193000	19.370000
2102	-28.141002	2.193000	19.480000
2103	-28.021002	2.195000	19.370000
2104	-27.931002	2.195000	19.370000
2105	-27.891002	2.195000	19.350000
2106	-27.821002	2.197000	19.410000
2107	-27.751002	2.199000	19.450000
2108	-27.521002	2.199000	19.380000
2109	-27.461002	2.201000	19.550000
2110	-27.441002	2.201000	19.320000
2111	-27.371002	2.205000	19.310000
2112	-27.351002	2.205000	19.250000
2113	-27.351002	2.207000	19.420000
2114	-27.181002	2.207000	19.260000
2115	-27.171002	2.209000	19.320000
2116	-27.121002	2.209000	19.490000
2117	-27.111002	2.211000	19.510000
2118	-27.101002	2.211000	19.620000
2119	-26.991002	2.213000	19.400000
2120	-26.931002	2.213000	19.300000
2121	-26.831002	2.215000	19.530000
2122	-26.821002	2.213000	19.290000
2123	-26.811002	2.217000	19.520000
2124	-26.531002	2.217000	19.610000
2125	-26.471002	2.219000	19.480000
2126	-26.031002	2.219000	19.460000
2127	-26.031002	2.221000	19.490000
2128	-25.981002	2.221000	19.440000
2129	-25.961002	2.223000	19.460000
2130	-25.921002	2.223000	19.640000
2131	-25.791002	2.224000	19.490000
2132	-25.721002	2.224000	19.600000
2133	-25.661002	2.226000	19.590000
2134	-25.651002	2.228000	19.620000
2135	-25.641002	2.228000	19.660000
2136	-25.381002	2.230000	19.520000
2137	-25.241002	2.230000	19.560000
2138	-25.221002	2.232000	19.470000
2139	-25.121002	2.232000	19.520000
2140	-25.061002	2.234000	19.530000
2141	-25.041002	2.234000	19.390000
2142	-25.001002	2.236000	19.590000
2143	-24.941002	2.236000	19.690000
2144	-24.891002	2.238000	19.690000
2145	-24.871002	2.240000	19.400000
2146	-24.781002	2.240000	19.640000
2147	-24.771002	2.240000	19.660000
2148	-24.761002	2.242000	19.610000
2149	-24.731002	2.242000	19.570000
2150	-24.641002	2.244000	19.600000
2151	-24.601002	2.244000	19.610000
2152	-24.451002	2.244000	19.730000
2153	-24.261002	2.246000	19.580000
2154	-24.251002	2.248000	19.590000
2155	-24.191002	2.250000	19.610000
2156	-23.841002	2.250000	19.860000
2157	-23.821002	2.252000	19.770000
2158	-23.701002	2.252000	19.710000
2159	-23.671002	2.254000	19.670000
2160	-23.611002	2.254000	19.820000
2161	-23.551002	2.256000	19.750000
2162	-23.331002	2.256000	19.760000
2163	-23.231002	2.258000	19.770000
2164	-23.231002	2.258000	19.960000
2165	-23.221002	2.260000	19.860000
2166	-23.181002	2.260000	19.740000
2167	-23.161002	2.262000	19.780000
2168	-23.121002	2.262000	19.870000
2169	-23.101002	2.264000	19.560000
2170	-23.041002	2.264000	19.690000
2171	-23.021002	2.266000	19.810000
2172	-22.981002	2.266000	19.750000
2173	-22.981002	2.267000	19.710000
2174	-22.961002	2.267000	19.840000
2175	-22.961002	2.269000	19.770000
2176	-22.881002	2.271000	19.640000
2177	-22.861002	2.271000	19.870000
2178	-22.791002	2.271000	19.870000
2179	-22.751002	2.273000	19.800000
2180	-22.721002	2.273000	19.870000
2181	-22.651002	2.275000	19.880000
2182	-22.421002	2.275000	19.950000
2183	-22.201002	2.277000	19.710000
2184	-22.201002	2.277000	20.140000
2185	-22.171002	2.279000	19.740000
2186	-22.021002	2.281000	19.950000
2187	-21.841002	2.281000	19.880000
2188	-21.711002	2.283000	19.900000
2189	-21.691002	2.283000	20.050000
2190	-21.691002	2.285000	19.990000
2191	-21.561002	2.285000	19.980000
2192	-21.531002	2.289000	19.980000
2193	-21.461002	2.289000	19.920000
2194	-21.461002	2.291000	19.990000
2195	-21.411002	2.291000	19.920000
2196	-21.381002	2.291000	19.950000
2197	-21.341002	2.293000	19.950000
2198	-21.251002	2.295000	20.160000
2199	-21.241002	2.295000	19.950000
2200	-21.111002	2.297000	19.930000
2201	-21.071002	2.297000	19.930000
2202	-21.011002	2.297000	20.010000
2203	-20.951002	2.299000	20.010000
2204	-20.891002	2.301000	20.120000
2205	-20.361002	2.301000	19.980000
2206	-20.321002	2.303000	20.010000
2207	-20.311002	2.303000	20.000000
2208	-20.251002	2.305000	20.220000
2209	-20.121002	2.305000	20.190000
2210	-20.081002	2.305000	19.970000
2211	-20.061002	2.307000	20.070000
2212	-19.931002	2.308000	20.050000
2213	-19.921002	2.307000	20.130000
2214	-19.681002	2.310000	20.270000
2215	-19.671002	2.312000	20.140000
2216	-19.621002	2.312000	19.980000
2217	-19.541002	2.312000	20.230000
2218	-19.521002	2.314000	20.180000
2219	-19.471002	2.316000	20.220000
2220	-19.431002	2.316000	20.290000
2221	-19.251002	2.318000	20.060000
2222	-19.251002	2.318000	20.010000
2223	-19.091002	2.320000	20.110000
2224	-19.051002	2.320000	20.120000
2225	-18.991002	2.322000	19.990000
2226	-18.991002	2.322000	19.960000
2227	-18.981002	2.324000	20.140000
2228	-18.971002	2.324000	20.090000
2229	-18.941002	2.326000	20.160000
2230	-18.801002	2.326000	20.110000
2231	-18.591002	2.328000	20.050000
2232	-18.551002	2.328000	20.110000
2233	-18.531002	2.330000	20.100000
2234	-18.321002	2.330000	20.230000
2235	-18.311002	2.332000	20.250000
2236	-18.291002	2.334000	20.380000
2237	-18.241002	2.334000	20.040000
2238	-18.161002	2.336000	20.090000
2239	-17.581002	2.336000	20.330000
2240	-17.471002	2.336000	20.390000
2241	-17.311002	2.338000	20.360000
2242	-16.931002	2.340000	20.320000
2243	-16.871002	2.338000	20.300000
2244	-16.831002	2.342000	20.240000
2245	-16.791002	2.342000	20.180000
2246	-16.771002	2.344000	20.220000
2247	-16.591002	2.344000	20.250000
2248	-16.521002	2.344000	20.270000
2249	-16.471002	2.346000	20.280000
2250	-16.441002	2.349000	20.390000
2251	-16.421002	2.349000	20.300000
2252	-16.411002	2.349000	20.330000
2253	-16.401002	2.349000	20.250000
2254	-16.391002	2.351000	20.390000
2255	-16.371002	2.351000	20.300000
2256	-16.351002	2.353000	20.410000
2257	-16.191002	2.353000	20.330000
2258	-16.161002	2.355000	20.450000
2259	-16.161002	2.355000	20.380000
2260	-16.081002	2.357000	20.350000
2261	-16.061002	2.357000	20.190000
2262	-15.991002	2.359000	20.300000
2263	-15.971002	2.359000	20.240000
2264	-15.941002	2.359000	20.290000
2265	-15.861002	2.361000	20.390000
2266	-15.791002	2.365000	20.400000
2267	-15.751002	2.365000	20.480000
2268	-15.601002	2.365000	20.460000
2269	-15.601002	2.367000	20.430000
2270	-15.581002	2.367000	20.410000
2271	-15.471002	2.371000	20.530000
2272	-15.441002	2.371000	20.340000
2273	-15.441002	2.373000	20.480000
2274	-15.361002	2.373000	20.350000
2275	-15.361002	2.375000	20.360000
2276	-15.291002	2.377000	20.370000
2277	-15.231002	2.377000	20.270000
2278	-14.961002	2.379000	20.420000
2279	-14.961002	2.379000	20.370000
2280	-14.951002	2.381000	20.310000
2281	-14.941002	2.381000	20.390000
2282	-14.791002	2.383000	20.340000
2283	-14.311002	2.383000	20.570000
2284	-14.271002	2.385000	20.420000
2285	-14.211002	2.385000	20.470000
2286	-13.811002	2.387000	20.220000
2287	-13.761002	2.389000	20.450000
2288	-13.691002	2.389000	20.420000
2289	-13.671002	2.390000	20.420000
2290	-13.621002	2.390000	20.460000
2291	-13.611002	2.392000	20.420000
2292	-13.471002	2.392000	20.490000
2293	-13.451002	2.396000	20.570000
2294	-13.301002	2.394000	20.540000
2295	-13.201002	2.396000	20.560000
2296	-13.151002	2.396000	20.500000
2297	-13.141002	2.398000	20.480000
2298	-13.141002	2.398000	20.550000
2299	-13.141002	2.400000	20.650000
2300	-13.101002	2.400000	20.530000
2301	-13.021002	2.402000	20.590000
2302	-12.931002	2.402000	20.430000
2303	-12.811002	2.404000	20.580000
2304	-12.561002	2.404000	20.630000
2305	-12.411002	2.406000	20.650000
2306	-12.331002	2.406000	20.470000
2307	-12.101002	2.408000	20.500000
2308	-11.961002	2.408000	20.620000
2309	-11.881002	2.410000	20.730000
2310	-11.831002	2.410000	20.650000
2311	-11.831002	2.412000	20.440000
2312	-11.821002	2.412000	20.570000
2313	-11.811002	2.414000	20.580000
2314	-11.741002	2.414000	20.670000
2315	-11.681002	2.416000	20.710000
2316	-11.591002	2.418000	20.460000
2317	-11.521002	2.418000	20.530000
2318	-11.441002	2.420000	20.540000
2319	-11.411002	2.420000	20.460000
2320	-11.381002	2.422000	20.640000
2321	-11.381002	2.422000	20.480000
2322	-11.361002	2.424000	20.500000
2323	-11.301002	2.424000	20.580000
2324	-11.251002	2.426000	20.610000
2325	-11.221002	2.428000	20.650000
2326	-11.171002	2.428000	20.630000
2327	-11.171002	2.428000	20.700000
2328	-11.061002	2.430000	20.630000
2329	-11.041002	2.430000	20.630000
2330	-10.971002	2.432000	20.680000
2331	-10.841002	2.432000	20.740000
2332	-10.571002	2.433000	20.680000
2333	-10.281002	2.433000	20.570000
2334	-10.131002	2.435000	20.760000
2335	-10.001002	2.437000	20.660000
2336	-9.771002	2.437000	20.890000
2337	-9.741002	2.439000	20.740000
2338	-9.701002	2.439000	20.750000
2339	-9.531002	2.441000	20.710000
2340	-9.481002	2.441000	20.630000
2341	-9.381002	2.443000	20.750000
2342	-9.381002	2.443000	20.800000
2343	-9.281002	2.445000	20.870000
2344	-9.191002	2.447000	20.610000
2345	-9.171002	2.447000	20.800000
2346	-9.091002	2.449000	20.910000
2347	-9.021002	2.449000	20.730000
2348	-8.891002	2.451000	20.890000
2349	-8.761002	2.451000	20.790000
2350	-8.611002	2.453000	20.890000
2351	-8.481002	2.455000	20.820000
2352	-8.461002	2.459000	20.830000
2353	-8.411002	2.457000	20.800000
2354	-8.351002	2.459000	20.770000
2355	-8.341002	2.461000	20.950000
2356	-8.321002	2.461000	20.820000
2357	-8.311002	2.461000	20.900000
2358	-8.311002	2.463000	21.010000
2359	-8.261002	2.465000	20.800000
2360	-8.191002	2.465000	20.750000
2361	-8.171002	2.467000	20.900000
2362	-8.101002	2.467000	20.970000
2363	-8.061002	2.469000	21.040000
2364	-8.021002	2.469000	20.920000
2365	-8.011002	2.471000	20.880000
2366	-8.011002	2.473000	20.870000
2367	-7.781002	2.473000	20.870000
2368	-7.611002	2.474000	20.760000
2369	-7.471002	2.474000	21.030000
2370	-7.451002	2.476000	20.820000
2371	-7.351002	2.476000	20.950000
2372	-7.111002	2.478000	21.110000
2373	-7.101002	2.478000	21.030000
2374	-7.001002	2.480000	21.020000
2375	-6.911002	2.482000	21.050000
2376	-6.881002	2.482000	20.780000
2377	-6.771002	2.484000	21.050000
2378	-6.771002	2.484000	20.980000
2379	-6.501002	2.484000	20.950000
2380	-6.361002	2.486000	20.960000
2381	-6.351002	2.488000	20.950000
2382	-6.261002	2.490000	20.990000
2383	-6.221002	2.490000	21.040000
2384	-6.191002	2.492000	21.150000
2385	-6.091002	2.492000	20.940000
2386	-6.081002	2.492000	20.970000
2387	-6.051002	2.494000	21.010000
2388	-5.781002	2.494000	21.090000
2389	-5.751002	2.494000	21.050000
2390	-5.671002	2.498000	21.070000
2391	-5.641002	2.500000	21.000000
2392	-5.481002	2.500000	21.070000
2393	-5.281002	2.500000	21.040000
2394	-5.211002	2.502000	21.090000
2395	-5.191002	2.504000	21.110000
2396	-4.901002	2.504000	21.120000
2397	-4.881002	2.506000	21.020000
2398	-4.861002	2.506000	21.040000
2399	-4.701002	2.508000	21.220000
2400	-4.571002	2.508000	21.080000
2401	-4.451002	2.510000	21.120000
2402	-4.431002	2.512000	21.240000
2403	-4.391002	2.512000	21.230000
2404	-4.301002	2.514000	21.290000
2405	-4.281002	2.514000	21.160000
2406	-4.261002	2.516000	21.170000
2407	-4.211002	2.516000	21.050000
2408	-4.131002	2.517000	21.110000
2409	-4.001002	2.517000	21.120000
2410	-3.941002	2.519000	21.350000
2411	-3.921002	2.521000	21.190000
2412	-3.891002	2.521000	21.160000
2413	-3.861002	2.521000	21.090000
2414	-3.851002	2.523000	21.160000
2415	-3.791002	2.523000	21.240000
2416	-3.671002	2.523000	21.100000
2417	-3.631002	2.525000	21.070000
2418	-3.531002	2.527000	21.100000
2419	-3.501002	2.527000	21.350000
2420	-3.331002	2.527000	21.190000
2421	-3.321002	2.531000	21.250000
2422	-3.281002	2.531000	21.200000
2423	-3.131002	2.531000	21.220000
2424	-2.761002	2.533000	21.270000
2425	-2.491002	2.535000	21.250000
2426	-2.451002	2.535000	21.290000
2427	-2.241002	2.537000	21.200000
2428	-2.211002	2.539000	21.300000
2429	-2.081002	2.541000	21.350000
2430	-2.071002	2.541000	21.320000
2431	-2.051002	2.541000	21.280000
2432	-2.021002	2.543000	21.210000
2433	-1.981002	2.545000	21.290000
2434	-1.921002	2.545000	21.290000
2435	-1.841002	2.547000	21.180000
2436	-1.831002	2.547000	21.210000
2437	-1.821002	2.549000	21.350000
2438	-1.741002	2.549000	21.350000
2439	-1.621002	2.551000	21.110000
2440	-1.511002	2.551000	21.340000
2441	-1.511002	2.553000	21.330000
2442	-1.361002	2.555000	21.270000
2443	-1.321002	2.555000	21.290000
2444	-1.231002	2.557000	21.390000
2445	-1.181002	2.557000	21.310000
2446	-1.041002	2.558000	21.350000
2447	-1.001002	2.558000	21.270000
2448	-1.001002	2.560000	21.370000
2449	-0.981002	2.560000	21.330000
2450	-0.621002	2.562000	21.470000
2451	-0.531002	2.562000	21.330000
2452	-0.431002	2.564000	21.420000
2453	-0.081002	2.564000	21.430000
2454	0.028998	2.566000	21.390000
2455	0.158998	2.566000	21.430000
2456	0.308998	2.568000	21.550000
2457	0.328998	2.568000	21.430000
2458	1.488998	2.570000	21.380000
